274 275 16274.000000
275 276 16274.000000
276 277 16274.000000
318 319 16052.000000
319 320 16052.000000
320 321 16052.000000
1289 1290 13747.000000
317 318 13715.000000
273 274 13064.000000
1310 1311 11604.000000
1333 1334 11215.000000
1309 1310 11013.000000
1070 1071 10747.000000
1311 1312 10669.000000
1246 1247 10461.000000
184 185 10375.000000
321 322 10339.000000
277 278 10314.000000
1288 1289 10053.000000
1069 1070 9746.000000
1245 1246 9717.000000
1331 1332 9529.000000
1332 1333 9516.000000
934 935 9407.000000
935 936 9407.000000
295 296 9331.000000
296 297 9331.000000
297 298 9331.000000
298 299 9331.000000
1459 1460 9235.000000
1114 1115 9173.000000
1287 1288 9118.000000
1113 1114 8671.000000
1460 1461 8651.000000
322 323 8648.000000
8 9 8400.000000
316 317 8394.000000
1244 1245 8301.000000
140 141 7838.000000
1068 1069 7756.000000
1091 1092 7747.000000
1305 1306 7722.000000
1286 1287 7698.000000
1157 1158 7634.000000
1330 1331 7565.000000
278 279 7359.000000
409 410 7356.000000
183 184 7347.000000
1308 1309 7223.000000
1303 1304 7166.000000
1304 1305 7166.000000
294 295 7041.000000
1290 1291 7024.000000
936 937 6972.000000
1306 1307 6958.000000
1265 1266 6857.000000
118 119 6776.000000
1267 1268 6756.000000
1135 1136 6696.000000
1158 1159 6693.000000
1223 1224 6693.000000
1266 1267 6683.000000
7 8 6637.000000
30 31 6491.000000
277 299 5964.000000
1092 1093 5926.000000
933 934 5856.000000
1307 1308 5843.000000
1349 1350 5824.000000
1437 1438 5824.000000
1134 1135 5814.000000
1026 1027 5804.000000
1112 1113 5797.000000
1461 1462 5782.000000
6 7 5702.000000
1000 1001 5593.000000
1350 1351 5520.000000
1071 1072 5512.000000
978 979 5499.000000
979 980 5499.000000
1156 1157 5415.000000
1202 1203 5365.000000
1025 1026 5351.000000
1090 1091 5275.000000
1354 1355 5275.000000
1285 1286 5268.000000
981 982 5256.000000
1222 1223 5252.000000
1438 1439 5225.000000
1133 1134 5216.000000
410 411 5199.000000
1329 1330 5168.000000
1159 1160 5148.000000
323 324 5146.000000
474 475 5110.000000
272 273 4949.000000
1243 1244 4915.000000
1462 1463 4911.000000
1326 1327 4904.000000
1353 1354 4889.000000
1155 1156 4883.000000
890 891 4882.000000
891 892 4882.000000
1224 1225 4882.000000
361 362 4878.000000
362 363 4878.000000
363 364 4878.000000
364 365 4878.000000
1347 1348 4872.000000
1348 1349 4872.000000
1302 1303 4842.000000
1282 1283 4795.000000
1264 1265 4779.000000
892 893 4778.000000
912 913 4764.000000
913 914 4764.000000
1116 1117 4703.000000
228 229 4680.000000
299 300 4630.000000
29 30 4627.000000
977 978 4616.000000
937 938 4600.000000
1352 1353 4593.000000
932 933 4505.000000
1047 10487 4498.000000
1327 1328 4487.000000
1200 1201 4469.000000
1481 1482 4469.000000
911 912 4432.000000
1376 1377 4368.000000
1375 1376 4362.000000
1048 1049 4343.000000
1283 1284 4261.000000
1284 1285 4261.000000
1047 1048 4206.000000
1328 1329 4200.000000
1351 1352 4163.000000
998 999 4140.000000
1463 1464 4120.000000
1199 1200 4081.000000
1024 1025 4052.000000
1115 1116 4050.000000
980 981 4033.000000
279 280 4007.000000
1201 1202 4006.000000
51 52 3985.000000
1002 1003 3930.000000
1346 1347 3928.000000
1136 1137 3895.000000
1398 1399 3892.000000
1001 1002 3889.000000
719 720 3880.000000
252 253 3837.000000
253 254 3837.000000
254 255 3837.000000
255 256 3833.000000
1480 1481 3833.000000
162 163 3806.000000
1027 1028 3801.000000
1107 1108 3795.000000
1108 1109 3795.000000
1109 1110 3795.000000
1110 1111 3795.000000
360 361 3792.000000
1371 1372 3790.000000
955 956 3789.000000
956 957 3789.000000
957 958 3789.000000
1372 1373 3785.000000
10 11 3752.000000
1374 1375 3743.000000
31 32 3709.000000
185 186 3703.000000
300 301 3687.000000
1373 1374 3683.000000
339 340 3645.000000
340 341 3645.000000
341 342 3645.000000
342 343 3645.000000
1178 1179 3644.000000
1046 1047 3612.000000
411 412 3593.000000
1482 1483 3568.000000
910 911 3548.000000
52 53 3547.000000
1377 1378 3542.000000
1369 1370 3511.000000
1221 1222 3470.000000
1370 1371 3430.000000
137 138 3416.000000
138 139 3416.000000
141 142 3411.000000
161 162 3407.000000
185 207 3401.000000
366 367 3397.000000
338 339 3395.000000
1021 1022 3389.000000
1022 1023 3389.000000
1023 1024 3389.000000
367 368 3356.000000
716 717 3335.000000
717 718 3335.000000
1325 1326 3286.000000
251 252 3283.000000
227 228 3227.000000
718 719 3226.000000
1436 1437 3210.000000
1396 1397 3179.000000
1003 1004 3168.000000
1137 1138 3150.000000
1483 1484 3125.000000
250 251 3116.000000
315 316 3102.000000
1397 1398 3102.000000
1111 1112 3099.000000
976 977 3069.000000
336 337 3043.000000
139 140 3005.000000
1179 1180 2994.000000
720 721 2955.000000
1203 1225 2939.000000
119 120 2915.000000
997 998 2913.000000
1151 1152 2903.000000
1152 1153 2903.000000
1153 1154 2895.000000
50 51 2865.000000
1439 1440 2843.000000
889 890 2820.000000
496 497 2800.000000
229 230 2797.000000
1242 1243 2750.000000
1089 1090 2709.000000
1484 1485 2699.000000
1070 1092 2674.000000
28 29 2668.000000
365 366 2668.000000
1154 1155 2665.000000
136 137 2651.000000
343 344 2646.000000
1129 1130 2637.000000
1130 1131 2637.000000
1131 1132 2637.000000
1440 1441 2628.000000
1160 1161 2589.000000
763 764 2580.000000
1281 1282 2558.000000
982 983 2536.000000
1064 1065 2529.000000
1065 1066 2529.000000
1066 1067 2529.000000
1368 1369 2511.000000
1220 1221 2506.000000
1441 1442 2506.000000
1420 1421 2479.000000
1485 1486 2479.000000
453 454 2467.000000
1246 1268 2463.000000
1419 1420 2463.000000
894 895 2452.000000
1203 1204 2452.000000
249 250 2403.000000
893 894 2397.000000
10 10118 2383.000000
1415 1416 2332.000000
1464 1465 2328.000000
228 250 2315.000000
497 498 2290.000000
293 294 2256.000000
959 960 2248.000000
279 301 2233.000000
1263 1264 2166.000000
915 916 2144.000000
358 359 2137.000000
1067 1068 2121.000000
280 281 2113.000000
938 939 2099.000000
96 97 2088.000000
1027 1049 2086.000000
27 28 2079.000000
1238 1239 2074.000000
1239 1240 2073.000000
1240 1241 2073.000000
292 293 2066.000000
1395 1396 2063.000000
914 915 2057.000000
1418 1419 2057.000000
1442 1443 2046.000000
1071 1093 2045.000000
1416 1417 2042.000000
115 116 2029.000000
116 117 2029.000000
324 325 2019.000000
359 360 2011.000000
230 231 1971.000000
231 232 1971.000000
232 233 1971.000000
233 234 1971.000000
762 763 1965.000000
324 346 1953.000000
868 869 1951.000000
869 870 1951.000000
870 871 1951.000000
784 785 1949.000000
1049 1050 1932.000000
369 370 1921.000000
271 272 1913.000000
281 282 1911.000000
1225 1226 1895.000000
1417 1418 1892.000000
828 829 1855.000000
52 74 1854.000000
94 95 1850.000000
916 917 1835.000000
1505 1506 1827.000000
344 345 1815.000000
1241 1242 1807.000000
95 96 1800.000000
895 896 1791.000000
1290 1312 1788.000000
954 955 1766.000000
337 338 1762.000000
958 959 1756.000000
1117 1118 1749.000000
1128 1129 1744.000000
5 6 1736.000000
117 118 1726.000000
1020 1021 1704.000000
1547 1548 1701.000000
1180 1181 1699.000000
70 71 1692.000000
93 94 1672.000000
368 369 1668.000000
1177 1178 1667.000000
824 825 1645.000000
825 826 1645.000000
826 827 1645.000000
1028 1050 1640.000000
1268 1269 1628.000000
1138 1139 1627.000000
938 960 1625.000000
234 256 1624.000000
32 33 1619.000000
1001 10167 1607.000000
314 315 1604.000000
184 206 1602.000000
71 72 1565.000000
1085 1086 1555.000000
1086 1087 1555.000000
1087 1088 1555.000000
1088 1089 1555.000000
829 830 1546.000000
11 12 1511.000000
72 73 1505.000000
1260 1261 1505.000000
1549 1550 1501.000000
1132 1133 1498.000000
1261 1262 1498.000000
1262 1263 1498.000000
302 303 1482.000000
301 302 1479.000000
49 50 1477.000000
250 272 1465.000000
764 765 1462.000000
454 455 1456.000000
207 208 1436.000000
345 346 1428.000000
1525 1526 1421.000000
53 54 1413.000000
1258 1259 1396.000000
1237 1238 1394.000000
1393 1394 1394.000000
1524 1525 1391.000000
1355 1356 1388.000000
1247 1248 1387.000000
1063 1064 1381.000000
207 229 1369.000000
1042 1043 1369.000000
1043 1044 1369.000000
1044 1045 1369.000000
1204 1205 1366.000000
1546 1547 1364.000000
370 371 1359.000000
97 98 1356.000000
282 283 1353.000000
114 115 1338.000000
1412 1413 1335.000000
1413 1414 1335.000000
851 852 1327.000000
1259 1260 1315.000000
847 848 1309.000000
848 849 1308.000000
380 381 1289.000000
803 804 1288.000000
804 805 1288.000000
1503 1504 1279.000000
336 358 1277.000000
206 207 1274.000000
455 456 1271.000000
456 457 1262.000000
54 55 1261.000000
198 199 1256.000000
199 200 1256.000000
198 219 1251.000000
218 219 1251.000000
1004 10971 1251.000000
303 304 1241.000000
325 326 1240.000000
1115 1137 1236.000000
867 868 1228.000000
1527 1528 1227.000000
1003 10529 1226.000000
278 300 1222.000000
850 851 1222.000000
1394 1395 1219.000000
382 383 1205.000000
383 384 1205.000000
384 385 1205.000000
385 386 1205.000000
403 404 1202.000000
802 803 1198.000000
1002 10277 1184.000000
785 786 1181.000000
322 344 1180.000000
827 828 1179.000000
1198 1199 1177.000000
866 867 1155.000000
518 519 1144.000000
676 677 1138.000000
872 873 1136.000000
845 846 1134.000000
1204 1226 1126.000000
846 847 1122.000000
786 787 1116.000000
721 722 1115.000000
759 760 1110.000000
760 761 1110.000000
761 762 1110.000000
781 782 1104.000000
782 783 1104.000000
783 784 1104.000000
410 432 1098.000000
1045 1046 1093.000000
1504 1505 1093.000000
141 163 1083.000000
801 802 1076.000000
871 872 1074.000000
852 853 1069.000000
205 206 1062.000000
386 387 1044.000000
1526 1527 1042.000000
1548 1549 1041.000000
73 74 1037.000000
677 678 1034.000000
1437 1459 1031.000000
1291 1292 1023.000000
1202 1224 1018.000000
74 75 1004.000000
229 251 1004.000000
387 388 989.000000
390 391 986.000000
823 824 986.000000
404 405 985.000000
405 406 985.000000
406 407 985.000000
407 408 985.000000
408 409 985.000000
672 673 979.000000
673 674 979.000000
674 675 979.000000
675 676 979.000000
432 433 978.000000
960 961 976.000000
389 390 973.000000
1345 1346 965.000000
391 392 957.000000
347 348 947.000000
304 305 941.000000
346 347 941.000000
1072 1073 932.000000
694 695 926.000000
695 696 926.000000
696 697 926.000000
1280 1281 921.000000
805 806 918.000000
1324 1325 910.000000
742 743 898.000000
388 389 890.000000
1411 1412 883.000000
1301 1302 878.000000
1194 1195 877.000000
1195 1196 877.000000
1196 1197 877.000000
1197 1198 870.000000
807 808 862.000000
806 807 860.000000
226 227 858.000000
161 183 849.000000
736 737 842.000000
1092 10950 835.000000
1334 1356 835.000000
163 164 834.000000
697 698 832.000000
368 390 827.000000
273 295 821.000000
830 831 813.000000
1269 1270 812.000000
740 741 799.000000
200 201 797.000000
201 202 797.000000
202 203 797.000000
203 204 797.000000
1414 1436 797.000000
888 889 791.000000
412 413 789.000000
910 932 785.000000
1570 1571 780.000000
434 435 779.000000
1041 1042 776.000000
435 436 767.000000
330 331 764.000000
330 351 764.000000
331 332 764.000000
332 333 764.000000
333 334 764.000000
334 335 764.000000
349 350 764.000000
350 351 764.000000
1004 10253 764.000000
1019 1020 762.000000
335 336 758.000000
735 736 758.000000
1181 1182 758.000000
227 249 757.000000
1550 1551 743.000000
98 99 737.000000
1502 1503 735.000000
1084 1085 726.000000
1106 1107 726.000000
629 630 725.000000
630 631 725.000000
1528 1529 725.000000
722 723 722.000000
75 76 721.000000
678 679 718.000000
1047 10979 717.000000
849 850 715.000000
873 874 711.000000
1270 1271 707.000000
1271 1272 707.000000
808 809 703.000000
475 476 694.000000
379 380 688.000000
477 478 688.000000
206 228 686.000000
1193 1194 685.000000
1247 1269 682.000000
476 477 678.000000
1118 1119 664.000000
741 742 651.000000
631 632 649.000000
1551 1552 649.000000
326 327 647.000000
381 382 638.000000
220 241 631.000000
240 241 631.000000
220 221 626.000000
221 222 626.000000
222 223 626.000000
223 224 626.000000
224 225 626.000000
225 226 626.000000
894 916 622.000000
765 766 617.000000
758 759 612.000000
457 458 607.000000
413 414 600.000000
457 479 595.000000
366 388 590.000000
180 181 575.000000
181 182 575.000000
182 183 575.000000
1117 1139 571.000000
1569 1570 571.000000
260 261 565.000000
218 240 563.000000
721 743 561.000000
1312 1313 559.000000
248 249 557.000000
743 744 557.000000
27 49 555.000000
698 699 553.000000
409 431 551.000000
780 781 551.000000
1025 10745 549.000000
676 698 548.000000
113 114 547.000000
1003 10542 547.000000
452 453 545.000000
720 742 545.000000
1283 1305 542.000000
498 499 540.000000
1171 1172 540.000000
1048 10938 539.000000
1073 1095 539.000000
1313 1314 539.000000
1314 1315 539.000000
1315 1316 539.000000
292 314 537.000000
1025 10330 537.000000
256 257 536.000000
337 359 536.000000
715 716 526.000000
259 260 523.000000
1249 1250 522.000000
1250 1251 522.000000
154 155 521.000000
155 156 521.000000
258 259 521.000000
142 164 520.000000
323 345 517.000000
140 162 516.000000
348 349 515.000000
1172 1173 515.000000
1173 1174 515.000000
1174 1175 515.000000
1175 1176 514.000000
1257 1258 512.000000
1150 1151 511.000000
154 175 510.000000
174 175 510.000000
1414 1415 510.000000
1295 1296 506.000000
497 519 505.000000
179 180 502.000000
1068 10681 502.000000
10 10661 497.000000
10 10957 486.000000
402 403 486.000000
1159 1181 482.000000
1292 1293 482.000000
1293 1294 482.000000
1294 1295 482.000000
1568 1569 478.000000
953 954 470.000000
1085 1107 469.000000
1162 1163 464.000000
1163 1164 464.000000
1421 1422 461.000000
737 738 460.000000
738 739 460.000000
739 740 460.000000
270 271 459.000000
1176 1177 459.000000
849 871 456.000000
28 50 455.000000
92 93 450.000000
257 258 449.000000
1205 1206 447.000000
1206 1207 447.000000
367 389 446.000000
433 434 442.000000
431 432 440.000000
1273 1274 440.000000
264 265 438.000000
264 285 438.000000
265 266 438.000000
266 267 438.000000
267 268 438.000000
268 269 438.000000
269 270 438.000000
284 285 438.000000
1127 1128 438.000000
1026 10796 436.000000
163 185 434.000000
1248 1249 431.000000
1003 10399 430.000000
632 654 429.000000
1004 10053 426.000000
1226 1227 423.000000
1027 10938 419.000000
242 243 416.000000
242 263 416.000000
243 244 416.000000
244 245 416.000000
245 246 416.000000
246 247 416.000000
247 248 416.000000
262 263 416.000000
779 780 414.000000
1161 1162 413.000000
1227 1228 410.000000
1228 1229 410.000000
1003 10627 408.000000
1349 1371 408.000000
1004 10040 405.000000
1371 1393 400.000000
1090 10982 398.000000
1073 1074 396.000000
1074 1075 396.000000
1002 10565 393.000000
139 161 392.000000
176 197 390.000000
196 197 390.000000
1049 10510 390.000000
157 158 387.000000
476 498 386.000000
76 77 385.000000
186 208 385.000000
1092 10977 385.000000
1288 1310 384.000000
893 915 381.000000
176 177 379.000000
177 178 379.000000
178 179 379.000000
349 371 379.000000
1002 10883 379.000000
282 304 378.000000
272 294 377.000000
1004 10115 377.000000
1049 10769 377.000000
1094 1095 377.000000
156 157 374.000000
1003 10679 374.000000
352 353 372.000000
352 373 372.000000
353 354 372.000000
354 355 372.000000
355 356 372.000000
356 357 372.000000
371 372 372.000000
372 373 372.000000
805 827 372.000000
302 324 371.000000
478 479 368.000000
1028 10489 365.000000
1161 1183 364.000000
234 235 361.000000
370 392 361.000000
1119 1120 361.000000
308 309 360.000000
308 329 360.000000
309 310 360.000000
310 311 360.000000
311 312 360.000000
312 313 360.000000
328 329 360.000000
1003 10493 360.000000
1272 1273 356.000000
1093 1094 353.000000
1276 1277 353.000000
1276 1297 353.000000
1277 1278 353.000000
1278 1279 353.000000
1296 1297 353.000000
668 669 352.000000
669 670 352.000000
158 159 347.000000
159 160 347.000000
160 161 347.000000
1028 10776 344.000000
1182 1183 344.000000
357 358 343.000000
650 651 343.000000
651 652 343.000000
652 653 343.000000
1025 10270 342.000000
313 314 341.000000
183 205 339.000000
326 348 338.000000
917 918 338.000000
432 454 335.000000
714 715 335.000000
69 70 334.000000
1071 10894 333.000000
1567 1568 332.000000
1020 10217 326.000000
939 961 325.000000
10 10322 320.000000
1461 1483 317.000000
358 380 316.000000
396 397 314.000000
396 417 314.000000
397 398 314.000000
398 399 314.000000
399 400 314.000000
415 416 314.000000
416 417 314.000000
1004 10698 314.000000
400 401 313.000000
871 893 312.000000
1139 1140 312.000000
1140 1141 312.000000
787 788 309.000000
1004 10713 307.000000
1064 10898 306.000000
1047 10493 305.000000
1254 1255 305.000000
1254 1275 305.000000
1255 1256 305.000000
1256 1257 305.000000
1274 1275 305.000000
1486 1487 305.000000
1454 1455 300.000000
1455 1456 300.000000
1456 1457 300.000000
1046 10821 299.000000
280 302 298.000000
1026 10421 297.000000
765 787 296.000000
1392 1393 294.000000
346 368 293.000000
1200 1222 293.000000
1316 1317 292.000000
1002 10369 291.000000
411 433 287.000000
1236 1237 285.000000
1004 10305 283.000000
1457 1458 278.000000
1047 10781 277.000000
1047 10499 276.000000
1004 10892 274.000000
286 287 273.000000
286 307 273.000000
287 288 273.000000
288 289 273.000000
289 290 273.000000
290 291 273.000000
291 292 273.000000
305 306 273.000000
306 307 273.000000
1093 10996 271.000000
251 273 269.000000
1263 1285 267.000000
1323 1324 267.000000
722 744 266.000000
1377 1399 264.000000
1507 1508 264.000000
412 434 263.000000
712 713 262.000000
1004 10260 261.000000
1004 10563 260.000000
1047 10677 259.000000
204 205 256.000000
283 284 256.000000
1004 10925 256.000000
1367 1368 255.000000
74 96 252.000000
1004 10393 252.000000
895 917 251.000000
1020 10598 251.000000
1068 1090 251.000000
34 35 250.000000
35 36 250.000000
36 37 250.000000
414 415 250.000000
1003 10665 250.000000
1303 1325 250.000000
10 10317 249.000000
700 701 246.000000
1529 1530 246.000000
653 654 245.000000
235 236 242.000000
1026 10817 241.000000
1026 10861 241.000000
1041 10430 239.000000
1458 1459 238.000000
236 237 237.000000
237 238 237.000000
238 239 237.000000
896 897 236.000000
1225 1247 235.000000
1352 1374 235.000000
1047 10964 234.000000
162 184 233.000000
1071 10910 233.000000
1004 10781 232.000000
1072 10782 232.000000
1004 10499 231.000000
1071 10857 231.000000
937 959 230.000000
1002 10028 230.000000
1004 10412 230.000000
1042 10814 230.000000
1072 10968 230.000000
1072 10970 230.000000
1154 1176 230.000000
1506 1507 230.000000
380 402 229.000000
30 52 227.000000
239 240 226.000000
1399 1400 225.000000
33 34 223.000000
1026 10469 223.000000
1047 10544 223.000000
1072 10864 223.000000
1076 1098 222.000000
1393 1415 222.000000
56 57 221.000000
57 58 221.000000
58 59 221.000000
1026 10445 221.000000
1508 1509 221.000000
281 303 220.000000
1072 10920 220.000000
1390 1391 220.000000
1391 1392 220.000000
671 672 219.000000
1024 10407 219.000000
1075 1076 219.000000
293 315 218.000000
699 700 218.000000
1003 10752 218.000000
1047 10680 218.000000
1462 1484 218.000000
1025 10825 217.000000
1050 10864 215.000000
10 10577 213.000000
809 810 213.000000
1219 1220 213.000000
1048 10900 212.000000
208 209 211.000000
209 210 211.000000
210 211 211.000000
211 212 211.000000
915 937 211.000000
1048 10669 211.000000
1176 1198 211.000000
212 213 210.000000
1028 10774 210.000000
213 214 209.000000
214 215 209.000000
215 216 209.000000
216 217 209.000000
1028 10865 208.000000
1028 10956 208.000000
1160 1182 208.000000
664 665 207.000000
665 666 207.000000
666 667 207.000000
667 668 207.000000
1004 10964 207.000000
1047 10719 207.000000
1047 10839 207.000000
1071 10717 207.000000
327 349 206.000000
1071 10789 206.000000
1071 10824 206.000000
1047 10796 204.000000
1048 10605 204.000000
1050 10968 204.000000
1050 10970 204.000000
118 140 203.000000
853 854 203.000000
1004 10677 202.000000
1047 10935 202.000000
1003 10115 201.000000
369 391 200.000000
1049 10789 200.000000
1049 10824 200.000000
1003 10941 199.000000
1042 1064 198.000000
1091 1113 198.000000
1028 1029 196.000000
389 411 194.000000
1047 10585 194.000000
1047 10646 194.000000
1373 1395 194.000000
682 683 193.000000
683 684 193.000000
1439 1461 193.000000
1049 10638 192.000000
632 633 191.000000
390 412 190.000000
1260 1282 190.000000
1002 10025 189.000000
205 227 188.000000
1003 10859 188.000000
1047 10859 187.000000
423 424 186.000000
1024 10565 186.000000
1049 10774 186.000000
713 714 185.000000
1003 10382 185.000000
954 976 183.000000
314 336 181.000000
294 316 180.000000
374 375 180.000000
374 395 180.000000
375 376 180.000000
376 377 180.000000
377 378 180.000000
378 379 180.000000
393 394 180.000000
394 395 180.000000
1002 10270 180.000000
1049 10865 180.000000
1049 10956 180.000000
1183 1184 180.000000
1184 1185 180.000000
1004 10758 179.000000
1042 10425 179.000000
1085 10878 179.000000
10 10829 178.000000
693 694 178.000000
1004 10462 178.000000
1004 10672 178.000000
1026 10315 177.000000
1026 10585 177.000000
1026 10646 177.000000
1003 10585 176.000000
1003 10646 176.000000
1025 1047 176.000000
1112 1134 176.000000
1019 10531 175.000000
1024 10357 175.000000
135 136 174.000000
424 425 174.000000
425 426 174.000000
426 427 174.000000
427 428 174.000000
428 429 174.000000
429 430 174.000000
1003 10315 174.000000
1003 10257 173.000000
939 940 172.000000
1026 1048 171.000000
1041 10589 171.000000
1002 10167 170.000000
1047 10941 170.000000
1320 1321 168.000000
1320 1341 168.000000
1321 1322 168.000000
1322 1323 168.000000
1340 1341 168.000000
682 703 167.000000
701 702 167.000000
702 703 167.000000
1004 1005 167.000000
1005 10605 167.000000
31 53 166.000000
1129 1151 165.000000
1084 10852 164.000000
585 586 162.000000
586 587 162.000000
587 588 162.000000
628 629 162.000000
1072 10862 162.000000
1116 1138 162.000000
1070 10950 161.000000
1004 10287 158.000000
392 393 156.000000
1050 10500 156.000000
1050 10871 156.000000
1021 10482 155.000000
975 976 154.000000
327 328 153.000000
1207 1229 153.000000
1523 1524 153.000000
1002 10640 151.000000
1021 10326 151.000000
1378 1400 151.000000
1041 10878 150.000000
1047 10559 150.000000
1050 10687 150.000000
1050 10948 150.000000
1050 10976 150.000000
401 402 148.000000
1004 10157 148.000000
1465 1466 148.000000
1002 10250 147.000000
1025 10679 147.000000
1091 10979 147.000000
677 699 146.000000
1093 1115 146.000000
343 365 145.000000
1004 10490 145.000000
605 606 144.000000
1003 10559 144.000000
1091 10935 144.000000
1417 1439 144.000000
70 92 143.000000
911 933 142.000000
1004 10390 142.000000
1004 10900 142.000000
1025 10357 142.000000
1026 10395 142.000000
55 56 141.000000
1002 10575 141.000000
1072 10837 141.000000
1026 10559 140.000000
1004 10419 139.000000
1020 10547 139.000000
1068 10718 139.000000
1068 10965 139.000000
1070 10781 139.000000
1024 10386 138.000000
499 500 137.000000
500 501 137.000000
446 447 136.000000
447 448 136.000000
448 449 136.000000
449 450 136.000000
450 451 136.000000
451 452 136.000000
1084 1106 136.000000
588 589 135.000000
1070 10796 135.000000
1351 1373 135.000000
1093 10948 134.000000
1093 10976 134.000000
1095 1096 133.000000
1096 1097 133.000000
1171 1193 133.000000
1279 1280 133.000000
453 475 132.000000
1004 10604 131.000000
10 10917 130.000000
646 647 129.000000
647 648 129.000000
718 740 129.000000
174 196 128.000000
641 642 128.000000
642 643 128.000000
643 644 128.000000
644 645 128.000000
645 646 128.000000
762 784 128.000000
1041 10460 127.000000
1050 1051 127.000000
1051 1052 127.000000
1052 1053 127.000000
1004 10680 126.000000
1335 1336 126.000000
1336 1337 126.000000
1337 1338 126.000000
1338 1339 126.000000
1339 1340 126.000000
1004 10174 125.000000
1004 10201 125.000000
1004 10290 125.000000
589 590 124.000000
590 591 124.000000
591 592 124.000000
852 874 124.000000
1027 10950 124.000000
1072 10871 124.000000
1003 10138 123.000000
1070 10713 123.000000
388 410 122.000000
430 431 122.000000
670 671 122.000000
1026 10900 122.000000
1024 10842 121.000000
1070 10744 121.000000
1281 1303 121.000000
235 257 120.000000
1070 10964 120.000000
1072 10948 120.000000
1072 10976 120.000000
1003 10254 119.000000
1026 10390 119.000000
1026 10490 119.000000
1025 10955 117.000000
1046 10476 117.000000
1004 10382 116.000000
1004 10859 116.000000
12 13 115.000000
13 14 115.000000
14 15 115.000000
15 37 115.000000
187 188 115.000000
188 189 115.000000
189 190 115.000000
1004 10941 115.000000
142 143 114.000000
1025 10811 114.000000
1093 10940 114.000000
164 186 113.000000
1006 1028 113.000000
1026 10713 112.000000
1421 1443 112.000000
1458 1480 112.000000
932 954 111.000000
1026 10563 111.000000
1003 10922 110.000000
1026 10412 110.000000
1026 10499 110.000000
1026 10781 110.000000
1141 1142 110.000000
1026 10925 109.000000
1029 10715 109.000000
1003 10141 108.000000
1041 1063 108.000000
846 868 107.000000
413 435 105.000000
892 914 105.000000
1003 10933 105.000000
1026 10964 104.000000
1156 1178 104.000000
1003 10457 103.000000
1026 10393 103.000000
1026 10419 103.000000
1026 10604 103.000000
1026 10677 103.000000
1068 10738 103.000000
1097 1098 103.000000
190 191 102.000000
191 192 102.000000
192 193 102.000000
193 194 102.000000
194 195 102.000000
195 196 102.000000
1003 10395 102.000000
1026 10305 102.000000
321 343 100.000000
868 890 100.000000
1046 1068 100.000000
186 187 99.000000
806 828 99.000000
300 322 98.000000
1026 10260 98.000000
1050 10715 98.000000
1068 10821 98.000000
633 634 97.000000
740 762 97.000000
1120 1142 97.000000
1003 10384 96.000000
1068 10783 96.000000
685 686 95.000000
686 687 95.000000
687 688 95.000000
688 689 95.000000
779 801 95.000000
607 608 94.000000
608 609 94.000000
609 610 94.000000
824 846 94.000000
1029 1030 94.000000
1030 1031 94.000000
1031 1032 94.000000
1048 10713 94.000000
1216 1217 94.000000
1217 1218 94.000000
1218 1219 94.000000
1258 1280 94.000000
1504 1526 94.000000
345 367 93.000000
548 570 93.000000
570 592 93.000000
874 875 93.000000
909 910 93.000000
519 520 92.000000
520 521 92.000000
521 522 92.000000
610 611 92.000000
611 612 92.000000
612 613 92.000000
1047 10922 92.000000
1024 10539 91.000000
1068 10934 91.000000
1267 1289 90.000000
1269 1291 90.000000
301 323 89.000000
744 745 89.000000
1021 10706 89.000000
1027 10605 89.000000
1046 10848 89.000000
1046 10921 89.000000
1047 10542 89.000000
1026 10290 88.000000
1026 10680 88.000000
1046 10902 88.000000
1046 10951 88.000000
1122 1123 88.000000
1122 1143 88.000000
1123 1124 88.000000
1124 1125 88.000000
1125 1126 88.000000
1126 1127 88.000000
1142 1143 88.000000
1302 1324 88.000000
1571 1572 88.000000
545 546 87.000000
546 547 87.000000
547 548 87.000000
627 628 87.000000
704 725 87.000000
723 724 87.000000
724 725 87.000000
983 984 87.000000
1047 10529 87.000000
1047 10665 87.000000
1047 10752 87.000000
1048 10950 87.000000
692 693 86.000000
757 758 86.000000
828 850 86.000000
1026 10922 86.000000
1312 1334 86.000000
315 337 85.000000
689 690 85.000000
690 691 85.000000
1025 10277 85.000000
1025 10721 85.000000
1483 1505 85.000000
283 305 84.000000
1046 10645 84.000000
1068 10775 84.000000
1370 1392 84.000000
445 446 83.000000
802 824 83.000000
1048 10490 83.000000
1048 10563 83.000000
1002 10539 82.000000
1002 10721 82.000000
1002 10955 82.000000
1046 10725 82.000000
1046 10969 82.000000
1048 10925 82.000000
1251 1252 82.000000
1332 1354 82.000000
655 656 81.000000
839 840 81.000000
840 841 81.000000
841 842 81.000000
842 843 81.000000
873 895 81.000000
1215 1216 81.000000
654 655 80.000000
843 844 80.000000
1002 10788 80.000000
1002 10811 80.000000
1003 10080 80.000000
1004 10283 80.000000
1069 10694 80.000000
634 635 79.000000
656 657 79.000000
831 832 79.000000
654 676 78.000000
766 767 78.000000
784 806 78.000000
1027 10462 78.000000
1090 1112 78.000000
1090 10955 78.000000
249 271 77.000000
258 280 77.000000
598 599 77.000000
599 600 77.000000
600 601 77.000000
601 602 77.000000
602 603 77.000000
603 604 77.000000
684 685 77.000000
713 735 77.000000
1002 10104 77.000000
1002 10179 77.000000
1002 10568 77.000000
1002 10664 77.000000
1002 10718 77.000000
1002 10965 77.000000
1095 1117 77.000000
115 137 76.000000
261 262 76.000000
631 653 76.000000
726 727 76.000000
727 728 76.000000
1046 10946 76.000000
1068 10883 76.000000
1070 10925 76.000000
1091 10925 76.000000
1100 1101 76.000000
1100 1121 76.000000
1101 1102 76.000000
1102 1103 76.000000
1103 1104 76.000000
1104 1105 76.000000
1120 1121 76.000000
270 292 75.000000
844 845 75.000000
1025 10681 75.000000
1046 10703 75.000000
1046 10816 75.000000
1046 10949 75.000000
1002 10280 74.000000
1021 10833 74.000000
1046 10808 74.000000
347 369 73.000000
726 747 73.000000
745 746 73.000000
746 747 73.000000
1002 10659 73.000000
1026 10382 73.000000
1026 10859 73.000000
1026 10941 73.000000
387 409 72.000000
1070 10900 72.000000
1144 1145 72.000000
1144 1165 72.000000
1145 1146 72.000000
1146 1147 72.000000
1147 1148 72.000000
1148 1149 72.000000
1164 1165 72.000000
73 95 71.000000
414 436 71.000000
1280 1302 71.000000
748 769 70.000000
767 768 70.000000
768 769 70.000000
959 981 70.000000
1071 10938 70.000000
1308 1330 70.000000
699 721 69.000000
750 751 69.000000
540 541 68.000000
748 749 68.000000
749 750 68.000000
1003 10694 68.000000
117 139 67.000000
418 419 67.000000
418 439 67.000000
419 420 67.000000
420 421 67.000000
421 422 67.000000
422 423 67.000000
436 437 67.000000
437 438 67.000000
438 439 67.000000
679 680 67.000000
1046 10777 67.000000
1046 10810 67.000000
1046 10841 67.000000
1259 1281 67.000000
1003 10719 66.000000
1003 10839 66.000000
488 489 65.000000
489 490 65.000000
490 491 65.000000
491 492 65.000000
492 493 65.000000
493 494 65.000000
494 495 65.000000
495 496 65.000000
1002 10299 65.000000
1068 10725 65.000000
822 823 64.000000
1047 10627 64.000000
1105 1106 64.000000
522 523 63.000000
597 598 63.000000
773 774 63.000000
774 775 63.000000
775 776 63.000000
776 777 63.000000
777 778 63.000000
1003 10245 63.000000
1004 10928 63.000000
1024 1046 63.000000
1046 10603 63.000000
1046 10877 63.000000
1210 1211 63.000000
1211 1212 63.000000
1212 1213 63.000000
1215 1237 63.000000
679 701 62.000000
916 938 62.000000
1025 10280 62.000000
1025 10659 62.000000
120 142 61.000000
635 636 61.000000
704 705 61.000000
705 706 61.000000
706 707 61.000000
829 851 61.000000
872 894 61.000000
1002 10450 61.000000
1244 1266 61.000000
867 889 60.000000
1004 10544 60.000000
1046 10493 60.000000
1180 1202 60.000000
1213 1214 60.000000
271 293 59.000000
454 476 59.000000
660 681 59.000000
680 681 59.000000
1138 1160 59.000000
1415 1437 59.000000
55 77 58.000000
845 867 58.000000
1004 10050 58.000000
1503 1525 58.000000
1506 1528 58.000000
71 93 57.000000
257 279 57.000000
707 708 57.000000
708 709 57.000000
709 710 57.000000
710 711 57.000000
711 712 57.000000
766 788 57.000000
1004 10935 57.000000
1149 1150 57.000000
1289 1311 57.000000
1548 1570 57.000000
51 73 56.000000
357 379 56.000000
917 939 56.000000
1002 10831 56.000000
1188 1189 56.000000
1188 1209 56.000000
1189 1190 56.000000
1190 1191 56.000000
1191 1192 56.000000
1208 1209 56.000000
1229 1230 56.000000
1004 1026 55.000000
1207 1208 55.000000
1210 1231 55.000000
1230 1231 55.000000
1002 10484 54.000000
1002 10505 54.000000
1002 10506 54.000000
1002 10783 54.000000
1004 10365 54.000000
1329 1351 54.000000
1027 10423 53.000000
1068 10777 53.000000
1068 10810 53.000000
1068 10841 53.000000
1134 1156 52.000000
1298 1299 52.000000
1298 1319 52.000000
1299 1300 52.000000
1317 1318 52.000000
1318 1319 52.000000
12 34 51.000000
436 458 51.000000
751 773 51.000000
809 831 51.000000
1027 10366 51.000000
1068 10808 51.000000
1068 10816 51.000000
1068 10877 51.000000
467 468 50.000000
468 469 50.000000
469 470 50.000000
470 471 50.000000
471 472 50.000000
472 473 50.000000
473 474 50.000000
655 677 50.000000
823 845 50.000000
1025 10529 50.000000
1025 10665 50.000000
1192 1193 50.000000
444 445 49.000000
1019 10648 49.000000
1025 10752 49.000000
1069 10719 49.000000
1069 10839 49.000000
620 621 48.000000
621 622 48.000000
622 623 48.000000
623 624 48.000000
624 625 48.000000
625 626 48.000000
626 627 48.000000
1003 1025 48.000000
1068 10902 48.000000
1078 1079 48.000000
1078 1099 48.000000
1079 1080 48.000000
1080 1081 48.000000
1081 1082 48.000000
1082 1083 48.000000
1083 1084 48.000000
1092 1114 48.000000
1098 1099 48.000000
440 441 47.000000
440 461 47.000000
441 442 47.000000
442 443 47.000000
443 444 47.000000
458 459 47.000000
459 460 47.000000
460 461 47.000000
810 811 47.000000
1026 10567 47.000000
1026 10744 47.000000
1524 1546 47.000000
502 503 46.000000
503 504 46.000000
660 661 46.000000
661 662 46.000000
662 663 46.000000
1252 1274 46.000000
1480 1502 46.000000
1179 1201 45.000000
1356 1357 45.000000
1357 1358 45.000000
1358 1359 45.000000
1359 1360 45.000000
1360 1361 45.000000
1396 1418 45.000000
648 649 44.000000
1019 10562 44.000000
1068 10848 44.000000
1068 10921 44.000000
1573 1574 44.000000
633 655 43.000000
1019 10214 43.000000
1019 10507 43.000000
1019 10854 43.000000
1025 10493 43.000000
1026 10544 43.000000
1027 10287 43.000000
1070 10971 43.000000
260 282 42.000000
1019 10768 42.000000
1019 10945 42.000000
1025 10384 42.000000
1026 10935 42.000000
1027 10672 42.000000
1027 10698 42.000000
1027 10758 42.000000
1027 10971 42.000000
1232 1253 42.000000
1252 1253 42.000000
1264 1286 42.000000
1024 10369 41.000000
1024 10831 41.000000
1024 10883 41.000000
1025 10399 41.000000
240 262 40.000000
1024 10788 40.000000
1135 1157 40.000000
1214 1236 40.000000
572 573 39.000000
573 574 39.000000
574 575 39.000000
638 639 39.000000
639 640 39.000000
640 641 39.000000
649 650 39.000000
1020 10807 39.000000
1024 10575 39.000000
1045 10831 39.000000
1069 10922 39.000000
484 485 38.000000
484 505 38.000000
485 486 38.000000
486 487 38.000000
487 488 38.000000
504 505 38.000000
572 593 38.000000
592 593 38.000000
1012 1013 38.000000
1012 1033 38.000000
1013 1014 38.000000
1014 1015 38.000000
1015 1016 38.000000
1016 1017 38.000000
1017 1018 38.000000
1018 1019 38.000000
1019 10599 38.000000
1019 10962 38.000000
1020 10274 38.000000
1020 10741 38.000000
1032 1033 38.000000
1068 10745 38.000000
1220 1242 38.000000
1416 1438 38.000000
1443 1444 38.000000
1572 1573 38.000000
48 49 37.000000
778 779 37.000000
1019 10570 37.000000
1068 10703 37.000000
1001 10575 36.000000
1019 10688 36.000000
1021 10394 36.000000
1021 10538 36.000000
1021 11000 36.000000
1356 1378 36.000000
393 415 35.000000
542 543 35.000000
543 544 35.000000
544 545 35.000000
850 872 35.000000
1001 10386 35.000000
1021 10525 35.000000
1021 10897 35.000000
1047 1069 35.000000
119 141 34.000000
344 366 34.000000
1020 10636 34.000000
1020 10757 34.000000
1068 10946 34.000000
1068 10951 34.000000
1068 10969 34.000000
1232 1233 34.000000
1233 1234 34.000000
1234 1235 34.000000
1481 1503 34.000000
239 261 33.000000
299 321 33.000000
1133 1155 33.000000
1386 1387 33.000000
1386 1407 33.000000
1387 1388 33.000000
1400 1401 33.000000
1401 1402 33.000000
1402 1403 33.000000
1403 1404 33.000000
1404 1405 33.000000
1405 1406 33.000000
1406 1407 33.000000
479 480 32.000000
1005 1006 32.000000
1021 10792 32.000000
1068 10949 32.000000
1136 1158 32.000000
1279 1301 32.000000
1285 1307 32.000000
1505 1527 32.000000
313 335 31.000000
466 488 31.000000
1069 10752 31.000000
1241 1263 31.000000
196 218 30.000000
1020 10405 30.000000
1026 10283 30.000000
1526 1548 30.000000
365 387 29.000000
610 632 29.000000
256 278 28.000000
466 467 28.000000
1177 1199 28.000000
1235 1236 28.000000
48 70 27.000000
588 610 27.000000
604 605 27.000000
1004 10567 27.000000
1004 10744 27.000000
1046 10694 27.000000
1114 1136 27.000000
1460 1482 27.000000
103 10594 26.000000
638 659 26.000000
658 659 26.000000
682 704 26.000000
736 758 26.000000
1019 10444 26.000000
1334 1335 26.000000
1552 1553 26.000000
303 325 25.000000
698 720 25.000000
770 771 25.000000
770 791 25.000000
771 772 25.000000
772 773 25.000000
788 789 25.000000
789 790 25.000000
790 791 25.000000
1025 10694 25.000000
1214 1215 25.000000
1545 1546 25.000000
1002 10114 24.000000
1002 10268 24.000000
100 101 23.000000
101 102 23.000000
102 103 23.000000
858 859 23.000000
859 860 23.000000
152 174 22.000000
348 370 22.000000
1072 10776 22.000000
1155 1177 22.000000
1300 1301 22.000000
1311 1333 22.000000
1457 1479 22.000000
1479 1501 22.000000
1501 1523 22.000000
1550 1572 22.000000
435 457 21.000000
657 679 21.000000
743 765 21.000000
851 873 21.000000
1024 10268 21.000000
1089 10955 21.000000
1172 1194 21.000000
656 678 20.000000
1002 10645 20.000000
1002 10725 20.000000
1024 10250 20.000000
1024 10298 20.000000
1024 10568 20.000000
1024 10640 20.000000
1024 10664 20.000000
1024 10718 20.000000
1024 10965 20.000000
1374 1396 20.000000
1546 1568 20.000000
1547 1569 20.000000
132 133 19.000000
132 153 19.000000
133 134 19.000000
134 135 19.000000
152 153 19.000000
598 620 19.000000
751 752 19.000000
752 753 19.000000
753 754 19.000000
754 755 19.000000
755 756 19.000000
756 757 19.000000
1002 10745 19.000000
1002 10777 19.000000
1002 10810 19.000000
1002 10841 19.000000
1024 10484 19.000000
1024 10775 19.000000
1025 10254 19.000000
1181 1203 19.000000
616 617 18.000000
616 637 18.000000
617 618 18.000000
618 619 18.000000
634 656 18.000000
635 657 18.000000
636 637 18.000000
657 658 18.000000
960 982 18.000000
1002 10357 18.000000
1002 10949 18.000000
1024 10450 18.000000
1024 10505 18.000000
1024 10506 18.000000
1024 10783 18.000000
1024 10934 18.000000
1056 1057 18.000000
1056 1077 18.000000
1057 1058 18.000000
1058 1059 18.000000
1059 1060 18.000000
1060 1061 18.000000
1061 1062 18.000000
1076 1077 18.000000
1111 1133 18.000000
261 283 17.000000
575 597 17.000000
814 815 17.000000
815 816 17.000000
858 879 17.000000
875 876 17.000000
876 877 17.000000
877 878 17.000000
878 879 17.000000
889 911 17.000000
248 270 16.000000
1048 10672 16.000000
1048 10698 16.000000
1048 10758 16.000000
1197 1219 16.000000
335 357 15.000000
611 633 15.000000
1025 10719 15.000000
1025 10839 15.000000
1198 1220 15.000000
1440 1462 15.000000
77 78 14.000000
78 79 14.000000
79 80 14.000000
80 81 14.000000
212 234 14.000000
217 218 14.000000
1005 1027 14.000000
1072 10774 14.000000
1142 1164 14.000000
190 212 13.000000
295 317 13.000000
392 414 13.000000
589 611 13.000000
638 660 13.000000
735 757 13.000000
786 808 13.000000
801 823 13.000000
814 835 13.000000
832 833 13.000000
833 834 13.000000
834 835 13.000000
1001 10407 13.000000
1001 10842 13.000000
1024 10949 13.000000
1067 10788 13.000000
1166 1167 13.000000
1166 1187 13.000000
1167 1168 13.000000
1168 1169 13.000000
1169 1170 13.000000
1170 1171 13.000000
1185 1186 13.000000
1186 1187 13.000000
1216 1238 13.000000
1549 1571 13.000000
226 248 12.000000
619 620 12.000000
1005 10423 12.000000
1105 1127 12.000000
1182 1204 12.000000
1221 1243 12.000000
1527 1549 12.000000
154 176 11.000000
371 393 11.000000
391 413 11.000000
606 607 11.000000
780 802 11.000000
1050 10776 11.000000
1062 1063 11.000000
1067 10718 11.000000
1067 10965 11.000000
1068 10721 11.000000
1068 10811 11.000000
1068 10955 11.000000
1089 10946 11.000000
1089 10949 11.000000
1530 1531 11.000000
47 48 10.000000
47 69 10.000000
742 764 10.000000
933 955 10.000000
1002 10522 10.000000
1002 10903 10.000000
1005 10189 10.000000
1005 10366 10.000000
1019 10430 10.000000
1019 10589 10.000000
1067 10842 10.000000
1072 10865 10.000000
1072 10956 10.000000
1089 10934 10.000000
1089 10969 10.000000
1106 1128 10.000000
1324 1346 10.000000
431 453 9.000000
504 526 9.000000
526 548 9.000000
1002 10136 9.000000
1002 10256 9.000000
1002 10298 9.000000
1002 10331 9.000000
1002 10380 9.000000
1002 10603 9.000000
1002 10703 9.000000
1002 10738 9.000000
1002 10808 9.000000
1002 10816 9.000000
1002 10877 9.000000
1002 10902 9.000000
1002 10934 9.000000
1002 10946 9.000000
1002 10951 9.000000
1002 10969 9.000000
1045 10476 9.000000
1045 10775 9.000000
1045 10848 9.000000
1045 10921 9.000000
1175 1197 9.000000
1235 1257 9.000000
120 121 8.000000
658 680 8.000000
795 796 8.000000
796 797 8.000000
797 798 8.000000
798 799 8.000000
799 800 8.000000
1093 10956 8.000000
1153 1175 8.000000
1210 1232 8.000000
1261 1283 8.000000
164 165 7.000000
165 166 7.000000
166 167 7.000000
167 168 7.000000
168 169 7.000000
169 170 7.000000
170 171 7.000000
171 172 7.000000
172 173 7.000000
173 174 7.000000
444 466 7.000000
480 481 7.000000
481 482 7.000000
697 719 7.000000
764 786 7.000000
792 813 7.000000
800 801 7.000000
811 812 7.000000
812 813 7.000000
990 991 7.000000
991 992 7.000000
992 993 7.000000
993 994 7.000000
994 995 7.000000
995 996 7.000000
996 997 7.000000
1002 10476 7.000000
1002 10775 7.000000
1002 10848 7.000000
1002 10921 7.000000
1010 1011 7.000000
1010 1032 7.000000
1024 10331 7.000000
1024 10380 7.000000
1024 10476 7.000000
1024 10603 7.000000
1024 10703 7.000000
1024 10808 7.000000
1024 10816 7.000000
1024 10848 7.000000
1024 10877 7.000000
1024 10902 7.000000
1024 10921 7.000000
1024 10951 7.000000
1045 10450 7.000000
1045 10484 7.000000
1045 10505 7.000000
1045 10506 7.000000
1045 10783 7.000000
1049 1071 7.000000
1062 1084 7.000000
1063 1085 7.000000
1063 10878 7.000000
1268 1290 7.000000
10 32 6.000000
11 1573 6.000000
462 463 6.000000
462 483 6.000000
463 464 6.000000
464 465 6.000000
465 466 6.000000
482 483 6.000000
792 793 6.000000
793 794 6.000000
794 795 6.000000
858 880 6.000000
880 901 6.000000
897 898 6.000000
898 899 6.000000
899 900 6.000000
900 901 6.000000
1002 10225 6.000000
1007 1029 6.000000
1024 10256 6.000000
1024 10946 6.000000
1024 10969 6.000000
1091 10964 6.000000
1092 10938 6.000000
1157 1179 6.000000
1192 1214 6.000000
1230 1252 6.000000
76 98 5.000000
198 220 5.000000
236 258 5.000000
325 347 5.000000
501 502 5.000000
575 576 5.000000
576 598 5.000000
584 585 5.000000
619 641 5.000000
663 664 5.000000
700 722 5.000000
701 723 5.000000
888 910 5.000000
984 985 5.000000
1019 10460 5.000000
1046 10681 5.000000
1048 10971 5.000000
1089 10902 5.000000
1089 10951 5.000000
1208 1230 5.000000
1286 1308 5.000000
54 76 4.000000
91 92 4.000000
255 277 4.000000
506 507 4.000000
506 527 4.000000
507 508 4.000000
508 509 4.000000
523 524 4.000000
524 525 4.000000
525 526 4.000000
526 527 4.000000
693 715 4.000000
814 836 4.000000
830 852 4.000000
836 857 4.000000
844 866 4.000000
854 855 4.000000
855 856 4.000000
856 857 4.000000
1020 10814 4.000000
1041 10741 4.000000
1089 10921 4.000000
1178 1200 4.000000
1342 1343 4.000000
1342 1363 4.000000
1343 1344 4.000000
1361 1362 4.000000
1362 1363 4.000000
1528 1550 4.000000
103 104 3.000000
104 105 3.000000
105 106 3.000000
106 107 3.000000
107 108 3.000000
108 130 3.000000
130 152 3.000000
208 230 3.000000
528 529 3.000000
528 549 3.000000
529 530 3.000000
530 531 3.000000
531 553 3.000000
548 549 3.000000
553 575 3.000000
583 584 3.000000
726 748 3.000000
1029 1051 3.000000
1045 10568 3.000000
1045 10640 3.000000
1045 10664 3.000000
1045 10718 3.000000
1045 10788 3.000000
1045 10965 3.000000
1051 1073 3.000000
1069 1091 3.000000
1213 1235 3.000000
1326 1348 3.000000
1348 1370 3.000000
10 1572 2.000000
259 281 2.000000
597 619 2.000000
757 779 2.000000
781 803 2.000000
807 829 2.000000
866 888 2.000000
1034 1035 2.000000
1034 1055 2.000000
1035 1036 2.000000
1036 1037 2.000000
1037 1038 2.000000
1038 1039 2.000000
1039 1040 2.000000
1046 10659 2.000000
1046 10721 2.000000
1046 10745 2.000000
1054 1055 2.000000
1054 1076 2.000000
1137 1159 2.000000
1236 1258 2.000000
1243 1265 2.000000
12 1574 1.000000
66 67 1.000000
66 87 1.000000
67 68 1.000000
68 69 1.000000
81 82 1.000000
82 83 1.000000
83 84 1.000000
84 85 1.000000
85 86 1.000000
86 87 1.000000
213 235 1.000000
400 422 1.000000
422 444 1.000000
482 504 1.000000
572 594 1.000000
594 615 1.000000
614 615 1.000000
614 636 1.000000
646 668 1.000000
729 730 1.000000
729 751 1.000000
730 731 1.000000
731 732 1.000000
732 733 1.000000
748 770 1.000000
758 780 1.000000
770 792 1.000000
787 809 1.000000
800 822 1.000000
808 830 1.000000
843 865 1.000000
848 870 1.000000
865 887 1.000000
870 892 1.000000
887 909 1.000000
976 998 1.000000
1006 1007 1.000000
1019 1041 1.000000
1040 10444 1.000000
1042 10482 1.000000
1045 10575 1.000000
1045 10842 1.000000
1046 10811 1.000000
1046 10955 1.000000
1085 10898 1.000000
1226 1248 1.000000
1239 1261 1.000000
1459 1481 1.000000
1523 1545 1.000000
