132 153 18081.000000
152 153 18081.000000
132 133 17946.000000
133 134 17579.000000
151 152 14443.000000
926 927 13622.000000
1145 1146 12981.000000
1144 1145 12646.000000
1058 1059 11803.000000
18 19 11400.000000
1123 1124 11358.000000
1146 1147 11232.000000
154 155 10924.000000
154 175 10837.000000
174 175 10837.000000
1315 1316 10576.000000
1167 1168 10096.000000
134 135 10039.000000
1316 1317 10028.000000
1102 1103 10019.000000
1101 1102 9938.000000
19 20 9514.000000
904 905 9503.000000
925 926 9495.000000
1100 1101 9421.000000
173 174 9302.000000
1144 1165 9044.000000
970 971 8878.000000
1166 1167 8855.000000
1057 1058 8772.000000
1166 1187 8748.000000
770 791 8346.000000
790 791 8346.000000
927 928 8265.000000
135 136 8242.000000
1162 1163 7885.000000
882 883 7867.000000
971 972 7760.000000
1059 1060 7738.000000
1160 1161 7682.000000
1161 1162 7682.000000
883 884 7376.000000
836 857 7318.000000
856 857 7318.000000
110 111 7317.000000
111 112 7316.000000
1122 1123 7304.000000
1100 1121 7184.000000
110 131 7182.000000
130 131 7182.000000
1163 1164 7159.000000
1164 1165 7019.000000
62 63 6965.000000
837 838 6957.000000
969 970 6881.000000
1080 1081 6828.000000
947 948 6672.000000
40 41 6655.000000
176 197 6651.000000
196 197 6651.000000
903 904 6632.000000
1317 1318 6569.000000
176 177 6564.000000
309 310 6457.000000
1189 1190 6423.000000
1204 1205 6385.000000
1124 1125 6318.000000
968 969 6310.000000
1186 1187 6302.000000
88 89 6301.000000
89 90 6296.000000
924 925 6285.000000
1206 1207 6285.000000
90 91 6282.000000
991 992 6125.000000
1207 1208 6090.000000
1141 1142 6056.000000
838 839 5996.000000
1122 1143 5994.000000
1188 1189 5992.000000
902 903 5980.000000
789 790 5920.000000
748 769 5913.000000
129 130 5882.000000
748 749 5876.000000
1142 1143 5866.000000
1559 1560 5839.000000
1205 1206 5837.000000
948 949 5789.000000
108 109 5728.000000
1056 1057 5718.000000
768 769 5551.000000
836 837 5465.000000
172 173 5388.000000
178 179 5337.000000
1318 1319 5284.000000
1140 1141 5261.000000
155 156 5260.000000
1159 1160 5258.000000
177 178 5248.000000
1208 1209 5232.000000
1138 1139 5216.000000
1139 1140 5216.000000
788 789 5209.000000
905 906 5190.000000
792 813 5185.000000
812 813 5185.000000
792 793 5174.000000
1188 1209 5170.000000
220 241 5165.000000
239 240 5165.000000
240 241 5165.000000
855 856 5105.000000
220 221 5061.000000
1203 1204 5018.000000
1079 1080 5002.000000
195 196 4888.000000
1471 1472 4882.000000
156 157 4873.000000
881 882 4869.000000
106 107 4846.000000
1078 1079 4838.000000
770 771 4788.000000
107 108 4688.000000
221 222 4676.000000
1298 1319 4661.000000
992 993 4620.000000
946 947 4603.000000
222 223 4539.000000
1182 1183 4513.000000
990 991 4413.000000
1185 1186 4397.000000
39 40 4385.000000
1210 1211 4355.000000
1338 1339 4336.000000
972 973 4322.000000
794 795 4308.000000
1013 1014 4279.000000
128 129 4275.000000
1210 1231 4259.000000
1183 1184 4174.000000
179 180 4157.000000
1470 1471 4144.000000
1056 1077 4109.000000
1184 1185 4095.000000
1014 1015 4073.000000
1427 1428 3962.000000
767 768 3960.000000
726 727 3921.000000
963 964 3920.000000
964 965 3920.000000
965 966 3920.000000
966 967 3920.000000
726 747 3884.000000
746 747 3884.000000
1233 1234 3834.000000
1271 1272 3820.000000
112 113 3819.000000
793 794 3814.000000
243 244 3777.000000
814 835 3769.000000
834 835 3769.000000
1337 1338 3731.000000
1230 1231 3713.000000
84 85 3669.000000
815 816 3618.000000
63 64 3614.000000
1232 1253 3614.000000
63 85 3604.000000
1232 1233 3598.000000
1211 1212 3524.000000
1272 1273 3510.000000
41 42 3458.000000
1294 1295 3442.000000
180 181 3418.000000
723 724 3388.000000
1254 1255 3378.000000
704 725 3376.000000
597 598 3368.000000
704 705 3355.000000
1339 1340 3320.000000
833 834 3261.000000
1447 1448 3246.000000
1295 1296 3242.000000
854 855 3226.000000
1228 1229 3223.000000
244 245 3183.000000
1078 1099 3178.000000
1273 1274 3171.000000
106 128 3170.000000
928 929 3142.000000
749 750 3127.000000
15 16 3077.000000
16 17 3070.000000
171 172 3036.000000
1227 1228 3022.000000
1059 1081 3017.000000
1015 1016 2999.000000
1137 1138 2995.000000
993 994 2963.000000
1181 1182 2955.000000
1254 1275 2938.000000
150 151 2911.000000
245 246 2881.000000
223 224 2874.000000
840 862 2861.000000
839 840 2849.000000
750 751 2846.000000
811 812 2827.000000
986 987 2822.000000
987 988 2822.000000
988 989 2822.000000
705 706 2803.000000
1229 1230 2799.000000
553 554 2757.000000
724 725 2748.000000
832 833 2746.000000
884 885 2715.000000
1298 1299 2714.000000
136 137 2694.000000
1060 1061 2692.000000
1274 1275 2676.000000
113 114 2637.000000
1405 1406 2626.000000
17 18 2607.000000
920 921 2603.000000
921 922 2603.000000
922 923 2603.000000
1580 1581 2601.000000
1448 1449 2566.000000
1556 1557 2564.000000
1036 1037 2551.000000
1361 1362 2541.000000
1426 1427 2525.000000
61 62 2523.000000
771 772 2516.000000
1340 1341 2513.000000
1403 1404 2483.000000
198 199 2467.000000
1557 1558 2447.000000
215 216 2440.000000
1446 1447 2432.000000
550 551 2422.000000
551 552 2422.000000
552 553 2422.000000
194 195 2417.000000
814 815 2417.000000
1007 1008 2395.000000
1008 1009 2395.000000
1009 1010 2395.000000
1010 1011 2395.000000
1034 1055 2378.000000
859 860 2371.000000
1276 1297 2367.000000
198 219 2363.000000
217 218 2363.000000
218 219 2363.000000
929 930 2362.000000
1491 1492 2352.000000
596 597 2350.000000
14 15 2336.000000
1472 1473 2330.000000
1252 1253 2321.000000
1296 1297 2321.000000
137 138 2316.000000
950 951 2314.000000
216 217 2264.000000
994 995 2260.000000
973 974 2252.000000
927 949 2215.000000
85 86 2202.000000
1320 1341 2190.000000
193 194 2185.000000
1293 1294 2167.000000
1120 1121 2163.000000
265 266 2160.000000
1012 1013 2157.000000
1469 1470 2140.000000
1402 1403 2133.000000
883 905 2132.000000
532 533 2131.000000
157 158 2126.000000
902 923 2093.000000
224 225 2063.000000
660 681 2058.000000
985 986 2055.000000
1320 1321 2055.000000
660 661 2054.000000
661 662 2054.000000
946 967 2043.000000
1034 1035 2043.000000
1094 1095 2019.000000
1095 1096 2019.000000
1096 1097 2019.000000
1276 1277 2019.000000
1425 1426 2008.000000
619 620 1976.000000
214 215 1960.000000
310 332 1953.000000
19 41 1950.000000
1404 1405 1944.000000
20 21 1942.000000
1449 1450 1920.000000
1103 1104 1896.000000
1513 1514 1887.000000
1384 1385 1873.000000
949 950 1866.000000
1490 1491 1859.000000
1035 1036 1839.000000
745 746 1837.000000
149 150 1831.000000
138 139 1822.000000
1097 1098 1813.000000
860 861 1803.000000
529 530 1793.000000
530 531 1793.000000
727 728 1791.000000
1098 1099 1780.000000
728 729 1775.000000
1190 1191 1764.000000
1492 1493 1752.000000
531 532 1746.000000
287 288 1745.000000
1057 10979 1742.000000
1277 1278 1737.000000
968 989 1727.000000
200 201 1718.000000
663 664 1714.000000
83 84 1708.000000
576 577 1703.000000
91 92 1698.000000
577 578 1693.000000
1103 1125 1678.000000
772 773 1658.000000
816 817 1658.000000
20 42 1642.000000
729 730 1640.000000
554 555 1619.000000
266 267 1614.000000
706 707 1606.000000
170 171 1605.000000
942 943 1598.000000
943 944 1598.000000
944 945 1598.000000
707 708 1596.000000
1514 1515 1590.000000
924 945 1580.000000
1558 1559 1580.000000
136 158 1577.000000
858 879 1573.000000
877 878 1573.000000
878 879 1573.000000
158 159 1571.000000
1081 1082 1565.000000
1364 1385 1563.000000
861 862 1560.000000
1382 1383 1527.000000
1250 1251 1522.000000
1125 1126 1516.000000
616 617 1515.000000
617 618 1515.000000
1383 1384 1506.000000
115 116 1500.000000
114 115 1483.000000
199 200 1477.000000
1251 1252 1476.000000
1578 1579 1473.000000
1381 1382 1468.000000
1577 1578 1454.000000
116 117 1453.000000
1247 1248 1453.000000
1248 1249 1453.000000
880 881 1444.000000
880 901 1444.000000
899 900 1444.000000
900 901 1444.000000
1093 1094 1437.000000
237 238 1435.000000
1428 1429 1431.000000
1512 1513 1425.000000
919 920 1409.000000
1468 1469 1408.000000
858 859 1406.000000
1560 1561 1405.000000
1115 1116 1404.000000
680 681 1403.000000
177 199 1388.000000
182 183 1384.000000
203 204 1356.000000
1555 1556 1356.000000
664 665 1353.000000
201 202 1352.000000
598 599 1347.000000
1016 1017 1345.000000
621 622 1344.000000
1424 1425 1334.000000
751 752 1333.000000
1579 1580 1331.000000
1225 1226 1330.000000
1226 1227 1330.000000
1116 1117 1322.000000
1117 1118 1322.000000
620 621 1320.000000
181 182 1313.000000
575 576 1306.000000
1037 1038 1305.000000
1118 1119 1297.000000
1406 1407 1289.000000
685 686 1253.000000
1119 1120 1249.000000
1202 1203 1246.000000
1054 1055 1240.000000
578 579 1226.000000
572 573 1221.000000
573 574 1221.000000
1038 1039 1221.000000
618 619 1205.000000
686 687 1200.000000
1489 1490 1198.000000
1386 1407 1196.000000
662 663 1177.000000
1059 10609 1177.000000
574 575 1173.000000
288 289 1159.000000
225 226 1153.000000
1533 1534 1150.000000
1534 1535 1138.000000
1535 1536 1138.000000
533 534 1134.000000
1359 1360 1127.000000
795 796 1126.000000
64 65 1125.000000
594 595 1116.000000
595 596 1116.000000
951 952 1107.000000
107 129 1093.000000
684 685 1090.000000
1011 10407 1090.000000
594 615 1088.000000
1511 1512 1088.000000
236 237 1081.000000
226 227 1079.000000
1515 1516 1079.000000
105 106 1065.000000
1493 1494 1063.000000
1158 1159 1057.000000
572 593 1056.000000
884 906 1043.000000
1029 1030 1030.000000
1030 1031 1030.000000
1031 1032 1030.000000
929 951 1024.000000
898 899 1020.000000
511 512 1018.000000
810 811 1004.000000
641 642 1003.000000
1537 1538 999.000000
1576 1577 994.000000
941 942 980.000000
1360 1361 976.000000
640 641 973.000000
267 268 969.000000
592 593 969.000000
1536 1537 950.000000
1224 1225 945.000000
266 288 944.000000
238 239 943.000000
1494 1495 937.000000
127 128 933.000000
159 160 933.000000
202 203 930.000000
139 140 929.000000
1450 1451 929.000000
795 817 928.000000
312 313 925.000000
192 193 899.000000
13 14 889.000000
180 202 887.000000
512 513 880.000000
972 994 878.000000
1050 1051 875.000000
1051 1052 875.000000
1052 1053 875.000000
1053 1054 875.000000
555 556 873.000000
1246 1247 869.000000
616 637 868.000000
204 205 863.000000
41 63 850.000000
724 746 850.000000
259 260 848.000000
269 270 847.000000
1249 1250 844.000000
708 709 839.000000
1180 1181 835.000000
246 247 830.000000
1013 10627 830.000000
682 683 828.000000
35 36 808.000000
682 703 807.000000
533 555 803.000000
506 507 798.000000
507 508 798.000000
508 509 798.000000
509 510 798.000000
183 205 797.000000
332 333 797.000000
1015 1037 794.000000
556 557 788.000000
510 511 783.000000
642 643 779.000000
268 269 777.000000
62 84 768.000000
1136 1137 764.000000
134 156 758.000000
930 952 755.000000
1049 1050 750.000000
311 312 745.000000
313 314 745.000000
1011 10565 740.000000
10 11 737.000000
11 12 737.000000
12 13 737.000000
247 248 736.000000
223 245 733.000000
289 290 729.000000
36 37 727.000000
37 38 727.000000
38 39 727.000000
665 666 720.000000
599 600 719.000000
1408 1429 713.000000
636 637 704.000000
485 486 702.000000
486 487 702.000000
487 488 702.000000
1146 1168 690.000000
683 684 688.000000
224 246 683.000000
92 93 682.000000
93 94 682.000000
658 659 672.000000
31 32 669.000000
32 33 669.000000
33 34 669.000000
34 35 669.000000
105 10715 658.000000
488 489 655.000000
1289 1290 653.000000
1290 1291 653.000000
1291 1292 653.000000
1292 1293 653.000000
1012 1033 652.000000
657 658 648.000000
638 639 641.000000
639 640 641.000000
702 703 640.000000
701 702 638.000000
638 659 637.000000
42 64 636.000000
75 76 636.000000
76 77 636.000000
77 78 636.000000
78 79 636.000000
79 80 636.000000
80 81 636.000000
81 82 636.000000
270 271 635.000000
184 185 627.000000
185 186 627.000000
186 187 627.000000
187 188 627.000000
188 189 627.000000
189 190 627.000000
190 191 627.000000
191 192 627.000000
1126 1127 627.000000
1127 1128 627.000000
1128 1129 627.000000
962 963 626.000000
876 877 624.000000
135 157 623.000000
1362 1363 623.000000
1017 1018 616.000000
1452 1473 613.000000
952 953 608.000000
1558 1580 608.000000
1013 10330 601.000000
1062 1063 594.000000
1063 1064 594.000000
1104 1105 594.000000
1037 10609 591.000000
1190 1212 588.000000
1083 1084 583.000000
1084 1085 583.000000
53 54 580.000000
54 55 580.000000
55 56 580.000000
56 57 580.000000
57 58 580.000000
58 59 580.000000
59 60 580.000000
60 61 580.000000
614 615 580.000000
1255 1256 579.000000
17 39 577.000000
1114 1115 574.000000
74 75 572.000000
1011 10270 572.000000
242 243 569.000000
242 263 569.000000
260 261 569.000000
261 262 569.000000
262 263 569.000000
1007 10932 569.000000
1105 1106 568.000000
1106 1107 568.000000
1007 10731 567.000000
30 31 563.000000
1061 1062 563.000000
705 727 552.000000
1342 1363 551.000000
1205 1227 548.000000
1032 1033 546.000000
1082 1083 546.000000
1108 1109 545.000000
1102 1124 544.000000
290 291 543.000000
160 161 541.000000
1516 1538 532.000000
192 214 528.000000
974 975 526.000000
975 976 526.000000
1028 1029 524.000000
1012 10256 522.000000
1560 1582 521.000000
932 933 519.000000
94 95 513.000000
95 96 513.000000
264 265 504.000000
264 285 504.000000
281 282 504.000000
282 283 504.000000
283 284 504.000000
284 285 504.000000
1137 1159 497.000000
183 184 495.000000
750 772 493.000000
679 680 492.000000
1015 10279 492.000000
109 10911 489.000000
930 931 489.000000
931 932 489.000000
1032 1054 484.000000
1364 1365 476.000000
1315 1337 473.000000
1037 10620 465.000000
18 40 463.000000
597 619 462.000000
832 854 459.000000
97 98 457.000000
98 99 457.000000
100 101 457.000000
101 102 457.000000
102 103 457.000000
103 104 457.000000
104 105 457.000000
107 10930 457.000000
489 490 456.000000
550 571 449.000000
984 985 445.000000
310 311 443.000000
127 149 438.000000
291 292 438.000000
622 623 434.000000
926 948 434.000000
333 334 428.000000
334 335 428.000000
374 375 428.000000
1061 10828 424.000000
905 927 423.000000
140 141 422.000000
141 142 422.000000
142 143 422.000000
143 144 422.000000
144 145 422.000000
145 146 422.000000
146 147 422.000000
147 148 422.000000
1013 10542 422.000000
1013 10819 422.000000
535 536 418.000000
1516 1517 414.000000
708 730 412.000000
1058 10668 412.000000
1471 1493 412.000000
1234 1235 410.000000
107 10801 409.000000
107 10869 409.000000
1514 1536 408.000000
107 10937 404.000000
534 535 403.000000
1380 1381 400.000000
82 83 398.000000
1037 10923 398.000000
838 860 397.000000
1147 1148 396.000000
107 10787 395.000000
107 10802 395.000000
107 10929 394.000000
148 149 393.000000
118 119 392.000000
119 120 392.000000
120 121 392.000000
121 122 392.000000
122 123 392.000000
123 124 392.000000
124 125 392.000000
125 126 392.000000
126 127 392.000000
1037 10625 391.000000
1129 1130 389.000000
258 259 388.000000
1058 1080 386.000000
1092 1093 381.000000
1049 10592 378.000000
129 151 377.000000
107 10990 373.000000
133 155 373.000000
1474 1475 372.000000
1475 1476 372.000000
1476 1477 372.000000
353 354 371.000000
107 10739 370.000000
249 250 370.000000
250 251 370.000000
251 252 370.000000
252 253 370.000000
253 254 370.000000
254 255 370.000000
255 256 370.000000
256 257 370.000000
352 353 367.000000
1358 1359 367.000000
107 10707 364.000000
107 10991 364.000000
839 861 364.000000
107 10795 363.000000
107 10847 363.000000
1125 1147 362.000000
1109 1110 359.000000
1110 1111 359.000000
1111 1112 359.000000
1112 1113 359.000000
1113 1114 359.000000
749 771 358.000000
773 774 355.000000
442 443 354.000000
443 444 354.000000
1148 1149 353.000000
1149 1150 353.000000
1150 1151 353.000000
171 193 352.000000
524 525 350.000000
525 526 350.000000
528 529 347.000000
107 10992 346.000000
1036 10486 345.000000
106 10995 344.000000
1151 1152 341.000000
1035 10661 340.000000
1254 1276 338.000000
490 491 336.000000
1034 10819 336.000000
570 571 334.000000
1059 10809 330.000000
1059 10834 330.000000
1430 1451 329.000000
201 223 327.000000
1057 10815 323.000000
181 203 322.000000
1249 1271 315.000000
280 281 313.000000
707 729 313.000000
193 215 309.000000
137 159 308.000000
205 206 306.000000
206 207 306.000000
207 208 306.000000
208 209 306.000000
209 210 306.000000
210 211 306.000000
211 212 306.000000
212 213 306.000000
213 214 306.000000
1107 1108 306.000000
577 599 304.000000
106 10997 301.000000
179 201 299.000000
44 45 295.000000
44 65 295.000000
45 46 295.000000
46 47 295.000000
1060 10607 291.000000
1061 10743 290.000000
108 10860 289.000000
1011 10167 289.000000
1470 1492 288.000000
1035 1057 287.000000
221 243 283.000000
837 859 282.000000
107 10729 280.000000
162 163 274.000000
163 164 274.000000
164 165 274.000000
165 166 274.000000
166 167 274.000000
167 168 274.000000
168 169 274.000000
169 170 274.000000
730 731 273.000000
1554 1555 272.000000
687 688 268.000000
66 67 267.000000
66 87 267.000000
67 68 267.000000
68 69 267.000000
86 87 267.000000
1039 1040 267.000000
1040 1041 267.000000
1076 1077 267.000000
1013 10796 266.000000
953 954 265.000000
1038 10533 265.000000
47 48 264.000000
1006 1007 263.000000
1016 1038 263.000000
1061 10931 260.000000
1138 1160 259.000000
48 49 257.000000
49 50 257.000000
50 51 257.000000
51 52 257.000000
106 10981 257.000000
52 74 256.000000
107 10809 256.000000
107 10834 256.000000
996 997 256.000000
997 998 256.000000
751 773 253.000000
906 907 251.000000
925 947 251.000000
1037 10682 250.000000
1037 10729 250.000000
1293 1315 250.000000
69 70 246.000000
491 513 246.000000
816 838 243.000000
70 71 241.000000
71 72 241.000000
72 73 241.000000
73 74 241.000000
1179 1180 241.000000
885 886 240.000000
1018 10324 240.000000
1037 10770 240.000000
794 816 239.000000
1011 10738 239.000000
706 728 238.000000
971 993 236.000000
1339 1361 236.000000
976 998 233.000000
1082 10931 233.000000
1061 10778 232.000000
1058 10985 231.000000
440 441 230.000000
907 908 230.000000
1012 10270 228.000000
520 521 227.000000
521 522 227.000000
522 523 227.000000
523 524 227.000000
1098 1120 227.000000
158 180 226.000000
117 118 224.000000
159 181 224.000000
1060 10737 224.000000
1060 10812 224.000000
1060 10845 224.000000
1060 10887 224.000000
1130 1131 224.000000
1131 1132 224.000000
1132 1133 224.000000
1133 1134 224.000000
1134 1135 224.000000
1036 10917 223.000000
1060 10959 223.000000
107 10827 217.000000
215 237 217.000000
973 995 217.000000
1059 10770 215.000000
1060 10840 214.000000
1060 10899 214.000000
1064 10874 213.000000
1007 10150 211.000000
1007 10272 211.000000
1007 10411 211.000000
1007 10474 211.000000
1274 1296 211.000000
248 249 209.000000
1015 10308 209.000000
1060 10936 208.000000
908 909 206.000000
1007 10711 206.000000
1015 10426 206.000000
1015 10532 206.000000
1015 10593 206.000000
1015 10879 206.000000
995 996 205.000000
1034 10953 205.000000
1056 10681 205.000000
1489 1511 205.000000
52 53 204.000000
1015 10470 204.000000
1496 1517 204.000000
1015 10762 203.000000
108 10911 202.000000
227 228 202.000000
228 229 202.000000
229 230 202.000000
230 231 202.000000
231 232 202.000000
232 233 202.000000
233 234 202.000000
234 235 202.000000
235 236 202.000000
744 745 202.000000
1015 10619 202.000000
1452 1453 202.000000
1453 1454 202.000000
1454 1455 202.000000
1455 1456 202.000000
578 600 201.000000
1228 1250 201.000000
245 267 199.000000
1538 1539 199.000000
568 569 198.000000
569 570 198.000000
1581 1582 198.000000
1081 10991 196.000000
1081 10869 195.000000
270 292 191.000000
947 969 191.000000
1060 10674 191.000000
1081 10847 190.000000
1081 10907 190.000000
1081 10915 190.000000
1181 1203 190.000000
643 644 189.000000
1081 10990 189.000000
1532 1533 189.000000
1016 10409 188.000000
1057 10661 188.000000
484 485 187.000000
793 815 183.000000
1033 10539 183.000000
444 466 182.000000
1006 10161 180.000000
1028 10635 178.000000
1015 10924 176.000000
1038 10961 176.000000
886 887 175.000000
887 888 175.000000
1085 10874 175.000000
506 527 174.000000
1081 10936 174.000000
1036 10372 173.000000
444 445 172.000000
114 136 171.000000
1015 10600 171.000000
622 644 169.000000
1039 10436 169.000000
875 876 168.000000
924 946 168.000000
1017 10607 168.000000
1036 10763 168.000000
1036 10895 168.000000
1299 1300 168.000000
203 225 166.000000
1015 10609 166.000000
1060 1082 166.000000
1011 10114 165.000000
1342 1343 165.000000
528 549 164.000000
1321 1322 164.000000
42 43 162.000000
1015 10358 162.000000
1168 1169 162.000000
1271 1293 162.000000
600 622 161.000000
1015 10818 161.000000
536 537 160.000000
537 538 160.000000
538 539 160.000000
539 540 160.000000
540 541 160.000000
1058 10917 160.000000
1038 1060 159.000000
1059 10620 159.000000
1059 10682 158.000000
1059 10729 158.000000
1081 10899 158.000000
222 244 157.000000
227 249 157.000000
1018 10578 157.000000
170 192 154.000000
1166 1188 154.000000
1174 1175 153.000000
1175 1176 153.000000
1176 1177 153.000000
1177 1178 153.000000
1178 1179 153.000000
1427 1449 153.000000
172 194 152.000000
600 601 151.000000
796 818 151.000000
818 840 151.000000
1081 10840 151.000000
108 10904 149.000000
1017 10846 149.000000
1018 1019 148.000000
1018 10778 148.000000
1019 1020 148.000000
1016 10259 147.000000
1016 10995 147.000000
1474 1495 144.000000
463 464 143.000000
464 465 143.000000
465 466 143.000000
1295 1317 143.000000
1425 1447 143.000000
1015 10329 142.000000
1015 10379 142.000000
1017 10927 142.000000
1037 10409 142.000000
1060 10657 142.000000
1145 1167 142.000000
1035 10613 141.000000
1267 1268 141.000000
1268 1269 141.000000
1269 1270 141.000000
1081 1103 140.000000
1081 10961 140.000000
1039 1061 139.000000
106 10998 138.000000
1060 10761 138.000000
1077 10903 138.000000
106 10762 137.000000
106 10947 137.000000
1184 1206 137.000000
1208 1230 137.000000
1012 10883 136.000000
1012 10969 136.000000
110 132 135.000000
202 224 135.000000
40 62 134.000000
1037 10997 134.000000
161 162 133.000000
178 200 133.000000
292 314 132.000000
404 426 132.000000
687 709 132.000000
490 512 130.000000
860 882 130.000000
1081 10959 130.000000
752 753 129.000000
1081 10887 129.000000
1169 1170 129.000000
1170 1171 129.000000
1171 1172 129.000000
1172 1173 129.000000
1173 1174 129.000000
1557 1579 129.000000
766 767 128.000000
498 499 127.000000
499 500 127.000000
500 501 127.000000
501 502 127.000000
1081 10812 127.000000
1081 10845 127.000000
96 97 126.000000
445 446 126.000000
1340 1362 126.000000
1408 1409 126.000000
684 706 125.000000
1014 10335 125.000000
1446 1468 125.000000
773 795 124.000000
502 503 122.000000
503 504 122.000000
504 505 122.000000
1034 10529 121.000000
1035 10577 121.000000
446 447 120.000000
447 448 120.000000
214 236 119.000000
1318 1340 118.000000
570 592 117.000000
1055 10645 117.000000
1016 10503 116.000000
1016 10981 116.000000
1012 10399 115.000000
1013 10392 115.000000
1014 1036 115.000000
1035 10985 115.000000
1152 1153 115.000000
1153 1154 115.000000
1154 1155 115.000000
1155 1156 115.000000
1156 1157 115.000000
31 53 114.000000
1013 10415 114.000000
1038 10607 113.000000
1039 10578 113.000000
1039 10778 113.000000
489 511 112.000000
1359 1381 112.000000
946 968 111.000000
1057 10689 111.000000
553 575 110.000000
620 642 110.000000
810 832 109.000000
1081 10918 109.000000
534 556 108.000000
579 580 108.000000
580 581 108.000000
581 582 108.000000
582 583 108.000000
583 584 108.000000
584 585 108.000000
1123 1145 108.000000
1270 1271 108.000000
107 10873 107.000000
128 150 107.000000
640 662 107.000000
840 841 107.000000
908 930 107.000000
1064 1065 107.000000
951 973 106.000000
1510 1511 106.000000
108 10804 105.000000
108 10909 105.000000
108 10980 105.000000
1298 1320 105.000000
198 220 104.000000
526 527 103.000000
22 23 102.000000
22 43 102.000000
23 24 102.000000
24 25 102.000000
25 26 102.000000
26 27 102.000000
27 28 102.000000
28 29 102.000000
29 30 102.000000
107 10723 102.000000
107 10764 102.000000
107 10803 102.000000
244 266 102.000000
441 442 102.000000
542 543 102.000000
543 544 102.000000
544 545 102.000000
545 546 102.000000
933 934 102.000000
934 935 102.000000
935 936 102.000000
936 937 102.000000
937 938 102.000000
938 939 102.000000
939 940 102.000000
75 97 101.000000
107 10749 101.000000
107 10797 101.000000
157 179 101.000000
330 331 101.000000
484 505 101.000000
729 751 101.000000
1060 10961 101.000000
1081 10827 101.000000
8 9 100.000000
107 10926 100.000000
590 591 100.000000
1028 10856 100.000000
107 10876 99.000000
107 10907 99.000000
107 10915 99.000000
1016 10997 99.000000
1559 1581 99.000000
491 492 98.000000
1012 10325 98.000000
1101 1123 98.000000
107 10746 97.000000
107 10766 97.000000
107 10799 97.000000
107 10851 97.000000
107 10906 97.000000
269 291 97.000000
666 667 97.000000
940 941 97.000000
1017 1039 97.000000
1029 10932 96.000000
1065 1066 96.000000
1066 1067 96.000000
1067 1068 96.000000
1068 1069 96.000000
1069 1070 96.000000
107 10958 95.000000
546 547 95.000000
547 548 95.000000
1122 1144 95.000000
205 227 94.000000
862 884 94.000000
1055 10681 94.000000
1077 10788 94.000000
745 767 93.000000
1029 10731 93.000000
1207 1229 93.000000
107 10793 92.000000
331 332 92.000000
511 533 92.000000
998 999 92.000000
1000 1001 92.000000
1001 1002 92.000000
1002 1003 92.000000
1003 1004 92.000000
1004 1005 92.000000
1037 10600 92.000000
107 10983 91.000000
1082 1104 90.000000
576 598 89.000000
1057 10850 89.000000
1157 1158 89.000000
532 554 88.000000
1057 10819 88.000000
1077 10965 88.000000
154 176 87.000000
1080 10917 87.000000
107 10756 86.000000
107 10853 86.000000
107 10905 86.000000
107 10913 86.000000
107 10984 86.000000
107 10994 86.000000
107 10754 85.000000
148 170 85.000000
968 990 85.000000
1056 10694 85.000000
1077 10934 85.000000
257 258 84.000000
862 863 84.000000
1056 10821 84.000000
1057 10953 84.000000
1071 1072 84.000000
1077 10831 84.000000
107 10712 83.000000
107 10736 83.000000
107 10755 83.000000
107 10918 83.000000
107 10980 83.000000
139 161 83.000000
513 514 83.000000
1386 1408 83.000000
108 10826 82.000000
664 686 82.000000
1013 1035 82.000000
1011 10842 81.000000
1245 1246 81.000000
1072 1073 80.000000
1073 1074 80.000000
1074 1075 80.000000
1075 1076 80.000000
1186 1208 80.000000
330 351 79.000000
332 354 79.000000
344 345 79.000000
345 346 79.000000
346 347 79.000000
347 348 79.000000
348 349 79.000000
349 350 79.000000
350 351 79.000000
448 470 79.000000
466 467 79.000000
1012 10369 79.000000
1078 10982 79.000000
108 10820 78.000000
541 542 78.000000
621 643 78.000000
903 925 78.000000
962 984 78.000000
970 992 78.000000
108 10806 77.000000
108 10875 77.000000
108 10963 77.000000
728 750 77.000000
1006 10276 77.000000
1011 10386 77.000000
1081 10981 77.000000
150 172 76.000000
574 596 76.000000
618 640 76.000000
841 863 76.000000
897 898 76.000000
919 941 76.000000
1054 10726 76.000000
1059 10924 76.000000
1382 1404 76.000000
1037 1059 75.000000
662 684 74.000000
727 749 74.000000
1272 1294 74.000000
398 399 73.000000
399 400 73.000000
400 401 73.000000
108 10836 72.000000
155 177 72.000000
665 687 72.000000
817 839 72.000000
1013 10982 72.000000
1039 10751 72.000000
591 592 71.000000
659 681 71.000000
767 789 71.000000
1167 1189 71.000000
108 10870 70.000000
162 184 70.000000
833 855 70.000000
1029 10411 70.000000
1029 10474 70.000000
1029 10711 70.000000
1092 1114 70.000000
1140 1162 70.000000
880 902 69.000000
69 91 68.000000
401 402 68.000000
402 403 68.000000
403 404 68.000000
814 836 68.000000
1012 10946 68.000000
1537 1559 68.000000
354 355 67.000000
355 356 67.000000
356 357 67.000000
462 463 67.000000
1011 10268 67.000000
1011 10298 67.000000
1012 10949 67.000000
108 10952 66.000000
514 515 66.000000
515 516 66.000000
516 517 66.000000
517 518 66.000000
518 519 66.000000
116 138 65.000000
886 908 65.000000
64 86 64.000000
107 10966 64.000000
107 10989 64.000000
360 382 64.000000
382 404 64.000000
963 985 64.000000
1014 10577 64.000000
1231 1253 64.000000
454 455 63.000000
455 456 63.000000
456 457 63.000000
457 458 63.000000
458 459 63.000000
459 460 63.000000
460 461 63.000000
906 928 63.000000
1011 10788 63.000000
107 10728 62.000000
247 269 62.000000
815 837 62.000000
1011 10575 62.000000
1011 10831 62.000000
105 127 61.000000
236 258 61.000000
358 359 61.000000
359 360 61.000000
1447 1469 61.000000
113 135 60.000000
161 183 60.000000
977 978 60.000000
978 979 60.000000
979 980 60.000000
980 981 60.000000
981 982 60.000000
982 983 60.000000
983 984 60.000000
467 468 59.000000
535 557 59.000000
613 614 59.000000
695 696 59.000000
696 697 59.000000
697 698 59.000000
698 699 59.000000
699 700 59.000000
1116 1138 59.000000
1517 1539 59.000000
1017 10844 58.000000
108 10800 57.000000
108 10988 57.000000
271 272 57.000000
272 273 57.000000
273 274 57.000000
274 275 57.000000
275 276 57.000000
276 277 57.000000
277 278 57.000000
288 310 57.000000
300 301 57.000000
249 271 56.000000
555 577 56.000000
557 579 56.000000
911 933 56.000000
1050 10731 56.000000
1070 1071 56.000000
468 469 55.000000
512 534 55.000000
630 631 55.000000
631 632 55.000000
632 633 55.000000
633 634 55.000000
634 635 55.000000
1005 1006 55.000000
1033 10407 55.000000
1055 1077 55.000000
335 336 54.000000
772 794 54.000000
1055 10783 54.000000
278 279 53.000000
279 280 53.000000
292 293 53.000000
293 294 53.000000
294 295 53.000000
295 296 53.000000
296 297 53.000000
297 298 53.000000
298 299 53.000000
299 300 53.000000
445 467 53.000000
462 483 53.000000
488 510 53.000000
976 977 53.000000
1011 10179 53.000000
1011 10250 53.000000
1011 10568 53.000000
1011 10640 53.000000
1011 10664 53.000000
1011 10718 53.000000
1011 10965 53.000000
1012 10401 53.000000
1013 10459 53.000000
107 10727 52.000000
107 10881 52.000000
1055 10775 52.000000
531 553 51.000000
585 586 51.000000
1468 1490 51.000000
130 152 50.000000
357 358 50.000000
601 602 50.000000
602 603 50.000000
603 604 50.000000
604 605 50.000000
605 606 50.000000
950 972 50.000000
1011 10509 50.000000
1014 10317 50.000000
117 139 48.000000
703 725 48.000000
866 867 48.000000
867 868 48.000000
868 869 48.000000
869 870 48.000000
870 871 48.000000
871 872 48.000000
872 873 48.000000
873 874 48.000000
874 875 48.000000
1037 10924 48.000000
1119 1141 48.000000
1493 1515 48.000000
469 470 47.000000
1056 10901 47.000000
1164 1186 47.000000
426 427 46.000000
427 428 46.000000
428 429 46.000000
429 430 46.000000
430 431 46.000000
1013 10446 46.000000
248 270 45.000000
470 471 45.000000
471 472 45.000000
472 473 45.000000
473 474 45.000000
474 475 45.000000
476 477 45.000000
477 478 45.000000
478 479 45.000000
479 480 45.000000
480 481 45.000000
481 482 45.000000
482 483 45.000000
861 883 45.000000
907 929 45.000000
1230 1252 45.000000
1401 1402 45.000000
844 866 44.000000
1115 1137 44.000000
149 171 43.000000
881 903 43.000000
1012 10357 43.000000
1210 1232 43.000000
1428 1450 43.000000
557 558 42.000000
558 559 42.000000
559 560 42.000000
560 561 42.000000
561 562 42.000000
562 563 42.000000
564 565 42.000000
565 566 42.000000
566 567 42.000000
746 768 42.000000
1012 10280 42.000000
1013 10554 42.000000
1060 10995 42.000000
0 1 41.000000
0 21 41.000000
1 2 41.000000
2 3 41.000000
3 4 41.000000
4 5 41.000000
5 6 41.000000
6 7 41.000000
7 8 41.000000
563 564 41.000000
1056 10665 41.000000
1077 10883 41.000000
1227 1249 41.000000
954 955 40.000000
955 956 40.000000
956 957 40.000000
957 958 40.000000
958 959 40.000000
959 960 40.000000
960 961 40.000000
961 962 40.000000
1012 10811 40.000000
1012 10955 40.000000
1070 1092 40.000000
1077 10777 40.000000
1077 10810 40.000000
1077 10841 40.000000
1532 1554 40.000000
74 96 39.000000
680 702 39.000000
1077 10775 39.000000
1077 10783 39.000000
1077 10808 39.000000
1077 10816 39.000000
1077 10848 39.000000
1077 10877 39.000000
1077 10902 39.000000
1077 10921 39.000000
1077 10951 39.000000
614 636 38.000000
888 889 38.000000
1056 10752 38.000000
1077 10969 38.000000
1143 1165 38.000000
1163 1185 38.000000
1212 1234 38.000000
53 75 37.000000
225 247 37.000000
322 344 37.000000
717 718 37.000000
718 719 37.000000
719 720 37.000000
720 721 37.000000
721 722 37.000000
726 748 37.000000
889 911 37.000000
1011 10136 37.000000
1034 10901 37.000000
623 645 36.000000
841 842 36.000000
842 843 36.000000
843 844 36.000000
1011 10811 36.000000
1041 1042 36.000000
308 309 35.000000
308 329 35.000000
324 325 35.000000
325 326 35.000000
326 327 35.000000
327 328 35.000000
328 329 35.000000
623 624 35.000000
624 625 35.000000
625 626 35.000000
626 627 35.000000
627 628 35.000000
628 629 35.000000
629 630 35.000000
641 663 35.000000
863 864 35.000000
864 865 35.000000
865 866 35.000000
1014 10271 35.000000
1042 1043 35.000000
1043 1044 35.000000
1044 1045 35.000000
1045 1046 35.000000
1046 1047 35.000000
1047 1048 35.000000
1048 1049 35.000000
1061 10927 35.000000
1404 1426 35.000000
567 568 34.000000
1014 10180 34.000000
1014 10347 34.000000
1405 1427 34.000000
112 134 33.000000
722 723 33.000000
1114 1136 33.000000
1424 1446 33.000000
315 316 32.000000
586 587 32.000000
587 588 32.000000
588 589 32.000000
589 590 32.000000
700 701 32.000000
969 991 32.000000
1013 10850 32.000000
1055 10703 32.000000
1055 10777 32.000000
1055 10810 32.000000
1055 10816 32.000000
1055 10841 32.000000
1055 10848 32.000000
1055 10902 32.000000
1055 10921 32.000000
1383 1405 32.000000
47 69 31.000000
204 226 31.000000
1055 10745 31.000000
1201 1202 31.000000
1252 1274 31.000000
1474 1496 31.000000
106 10770 30.000000
106 10923 30.000000
199 221 30.000000
635 636 30.000000
1037 10481 30.000000
1055 10603 30.000000
1055 10808 30.000000
1055 10877 30.000000
1059 10947 30.000000
1059 10998 30.000000
1384 1406 30.000000
1403 1425 30.000000
467 489 29.000000
591 613 29.000000
594 616 28.000000
608 630 28.000000
859 881 28.000000
1054 1076 28.000000
1235 1236 28.000000
1236 1237 28.000000
1237 1238 28.000000
1238 1239 28.000000
1239 1240 28.000000
1240 1241 28.000000
1241 1242 28.000000
1242 1243 28.000000
1243 1244 28.000000
1244 1245 28.000000
316 317 27.000000
317 318 27.000000
318 319 27.000000
319 320 27.000000
320 321 27.000000
321 322 27.000000
1036 10426 27.000000
1036 10532 27.000000
1036 10593 27.000000
1036 10879 27.000000
1060 10625 27.000000
226 248 26.000000
432 454 26.000000
876 898 26.000000
1034 10413 26.000000
1034 10665 26.000000
1034 10752 26.000000
1037 10488 26.000000
1055 10951 26.000000
1142 1164 26.000000
1358 1380 26.000000
667 668 25.000000
668 669 25.000000
669 670 25.000000
670 671 25.000000
671 672 25.000000
672 673 25.000000
1020 1021 25.000000
1020 10378 25.000000
1021 1022 25.000000
1022 1023 25.000000
1023 1024 25.000000
1024 1025 25.000000
1025 1026 25.000000
1026 1027 25.000000
1036 10619 25.000000
1118 1140 25.000000
1191 1192 25.000000
1192 1193 25.000000
1193 1194 25.000000
1194 1195 25.000000
1195 1196 25.000000
1518 1519 25.000000
1519 1520 25.000000
1520 1521 25.000000
118 140 24.000000
885 907 24.000000
911 912 24.000000
912 913 24.000000
913 914 24.000000
914 915 24.000000
915 916 24.000000
916 917 24.000000
917 918 24.000000
918 919 24.000000
1055 10821 24.000000
1337 1359 23.000000
376 377 22.000000
377 378 22.000000
378 379 22.000000
475 476 22.000000
601 623 22.000000
730 752 22.000000
941 963 22.000000
1015 10387 22.000000
1015 10730 22.000000
1015 10868 22.000000
1034 10487 22.000000
1136 1158 22.000000
1488 1489 22.000000
1488 1510 22.000000
115 137 21.000000
301 302 21.000000
410 432 21.000000
454 476 21.000000
492 493 21.000000
493 494 21.000000
494 495 21.000000
495 496 21.000000
496 497 21.000000
497 498 21.000000
682 704 21.000000
1012 10529 21.000000
1014 10613 21.000000
1015 10239 21.000000
1015 10432 21.000000
1015 10475 21.000000
1015 10486 21.000000
1015 10972 21.000000
1079 1101 21.000000
13 35 20.000000
556 578 20.000000
586 608 20.000000
1012 10330 20.000000
1027 1049 20.000000
1059 10762 20.000000
1060 10923 20.000000
1081 10834 20.000000
1120 1142 20.000000
902 924 19.000000
920 942 19.000000
1033 10842 19.000000
1034 10415 19.000000
1060 10981 19.000000
1365 1366 19.000000
182 204 18.000000
644 645 18.000000
685 707 18.000000
945 967 18.000000
1012 10659 18.000000
1012 10721 18.000000
1013 10487 18.000000
1013 10618 18.000000
1016 10488 18.000000
1033 10386 18.000000
1034 1056 18.000000
615 637 17.000000
709 710 17.000000
710 711 17.000000
711 712 17.000000
712 713 17.000000
713 714 17.000000
714 715 17.000000
715 716 17.000000
716 717 17.000000
910 911 17.000000
1015 10203 17.000000
1015 10310 17.000000
1015 10375 17.000000
1015 10863 17.000000
1016 10998 17.000000
1018 10436 17.000000
1035 10668 17.000000
1467 1468 17.000000
1518 1539 17.000000
519 520 16.000000
579 601 16.000000
1015 10398 16.000000
1034 10689 16.000000
1034 10850 16.000000
1037 10470 16.000000
1039 10846 16.000000
30 52 15.000000
1005 10635 15.000000
1033 10380 15.000000
1034 10618 15.000000
1038 10403 15.000000
1492 1514 15.000000
108 130 14.000000
599 621 14.000000
636 658 14.000000
702 724 14.000000
774 796 14.000000
788 810 14.000000
1005 10856 14.000000
1012 10493 14.000000
1015 10696 14.000000
1034 10979 14.000000
1087 1109 14.000000
1234 1256 14.000000
1555 1577 14.000000
15 1577 13.000000
43 65 13.000000
440 461 13.000000
492 514 13.000000
644 666 13.000000
701 723 13.000000
796 797 13.000000
1013 10953 13.000000
1014 10985 13.000000
1016 10481 13.000000
1033 1055 13.000000
1039 10927 13.000000
1056 10618 13.000000
1056 10982 13.000000
1087 1088 13.000000
1088 1089 13.000000
1089 1090 13.000000
1090 1091 13.000000
1091 1092 13.000000
1361 1383 13.000000
70 92 12.000000
419 420 12.000000
420 421 12.000000
421 422 12.000000
422 423 12.000000
423 424 12.000000
424 425 12.000000
425 426 12.000000
898 920 12.000000
1011 10777 12.000000
1011 10810 12.000000
1011 10841 12.000000
1017 10340 12.000000
1028 1050 12.000000
1037 10947 12.000000
1037 10998 12.000000
1121 1143 12.000000
1124 1146 12.000000
1296 1318 12.000000
1360 1382 12.000000
1362 1384 12.000000
1386 1387 12.000000
1513 1535 12.000000
1535 1557 12.000000
1556 1578 12.000000
426 448 11.000000
686 708 11.000000
770 792 11.000000
1015 10363 11.000000
1036 1058 11.000000
1065 1087 11.000000
1093 1115 11.000000
1319 1341 11.000000
300 322 10.000000
468 490 10.000000
1016 10762 10.000000
1016 10947 10.000000
1033 10565 10.000000
1034 10392 10.000000
1037 10762 10.000000
1038 10995 10.000000
1071 1093 10.000000
1085 1086 10.000000
1086 1087 10.000000
21 43 9.000000
663 685 9.000000
1006 10590 9.000000
1017 10403 9.000000
1033 10934 9.000000
1196 1197 9.000000
1197 1198 9.000000
1198 1199 9.000000
1199 1200 9.000000
1200 1201 9.000000
466 488 8.000000
469 491 8.000000
548 570 8.000000
797 798 8.000000
798 799 8.000000
799 800 8.000000
800 822 8.000000
822 844 8.000000
863 885 8.000000
1011 10256 8.000000
1011 10331 8.000000
1011 10357 8.000000
1011 10369 8.000000
1011 10380 8.000000
1011 10603 8.000000
1011 10703 8.000000
1011 10808 8.000000
1011 10816 8.000000
1011 10877 8.000000
1011 10883 8.000000
1011 10934 8.000000
1011 10946 8.000000
1011 10949 8.000000
1011 10955 8.000000
1011 10969 8.000000
1012 10694 8.000000
1012 10821 8.000000
1013 10413 8.000000
1013 10979 8.000000
1014 10199 8.000000
1014 10668 8.000000
1017 10431 8.000000
1034 10982 8.000000
1038 10503 8.000000
1038 10981 8.000000
1055 10883 8.000000
1072 1094 8.000000
1077 10811 8.000000
1077 10946 8.000000
1077 10949 8.000000
1078 1100 8.000000
1518 1540 8.000000
1540 1561 8.000000
48 70 7.000000
61 83 7.000000
314 315 7.000000
336 337 7.000000
337 338 7.000000
338 339 7.000000
339 340 7.000000
340 341 7.000000
341 342 7.000000
342 343 7.000000
343 344 7.000000
423 445 7.000000
608 609 7.000000
609 610 7.000000
610 611 7.000000
611 612 7.000000
612 613 7.000000
658 680 7.000000
858 880 7.000000
904 926 7.000000
1012 10277 7.000000
1012 10681 7.000000
1013 10689 7.000000
1017 10273 7.000000
1033 10568 7.000000
1033 10575 7.000000
1033 10640 7.000000
1033 10664 7.000000
1033 10718 7.000000
1033 10788 7.000000
1033 10831 7.000000
1033 10965 7.000000
1034 10446 7.000000
1034 10627 7.000000
1055 10659 7.000000
1055 10721 7.000000
1055 10811 7.000000
1055 10949 7.000000
1055 10955 7.000000
1077 10955 7.000000
1078 10819 7.000000
1158 1180 7.000000
1536 1558 7.000000
111 133 6.000000
418 419 6.000000
418 439 6.000000
446 468 6.000000
514 536 6.000000
575 597 6.000000
789 811 6.000000
909 910 6.000000
1006 10391 6.000000
1006 10944 6.000000
1012 10249 6.000000
1018 10293 6.000000
1034 10542 6.000000
1078 10953 6.000000
1078 10979 6.000000
1079 10985 6.000000
1081 10923 6.000000
1147 1169 6.000000
1159 1181 6.000000
1402 1424 6.000000
316 338 5.000000
338 360 5.000000
397 398 5.000000
401 423 5.000000
432 433 5.000000
433 434 5.000000
434 435 5.000000
435 436 5.000000
436 437 5.000000
437 438 5.000000
438 439 5.000000
502 524 5.000000
592 614 5.000000
619 641 5.000000
642 664 5.000000
643 665 5.000000
723 745 5.000000
797 819 5.000000
819 841 5.000000
882 904 5.000000
928 950 5.000000
940 962 5.000000
1006 10098 5.000000
1027 1028 5.000000
1049 10635 5.000000
1054 10575 5.000000
1054 10664 5.000000
1054 10718 5.000000
1054 10842 5.000000
1054 10965 5.000000
1135 1136 5.000000
140 162 4.000000
278 300 4.000000
476 498 4.000000
598 620 4.000000
637 659 4.000000
638 660 4.000000
645 646 4.000000
646 647 4.000000
647 648 4.000000
648 649 4.000000
649 650 4.000000
650 651 4.000000
657 679 4.000000
722 744 4.000000
752 774 4.000000
1006 10166 4.000000
1007 10146 4.000000
1033 10703 4.000000
1033 10816 4.000000
1042 1064 4.000000
1054 10565 4.000000
1054 10568 4.000000
1054 10788 4.000000
1054 10831 4.000000
1076 1098 4.000000
1078 10850 4.000000
1363 1385 4.000000
1406 1428 4.000000
1434 1456 4.000000
352 373 3.000000
366 367 3.000000
367 368 3.000000
368 369 3.000000
369 370 3.000000
370 371 3.000000
371 372 3.000000
372 373 3.000000
548 549 3.000000
673 674 3.000000
674 675 3.000000
675 676 3.000000
676 677 3.000000
677 678 3.000000
678 679 3.000000
688 689 3.000000
689 690 3.000000
690 691 3.000000
691 692 3.000000
692 693 3.000000
693 694 3.000000
694 695 3.000000
952 974 3.000000
1006 10835 3.000000
1006 10852 3.000000
1012 10148 3.000000
1012 10752 3.000000
1017 10553 3.000000
1017 10678 3.000000
1018 10583 3.000000
1018 10751 3.000000
1033 10450 3.000000
1033 10476 3.000000
1033 10484 3.000000
1033 10505 3.000000
1033 10506 3.000000
1033 10775 3.000000
1033 10783 3.000000
1033 10848 3.000000
1033 10902 3.000000
1033 10921 3.000000
1033 10951 3.000000
1033 10969 3.000000
1034 10554 3.000000
1055 10946 3.000000
1055 10969 3.000000
1157 1179 3.000000
1409 1410 3.000000
1410 1411 3.000000
1411 1412 3.000000
1412 1434 3.000000
1430 1452 3.000000
1449 1471 3.000000
360 361 2.000000
361 362 2.000000
362 363 2.000000
363 364 2.000000
364 365 2.000000
365 366 2.000000
396 397 2.000000
484 506 2.000000
510 532 2.000000
554 576 2.000000
635 657 2.000000
679 701 2.000000
875 897 2.000000
948 970 2.000000
1011 10225 2.000000
1011 10450 2.000000
1011 10476 2.000000
1011 10484 2.000000
1011 10505 2.000000
1011 10506 2.000000
1011 10775 2.000000
1011 10783 2.000000
1011 10848 2.000000
1011 10902 2.000000
1011 10921 2.000000
1011 10951 2.000000
1317 1339 2.000000
564 586 1.000000
606 607 1.000000
607 608 1.000000
744 766 1.000000
889 890 1.000000
890 891 1.000000
891 892 1.000000
892 893 1.000000
893 894 1.000000
894 895 1.000000
895 896 1.000000
896 897 1.000000
1007 10183 1.000000
1011 1033 1.000000
1077 1099 1.000000
1380 1402 1.000000
1430 1431 1.000000
1431 1432 1.000000
1432 1433 1.000000
1433 1434 1.000000
1500 1501 1.000000
1501 1502 1.000000
1502 1503 1.000000
1503 1504 1.000000
1504 1505 1.000000
1505 1506 1.000000
1506 1507 1.000000
1507 1508 1.000000
1508 1509 1.000000
1509 1510 1.000000
