986 987 14063.000000
190 191 13864.000000
191 192 13864.000000
192 193 13864.000000
193 194 13817.000000
1162 1163 13163.000000
1183 1184 12106.000000
1161 1162 11790.000000
13 14 11704.000000
1118 1119 11636.000000
1205 1206 11285.000000
1160 1161 11215.000000
189 190 11159.000000
146 147 10506.000000
147 148 10506.000000
148 149 10506.000000
149 150 10506.000000
150 151 10478.000000
1182 1183 10319.000000
1139 1140 10298.000000
985 986 10263.000000
1204 1205 9905.000000
1200 1201 9820.000000
1198 1199 9811.000000
145 146 9592.000000
1199 1200 9493.000000
1181 1182 9395.000000
56 57 9384.000000
1201 1202 9224.000000
1180 1181 9164.000000
984 985 9154.000000
1203 1204 9097.000000
1202 1203 8847.000000
828 829 8675.000000
829 830 8675.000000
987 988 8353.000000
1007 1008 8181.000000
964 965 7976.000000
1140 1141 7921.000000
1138 1139 7788.000000
1309 1310 7787.000000
898 899 7636.000000
1117 1118 7546.000000
1159 1160 7530.000000
168 169 7439.000000
169 170 7439.000000
170 171 7439.000000
171 172 7439.000000
897 898 7389.000000
1116 1117 7071.000000
1197 1198 7040.000000
1008 1009 6964.000000
194 195 6843.000000
1310 1311 6832.000000
1176 1177 6784.000000
1177 1178 6784.000000
1375 1376 6655.000000
211 212 6598.000000
212 213 6598.000000
213 214 6598.000000
214 215 6598.000000
1178 1179 6592.000000
167 168 6570.000000
1206 1207 6524.000000
1376 1377 6524.000000
942 943 6500.000000
850 851 6498.000000
851 852 6498.000000
852 853 6498.000000
234 235 6434.000000
235 236 6434.000000
236 237 6434.000000
1311 1312 6364.000000
1179 1180 6331.000000
827 828 6175.000000
899 900 6142.000000
826 827 6027.000000
1006 1007 6007.000000
100 101 5832.000000
963 964 5820.000000
1249 1250 5809.000000
1115 1116 5775.000000
166 167 5738.000000
238 239 5693.000000
1312 1313 5654.000000
1225 1226 5558.000000
806 807 5491.000000
807 808 5491.000000
808 809 5491.000000
1031 1032 5451.000000
195 196 5416.000000
78 79 5414.000000
1226 1227 5361.000000
12 13 5313.000000
34 35 5288.000000
830 831 5256.000000
943 944 5236.000000
1227 1228 5228.000000
1313 1314 5223.000000
277 278 5162.000000
278 279 5162.000000
279 280 5162.000000
280 281 5162.000000
763 764 5153.000000
764 765 5153.000000
151 152 5137.000000
1248 1249 5125.000000
1137 1138 5110.000000
1119 1120 5087.000000
921 922 4988.000000
237 238 4909.000000
988 989 4865.000000
920 921 4855.000000
1377 1378 4820.000000
613 614 4797.000000
1029 1030 4678.000000
962 963 4660.000000
281 282 4635.000000
1001 1002 4627.000000
1002 1003 4627.000000
1003 1004 4627.000000
1004 1005 4627.000000
1378 1379 4623.000000
853 854 4603.000000
1073 1074 4594.000000
1074 1075 4590.000000
1314 1315 4559.000000
894 895 4538.000000
895 896 4538.000000
919 920 4515.000000
172 173 4461.000000
57 58 4432.000000
1175 1176 4425.000000
831 832 4401.000000
216 217 4382.000000
1052 1053 4324.000000
1247 1248 4238.000000
810 811 4215.000000
1032 1033 4212.000000
762 763 4180.000000
941 942 4168.000000
854 855 4161.000000
1028 1029 4118.000000
918 919 4103.000000
1242 1243 4099.000000
1030 1031 4063.000000
893 894 4050.000000
1331 1332 4001.000000
1332 1333 4001.000000
1244 1245 3996.000000
10 11 3990.000000
1529 1530 3984.000000
144 145 3950.000000
761 762 3919.000000
1246 1247 3905.000000
784 785 3892.000000
785 786 3892.000000
786 787 3892.000000
77 78 3838.000000
896 897 3804.000000
1334 1335 3771.000000
1224 1225 3768.000000
1333 1334 3734.000000
196 197 3724.000000
1245 1246 3715.000000
1421 1422 3705.000000
282 283 3692.000000
239 240 3656.000000
215 216 3621.000000
11 12 3593.000000
1530 1531 3541.000000
610 611 3527.000000
611 612 3527.000000
612 613 3527.000000
210 211 3492.000000
849 850 3465.000000
1136 1137 3453.000000
1184 1185 3445.000000
1266 1267 3425.000000
101 102 3423.000000
1399 1400 3420.000000
1051 1052 3385.000000
33 34 3356.000000
1135 1136 3330.000000
968 989 3319.000000
1158 1159 3250.000000
1265 1266 3217.000000
1443 1444 3206.000000
1053 1054 3205.000000
900 922 3177.000000
1072 1073 3164.000000
1243 1244 3160.000000
1379 1380 3138.000000
123 124 3110.000000
900 901 3085.000000
1119 1141 3084.000000
1465 1466 3056.000000
303 304 3041.000000
1485 1486 3025.000000
325 326 3002.000000
1442 1443 2960.000000
233 234 2959.000000
805 806 2937.000000
124 125 2931.000000
125 126 2931.000000
126 127 2931.000000
127 128 2931.000000
1049 1050 2928.000000
1005 1006 2847.000000
809 810 2835.000000
1335 1336 2832.000000
1075 1076 2803.000000
958 959 2759.000000
959 960 2759.000000
960 961 2759.000000
57 79 2753.000000
232 233 2737.000000
1336 1337 2721.000000
240 241 2715.000000
1441 1442 2708.000000
1222 1223 2685.000000
1096 1097 2676.000000
1484 1485 2670.000000
14 15 2652.000000
1270 1271 2642.000000
1241 1242 2634.000000
1269 1270 2633.000000
1009 1010 2632.000000
741 742 2608.000000
742 743 2608.000000
740 741 2593.000000
1094 1095 2593.000000
1221 1222 2586.000000
765 766 2575.000000
719 720 2570.000000
720 721 2570.000000
390 391 2553.000000
1223 1224 2552.000000
1268 1269 2539.000000
1024 1025 2538.000000
1025 1026 2538.000000
1095 1096 2525.000000
1050 1051 2521.000000
1141 1142 2511.000000
188 189 2493.000000
35 36 2485.000000
255 256 2481.000000
256 257 2481.000000
257 258 2481.000000
258 259 2481.000000
1531 1532 2461.000000
8 9 2459.000000
165 166 2457.000000
980 981 2453.000000
981 982 2453.000000
982 983 2453.000000
657 658 2435.000000
283 284 2433.000000
1486 1487 2433.000000
217 218 2429.000000
1267 1268 2420.000000
173 174 2400.000000
101 123 2379.000000
656 657 2370.000000
1132 1133 2341.000000
1133 1134 2341.000000
1134 1135 2341.000000
1206 1228 2316.000000
915 916 2304.000000
916 917 2304.000000
943 965 2304.000000
1023 1024 2304.000000
721 722 2284.000000
636 637 2283.000000
1440 1441 2283.000000
1010 1011 2280.000000
252 253 2276.000000
1291 1292 2274.000000
1397 1398 2261.000000
1398 1399 2255.000000
1528 1529 2251.000000
1093 1094 2246.000000
635 636 2245.000000
208 209 2243.000000
1292 1293 2238.000000
718 719 2232.000000
187 188 2184.000000
176 197 2176.000000
260 261 2168.000000
1293 1294 2142.000000
871 872 2132.000000
872 873 2132.000000
873 874 2132.000000
31 32 2127.000000
32 33 2127.000000
875 876 2118.000000
79 80 2087.000000
983 984 2085.000000
917 918 2067.000000
1444 1445 2058.000000
957 958 2049.000000
218 219 2030.000000
679 680 2026.000000
723 724 2015.000000
1353 1354 2006.000000
1288 1289 2005.000000
1420 1421 1992.000000
261 262 1982.000000
1464 1465 1982.000000
1551 1552 1937.000000
1219 1220 1934.000000
1220 1221 1934.000000
14 36 1933.000000
545 546 1917.000000
546 547 1917.000000
547 548 1917.000000
848 849 1894.000000
811 812 1892.000000
1354 1355 1892.000000
616 637 1889.000000
209 210 1884.000000
102 10241 1872.000000
787 788 1864.000000
1290 1291 1859.000000
1071 1072 1854.000000
259 260 1849.000000
253 254 1848.000000
1012 1033 1840.000000
1466 1467 1837.000000
1263 1264 1836.000000
1264 1265 1836.000000
717 718 1832.000000
892 893 1832.000000
122 123 1828.000000
176 177 1813.000000
1506 1507 1809.000000
1380 1381 1800.000000
1507 1508 1796.000000
1054 1055 1795.000000
326 327 1760.000000
1006 10114 1759.000000
961 962 1757.000000
548 549 1738.000000
783 784 1709.000000
102 103 1707.000000
1550 1551 1706.000000
1120 1121 1702.000000
979 980 1695.000000
632 633 1688.000000
633 634 1688.000000
870 871 1686.000000
12 34 1681.000000
1026 1027 1678.000000
634 635 1668.000000
231 232 1652.000000
1262 1263 1649.000000
305 306 1641.000000
174 175 1618.000000
304 305 1607.000000
1508 1509 1603.000000
264 285 1592.000000
152 153 1585.000000
766 767 1576.000000
1355 1356 1569.000000
1008 10669 1564.000000
614 615 1544.000000
1422 1423 1540.000000
1289 1290 1535.000000
1552 1553 1532.000000
100 122 1504.000000
724 725 1490.000000
1088 1089 1481.000000
1089 1090 1481.000000
1090 1091 1481.000000
103 104 1475.000000
104 105 1475.000000
105 106 1475.000000
1091 1092 1475.000000
767 768 1469.000000
284 285 1468.000000
940 941 1461.000000
695 696 1457.000000
1549 1550 1456.000000
154 175 1455.000000
1218 1219 1450.000000
832 833 1441.000000
572 593 1429.000000
899 921 1413.000000
1162 1184 1412.000000
1419 1420 1406.000000
1271 1272 1405.000000
154 155 1398.000000
327 328 1373.000000
254 255 1371.000000
198 219 1366.000000
132 153 1362.000000
239 261 1359.000000
739 740 1355.000000
194 216 1349.000000
1163 1164 1347.000000
264 265 1337.000000
788 789 1335.000000
30 31 1333.000000
1356 1357 1320.000000
151 173 1319.000000
1337 1338 1316.000000
855 856 1296.000000
326 348 1295.000000
1396 1397 1254.000000
652 653 1247.000000
1174 1175 1243.000000
1075 1097 1242.000000
1284 1285 1234.000000
1285 1286 1234.000000
1286 1287 1234.000000
1092 1093 1225.000000
876 877 1221.000000
197 219 1212.000000
391 392 1202.000000
965 966 1191.000000
528 549 1188.000000
722 723 1185.000000
1154 1155 1172.000000
1153 1154 1166.000000
1155 1156 1164.000000
282 304 1160.000000
1156 1157 1159.000000
230 231 1153.000000
1400 1401 1153.000000
1527 1528 1153.000000
308 329 1148.000000
1196 1197 1145.000000
658 659 1144.000000
1131 1132 1143.000000
1157 1158 1139.000000
1006 10270 1138.000000
1357 1358 1138.000000
874 875 1126.000000
1087 1088 1092.000000
55 56 1089.000000
616 617 1086.000000
789 790 1083.000000
1175 1197 1081.000000
1401 1402 1071.000000
680 681 1061.000000
653 654 1060.000000
654 655 1060.000000
655 656 1060.000000
1045 1046 1058.000000
1046 1047 1058.000000
1047 1048 1058.000000
106 128 1052.000000
132 133 1050.000000
198 199 1031.000000
220 241 1030.000000
328 329 1029.000000
53 54 1028.000000
54 55 1028.000000
936 937 1023.000000
937 938 1023.000000
938 939 1023.000000
939 940 1023.000000
782 783 1015.000000
745 746 1001.000000
1553 1554 989.000000
152 174 970.000000
1240 1241 966.000000
1076 1077 963.000000
1114 1115 956.000000
1000 1001 951.000000
528 529 941.000000
1027 1028 939.000000
1509 1510 935.000000
1463 1464 931.000000
1287 1288 930.000000
630 631 923.000000
660 681 922.000000
1007 10446 916.000000
701 702 912.000000
1467 1468 910.000000
133 134 901.000000
52 53 899.000000
572 573 893.000000
1487 1488 892.000000
144 166 883.000000
195 217 882.000000
592 593 875.000000
165 187 869.000000
700 701 869.000000
1423 1424 868.000000
274 275 867.000000
1026 1048 860.000000
1445 1446 859.000000
1122 1123 855.000000
1144 1165 852.000000
631 632 836.000000
743 744 833.000000
609 610 828.000000
220 221 827.000000
914 915 819.000000
1358 1359 811.000000
177 178 810.000000
744 745 805.000000
1164 1165 797.000000
156 157 796.000000
157 158 796.000000
158 159 796.000000
159 160 796.000000
160 161 796.000000
161 162 796.000000
162 163 796.000000
163 164 796.000000
1144 1145 785.000000
221 243 775.000000
275 276 770.000000
276 277 770.000000
1250 1251 770.000000
123 145 767.000000
1122 1143 767.000000
1142 1143 767.000000
112 113 765.000000
113 114 765.000000
114 115 765.000000
115 116 765.000000
116 117 765.000000
117 118 765.000000
118 119 765.000000
119 120 765.000000
164 165 764.000000
1483 1484 764.000000
1073 10796 761.000000
13 35 758.000000
36 58 758.000000
746 747 742.000000
675 676 738.000000
676 677 738.000000
677 678 738.000000
369 370 736.000000
1315 1316 736.000000
1048 1049 734.000000
348 349 733.000000
3 4 725.000000
1005 10114 720.000000
4 5 718.000000
5 6 716.000000
1051 10979 709.000000
702 703 708.000000
1418 1419 706.000000
122 144 705.000000
1554 1576 700.000000
697 698 698.000000
698 699 698.000000
699 700 698.000000
121 122 697.000000
529 530 697.000000
6 7 696.000000
1163 1185 694.000000
1465 1487 690.000000
35 57 686.000000
1185 1186 686.000000
810 832 683.000000
1028 10331 683.000000
262 263 678.000000
1008 10143 675.000000
768 769 670.000000
1007 10953 670.000000
306 307 669.000000
91 92 667.000000
92 93 667.000000
93 94 667.000000
94 95 667.000000
95 96 667.000000
96 97 667.000000
97 98 667.000000
98 99 667.000000
100 10203 664.000000
550 551 658.000000
970 971 658.000000
102 10295 657.000000
678 679 655.000000
1243 1265 654.000000
1532 1533 654.000000
594 615 650.000000
767 789 646.000000
242 263 644.000000
102 10566 642.000000
286 307 638.000000
1287 1309 633.000000
208 230 631.000000
1008 10668 627.000000
1022 1023 626.000000
7 8 625.000000
804 805 624.000000
69 70 623.000000
70 71 623.000000
71 72 623.000000
72 73 623.000000
1100 1101 623.000000
1100 1121 623.000000
1101 1102 623.000000
1009 10609 616.000000
1028 10450 608.000000
968 969 605.000000
969 970 605.000000
143 144 601.000000
56 78 596.000000
1012 1013 592.000000
1013 1014 592.000000
243 244 591.000000
244 245 591.000000
245 246 591.000000
246 247 591.000000
247 248 591.000000
248 249 591.000000
249 250 591.000000
250 251 591.000000
1217 1218 588.000000
549 571 587.000000
637 659 583.000000
128 129 580.000000
1029 10953 574.000000
456 457 569.000000
145 167 563.000000
613 635 559.000000
990 991 556.000000
1130 1131 554.000000
855 877 549.000000
1006 10074 548.000000
1006 10401 548.000000
101 10100 546.000000
1072 10811 534.000000
1152 1153 534.000000
1510 1511 529.000000
1007 10542 528.000000
913 914 515.000000
1424 1425 515.000000
765 787 514.000000
762 784 510.000000
392 393 504.000000
1176 1198 503.000000
696 697 500.000000
240 262 498.000000
1005 10298 494.000000
638 659 492.000000
186 187 491.000000
222 223 491.000000
223 224 491.000000
224 225 491.000000
225 226 491.000000
226 227 491.000000
227 228 491.000000
228 229 491.000000
229 230 491.000000
608 609 491.000000
651 652 491.000000
196 218 485.000000
178 179 483.000000
179 180 483.000000
180 181 483.000000
181 182 483.000000
182 183 483.000000
183 184 483.000000
184 185 483.000000
185 186 483.000000
434 435 479.000000
1008 10372 477.000000
11 33 474.000000
550 571 474.000000
238 260 473.000000
1110 1111 473.000000
1111 1112 473.000000
1112 1113 473.000000
68 69 467.000000
1032 10409 467.000000
73 74 462.000000
1011 10846 451.000000
1098 1099 451.000000
58 59 450.000000
1102 1103 450.000000
968 990 446.000000
106 107 443.000000
870 892 438.000000
811 833 437.000000
1029 10421 436.000000
1030 10577 434.000000
308 330 433.000000
372 373 433.000000
1051 10953 433.000000
1001 10272 432.000000
1001 10411 431.000000
1001 10474 431.000000
58 80 430.000000
1097 1098 430.000000
242 243 426.000000
854 876 425.000000
1073 10819 419.000000
1000 10856 417.000000
29 30 410.000000
177 199 408.000000
1029 10392 405.000000
110 111 404.000000
1009 10488 398.000000
1009 10600 398.000000
1009 10924 398.000000
1012 10324 393.000000
1118 1140 390.000000
523 524 386.000000
524 525 386.000000
525 526 386.000000
1488 1489 383.000000
135 136 382.000000
136 137 382.000000
137 138 382.000000
138 139 382.000000
139 140 382.000000
140 141 382.000000
141 142 382.000000
1014 10378 381.000000
349 350 380.000000
1113 1114 379.000000
120 121 378.000000
1109 1110 378.000000
1312 1334 377.000000
129 130 374.000000
1534 1535 372.000000
1535 1536 372.000000
1536 1537 372.000000
308 309 371.000000
1000 10161 369.000000
1029 10901 369.000000
352 373 367.000000
142 143 366.000000
584 585 365.000000
585 586 365.000000
1001 10150 364.000000
130 131 361.000000
1007 10413 361.000000
110 131 360.000000
371 372 359.000000
1462 1463 356.000000
1022 10635 355.000000
1552 1574 355.000000
1309 1331 354.000000
946 968 352.000000
297 298 350.000000
298 299 350.000000
299 300 350.000000
300 301 350.000000
301 302 350.000000
944 966 350.000000
674 675 349.000000
350 351 348.000000
1571 1572 342.000000
704 725 339.000000
102 10735 338.000000
991 992 338.000000
1166 1187 338.000000
1186 1187 338.000000
132 154 334.000000
1033 1055 334.000000
809 831 333.000000
1067 1068 333.000000
1068 1069 333.000000
1069 1070 333.000000
924 945 331.000000
1511 1512 330.000000
586 587 329.000000
660 661 329.000000
1076 10961 328.000000
100 10014 326.000000
1199 1221 326.000000
1572 1573 325.000000
1573 1574 325.000000
102 10443 319.000000
102 10468 319.000000
102 10519 319.000000
102 10574 319.000000
102 10650 319.000000
102 10860 319.000000
1166 1167 317.000000
393 394 316.000000
394 395 316.000000
1029 10415 315.000000
319 320 313.000000
320 321 313.000000
321 322 313.000000
322 323 313.000000
323 324 313.000000
324 325 313.000000
1051 1073 312.000000
237 259 310.000000
1056 1057 310.000000
1057 1058 310.000000
74 75 306.000000
75 76 306.000000
76 77 306.000000
1001 10590 302.000000
1011 10340 302.000000
1011 10553 302.000000
102 10536 301.000000
101 10869 300.000000
241 263 299.000000
562 563 299.000000
563 564 299.000000
1001 10391 299.000000
252 274 297.000000
101 10160 296.000000
572 594 296.000000
544 545 295.000000
1005 10565 295.000000
591 592 294.000000
1032 1054 293.000000
1056 1077 293.000000
51 52 291.000000
501 502 290.000000
502 503 290.000000
503 504 290.000000
1044 1045 290.000000
587 588 289.000000
588 589 289.000000
589 590 289.000000
590 591 289.000000
1001 10711 288.000000
721 743 286.000000
1007 10689 286.000000
1007 10850 286.000000
1010 10997 286.000000
1031 10550 285.000000
100 10011 283.000000
1055 10578 283.000000
100 10502 281.000000
100 10740 281.000000
1075 10998 281.000000
296 297 280.000000
594 595 280.000000
1123 1124 279.000000
1055 10927 278.000000
1167 1168 277.000000
47 48 276.000000
48 49 276.000000
49 50 276.000000
50 51 276.000000
946 947 275.000000
1097 10981 275.000000
261 283 274.000000
1554 1555 274.000000
230 252 271.000000
1001 10731 269.000000
1001 10932 269.000000
101 10801 267.000000
101 10990 267.000000
251 252 267.000000
897 919 267.000000
1008 10985 267.000000
1103 1104 267.000000
1104 1105 267.000000
1105 1106 267.000000
1106 1107 267.000000
1045 10711 266.000000
1045 10932 263.000000
580 581 262.000000
581 582 262.000000
582 583 262.000000
583 584 262.000000
101 10625 261.000000
1045 10731 261.000000
107 108 260.000000
101 10923 259.000000
219 241 257.000000
1007 10305 255.000000
1055 10583 255.000000
101 10153 253.000000
682 703 252.000000
1505 1506 252.000000
1009 10130 251.000000
186 208 250.000000
1006 10399 249.000000
101 10991 248.000000
504 505 248.000000
102 10463 247.000000
102 10699 247.000000
102 10804 247.000000
102 10909 247.000000
102 10208 246.000000
102 10282 246.000000
1008 10857 245.000000
1049 10738 245.000000
529 551 244.000000
616 638 244.000000
623 624 243.000000
718 740 242.000000
101 10524 241.000000
102 10219 241.000000
101 10729 240.000000
768 790 240.000000
101 10526 238.000000
102 10597 237.000000
1009 10398 237.000000
1023 10944 237.000000
944 945 236.000000
1009 10696 235.000000
833 834 234.000000
101 10620 232.000000
101 10682 232.000000
1012 10751 232.000000
1054 10678 232.000000
231 253 231.000000
1023 10835 231.000000
1023 10852 231.000000
88 89 230.000000
89 90 230.000000
101 10707 230.000000
108 109 230.000000
413 414 230.000000
101 10695 228.000000
101 10764 228.000000
101 10915 228.000000
1289 1311 228.000000
101 10770 227.000000
101 10907 227.000000
330 351 227.000000
370 371 227.000000
565 566 227.000000
1574 1575 227.000000
412 413 226.000000
528 550 226.000000
1033 10561 226.000000
1250 1272 225.000000
153 175 224.000000
209 231 224.000000
1008 10246 224.000000
957 979 223.000000
1051 10668 223.000000
853 875 221.000000
1007 10190 221.000000
1070 1071 221.000000
1007 1029 217.000000
1001 10234 216.000000
1168 1169 215.000000
1169 1170 215.000000
1170 1171 215.000000
1171 1172 215.000000
1172 1173 215.000000
1008 10199 214.000000
442 464 213.000000
100 10078 212.000000
1266 1288 212.000000
766 788 208.000000
1001 10207 206.000000
1033 10844 206.000000
1107 1108 206.000000
134 135 205.000000
1011 10678 203.000000
1033 10403 202.000000
1261 1262 202.000000
1000 1022 201.000000
1032 10481 201.000000
1033 10607 201.000000
1294 1295 201.000000
1009 10789 199.000000
1043 10592 197.000000
1055 10751 197.000000
1076 10936 197.000000
1008 10977 196.000000
1050 10681 196.000000
101 10649 195.000000
101 10834 195.000000
966 967 195.000000
1008 10550 195.000000
1031 10702 195.000000
1031 10977 195.000000
1033 10995 195.000000
1054 10607 195.000000
506 507 193.000000
924 946 193.000000
1008 10113 193.000000
1008 10702 193.000000
1147 1148 193.000000
1148 1149 193.000000
1149 1150 193.000000
1150 1151 193.000000
1151 1152 193.000000
102 10644 189.000000
102 10652 189.000000
1077 10778 189.000000
724 746 188.000000
1009 10269 188.000000
1043 1044 188.000000
1570 1571 188.000000
1009 10663 187.000000
1077 10927 187.000000
281 303 186.000000
1011 10455 186.000000
1001 10449 185.000000
1011 10176 185.000000
1054 10981 184.000000
102 10528 183.000000
107 129 183.000000
1009 10346 183.000000
1009 10428 183.000000
286 308 182.000000
946 967 180.000000
638 660 179.000000
100 10997 178.000000
101 10632 178.000000
1001 10999 178.000000
1283 1284 178.000000
458 459 177.000000
459 460 177.000000
460 461 177.000000
573 574 177.000000
1008 10763 177.000000
1009 10996 177.000000
1031 10347 177.000000
1222 1244 177.000000
1512 1513 177.000000
1513 1514 177.000000
1514 1515 177.000000
1515 1516 177.000000
154 176 176.000000
1008 10895 176.000000
1180 1202 175.000000
1183 1205 175.000000
1012 10778 173.000000
265 266 172.000000
266 267 172.000000
267 268 172.000000
268 269 172.000000
269 270 172.000000
270 271 172.000000
271 272 172.000000
272 273 172.000000
273 274 172.000000
1008 10180 172.000000
1008 10271 172.000000
1008 10347 172.000000
1008 10532 172.000000
1009 10364 172.000000
1032 10998 172.000000
1526 1527 172.000000
574 575 171.000000
575 576 171.000000
576 577 171.000000
577 578 171.000000
578 579 171.000000
898 920 171.000000
1009 10244 170.000000
101 10356 169.000000
348 370 168.000000
506 527 168.000000
1034 1035 168.000000
1035 1036 168.000000
1489 1490 168.000000
826 848 167.000000
1009 10502 167.000000
1009 10740 167.000000
722 744 166.000000
514 515 165.000000
515 516 165.000000
516 517 165.000000
517 518 165.000000
518 519 165.000000
519 520 165.000000
1008 10218 165.000000
1009 10886 165.000000
12 1574 164.000000
1029 10413 164.000000
111 112 162.000000
221 222 162.000000
440 441 162.000000
440 461 162.000000
441 442 162.000000
1076 10995 162.000000
1178 1200 162.000000
102 10767 161.000000
102 10826 161.000000
1031 10696 161.000000
102 10794 160.000000
302 303 160.000000
1420 1442 160.000000
102 10988 159.000000
1014 1036 159.000000
1033 10431 159.000000
69 91 158.000000
263 285 157.000000
1008 10335 157.000000
1034 1055 157.000000
102 10870 156.000000
143 165 156.000000
199 200 156.000000
200 201 156.000000
201 202 156.000000
202 203 156.000000
203 204 156.000000
204 205 156.000000
205 206 156.000000
206 207 156.000000
207 208 156.000000
1009 10818 156.000000
1009 10863 156.000000
1009 10329 155.000000
1009 10358 155.000000
1009 10375 155.000000
1009 10379 155.000000
102 10800 153.000000
566 567 153.000000
567 568 153.000000
568 569 153.000000
102 10806 152.000000
102 10875 152.000000
1031 10351 152.000000
262 284 151.000000
579 580 151.000000
1009 10432 151.000000
1012 10436 151.000000
102 10292 150.000000
102 10424 150.000000
121 143 150.000000
1011 10523 150.000000
1402 1403 150.000000
102 10328 148.000000
564 565 148.000000
102 10673 147.000000
869 870 147.000000
1011 10327 147.000000
1141 1163 147.000000
102 10439 146.000000
1032 10470 146.000000
1120 1142 146.000000
102 10727 145.000000
1012 10583 145.000000
1006 10254 144.000000
789 811 142.000000
1033 10340 142.000000
1033 10553 142.000000
569 570 141.000000
1145 1146 141.000000
1146 1147 141.000000
102 10904 139.000000
287 288 139.000000
288 289 139.000000
289 290 139.000000
290 291 139.000000
291 292 139.000000
292 293 139.000000
293 294 139.000000
294 295 139.000000
318 319 139.000000
550 572 139.000000
1031 10310 139.000000
1052 10577 139.000000
1202 1224 139.000000
924 925 138.000000
925 926 138.000000
1377 1399 138.000000
217 239 137.000000
1031 10398 137.000000
543 544 136.000000
1032 10997 136.000000
102 10963 135.000000
739 761 135.000000
1028 10509 135.000000
1030 10669 133.000000
1092 1114 133.000000
100 10329 131.000000
100 10358 131.000000
100 10375 131.000000
100 10379 131.000000
100 10488 131.000000
100 10600 131.000000
100 10818 131.000000
100 10863 131.000000
100 10924 131.000000
1376 1398 131.000000
102 10262 130.000000
102 10314 130.000000
102 10511 130.000000
1030 10985 129.000000
36 37 128.000000
1108 1109 128.000000
1353 1375 128.000000
1051 10669 126.000000
1053 10998 126.000000
935 936 124.000000
1031 10363 124.000000
100 10886 123.000000
1011 10561 122.000000
1054 1076 122.000000
1012 10155 121.000000
1012 10293 121.000000
617 618 120.000000
618 619 120.000000
619 620 120.000000
620 621 120.000000
621 622 120.000000
622 623 120.000000
1075 10762 120.000000
1008 10938 118.000000
827 849 117.000000
1007 10964 117.000000
1030 10613 117.000000
210 232 116.000000
856 857 116.000000
1055 10778 116.000000
1075 10947 116.000000
1129 1130 116.000000
1006 10554 115.000000
1008 10081 115.000000
168 190 114.000000
1050 10850 114.000000
102 10458 113.000000
102 10591 113.000000
102 10614 113.000000
1009 10351 113.000000
1050 10689 113.000000
101 10930 112.000000
526 527 112.000000
857 879 112.000000
879 901 112.000000
1007 10618 112.000000
13 1575 111.000000
155 156 111.000000
681 703 111.000000
1032 10947 111.000000
218 240 110.000000
305 327 110.000000
530 531 110.000000
531 532 110.000000
532 533 110.000000
533 534 110.000000
534 535 110.000000
1028 10745 110.000000
1052 10668 110.000000
1188 1189 110.000000
1188 1209 110.000000
1189 1190 110.000000
1207 1208 110.000000
1208 1209 110.000000
967 989 109.000000
1028 10506 109.000000
1028 10783 109.000000
1033 10678 109.000000
1052 10613 109.000000
199 221 108.000000
593 615 108.000000
1009 10310 108.000000
1032 10762 108.000000
1050 10901 108.000000
1077 1099 108.000000
1397 1419 108.000000
971 972 107.000000
972 973 107.000000
973 974 107.000000
974 975 107.000000
975 976 107.000000
976 977 107.000000
1011 10431 107.000000
1028 10775 107.000000
1054 10995 107.000000
1076 10923 107.000000
977 978 106.000000
1008 10910 105.000000
34 56 104.000000
1009 10142 104.000000
1009 10363 104.000000
101 10119 103.000000
1006 10821 103.000000
1011 10844 103.000000
1508 1530 103.000000
978 979 101.000000
1011 10204 101.000000
1548 1549 101.000000
1028 10883 100.000000
1053 10947 100.000000
1113 1135 100.000000
100 10083 99.000000
100 10947 99.000000
725 747 99.000000
1006 10357 99.000000
1006 10949 99.000000
1023 10272 98.000000
1023 10411 98.000000
1023 10474 98.000000
1028 10369 98.000000
1028 10476 97.000000
1028 10848 97.000000
1028 10902 97.000000
1028 10921 97.000000
1205 1227 97.000000
1378 1400 97.000000
90 91 96.000000
1006 10721 96.000000
1006 10811 96.000000
1006 10955 96.000000
1028 10951 96.000000
1028 10969 96.000000
283 305 95.000000
1053 10762 95.000000
945 967 94.000000
1008 10613 94.000000
102 10342 93.000000
744 766 93.000000
548 570 92.000000
102 10989 91.000000
1049 10645 91.000000
1053 10996 91.000000
1136 1158 91.000000
1333 1355 91.000000
370 392 90.000000
726 747 90.000000
1006 10280 90.000000
1031 10432 90.000000
748 769 88.000000
914 936 88.000000
1009 10203 88.000000
1015 1016 88.000000
1016 1017 88.000000
1017 1018 88.000000
1018 1019 88.000000
1019 1020 88.000000
1020 1021 88.000000
1095 1117 88.000000
1122 1144 88.000000
1527 1549 88.000000
102 10388 87.000000
172 194 87.000000
1007 10627 87.000000
1028 10401 87.000000
1076 10770 87.000000
1396 1418 86.000000
1504 1505 86.000000
243 265 85.000000
608 630 85.000000
1006 10659 85.000000
1076 10981 84.000000
1174 1196 84.000000
1265 1287 84.000000
1381 1382 84.000000
1533 1534 84.000000
624 625 83.000000
625 626 83.000000
626 627 83.000000
627 628 83.000000
628 629 83.000000
812 813 83.000000
1007 10487 83.000000
1028 10380 83.000000
198 220 82.000000
833 855 82.000000
1007 10469 82.000000
1071 10903 82.000000
1072 10901 82.000000
1268 1290 82.000000
1398 1420 82.000000
1575 1576 82.000000
1007 10421 81.000000
1027 1049 81.000000
101 10629 80.000000
876 898 80.000000
922 923 80.000000
1029 10982 80.000000
571 593 79.000000
1190 1191 79.000000
1191 1192 79.000000
1192 1193 79.000000
1193 1194 79.000000
1194 1195 79.000000
102 10318 78.000000
570 571 78.000000
755 756 78.000000
756 757 78.000000
757 758 78.000000
758 759 78.000000
759 760 78.000000
882 904 78.000000
1028 10810 78.000000
1441 1463 78.000000
11 1573 77.000000
46 68 77.000000
102 10521 77.000000
102 10952 77.000000
805 827 77.000000
856 878 77.000000
878 900 77.000000
1021 1022 77.000000
1029 10689 77.000000
1029 10850 77.000000
1551 1573 77.000000
102 10736 76.000000
1576 1577 76.000000
102 10820 75.000000
264 286 75.000000
1009 10279 75.000000
103 10767 74.000000
287 309 74.000000
615 637 74.000000
784 806 74.000000
880 881 74.000000
880 901 74.000000
881 882 74.000000
100 10609 73.000000
102 10913 73.000000
102 10984 73.000000
535 536 73.000000
102 10756 72.000000
505 527 72.000000
747 769 72.000000
1006 10542 72.000000
80 81 71.000000
81 82 71.000000
82 83 71.000000
83 84 71.000000
552 553 71.000000
553 554 71.000000
554 555 71.000000
555 556 71.000000
556 557 71.000000
902 903 71.000000
902 923 71.000000
903 904 71.000000
1055 10643 71.000000
102 10362 70.000000
551 552 70.000000
66 67 69.000000
66 87 69.000000
67 68 69.000000
84 85 69.000000
85 86 69.000000
86 87 69.000000
657 679 69.000000
965 987 69.000000
500 501 68.000000
790 791 68.000000
1023 10449 68.000000
1117 1139 68.000000
1012 10846 67.000000
1023 10234 67.000000
1023 10590 67.000000
102 10485 66.000000
102 10853 66.000000
129 151 66.000000
1023 10391 66.000000
1107 1129 66.000000
102 10307 65.000000
102 10642 65.000000
102 10686 65.000000
102 10734 65.000000
1029 10330 65.000000
726 748 64.000000
558 559 63.000000
559 560 63.000000
560 561 63.000000
561 562 63.000000
1029 10752 63.000000
1131 1153 63.000000
832 854 62.000000
896 918 62.000000
46 47 61.000000
102 10747 61.000000
949 971 61.000000
102 10980 60.000000
1028 10325 60.000000
1028 10703 60.000000
1028 10816 60.000000
1028 10946 60.000000
1029 10529 60.000000
1029 10554 60.000000
1029 10665 60.000000
1030 10668 60.000000
1036 1037 60.000000
1037 1038 60.000000
1038 1039 60.000000
1039 1040 60.000000
1040 1041 60.000000
1041 1042 60.000000
1042 1043 60.000000
1093 10951 60.000000
1093 10969 60.000000
100 10470 59.000000
100 10762 59.000000
284 306 59.000000
701 723 59.000000
1009 10619 59.000000
1023 10999 59.000000
1352 1353 59.000000
101 10873 58.000000
286 287 58.000000
338 339 58.000000
592 614 58.000000
1098 1120 58.000000
175 197 57.000000
1006 10982 57.000000
1071 10842 57.000000
304 326 56.000000
536 537 56.000000
537 538 56.000000
538 539 56.000000
539 540 56.000000
1010 1032 55.000000
1052 10985 55.000000
659 681 54.000000
919 941 54.000000
1442 1464 54.000000
629 630 53.000000
652 674 53.000000
1087 1109 53.000000
1484 1506 53.000000
1578 1579 53.000000
1579 1580 53.000000
1580 1581 53.000000
634 656 52.000000
963 985 52.000000
1001 10146 52.000000
1014 1015 52.000000
1124 1125 52.000000
1125 1126 52.000000
1126 1127 52.000000
1127 1128 52.000000
1128 1129 52.000000
1269 1291 52.000000
242 264 51.000000
420 442 51.000000
492 493 51.000000
493 494 51.000000
494 495 51.000000
495 496 51.000000
496 497 51.000000
497 498 51.000000
498 499 51.000000
653 675 51.000000
1031 10763 51.000000
1031 10895 51.000000
1049 10575 51.000000
1049 10640 51.000000
1195 1196 51.000000
540 541 50.000000
541 542 50.000000
542 543 50.000000
668 669 50.000000
669 670 50.000000
670 671 50.000000
671 672 50.000000
672 673 50.000000
926 927 50.000000
927 949 50.000000
1027 10565 50.000000
1049 10568 50.000000
1049 10603 50.000000
1049 10664 50.000000
1049 10718 50.000000
1049 10788 50.000000
1049 10808 50.000000
1049 10841 50.000000
1049 10877 50.000000
1049 10965 50.000000
1072 10821 50.000000
1356 1378 50.000000
360 361 49.000000
361 362 49.000000
362 363 49.000000
363 364 49.000000
364 365 49.000000
365 366 49.000000
366 367 49.000000
367 368 49.000000
1009 10586 49.000000
1009 10862 49.000000
1031 10335 49.000000
1049 10777 49.000000
1049 10934 49.000000
1245 1267 49.000000
398 420 48.000000
921 943 48.000000
1007 10796 48.000000
1009 10717 48.000000
1009 10894 48.000000
1049 10505 48.000000
1072 10721 48.000000
1359 1360 48.000000
102 10477 47.000000
102 10491 47.000000
102 10641 47.000000
102 10836 47.000000
193 215 47.000000
215 237 47.000000
760 761 47.000000
992 993 47.000000
993 994 47.000000
994 995 47.000000
995 996 47.000000
996 997 47.000000
997 998 47.000000
998 999 47.000000
102 10720 46.000000
338 360 46.000000
1029 10796 46.000000
1072 10955 46.000000
112 134 45.000000
697 719 45.000000
904 905 45.000000
905 906 45.000000
906 907 45.000000
907 908 45.000000
908 909 45.000000
909 910 45.000000
910 911 45.000000
911 912 45.000000
912 913 45.000000
1009 10121 45.000000
1009 10239 45.000000
1009 10426 45.000000
1009 10593 45.000000
1009 10972 45.000000
1071 10831 45.000000
110 132 44.000000
309 310 44.000000
310 311 44.000000
311 312 44.000000
312 313 44.000000
313 314 44.000000
314 315 44.000000
315 316 44.000000
920 942 44.000000
922 944 44.000000
1009 10308 44.000000
1009 10730 44.000000
1009 10879 44.000000
1050 10694 44.000000
1137 1159 44.000000
1224 1246 44.000000
130 152 43.000000
1022 10856 43.000000
1049 1071 43.000000
1058 1059 43.000000
1059 1060 43.000000
1060 1061 43.000000
1061 1062 43.000000
1062 1063 43.000000
1073 10850 43.000000
101 10755 42.000000
101 10918 42.000000
504 526 42.000000
740 762 42.000000
761 783 42.000000
1008 10435 42.000000
1073 1095 42.000000
339 340 41.000000
673 674 41.000000
831 853 41.000000
1130 1152 41.000000
101 10461 40.000000
101 10466 40.000000
101 10793 40.000000
101 10809 40.000000
101 10827 40.000000
174 196 40.000000
253 275 40.000000
557 558 40.000000
1093 10946 40.000000
1093 10949 40.000000
1094 10982 40.000000
102 10434 39.000000
396 397 39.000000
397 398 39.000000
1027 10407 39.000000
1086 1087 39.000000
1531 1553 39.000000
875 897 38.000000
1009 10475 38.000000
1009 10486 38.000000
1063 1064 38.000000
527 549 37.000000
700 722 37.000000
1031 10372 37.000000
1067 10711 37.000000
1067 10731 37.000000
1067 10932 37.000000
1246 1268 37.000000
1399 1421 37.000000
610 632 36.000000
1569 1570 36.000000
134 156 35.000000
156 178 35.000000
723 745 35.000000
1009 10532 35.000000
1028 10399 35.000000
1097 10997 35.000000
59 60 34.000000
60 61 34.000000
61 62 34.000000
101 10302 34.000000
124 146 34.000000
316 317 34.000000
317 318 34.000000
508 509 34.000000
509 510 34.000000
510 511 34.000000
511 512 34.000000
512 513 34.000000
678 700 34.000000
1001 10183 34.000000
103 10826 33.000000
374 375 33.000000
375 376 33.000000
376 377 33.000000
377 378 33.000000
378 379 33.000000
379 380 33.000000
380 381 33.000000
1031 10387 33.000000
1031 10940 33.000000
1064 1065 33.000000
1108 1130 33.000000
1173 1174 33.000000
1375 1397 33.000000
1466 1488 33.000000
1568 1569 33.000000
22 23 32.000000
22 43 32.000000
23 24 32.000000
15 16 32.000000
37 38 32.000000
38 39 32.000000
39 40 32.000000
40 41 32.000000
41 42 32.000000
42 43 32.000000
100 10481 32.000000
101 10229 32.000000
101 10313 32.000000
101 10492 32.000000
101 10504 32.000000
101 10508 32.000000
101 10610 32.000000
101 10653 32.000000
101 10676 32.000000
101 10685 32.000000
101 10723 32.000000
101 10728 32.000000
101 10754 32.000000
101 10881 32.000000
101 10926 32.000000
101 10966 32.000000
101 10983 32.000000
187 209 32.000000
265 287 32.000000
1006 1028 32.000000
1009 10510 32.000000
1009 10837 32.000000
1031 10868 32.000000
1032 10488 32.000000
1032 10600 32.000000
1032 10924 32.000000
1052 10619 32.000000
1052 10879 32.000000
1065 1087 32.000000
1153 1175 32.000000
1161 1183 32.000000
101 10374 31.000000
352 353 31.000000
353 354 31.000000
382 383 31.000000
383 384 31.000000
384 385 31.000000
385 386 31.000000
386 387 31.000000
387 388 31.000000
388 389 31.000000
389 390 31.000000
479 480 31.000000
480 481 31.000000
481 482 31.000000
482 483 31.000000
682 704 31.000000
760 782 31.000000
1032 10502 31.000000
1032 10740 31.000000
1052 10593 31.000000
1577 1578 31.000000
101 10501 30.000000
108 130 30.000000
330 352 30.000000
513 514 30.000000
629 651 30.000000
1228 1229 30.000000
146 168 29.000000
462 463 29.000000
462 483 29.000000
463 464 29.000000
506 528 29.000000
743 765 29.000000
1030 1052 29.000000
1032 10329 29.000000
1032 10358 29.000000
1032 10375 29.000000
1032 10379 29.000000
1032 10818 29.000000
1032 10863 29.000000
1032 10886 29.000000
1053 10609 29.000000
1201 1223 29.000000
15 37 28.000000
103 10911 28.000000
150 172 28.000000
499 500 28.000000
788 810 28.000000
941 963 28.000000
1009 10237 28.000000
1009 10263 28.000000
1009 10349 28.000000
1009 10638 28.000000
1009 10769 28.000000
1022 10276 28.000000
1074 10985 28.000000
1110 1132 28.000000
1139 1161 28.000000
1184 1206 28.000000
783 805 27.000000
1073 10979 27.000000
1078 1099 27.000000
1093 1115 27.000000
1152 1174 27.000000
1443 1465 27.000000
10 1572 26.000000
848 870 26.000000
1009 10163 26.000000
1009 10733 26.000000
1012 10643 26.000000
1031 10364 26.000000
1065 1066 26.000000
1071 10788 26.000000
1078 1079 26.000000
1079 1080 26.000000
457 458 25.000000
507 508 25.000000
1006 10330 25.000000
1031 10619 25.000000
295 296 24.000000
748 749 24.000000
749 750 24.000000
750 751 24.000000
751 752 24.000000
752 753 24.000000
753 754 24.000000
754 755 24.000000
1028 10357 24.000000
1028 10949 24.000000
1029 10446 24.000000
1029 10627 24.000000
1031 10717 24.000000
1031 10894 24.000000
1053 10696 24.000000
1066 1067 24.000000
1221 1243 24.000000
1331 1353 24.000000
1031 10426 23.000000
1031 10593 23.000000
1031 10879 23.000000
1080 1081 23.000000
1482 1483 23.000000
1482 1504 23.000000
330 331 22.000000
331 332 22.000000
332 333 22.000000
333 334 22.000000
334 335 22.000000
335 336 22.000000
336 337 22.000000
337 338 22.000000
354 355 22.000000
355 356 22.000000
356 357 22.000000
357 358 22.000000
358 359 22.000000
359 360 22.000000
1009 10184 22.000000
1009 10221 22.000000
1009 10940 22.000000
1011 1033 22.000000
1029 10542 22.000000
1081 1082 22.000000
1082 1083 22.000000
1083 1084 22.000000
1084 1085 22.000000
1085 1086 22.000000
1086 1108 22.000000
1468 1469 22.000000
1483 1505 22.000000
33 55 21.000000
260 282 21.000000
392 414 21.000000
940 962 21.000000
1074 1096 21.000000
1097 1119 21.000000
1142 1164 21.000000
1144 1166 21.000000
100 10409 20.000000
155 177 20.000000
595 596 20.000000
596 597 20.000000
597 598 20.000000
598 599 20.000000
599 600 20.000000
600 601 20.000000
1029 1051 20.000000
1031 10414 20.000000
1031 10730 20.000000
1031 10972 20.000000
1054 10997 20.000000
1075 10818 20.000000
1075 10863 20.000000
1077 10846 20.000000
1290 1312 20.000000
1487 1509 20.000000
1509 1531 20.000000
368 369 19.000000
573 595 19.000000
595 617 19.000000
703 725 19.000000
746 768 19.000000
1006 10493 19.000000
1006 10529 19.000000
1006 10665 19.000000
1006 10752 19.000000
1009 10387 19.000000
1009 10868 19.000000
1031 10475 19.000000
1031 10486 19.000000
1036 10378 19.000000
62 84 18.000000
551 573 18.000000
705 706 18.000000
706 707 18.000000
707 708 18.000000
708 709 18.000000
709 710 18.000000
710 711 18.000000
877 899 18.000000
1006 10694 18.000000
1031 10532 18.000000
1075 10924 18.000000
1094 10979 18.000000
1294 1316 18.000000
483 505 17.000000
704 705 17.000000
1005 10256 17.000000
1005 10369 17.000000
1005 10380 17.000000
1005 10703 17.000000
1005 10816 17.000000
1005 10883 17.000000
1005 10902 17.000000
1005 10946 17.000000
1005 10951 17.000000
1005 10969 17.000000
1006 10148 17.000000
1007 10979 17.000000
1009 10414 17.000000
1185 1207 17.000000
1464 1486 17.000000
1485 1507 17.000000
44 45 16.000000
44 65 16.000000
45 46 16.000000
62 63 16.000000
63 64 16.000000
64 65 16.000000
142 164 16.000000
164 186 16.000000
484 505 16.000000
492 514 16.000000
679 701 16.000000
1005 10476 16.000000
1005 10775 16.000000
1005 10848 16.000000
1005 10921 16.000000
1005 10934 16.000000
1027 10386 16.000000
1027 10831 16.000000
1028 10280 16.000000
1028 10821 16.000000
1053 10740 16.000000
1053 10886 16.000000
1070 1092 16.000000
1073 10953 16.000000
100 10998 15.000000
461 483 15.000000
586 608 15.000000
741 763 15.000000
834 856 15.000000
1005 10225 15.000000
1005 10450 15.000000
1005 10505 15.000000
1005 10506 15.000000
1005 10783 15.000000
1049 10745 15.000000
1071 10738 15.000000
1095 10985 15.000000
1154 1176 15.000000
1207 1229 15.000000
1239 1240 15.000000
102 124 14.000000
216 238 14.000000
594 616 14.000000
1052 10550 14.000000
1072 10752 14.000000
1094 10953 14.000000
1463 1485 14.000000
638 639 13.000000
639 640 13.000000
640 641 13.000000
641 642 13.000000
642 643 13.000000
643 644 13.000000
644 645 13.000000
1006 10249 13.000000
1006 10681 13.000000
1029 10487 13.000000
1029 10618 13.000000
1029 10979 13.000000
1055 10844 13.000000
1071 10808 13.000000
1071 10841 13.000000
1071 10877 13.000000
1071 10934 13.000000
1567 1568 13.000000
173 195 12.000000
484 485 12.000000
485 486 12.000000
702 724 12.000000
790 812 12.000000
1000 10391 12.000000
1021 1043 12.000000
1027 10842 12.000000
1028 10659 12.000000
1028 10721 12.000000
1028 10811 12.000000
1028 10955 12.000000
1050 10627 12.000000
1052 10702 12.000000
1052 10977 12.000000
1071 10718 12.000000
1071 10775 12.000000
1071 10783 12.000000
1071 10965 12.000000
1092 10921 12.000000
1 2 11.000000
2 3 11.000000
14 1576 11.000000
1005 10167 11.000000
1005 10179 11.000000
1005 10250 11.000000
1005 10386 11.000000
1005 10484 11.000000
1005 10568 11.000000
1005 10575 11.000000
1005 10640 11.000000
1005 10664 11.000000
1005 10718 11.000000
1005 10788 11.000000
1005 10831 11.000000
1005 10965 11.000000
1034 10436 11.000000
1053 10600 11.000000
1053 10818 11.000000
1053 10863 11.000000
1053 10924 11.000000
1076 10997 11.000000
1092 10965 11.000000
1097 10998 11.000000
1400 1422 11.000000
1566 1567 11.000000
0 1 10.000000
0 21 10.000000
16 17 10.000000
17 18 10.000000
18 19 10.000000
19 20 10.000000
20 21 10.000000
316 338 10.000000
680 702 10.000000
696 718 10.000000
1027 10505 10.000000
1043 10856 10.000000
1052 10532 10.000000
1052 10763 10.000000
1052 10895 10.000000
1555 1556 10.000000
354 376 9.000000
376 398 9.000000
564 586 9.000000
602 624 9.000000
1000 10286 9.000000
1001 10898 9.000000
1005 10842 9.000000
1012 10455 9.000000
1043 10635 9.000000
1049 10509 9.000000
1055 10553 9.000000
1056 10578 9.000000
1056 10751 9.000000
1494 1516 9.000000
111 133 8.000000
374 395 8.000000
520 521 8.000000
540 562 8.000000
787 809 8.000000
927 928 8.000000
928 929 8.000000
929 930 8.000000
930 931 8.000000
931 932 8.000000
932 933 8.000000
933 934 8.000000
934 935 8.000000
936 958 8.000000
1001 10186 8.000000
1006 10277 8.000000
1008 1030 8.000000
1012 10327 8.000000
1012 10523 8.000000
1027 10450 8.000000
1027 10484 8.000000
1027 10506 8.000000
1027 10568 8.000000
1027 10575 8.000000
1027 10640 8.000000
1027 10664 8.000000
1027 10718 8.000000
1027 10783 8.000000
1027 10788 8.000000
1027 10965 8.000000
1028 10681 8.000000
1050 10618 8.000000
1080 1102 8.000000
1092 10934 8.000000
1155 1177 8.000000
1177 1199 8.000000
1462 1484 8.000000
1469 1470 8.000000
1470 1471 8.000000
1471 1472 8.000000
1472 1494 8.000000
580 602 7.000000
674 696 7.000000
745 767 7.000000
1055 10846 7.000000
1099 1121 7.000000
1232 1233 7.000000
1232 1253 7.000000
1233 1234 7.000000
1234 1235 7.000000
1235 1236 7.000000
1236 1237 7.000000
1237 1238 7.000000
1238 1239 7.000000
1251 1252 7.000000
1252 1253 7.000000
37 59 6.000000
404 405 6.000000
405 406 6.000000
406 407 6.000000
407 408 6.000000
408 409 6.000000
409 410 6.000000
410 411 6.000000
411 412 6.000000
521 522 6.000000
602 603 6.000000
603 604 6.000000
604 605 6.000000
949 950 6.000000
950 951 6.000000
951 952 6.000000
952 953 6.000000
953 954 6.000000
954 955 6.000000
955 956 6.000000
956 957 6.000000
1000 10276 6.000000
1005 10407 6.000000
1023 10711 6.000000
1023 10932 6.000000
1056 10778 6.000000
1072 10982 6.000000
1091 1113 6.000000
1093 10955 6.000000
1109 1131 6.000000
1272 1294 6.000000
1357 1379 6.000000
1526 1548 6.000000
188 210 5.000000
477 478 5.000000
591 613 5.000000
711 712 5.000000
712 713 5.000000
713 714 5.000000
714 715 5.000000
715 716 5.000000
716 717 5.000000
782 804 5.000000
947 948 5.000000
948 949 5.000000
1000 10098 5.000000
1000 10166 5.000000
1000 10835 5.000000
1000 10852 5.000000
1000 10944 5.000000
1049 10721 5.000000
1063 1085 5.000000
1064 1086 5.000000
1081 1103 5.000000
1085 1107 5.000000
1114 1136 5.000000
1156 1178 5.000000
1158 1180 5.000000
1159 1181 5.000000
1440 1462 5.000000
1446 1447 5.000000
478 479 4.000000
484 506 4.000000
522 523 4.000000
526 548 4.000000
601 602 4.000000
635 657 4.000000
673 695 4.000000
836 837 4.000000
836 857 4.000000
837 838 4.000000
838 860 4.000000
860 882 4.000000
1000 10033 4.000000
1012 10176 4.000000
1023 10731 4.000000
1044 10590 4.000000
1049 10659 4.000000
1049 10810 4.000000
1049 10811 4.000000
1049 10949 4.000000
1049 10955 4.000000
1050 10982 4.000000
1071 10777 4.000000
1355 1377 4.000000
1421 1443 4.000000
1565 1566 4.000000
420 421 3.000000
421 422 3.000000
422 423 3.000000
423 424 3.000000
424 425 3.000000
508 530 3.000000
695 717 3.000000
812 834 3.000000
874 896 3.000000
962 984 3.000000
1049 10883 3.000000
1071 10848 3.000000
1071 10902 3.000000
1071 10921 3.000000
1088 1110 3.000000
1210 1211 3.000000
1210 1231 3.000000
1211 1212 3.000000
1212 1213 3.000000
1213 1214 3.000000
1214 1215 3.000000
1215 1216 3.000000
1216 1217 3.000000
1229 1230 3.000000
1230 1231 3.000000
1418 1440 3.000000
1555 1577 3.000000
47 69 2.000000
133 155 2.000000
390 412 2.000000
396 417 2.000000
414 415 2.000000
415 416 2.000000
416 417 2.000000
470 471 2.000000
470 492 2.000000
471 472 2.000000
472 473 2.000000
473 474 2.000000
474 475 2.000000
475 476 2.000000
476 477 2.000000
486 487 2.000000
487 488 2.000000
488 489 2.000000
489 490 2.000000
490 491 2.000000
491 513 2.000000
522 544 2.000000
682 683 2.000000
683 684 2.000000
684 685 2.000000
685 686 2.000000
686 687 2.000000
687 688 2.000000
688 689 2.000000
1044 10944 2.000000
1050 10542 2.000000
1050 10554 2.000000
1066 1088 2.000000
1071 10949 2.000000
1115 1137 2.000000
1140 1162 2.000000
1461 1462 2.000000
1 1563 1.000000
131 153 1.000000
514 536 1.000000
552 574 1.000000
605 606 1.000000
606 607 1.000000
607 608 1.000000
630 652 1.000000
977 999 1.000000
1044 10835 1.000000
1044 10852 1.000000
1049 10703 1.000000
1049 10816 1.000000
1049 10902 1.000000
1049 10946 1.000000
1049 10951 1.000000
1049 10969 1.000000
1050 10529 1.000000
1050 10665 1.000000
1050 10752 1.000000
1056 1078 1.000000
1071 10816 1.000000
1071 10946 1.000000
1071 10951 1.000000
1071 10969 1.000000
1076 1098 1.000000
1196 1218 1.000000
1490 1491 1.000000
1491 1492 1.000000
1492 1493 1.000000
1493 1494 1.000000
1496 1497 1.000000
1496 1517 1.000000
1497 1498 1.000000
1498 1499 1.000000
1499 1500 1.000000
1500 1501 1.000000
1501 1502 1.000000
1502 1503 1.000000
1503 1504 1.000000
1516 1517 1.000000
1530 1552 1.000000
1553 1575 1.000000
1562 1563 1.000000
1562 1583 1.000000
1581 1582 1.000000
1582 1583 1.000000
