190 191 18350.000000
191 192 18350.000000
192 193 18350.000000
193 194 18350.000000
13 14 15589.000000
1118 1119 13803.000000
189 190 13075.000000
1161 1162 11894.000000
1162 1163 11780.000000
147 148 11723.000000
148 149 11723.000000
149 150 11723.000000
1227 1228 11392.000000
986 987 10941.000000
1117 1118 10931.000000
150 151 10924.000000
146 147 10641.000000
194 195 10631.000000
168 169 10510.000000
169 170 10510.000000
170 171 10510.000000
171 172 10510.000000
1160 1161 10211.000000
1205 1206 9973.000000
1183 1184 9934.000000
1204 1205 9831.000000
964 965 9578.000000
1353 1354 9227.000000
1031 1032 8962.000000
987 988 8895.000000
1030 1031 8647.000000
1226 1227 8593.000000
195 196 8556.000000
1159 1160 8550.000000
1225 1226 8544.000000
942 943 8445.000000
1354 1355 8382.000000
1206 1207 8272.000000
167 168 8213.000000
1119 1120 8159.000000
985 986 8144.000000
1140 1141 8057.000000
57 58 7968.000000
898 899 7919.000000
943 944 7866.000000
56 57 7705.000000
145 146 7652.000000
897 898 7532.000000
899 900 7520.000000
1203 1204 7514.000000
828 829 7484.000000
829 830 7484.000000
1355 1356 6817.000000
1310 1311 6762.000000
1224 1225 6609.000000
1029 1030 6559.000000
1309 1310 6376.000000
963 964 6233.000000
1184 1185 6219.000000
1116 1117 6159.000000
1182 1183 6069.000000
1028 1029 6060.000000
1032 1033 6036.000000
894 895 5995.000000
895 896 5995.000000
1178 1179 5974.000000
100 101 5897.000000
941 942 5792.000000
1176 1177 5773.000000
1177 1178 5773.000000
1311 1312 5759.000000
830 831 5749.000000
1222 1223 5728.000000
1198 1199 5659.000000
1181 1182 5652.000000
807 808 5650.000000
808 809 5650.000000
1200 1201 5640.000000
896 897 5598.000000
34 35 5583.000000
1202 1203 5583.000000
984 985 5568.000000
1220 1221 5497.000000
172 173 5492.000000
196 197 5483.000000
1221 1222 5409.000000
1179 1180 5407.000000
12 13 5388.000000
1199 1200 5367.000000
1139 1140 5348.000000
1007 1008 5338.000000
827 828 5310.000000
303 304 5286.000000
1201 1202 5278.000000
1356 1357 5237.000000
212 213 5158.000000
213 214 5158.000000
214 215 5158.000000
806 807 5130.000000
1138 1139 5105.000000
962 963 5080.000000
1180 1181 5044.000000
151 152 5041.000000
1223 1224 4988.000000
234 235 4942.000000
235 236 4942.000000
236 237 4942.000000
237 238 4937.000000
850 851 4937.000000
851 852 4937.000000
852 853 4937.000000
1008 1009 4904.000000
784 785 4844.000000
785 786 4844.000000
786 787 4844.000000
1464 1465 4789.000000
810 811 4694.000000
826 827 4671.000000
854 855 4645.000000
965 966 4540.000000
1313 1314 4514.000000
1115 1116 4500.000000
1465 1466 4448.000000
1312 1313 4447.000000
10 11 4401.000000
14 15 4361.000000
1137 1138 4346.000000
1006 1007 4279.000000
893 894 4233.000000
1197 1198 4230.000000
238 239 4224.000000
1249 1250 4191.000000
1314 1315 4184.000000
1242 1243 4154.000000
11 12 4150.000000
988 989 4042.000000
369 370 4035.000000
1051 1052 4032.000000
1248 1249 4015.000000
900 901 3981.000000
1332 1333 3919.000000
968 989 3905.000000
872 873 3881.000000
873 874 3881.000000
1219 1220 3841.000000
763 764 3827.000000
764 765 3827.000000
1244 1245 3823.000000
1096 1097 3812.000000
173 174 3790.000000
1509 1510 3787.000000
1175 1176 3749.000000
1245 1246 3743.000000
1269 1270 3731.000000
920 921 3719.000000
1508 1509 3715.000000
1002 1003 3641.000000
1003 1004 3641.000000
1004 1005 3641.000000
101 123 3637.000000
1158 1159 3628.000000
1270 1271 3618.000000
1443 1444 3606.000000
304 305 3605.000000
123 124 3586.000000
921 922 3570.000000
144 145 3555.000000
875 876 3555.000000
853 854 3553.000000
805 806 3552.000000
1243 1244 3539.000000
592 593 3538.000000
1073 1074 3511.000000
1463 1464 3482.000000
1052 1053 3474.000000
1246 1247 3467.000000
980 981 3463.000000
981 982 3463.000000
982 983 3463.000000
983 984 3463.000000
1074 1075 3449.000000
1247 1248 3383.000000
1293 1294 3365.000000
765 766 3304.000000
1001 1002 3287.000000
1241 1242 3271.000000
958 959 3258.000000
959 960 3258.000000
960 961 3258.000000
1075 1076 3235.000000
1268 1269 3226.000000
809 810 3218.000000
101 102 3188.000000
1333 1334 3188.000000
871 872 3183.000000
589 590 3182.000000
590 591 3182.000000
657 658 3126.000000
1271 1272 3124.000000
188 189 3090.000000
215 216 3066.000000
591 592 3062.000000
1357 1358 3058.000000
14 36 3021.000000
1292 1293 3006.000000
900 922 2998.000000
239 240 2984.000000
1266 1267 2975.000000
1095 1096 2938.000000
166 167 2900.000000
211 212 2883.000000
233 234 2836.000000
122 123 2820.000000
216 217 2819.000000
783 784 2811.000000
943 965 2797.000000
305 306 2779.000000
1378 1379 2775.000000
1291 1292 2773.000000
1012 1033 2767.000000
919 920 2738.000000
1265 1266 2727.000000
123 145 2723.000000
35 36 2704.000000
1094 1095 2695.000000
831 832 2687.000000
240 241 2676.000000
1097 1098 2666.000000
1050 1051 2664.000000
282 283 2663.000000
1119 1141 2631.000000
165 166 2629.000000
1507 1508 2601.000000
1163 1164 2593.000000
1267 1268 2568.000000
176 197 2563.000000
210 211 2562.000000
961 962 2545.000000
1442 1443 2502.000000
231 232 2494.000000
1529 1530 2492.000000
1072 1073 2489.000000
870 871 2456.000000
849 850 2446.000000
78 79 2420.000000
876 877 2411.000000
1093 1094 2388.000000
787 788 2372.000000
325 326 2367.000000
874 875 2367.000000
762 763 2361.000000
1376 1377 2350.000000
1551 1552 2326.000000
1528 1529 2319.000000
8 9 2316.000000
232 233 2303.000000
1135 1136 2284.000000
613 614 2280.000000
1288 1289 2273.000000
1155 1156 2240.000000
1136 1137 2227.000000
892 893 2206.000000
58 59 2200.000000
255 256 2180.000000
256 257 2180.000000
257 258 2180.000000
258 259 2180.000000
1053 1054 2165.000000
741 742 2152.000000
742 743 2152.000000
1399 1400 2149.000000
1379 1380 2145.000000
1334 1335 2135.000000
1550 1551 2132.000000
944 945 2123.000000
152 174 2118.000000
761 762 2113.000000
788 789 2112.000000
1156 1157 2088.000000
1444 1445 2059.000000
1132 1133 2049.000000
1133 1134 2049.000000
1134 1135 2049.000000
1049 1050 2031.000000
1009 1010 2006.000000
1120 1121 2001.000000
832 833 1989.000000
102 103 1980.000000
57 79 1964.000000
1552 1553 1964.000000
789 790 1961.000000
1010 1011 1960.000000
1358 1359 1959.000000
766 767 1943.000000
1157 1158 1941.000000
1530 1531 1932.000000
260 261 1919.000000
197 219 1889.000000
1250 1251 1889.000000
1289 1290 1877.000000
811 812 1872.000000
918 919 1840.000000
1335 1336 1839.000000
1380 1381 1838.000000
283 284 1830.000000
1441 1442 1829.000000
284 285 1817.000000
187 188 1791.000000
1506 1507 1787.000000
1377 1378 1784.000000
610 611 1779.000000
611 612 1779.000000
612 613 1779.000000
740 741 1767.000000
676 677 1759.000000
677 678 1759.000000
176 177 1750.000000
1397 1398 1743.000000
1510 1511 1727.000000
252 253 1726.000000
1440 1441 1714.000000
855 856 1709.000000
217 218 1698.000000
1005 1006 1687.000000
33 34 1685.000000
1290 1291 1672.000000
1075 1097 1665.000000
1098 1099 1661.000000
1336 1337 1657.000000
79 80 1638.000000
242 263 1638.000000
1154 1155 1607.000000
261 262 1591.000000
253 254 1581.000000
572 593 1571.000000
658 659 1562.000000
1024 1025 1562.000000
1025 1026 1562.000000
1026 1027 1562.000000
745 746 1554.000000
218 219 1548.000000
1131 1132 1546.000000
326 327 1545.000000
701 702 1542.000000
915 916 1539.000000
916 917 1539.000000
917 918 1539.000000
259 260 1526.000000
102 10302 1505.000000
957 958 1488.000000
679 680 1486.000000
680 681 1486.000000
124 125 1485.000000
125 126 1485.000000
126 127 1485.000000
127 128 1485.000000
1163 1185 1483.000000
128 129 1482.000000
739 740 1482.000000
1285 1286 1477.000000
1286 1287 1477.000000
1485 1486 1477.000000
1067 1068 1475.000000
1068 1069 1475.000000
1445 1446 1474.000000
719 720 1472.000000
720 721 1472.000000
1069 1070 1460.000000
254 255 1458.000000
1398 1399 1458.000000
1466 1467 1458.000000
1141 1142 1455.000000
277 278 1447.000000
278 279 1447.000000
279 280 1447.000000
280 281 1447.000000
174 175 1445.000000
209 210 1438.000000
635 636 1403.000000
1337 1338 1399.000000
1375 1376 1398.000000
721 722 1392.000000
154 175 1389.000000
616 637 1381.000000
744 745 1376.000000
614 615 1364.000000
855 877 1357.000000
636 637 1353.000000
675 676 1351.000000
1031 10435 1344.000000
1114 1115 1339.000000
1486 1487 1336.000000
1422 1423 1333.000000
264 285 1325.000000
77 78 1322.000000
746 747 1314.000000
242 243 1311.000000
308 329 1299.000000
230 231 1295.000000
281 282 1294.000000
660 681 1292.000000
1462 1463 1290.000000
548 549 1288.000000
545 546 1286.000000
546 547 1286.000000
547 548 1286.000000
152 153 1285.000000
103 104 1282.000000
104 105 1282.000000
105 106 1282.000000
106 107 1282.000000
1070 1071 1265.000000
31 32 1262.000000
32 33 1262.000000
697 698 1262.000000
698 699 1262.000000
699 700 1262.000000
1331 1332 1244.000000
702 703 1238.000000
656 657 1237.000000
1315 1316 1235.000000
208 209 1232.000000
743 744 1231.000000
132 153 1227.000000
700 701 1213.000000
767 768 1193.000000
1174 1175 1192.000000
1263 1264 1191.000000
1264 1265 1191.000000
674 675 1188.000000
390 391 1187.000000
936 937 1182.000000
937 938 1182.000000
938 939 1182.000000
939 940 1182.000000
1549 1550 1180.000000
1027 1028 1177.000000
1553 1554 1173.000000
1111 1112 1160.000000
1112 1113 1160.000000
154 155 1158.000000
1054 1055 1156.000000
528 549 1150.000000
264 265 1136.000000
391 392 1116.000000
940 941 1112.000000
195 217 1103.000000
1396 1397 1102.000000
100 122 1099.000000
1400 1401 1098.000000
220 241 1093.000000
1113 1114 1089.000000
1071 1072 1083.000000
1153 1154 1078.000000
1185 1186 1071.000000
594 615 1045.000000
1531 1532 1045.000000
528 529 1041.000000
132 133 1040.000000
69 70 1038.000000
70 71 1038.000000
71 72 1038.000000
72 73 1038.000000
91 92 1036.000000
92 93 1036.000000
93 94 1036.000000
94 95 1036.000000
95 96 1036.000000
96 97 1036.000000
97 98 1036.000000
98 99 1036.000000
347 348 1031.000000
653 654 1026.000000
654 655 1026.000000
655 656 1026.000000
1076 1077 1023.000000
848 849 1022.000000
979 980 1022.000000
1206 1228 1021.000000
678 679 1011.000000
718 719 1008.000000
944 966 1006.000000
220 221 1002.000000
1421 1422 1002.000000
1420 1421 1000.000000
1484 1485 999.000000
1487 1488 998.000000
239 261 995.000000
1009 10910 989.000000
1045 1046 982.000000
1046 1047 982.000000
1047 1048 981.000000
58 80 976.000000
768 769 968.000000
328 329 965.000000
549 571 964.000000
767 789 964.000000
1056 1077 962.000000
1048 1049 954.000000
177 178 947.000000
36 58 940.000000
262 263 940.000000
327 328 915.000000
616 617 913.000000
73 74 902.000000
529 530 895.000000
1465 1487 887.000000
222 223 883.000000
223 224 883.000000
224 225 883.000000
225 226 883.000000
226 227 883.000000
227 228 883.000000
228 229 883.000000
229 230 883.000000
1092 1093 879.000000
1527 1528 877.000000
638 659 863.000000
102 10295 855.000000
924 945 854.000000
198 219 850.000000
594 595 848.000000
1196 1197 837.000000
1287 1309 832.000000
1511 1512 828.000000
107 129 825.000000
1066 1067 813.000000
1218 1219 805.000000
1284 1285 805.000000
101 10998 803.000000
326 348 803.000000
150 172 802.000000
133 134 801.000000
370 392 787.000000
550 571 780.000000
1000 1001 772.000000
632 633 761.000000
633 634 761.000000
1130 1131 757.000000
609 610 756.000000
1532 1533 756.000000
634 635 748.000000
696 697 735.000000
1023 1024 735.000000
1554 1576 735.000000
135 136 730.000000
136 137 730.000000
137 138 730.000000
138 139 730.000000
139 140 730.000000
140 141 730.000000
141 142 730.000000
142 143 730.000000
348 349 730.000000
1100 1101 728.000000
1100 1121 728.000000
1101 1102 728.000000
1029 10413 727.000000
151 173 726.000000
1228 1229 720.000000
53 54 714.000000
54 55 714.000000
631 632 711.000000
588 589 706.000000
143 144 705.000000
155 156 704.000000
74 75 699.000000
75 76 699.000000
76 77 699.000000
1110 1111 697.000000
413 414 696.000000
968 990 687.000000
165 187 685.000000
349 350 683.000000
608 609 678.000000
55 56 677.000000
1423 1424 666.000000
221 222 665.000000
47 48 656.000000
48 49 656.000000
49 50 656.000000
50 51 656.000000
51 52 656.000000
502 503 655.000000
503 504 655.000000
1029 10493 651.000000
630 631 647.000000
1287 1288 644.000000
306 307 641.000000
1419 1420 641.000000
297 298 636.000000
298 299 636.000000
299 300 636.000000
300 301 636.000000
301 302 636.000000
302 303 636.000000
1006 10921 636.000000
350 351 633.000000
899 921 630.000000
286 307 623.000000
1012 1013 622.000000
1013 1014 622.000000
652 653 619.000000
1032 10998 616.000000
1262 1263 613.000000
1006 10816 612.000000
550 551 610.000000
198 199 606.000000
782 783 593.000000
968 969 589.000000
969 970 589.000000
1032 1054 589.000000
275 276 588.000000
276 277 588.000000
52 53 587.000000
1250 1272 585.000000
504 505 584.000000
1095 10953 577.000000
1509 1531 575.000000
1007 10953 569.000000
30 31 568.000000
308 309 560.000000
1049 10539 560.000000
914 915 553.000000
1056 1057 547.000000
1057 1058 547.000000
1166 1167 535.000000
765 787 529.000000
370 371 528.000000
1575 1576 528.000000
570 571 527.000000
1327 1328 518.000000
1328 1329 518.000000
1329 1330 518.000000
1330 1331 517.000000
1050 10811 514.000000
1240 1241 512.000000
1164 1165 511.000000
200 201 509.000000
201 202 509.000000
202 203 509.000000
203 204 509.000000
204 205 509.000000
205 206 509.000000
206 207 509.000000
207 208 509.000000
1166 1187 507.000000
1186 1187 507.000000
572 573 506.000000
230 252 502.000000
1122 1123 498.000000
102 10241 495.000000
196 218 490.000000
1005 10565 488.000000
221 243 486.000000
572 594 485.000000
1006 10256 482.000000
1006 10401 479.000000
1175 1197 479.000000
1162 1184 475.000000
56 78 468.000000
811 833 468.000000
107 108 457.000000
966 967 455.000000
1055 10578 455.000000
946 967 453.000000
587 588 450.000000
208 230 447.000000
523 524 442.000000
524 525 442.000000
525 526 442.000000
1076 1098 442.000000
924 946 440.000000
282 304 439.000000
1007 10330 438.000000
1424 1425 438.000000
1146 1147 432.000000
723 724 431.000000
724 725 431.000000
156 157 430.000000
157 158 430.000000
158 159 430.000000
159 160 430.000000
160 161 430.000000
161 162 430.000000
162 163 430.000000
163 164 430.000000
164 165 430.000000
1024 10932 430.000000
100 10269 429.000000
1089 1090 422.000000
1090 1091 422.000000
1091 1092 422.000000
1147 1148 422.000000
1148 1149 422.000000
1149 1150 422.000000
1150 1151 422.000000
1151 1152 422.000000
924 925 419.000000
925 926 419.000000
12 34 418.000000
88 89 414.000000
89 90 414.000000
108 109 414.000000
1144 1165 414.000000
1051 10796 411.000000
330 351 410.000000
1142 1143 409.000000
34 56 407.000000
833 834 407.000000
240 262 405.000000
1534 1535 403.000000
1535 1536 403.000000
1536 1537 403.000000
1075 10917 402.000000
722 723 400.000000
1122 1143 392.000000
286 287 390.000000
1007 10415 390.000000
1032 10409 387.000000
1310 1332 386.000000
1000 10635 378.000000
100 10244 374.000000
1088 1089 372.000000
100 10329 371.000000
1053 10998 369.000000
1029 10901 368.000000
1077 1099 365.000000
1024 10711 363.000000
1073 10819 362.000000
593 615 361.000000
1000 10856 361.000000
274 275 359.000000
11 33 358.000000
1007 10413 358.000000
308 330 356.000000
1001 10590 356.000000
1001 10033 355.000000
296 297 354.000000
1002 10183 354.000000
1009 10398 351.000000
1007 10850 350.000000
704 725 348.000000
122 144 347.000000
660 661 344.000000
167 189 343.000000
1312 1334 343.000000
102 10328 342.000000
210 232 342.000000
1167 1168 338.000000
283 305 336.000000
1001 10835 335.000000
722 744 334.000000
1001 10944 334.000000
638 660 328.000000
1014 10378 326.000000
1087 1088 325.000000
970 971 323.000000
1109 1110 323.000000
111 112 322.000000
1022 1023 321.000000
1007 10392 319.000000
958 980 318.000000
129 130 314.000000
1008 10668 312.000000
1012 10778 309.000000
1012 10751 308.000000
1144 1145 308.000000
1145 1146 308.000000
1245 1267 308.000000
146 168 307.000000
36 37 305.000000
717 718 305.000000
1007 10190 305.000000
1401 1402 304.000000
1032 10762 303.000000
1032 10947 302.000000
1488 1489 302.000000
1007 10689 301.000000
1078 1079 301.000000
1078 1099 301.000000
1079 1080 301.000000
1102 1103 301.000000
1008 10985 299.000000
110 111 298.000000
682 703 298.000000
186 187 296.000000
1014 1015 296.000000
1031 10387 296.000000
1199 1221 296.000000
870 892 293.000000
110 131 291.000000
130 131 291.000000
1033 1055 290.000000
100 10428 289.000000
231 253 289.000000
623 624 289.000000
616 638 288.000000
305 327 284.000000
101 10100 277.000000
927 949 277.000000
243 244 276.000000
244 245 276.000000
245 246 276.000000
246 247 276.000000
247 248 276.000000
248 249 276.000000
249 250 276.000000
250 251 276.000000
251 252 276.000000
1033 10607 275.000000
1033 10403 274.000000
526 527 273.000000
695 696 273.000000
1001 10731 271.000000
1576 1577 270.000000
1054 10981 268.000000
573 574 267.000000
926 927 265.000000
132 154 264.000000
946 947 264.000000
947 948 264.000000
1073 10796 262.000000
238 260 260.000000
100 10014 259.000000
241 263 259.000000
946 968 259.000000
1571 1572 259.000000
1136 1158 258.000000
209 231 255.000000
392 393 253.000000
393 394 253.000000
394 395 253.000000
1266 1288 253.000000
102 10564 252.000000
319 320 252.000000
320 321 252.000000
321 322 252.000000
322 323 252.000000
323 324 252.000000
324 325 252.000000
1001 10852 252.000000
1001 10098 251.000000
1045 10731 251.000000
102 10232 250.000000
102 10248 250.000000
102 10282 250.000000
102 10334 249.000000
102 10354 249.000000
1010 10997 249.000000
1052 10577 249.000000
102 10208 248.000000
102 10465 248.000000
102 10483 248.000000
1152 1153 248.000000
69 91 247.000000
102 10514 247.000000
102 10528 247.000000
102 10546 247.000000
102 10601 247.000000
102 10621 247.000000
178 179 247.000000
179 180 247.000000
180 181 247.000000
181 182 247.000000
182 183 247.000000
183 184 247.000000
184 185 247.000000
185 186 247.000000
505 527 247.000000
102 10653 246.000000
102 10766 246.000000
102 10388 245.000000
102 10926 245.000000
102 10958 245.000000
1294 1295 245.000000
102 10699 244.000000
102 10804 244.000000
102 10909 244.000000
35 57 243.000000
1077 10846 243.000000
1012 10436 242.000000
1009 10329 241.000000
102 10342 240.000000
284 306 240.000000
371 372 240.000000
922 923 239.000000
102 10629 237.000000
102 10442 236.000000
102 10652 236.000000
102 10712 236.000000
102 10876 236.000000
102 10905 236.000000
102 10913 236.000000
1377 1399 236.000000
102 10229 235.000000
102 10463 235.000000
102 10644 235.000000
1243 1265 234.000000
1168 1169 233.000000
1169 1170 233.000000
1170 1171 233.000000
1171 1172 233.000000
1172 1173 233.000000
1176 1198 233.000000
101 10869 232.000000
1034 1055 232.000000
263 285 230.000000
1010 10244 230.000000
1012 10846 230.000000
102 10756 228.000000
1030 10613 228.000000
1418 1419 228.000000
294 295 227.000000
501 502 227.000000
854 876 226.000000
948 949 226.000000
1011 10678 226.000000
1031 10475 226.000000
1467 1468 226.000000
287 288 225.000000
288 289 225.000000
289 290 225.000000
290 291 225.000000
291 292 225.000000
292 293 225.000000
293 294 225.000000
1010 10481 225.000000
1012 10927 225.000000
15 37 224.000000
1031 10613 224.000000
809 831 223.000000
1009 10203 222.000000
1070 1092 222.000000
352 373 221.000000
372 373 221.000000
1570 1571 221.000000
177 199 220.000000
1012 10293 220.000000
1012 10643 220.000000
1033 10678 220.000000
1402 1403 220.000000
1008 10081 218.000000
1044 1045 217.000000
493 494 216.000000
494 495 216.000000
495 496 216.000000
496 497 216.000000
497 498 216.000000
498 499 216.000000
1033 10431 216.000000
766 788 215.000000
1011 10327 215.000000
1032 10470 215.000000
25 47 214.000000
101 10770 214.000000
1001 10391 214.000000
1554 1555 214.000000
660 682 213.000000
1006 10148 212.000000
1033 10553 212.000000
1033 10340 211.000000
789 811 210.000000
265 287 209.000000
1032 10997 209.000000
1033 10995 209.000000
1034 1035 208.000000
1035 1036 208.000000
726 747 207.000000
1132 1154 207.000000
1441 1463 207.000000
1161 1183 206.000000
565 566 204.000000
1007 10752 204.000000
1032 10924 203.000000
1077 10927 203.000000
25 26 202.000000
26 27 202.000000
27 28 202.000000
28 29 202.000000
1031 10730 200.000000
1001 10449 199.000000
1006 10331 199.000000
219 241 197.000000
1009 10163 197.000000
1031 10868 197.000000
1212 1213 197.000000
1213 1214 197.000000
1214 1215 197.000000
1215 1216 197.000000
1216 1217 197.000000
941 963 196.000000
145 167 195.000000
261 283 195.000000
1031 10432 195.000000
1076 10923 195.000000
1489 1490 195.000000
1009 10593 194.000000
1009 10619 194.000000
1012 10155 194.000000
1376 1398 194.000000
1031 10593 193.000000
1031 10619 193.000000
1031 10879 193.000000
1032 10600 193.000000
1055 10751 193.000000
1527 1549 193.000000
990 991 192.000000
991 992 192.000000
1012 10583 192.000000
13 35 188.000000
1552 1574 188.000000
678 700 187.000000
143 165 186.000000
606 607 185.000000
607 608 185.000000
761 783 185.000000
1572 1573 185.000000
1573 1574 185.000000
833 855 184.000000
1098 1120 184.000000
957 979 182.000000
1031 10486 181.000000
1032 10481 181.000000
1379 1401 180.000000
112 113 179.000000
113 114 179.000000
114 115 179.000000
115 116 179.000000
116 117 179.000000
117 118 179.000000
118 119 179.000000
119 120 179.000000
120 121 179.000000
788 810 179.000000
812 813 179.000000
100 10488 176.000000
100 10502 176.000000
100 10740 176.000000
100 10600 175.000000
100 10818 175.000000
1053 10762 175.000000
1053 10947 175.000000
100 10358 174.000000
102 10873 174.000000
286 308 173.000000
100 10346 172.000000
100 10379 172.000000
102 10930 172.000000
551 552 172.000000
552 553 172.000000
553 554 172.000000
554 555 172.000000
555 556 172.000000
556 557 172.000000
100 10886 171.000000
100 10996 171.000000
100 10375 170.000000
100 10863 170.000000
102 10728 169.000000
102 10966 169.000000
200 222 169.000000
1009 10346 166.000000
1272 1273 166.000000
1574 1575 166.000000
1011 10561 165.000000
1205 1227 165.000000
121 122 164.000000
1009 10428 164.000000
1526 1527 164.000000
1011 10844 163.000000
1188 1209 163.000000
1208 1209 163.000000
217 239 162.000000
262 284 161.000000
747 769 161.000000
101 10153 159.000000
1009 10886 159.000000
1009 10375 158.000000
1009 10379 158.000000
1009 10863 158.000000
29 30 156.000000
1009 10363 155.000000
1054 10607 155.000000
101 10625 154.000000
613 635 154.000000
1076 10995 154.000000
1080 10874 154.000000
318 319 153.000000
101 10923 152.000000
1030 10668 152.000000
1055 10778 152.000000
1156 1178 152.000000
186 208 151.000000
879 901 151.000000
1032 10609 151.000000
90 91 150.000000
1006 10114 149.000000
412 413 148.000000
1009 10351 148.000000
1468 1469 147.000000
562 563 146.000000
563 564 146.000000
1075 10879 146.000000
1009 10310 145.000000
102 10800 144.000000
102 10904 144.000000
102 10988 144.000000
898 920 144.000000
1001 10932 144.000000
1008 10271 144.000000
1009 10996 144.000000
103 10328 143.000000
529 551 143.000000
1029 1051 143.000000
1095 10985 143.000000
1484 1506 143.000000
1210 1211 142.000000
1211 1212 142.000000
901 923 141.000000
1222 1244 141.000000
1052 10668 140.000000
856 857 139.000000
1051 1073 139.000000
1076 10770 138.000000
1356 1378 138.000000
199 200 137.000000
569 570 137.000000
638 639 137.000000
1009 10696 137.000000
1533 1534 137.000000
1359 1360 136.000000
471 472 135.000000
472 473 135.000000
473 474 135.000000
474 475 135.000000
475 476 135.000000
476 477 135.000000
857 879 135.000000
922 944 135.000000
1005 10450 135.000000
1030 1052 135.000000
1044 1066 135.000000
1053 10868 135.000000
1188 1189 135.000000
1189 1190 135.000000
566 567 134.000000
567 568 134.000000
568 569 134.000000
784 806 134.000000
1053 10730 134.000000
100 10078 133.000000
617 639 133.000000
1049 10522 133.000000
1076 10981 133.000000
1210 1231 133.000000
1229 1230 133.000000
1230 1231 133.000000
651 652 132.000000
1053 10600 132.000000
102 124 131.000000
506 527 131.000000
591 613 131.000000
100 10924 130.000000
144 166 129.000000
484 485 129.000000
484 505 129.000000
216 238 128.000000
657 679 128.000000
697 719 128.000000
1045 10474 128.000000
1053 10924 128.000000
100 10011 127.000000
349 371 127.000000
853 875 127.000000
1006 1028 127.000000
68 69 126.000000
175 197 126.000000
522 523 126.000000
965 987 126.000000
100 10997 125.000000
913 914 125.000000
66 67 124.000000
66 87 124.000000
67 68 124.000000
81 82 124.000000
82 83 124.000000
83 84 124.000000
84 85 124.000000
85 86 124.000000
86 87 124.000000
485 486 123.000000
506 507 123.000000
528 550 123.000000
102 10504 122.000000
876 898 121.000000
80 81 120.000000
1028 10509 120.000000
470 471 119.000000
880 901 119.000000
1009 10180 119.000000
1050 10659 118.000000
1555 1556 118.000000
1028 10568 117.000000
1207 1229 117.000000
507 508 116.000000
880 881 115.000000
881 882 115.000000
744 766 114.000000
882 904 114.000000
1028 10640 114.000000
1028 10664 114.000000
1028 10718 114.000000
1028 10965 114.000000
1032 10488 114.000000
1054 10995 114.000000
1246 1268 114.000000
121 143 113.000000
741 763 112.000000
1001 10711 112.000000
1207 1208 112.000000
102 10292 111.000000
102 10318 111.000000
1050 10901 111.000000
1001 10898 110.000000
1007 10469 110.000000
1015 1016 110.000000
1016 1017 110.000000
1017 1018 110.000000
1018 1019 110.000000
1019 1020 110.000000
1020 1021 110.000000
1021 1022 110.000000
102 10673 109.000000
102 10676 109.000000
102 10881 109.000000
338 339 109.000000
564 565 109.000000
11 1573 107.000000
1055 10927 107.000000
1551 1573 107.000000
281 303 106.000000
1122 1144 106.000000
173 195 105.000000
1071 10726 104.000000
1117 1139 104.000000
1442 1464 104.000000
902 923 103.000000
1009 10837 103.000000
1353 1375 103.000000
902 903 102.000000
903 904 102.000000
1011 10340 102.000000
1011 10553 102.000000
1032 10351 102.000000
458 459 101.000000
459 460 101.000000
460 461 101.000000
1005 10225 101.000000
1011 10431 101.000000
1029 10415 101.000000
1202 1224 101.000000
309 310 100.000000
310 311 100.000000
311 312 100.000000
312 313 100.000000
313 314 100.000000
314 315 100.000000
315 316 100.000000
573 595 100.000000
628 629 100.000000
919 941 100.000000
1010 10488 100.000000
1012 1034 100.000000
1029 10392 100.000000
1045 1067 100.000000
1028 10603 99.000000
1028 10645 99.000000
1028 10777 99.000000
1028 10808 99.000000
1028 10810 99.000000
1028 10841 99.000000
1028 10877 99.000000
1032 10398 99.000000
242 264 98.000000
1055 10846 98.000000
1333 1355 98.000000
15 16 97.000000
1028 1050 97.000000
1290 1312 97.000000
102 10307 96.000000
102 10458 96.000000
102 10614 96.000000
102 10686 96.000000
537 538 96.000000
538 539 96.000000
539 540 96.000000
617 618 95.000000
618 619 95.000000
619 620 95.000000
620 621 95.000000
621 622 95.000000
622 623 95.000000
725 747 95.000000
1007 10982 95.000000
1225 1247 95.000000
102 10219 94.000000
102 10485 94.000000
102 10521 94.000000
102 10362 93.000000
102 10642 93.000000
783 805 93.000000
878 900 93.000000
1052 1074 93.000000
101 10356 92.000000
102 10727 92.000000
102 10984 92.000000
1028 10934 92.000000
1053 10609 92.000000
102 10424 91.000000
102 10477 91.000000
102 10597 91.000000
102 10734 91.000000
102 10994 91.000000
1006 10703 91.000000
1029 10689 91.000000
1056 10583 91.000000
574 575 90.000000
575 576 90.000000
576 577 90.000000
577 578 90.000000
578 579 90.000000
1001 10146 90.000000
1010 10329 90.000000
1028 10484 90.000000
1052 10985 90.000000
102 10736 89.000000
102 10720 88.000000
629 630 88.000000
897 919 88.000000
1028 10505 88.000000
1028 10506 88.000000
1028 10783 88.000000
1029 10850 88.000000
1073 10901 88.000000
102 10508 87.000000
1113 1135 87.000000
1269 1291 87.000000
1531 1553 87.000000
102 10685 86.000000
194 216 86.000000
1007 10421 86.000000
1137 1159 86.000000
679 701 85.000000
1011 10204 85.000000
1058 1080 85.000000
1381 1382 85.000000
168 190 84.000000
521 522 84.000000
540 541 84.000000
541 542 84.000000
542 543 84.000000
877 899 84.000000
134 135 83.000000
544 545 83.000000
266 267 82.000000
267 268 82.000000
268 269 82.000000
269 270 82.000000
270 271 82.000000
271 272 82.000000
682 704 81.000000
1183 1205 81.000000
272 273 80.000000
273 274 80.000000
721 743 80.000000
1009 10130 80.000000
1009 10730 80.000000
1120 1142 80.000000
1555 1577 80.000000
102 10853 79.000000
133 155 79.000000
790 791 79.000000
1067 10731 79.000000
264 286 78.000000
440 441 78.000000
440 461 78.000000
441 442 78.000000
442 443 78.000000
921 943 78.000000
1009 10239 78.000000
1009 10475 78.000000
1009 10868 78.000000
1490 1491 78.000000
1491 1492 78.000000
1492 1493 78.000000
1493 1494 78.000000
101 10160 77.000000
178 200 77.000000
1009 10142 77.000000
1009 10432 77.000000
102 10952 76.000000
287 309 76.000000
1006 10325 76.000000
1009 10387 76.000000
1028 10681 76.000000
1032 10363 76.000000
1008 10613 75.000000
102 10641 74.000000
637 659 74.000000
1006 10745 74.000000
1007 10796 74.000000
1009 10308 74.000000
1051 10850 74.000000
856 878 73.000000
1009 10879 73.000000
1028 10380 73.000000
1051 10953 73.000000
1072 10883 73.000000
1009 10486 72.000000
1027 10831 72.000000
1029 10694 72.000000
1217 1218 72.000000
504 526 71.000000
993 994 71.000000
994 995 71.000000
995 996 71.000000
996 997 71.000000
997 998 71.000000
998 999 71.000000
1051 10689 71.000000
218 240 70.000000
527 549 70.000000
580 581 70.000000
581 582 70.000000
582 583 70.000000
583 584 70.000000
1049 10738 70.000000
102 10314 69.000000
154 176 69.000000
339 340 69.000000
340 341 69.000000
341 342 69.000000
342 343 69.000000
343 344 69.000000
344 345 69.000000
345 346 69.000000
392 414 69.000000
1028 10450 69.000000
1028 10476 69.000000
1028 10775 69.000000
1028 10848 69.000000
421 443 68.000000
500 501 68.000000
832 854 68.000000
1006 10369 68.000000
1006 10883 68.000000
1006 10969 68.000000
1049 10842 68.000000
199 221 67.000000
748 769 67.000000
1006 10946 67.000000
1006 10951 67.000000
1027 1049 67.000000
1032 10696 67.000000
130 152 66.000000
514 515 66.000000
515 516 66.000000
516 517 66.000000
517 518 66.000000
518 519 66.000000
519 520 66.000000
520 521 66.000000
608 630 66.000000
652 674 66.000000
1006 10357 66.000000
1006 10949 66.000000
1006 10902 65.000000
1007 10529 65.000000
1007 10542 65.000000
1007 10554 65.000000
1007 10665 65.000000
1080 1081 65.000000
1141 1163 65.000000
102 10434 64.000000
102 10747 64.000000
102 10836 64.000000
1154 1176 64.000000
1420 1442 64.000000
37 59 63.000000
102 10262 63.000000
584 585 63.000000
595 596 63.000000
596 597 63.000000
597 598 63.000000
598 599 63.000000
599 600 63.000000
600 601 63.000000
703 725 63.000000
768 790 63.000000
920 942 63.000000
1103 1104 63.000000
1104 1105 63.000000
1105 1106 63.000000
1106 1107 63.000000
1107 1108 63.000000
102 10491 62.000000
579 580 62.000000
1028 10821 62.000000
1081 1082 62.000000
1082 1083 62.000000
1083 1084 62.000000
1084 1085 62.000000
1085 1086 62.000000
1178 1200 62.000000
316 317 61.000000
317 318 61.000000
1027 10568 61.000000
1185 1207 61.000000
102 10439 60.000000
102 10511 60.000000
220 242 60.000000
653 675 60.000000
745 767 60.000000
46 47 59.000000
316 338 59.000000
585 586 59.000000
1086 1087 59.000000
1093 1115 59.000000
153 175 58.000000
1072 10951 58.000000
1072 10969 58.000000
101 10374 57.000000
755 756 57.000000
756 757 57.000000
757 758 57.000000
758 759 57.000000
759 760 57.000000
971 972 57.000000
972 973 57.000000
973 974 57.000000
974 975 57.000000
975 976 57.000000
976 977 57.000000
977 978 57.000000
992 993 57.000000
1074 1096 57.000000
1251 1273 57.000000
1008 10199 56.000000
1050 10721 56.000000
1108 1109 56.000000
762 784 55.000000
1029 10979 55.000000
103 10911 54.000000
978 979 54.000000
1009 10335 54.000000
1032 10818 54.000000
10 1572 53.000000
704 705 53.000000
1000 1022 53.000000
1032 10358 53.000000
1088 1110 53.000000
44 45 52.000000
44 65 52.000000
45 46 52.000000
59 60 52.000000
60 61 52.000000
61 62 52.000000
62 63 52.000000
63 64 52.000000
64 65 52.000000
550 572 52.000000
571 593 52.000000
586 608 51.000000
624 625 51.000000
625 626 51.000000
626 627 51.000000
627 628 51.000000
726 748 51.000000
733 734 51.000000
734 735 51.000000
735 736 51.000000
736 737 51.000000
737 738 51.000000
738 739 51.000000
1050 10955 51.000000
1067 10711 51.000000
1089 1111 51.000000
12 1574 50.000000
486 487 50.000000
1006 10399 50.000000
1578 1579 50.000000
1579 1580 50.000000
1580 1581 50.000000
198 220 49.000000
374 395 49.000000
543 544 49.000000
1050 10821 49.000000
1548 1549 49.000000
477 478 48.000000
478 479 48.000000
530 531 48.000000
531 532 48.000000
532 533 48.000000
533 534 48.000000
534 535 48.000000
535 536 48.000000
1022 10856 48.000000
949 950 47.000000
950 951 47.000000
951 952 47.000000
952 953 47.000000
953 954 47.000000
954 955 47.000000
955 956 47.000000
956 957 47.000000
1023 10590 47.000000
102 10820 46.000000
102 10980 46.000000
102 10989 46.000000
557 558 46.000000
739 761 45.000000
1029 10627 45.000000
1067 10932 45.000000
1072 10745 45.000000
1201 1223 45.000000
904 905 44.000000
1009 10263 44.000000
1009 10349 44.000000
1009 10733 44.000000
1009 10769 44.000000
108 130 43.000000
701 723 43.000000
1093 10934 43.000000
1512 1513 43.000000
1513 1514 43.000000
1514 1515 43.000000
1515 1516 43.000000
174 196 42.000000
1059 1060 42.000000
1060 1061 42.000000
1061 1062 42.000000
1062 1063 42.000000
1063 1064 42.000000
1072 10946 42.000000
1072 10949 42.000000
1190 1191 42.000000
1191 1192 42.000000
1192 1193 42.000000
1193 1194 42.000000
1194 1195 42.000000
1528 1550 42.000000
129 151 41.000000
1009 10246 41.000000
1009 10550 41.000000
1036 1037 41.000000
1037 1038 41.000000
1038 1039 41.000000
1039 1040 41.000000
1040 1041 41.000000
1041 1042 41.000000
1042 1043 41.000000
1051 10618 41.000000
1073 10982 41.000000
399 421 40.000000
508 509 40.000000
509 510 40.000000
510 511 40.000000
511 512 40.000000
512 513 40.000000
905 906 40.000000
906 907 40.000000
907 908 40.000000
908 909 40.000000
909 910 40.000000
910 911 40.000000
911 912 40.000000
912 913 40.000000
615 637 39.000000
718 740 39.000000
1022 10635 39.000000
1052 10702 39.000000
1052 10763 39.000000
1052 10895 39.000000
1052 10977 39.000000
1097 1119 39.000000
1331 1353 39.000000
1064 1065 38.000000
1396 1418 38.000000
134 156 37.000000
805 827 37.000000
875 897 37.000000
877 878 37.000000
1010 10269 37.000000
1049 10565 37.000000
1054 1076 37.000000
1071 10842 37.000000
47 69 36.000000
536 537 36.000000
1007 1029 36.000000
1031 10335 36.000000
1049 10831 36.000000
1152 1174 36.000000
1180 1202 36.000000
346 347 35.000000
396 397 35.000000
397 398 35.000000
398 399 35.000000
1006 10694 35.000000
1009 10113 35.000000
1009 10218 35.000000
1009 10347 35.000000
1009 10372 35.000000
1009 10702 35.000000
1009 10763 35.000000
1009 10895 35.000000
1009 10977 35.000000
1032 10428 35.000000
1049 10575 35.000000
1049 10788 35.000000
1050 10681 35.000000
1051 10979 35.000000
1309 1331 35.000000
100 10998 34.000000
260 282 34.000000
492 493 34.000000
499 500 34.000000
595 617 34.000000
1031 10364 34.000000
1031 10894 34.000000
1032 10346 34.000000
1032 10375 34.000000
1032 10379 34.000000
1032 10863 34.000000
1032 10996 34.000000
1142 1164 34.000000
46 68 33.000000
100 10409 33.000000
265 266 33.000000
304 326 33.000000
949 971 33.000000
1031 10910 33.000000
1469 1470 33.000000
1470 1471 33.000000
1471 1472 33.000000
1472 1494 33.000000
124 146 32.000000
594 616 32.000000
760 761 32.000000
790 812 32.000000
1023 10944 32.000000
1031 10972 32.000000
1095 1117 32.000000
1195 1196 32.000000
1463 1485 32.000000
1009 10426 31.000000
1010 1032 31.000000
1028 10703 31.000000
1028 10816 31.000000
1029 10529 31.000000
1029 10665 31.000000
1029 10752 31.000000
1052 10532 31.000000
1123 1124 31.000000
1124 1125 31.000000
1125 1126 31.000000
1126 1127 31.000000
1127 1128 31.000000
1128 1129 31.000000
1129 1130 31.000000
1354 1376 31.000000
103 10794 30.000000
834 856 30.000000
1138 1160 30.000000
100 10481 29.000000
101 10501 29.000000
101 10754 29.000000
103 10566 29.000000
103 10591 29.000000
103 10767 29.000000
103 10826 29.000000
103 10963 29.000000
668 669 29.000000
669 670 29.000000
670 671 29.000000
671 672 29.000000
672 673 29.000000
682 683 29.000000
1001 10183 29.000000
1009 10221 29.000000
1023 10835 29.000000
1028 10902 29.000000
1028 10921 29.000000
1029 10446 29.000000
1031 10702 29.000000
1031 10717 29.000000
1181 1203 29.000000
1294 1316 29.000000
1464 1486 29.000000
101 10610 28.000000
101 10755 28.000000
101 10918 28.000000
421 422 28.000000
422 423 28.000000
423 424 28.000000
424 425 28.000000
483 505 28.000000
1012 10176 28.000000
1012 10455 28.000000
1166 1188 28.000000
274 296 27.000000
1030 10669 27.000000
1031 10347 27.000000
1031 10372 27.000000
1031 10550 27.000000
1031 10763 27.000000
1031 10895 27.000000
1031 10977 27.000000
1048 1070 27.000000
1049 10811 27.000000
1072 10811 27.000000
1072 10955 27.000000
101 10793 26.000000
103 10870 26.000000
295 296 26.000000
810 832 26.000000
1031 10532 26.000000
1053 10818 26.000000
1076 10762 26.000000
1076 10947 26.000000
1087 1109 26.000000
100 10762 25.000000
100 10947 25.000000
101 10632 25.000000
101 10649 25.000000
508 530 25.000000
760 782 25.000000
1009 10279 25.000000
1009 10532 25.000000
1023 10391 25.000000
1023 10449 25.000000
1031 10414 25.000000
1098 10995 25.000000
1174 1196 25.000000
1397 1419 25.000000
1422 1444 25.000000
1443 1465 25.000000
1468 1490 25.000000
101 10809 24.000000
103 10875 24.000000
111 133 24.000000
635 657 24.000000
1001 10186 24.000000
1008 10143 24.000000
1009 10301 24.000000
1009 10824 24.000000
1028 10325 24.000000
1053 10740 24.000000
1058 1059 24.000000
1159 1181 24.000000
1289 1311 24.000000
101 10620 23.000000
101 10682 23.000000
101 10729 23.000000
101 10834 23.000000
461 483 23.000000
1009 10184 23.000000
1009 10237 23.000000
1009 10789 23.000000
1010 10502 23.000000
1010 10740 23.000000
1028 10745 23.000000
1032 10502 23.000000
1032 10740 23.000000
1094 10979 23.000000
513 514 22.000000
602 603 22.000000
603 604 22.000000
604 605 22.000000
605 606 22.000000
1009 10940 22.000000
1049 10955 22.000000
1053 1075 22.000000
1076 10998 22.000000
382 383 21.000000
383 384 21.000000
384 385 21.000000
385 386 21.000000
386 387 21.000000
387 388 21.000000
388 389 21.000000
389 390 21.000000
601 602 21.000000
748 749 21.000000
749 750 21.000000
750 751 21.000000
751 752 21.000000
752 753 21.000000
753 754 21.000000
754 755 21.000000
940 962 21.000000
1028 10331 21.000000
1028 10883 21.000000
1028 10969 21.000000
1029 10330 21.000000
1029 10542 21.000000
1065 1066 21.000000
1268 1290 21.000000
1283 1284 21.000000
252 274 20.000000
1007 10979 20.000000
1028 10357 20.000000
1028 10369 20.000000
1028 10946 20.000000
1028 10949 20.000000
1028 10951 20.000000
1029 10554 20.000000
1029 10982 20.000000
1031 10426 20.000000
1034 1056 20.000000
1034 10583 20.000000
1131 1153 20.000000
1153 1175 20.000000
1357 1379 20.000000
1553 1575 20.000000
55 77 19.000000
100 10083 19.000000
634 656 19.000000
705 706 19.000000
706 707 19.000000
707 708 19.000000
708 709 19.000000
709 710 19.000000
710 711 19.000000
962 984 19.000000
1000 10166 19.000000
1023 10852 19.000000
1028 10280 19.000000
1032 10329 19.000000
1032 10886 19.000000
1034 10436 19.000000
1054 10997 19.000000
1074 10985 19.000000
1577 1578 19.000000
13 1575 18.000000
1009 10121 18.000000
1009 10364 18.000000
1009 10414 18.000000
1009 10894 18.000000
1009 10972 18.000000
1010 10886 18.000000
1130 1152 18.000000
1462 1484 18.000000
1529 1551 18.000000
673 674 17.000000
878 879 17.000000
936 958 17.000000
1023 10234 17.000000
1023 10999 17.000000
1065 1087 17.000000
1446 1447 17.000000
471 493 16.000000
629 651 16.000000
1008 10669 16.000000
1022 10276 16.000000
1056 10578 16.000000
1069 1091 16.000000
1071 1093 16.000000
1091 1113 16.000000
1265 1287 16.000000
1334 1356 16.000000
101 10461 15.000000
156 178 15.000000
243 265 15.000000
487 488 15.000000
488 489 15.000000
489 490 15.000000
490 491 15.000000
491 492 15.000000
507 529 15.000000
1006 10249 15.000000
1012 10523 15.000000
1036 10378 15.000000
1071 10718 15.000000
1071 10965 15.000000
1072 10721 15.000000
1072 10821 15.000000
1073 10850 15.000000
1073 10979 15.000000
1076 10997 15.000000
101 10466 14.000000
101 10827 14.000000
155 177 14.000000
479 480 14.000000
480 481 14.000000
481 482 14.000000
482 483 14.000000
675 697 14.000000
804 805 14.000000
826 848 14.000000
1000 10852 14.000000
1005 10476 14.000000
1005 10484 14.000000
1005 10505 14.000000
1005 10506 14.000000
1005 10640 14.000000
1005 10775 14.000000
1005 10783 14.000000
1005 10848 14.000000
1005 10902 14.000000
1005 10921 14.000000
1007 10487 14.000000
1007 10627 14.000000
1050 1072 14.000000
1055 10844 14.000000
1071 10788 14.000000
1071 10831 14.000000
1099 1121 14.000000
1108 1130 14.000000
330 331 13.000000
331 332 13.000000
332 333 13.000000
333 334 13.000000
334 335 13.000000
335 336 13.000000
336 337 13.000000
337 338 13.000000
674 696 13.000000
700 722 13.000000
1000 10835 13.000000
1006 10280 13.000000
1006 10681 13.000000
1006 10821 13.000000
1007 10618 13.000000
1023 10272 13.000000
1053 10863 13.000000
1053 10886 13.000000
1098 10981 13.000000
3 4 12.000000
4 5 12.000000
5 6 12.000000
6 7 12.000000
7 8 12.000000
187 209 12.000000
540 562 12.000000
673 695 12.000000
1005 10179 12.000000
1005 10250 12.000000
1005 10568 12.000000
1005 10664 12.000000
1005 10718 12.000000
1005 10831 12.000000
1005 10965 12.000000
1023 10411 12.000000
1043 1044 12.000000
1043 10856 12.000000
1053 10996 12.000000
1158 1180 12.000000
551 573 11.000000
659 681 11.000000
681 703 11.000000
696 718 11.000000
905 927 11.000000
966 988 11.000000
1006 10270 11.000000
1049 10603 11.000000
1049 10777 11.000000
1049 10808 11.000000
1049 10810 11.000000
1049 10841 11.000000
1049 10877 11.000000
1055 10553 11.000000
1073 10953 11.000000
1081 1103 11.000000
1110 1132 11.000000
377 399 10.000000
740 762 10.000000
1009 10717 10.000000
1012 10340 10.000000
1012 10553 10.000000
1012 10844 10.000000
1023 10711 10.000000
1092 1114 10.000000
1184 1206 10.000000
1232 1253 10.000000
1251 1252 10.000000
1252 1253 10.000000
1444 1466 10.000000
1485 1507 10.000000
462 463 9.000000
462 483 9.000000
463 464 9.000000
565 587 9.000000
848 870 9.000000
964 986 9.000000
1000 10161 9.000000
1000 10276 9.000000
1007 10446 9.000000
1012 10327 9.000000
1050 10554 9.000000
1050 10982 9.000000
1052 10613 9.000000
1053 10696 9.000000
1210 1232 9.000000
1239 1240 9.000000
172 194 8.000000
294 316 8.000000
396 417 8.000000
414 415 8.000000
415 416 8.000000
416 417 8.000000
470 492 8.000000
506 528 8.000000
586 587 8.000000
923 945 8.000000
1006 10277 8.000000
1006 10659 8.000000
1006 10721 8.000000
1043 10635 8.000000
1071 10816 8.000000
1071 10934 8.000000
1094 1116 8.000000
1097 10998 8.000000
110 132 7.000000
176 198 7.000000
552 574 7.000000
683 684 7.000000
684 685 7.000000
685 686 7.000000
686 687 7.000000
687 688 7.000000
688 689 7.000000
882 883 7.000000
883 905 7.000000
942 964 7.000000
1005 10167 7.000000
1005 10386 7.000000
1005 10407 7.000000
1005 10575 7.000000
1005 10788 7.000000
1005 10842 7.000000
1006 10811 7.000000
1006 10955 7.000000
1049 1071 7.000000
1050 10542 7.000000
1071 10775 7.000000
1071 10783 7.000000
1071 10848 7.000000
1071 10902 7.000000
1071 10921 7.000000
1071 10951 7.000000
1086 1108 7.000000
1094 10982 7.000000
1440 1462 7.000000
348 370 6.000000
352 353 6.000000
353 354 6.000000
354 355 6.000000
374 375 6.000000
375 376 6.000000
376 377 6.000000
457 458 6.000000
485 507 6.000000
723 745 6.000000
743 765 6.000000
860 882 6.000000
1023 10474 6.000000
1027 10386 6.000000
1027 10842 6.000000
1029 10487 6.000000
1029 10618 6.000000
1049 10883 6.000000
1050 10529 6.000000
1050 10665 6.000000
1050 10752 6.000000
1093 10946 6.000000
1093 10949 6.000000
1093 10955 6.000000
1093 10969 6.000000
1421 1443 6.000000
1487 1509 6.000000
33 55 5.000000
237 259 5.000000
259 281 5.000000
330 352 5.000000
399 400 5.000000
400 401 5.000000
401 402 5.000000
402 403 5.000000
403 404 5.000000
404 426 5.000000
426 448 5.000000
448 470 5.000000
602 624 5.000000
661 662 5.000000
662 663 5.000000
663 664 5.000000
664 665 5.000000
665 666 5.000000
666 667 5.000000
667 668 5.000000
812 834 5.000000
838 860 5.000000
902 924 5.000000
1001 10150 5.000000
1027 10407 5.000000
1027 10575 5.000000
1027 10788 5.000000
1028 10659 5.000000
1028 10721 5.000000
1028 10811 5.000000
1028 10955 5.000000
1056 10751 5.000000
1056 10778 5.000000
1197 1219 5.000000
1526 1548 5.000000
59 81 4.000000
112 134 4.000000
355 377 4.000000
580 602 4.000000
585 607 4.000000
607 629 4.000000
630 652 4.000000
827 849 4.000000
836 837 4.000000
836 857 4.000000
837 838 4.000000
880 902 4.000000
914 936 4.000000
1027 10664 4.000000
1027 10718 4.000000
1027 10965 4.000000
1044 10944 4.000000
1049 10946 4.000000
1049 10949 4.000000
1049 10969 4.000000
1064 1086 4.000000
1093 10951 4.000000
1155 1177 4.000000
1173 1174 4.000000
1177 1199 4.000000
1378 1400 4.000000
128 150 3.000000
456 457 3.000000
569 591 3.000000
927 928 3.000000
928 929 3.000000
929 930 3.000000
930 931 3.000000
931 932 3.000000
932 933 3.000000
933 934 3.000000
934 935 3.000000
935 936 3.000000
967 989 3.000000
1066 1088 3.000000
1072 1094 3.000000
1229 1251 3.000000
1398 1420 3.000000
1506 1528 3.000000
272 294 2.000000
355 356 2.000000
356 357 2.000000
357 358 2.000000
358 359 2.000000
359 360 2.000000
558 559 2.000000
559 560 2.000000
560 561 2.000000
561 562 2.000000
726 727 2.000000
727 728 2.000000
728 729 2.000000
729 730 2.000000
730 731 2.000000
731 732 2.000000
732 733 2.000000
1001 10207 2.000000
1001 10272 2.000000
1001 10411 2.000000
1001 10474 2.000000
1011 1033 2.000000
1073 1095 2.000000
1114 1136 2.000000
1115 1137 2.000000
1399 1421 2.000000
1488 1510 2.000000
15 1577 1.000000
188 210 1.000000
404 405 1.000000
405 406 1.000000
406 407 1.000000
407 408 1.000000
408 409 1.000000
409 410 1.000000
410 411 1.000000
411 412 1.000000
711 712 1.000000
712 713 1.000000
713 714 1.000000
714 715 1.000000
715 716 1.000000
716 717 1.000000
792 793 1.000000
792 813 1.000000
793 794 1.000000
794 816 1.000000
816 838 1.000000
858 859 1.000000
858 879 1.000000
859 860 1.000000
918 940 1.000000
945 967 1.000000
963 985 1.000000
1001 10234 1.000000
1001 10999 1.000000
1044 10835 1.000000
1044 10852 1.000000
1047 1069 1.000000
1049 10703 1.000000
1049 10816 1.000000
1049 10934 1.000000
1049 10951 1.000000
1050 10694 1.000000
1067 1089 1.000000
1109 1131 1.000000
1232 1233 1.000000
1233 1234 1.000000
1234 1235 1.000000
1235 1236 1.000000
1236 1237 1.000000
1237 1238 1.000000
1238 1239 1.000000
1244 1266 1.000000
1254 1255 1.000000
1254 1275 1.000000
1255 1256 1.000000
1256 1257 1.000000
1257 1258 1.000000
1258 1259 1.000000
1259 1260 1.000000
1260 1261 1.000000
1272 1294 1.000000
1273 1274 1.000000
1274 1275 1.000000
1330 1352 1.000000
1352 1374 1.000000
1374 1396 1.000000
1401 1423 1.000000
1540 1541 1.000000
1540 1561 1.000000
1541 1542 1.000000
1542 1543 1.000000
1543 1544 1.000000
1544 1545 1.000000
1545 1546 1.000000
1546 1547 1.000000
1547 1548 1.000000
1560 1561 1.000000
