96 97 21436.000000
97 98 21436.000000
98 99 21436.000000
6 7 16627.000000
95 96 13689.000000
1068 1069 13145.000000
1112 1113 12758.000000
100 101 12405.000000
7 8 11668.000000
1110 1111 11447.000000
1111 1112 11165.000000
1259 1260 10674.000000
1260 1261 10674.000000
1024 1025 10517.000000
936 937 10055.000000
1089 1090 10027.000000
1067 1068 9936.000000
101 102 9930.000000
870 871 9770.000000
892 893 9591.000000
53 54 9243.000000
54 55 9243.000000
55 56 9243.000000
1066 1067 9079.000000
849 850 9005.000000
848 849 8846.000000
74 75 8746.000000
75 76 8746.000000
76 77 8746.000000
77 78 8746.000000
914 915 8720.000000
52 53 8555.000000
1109 1110 8553.000000
1126 1127 8532.000000
937 938 8454.000000
100 10127 8408.000000
1261 1262 8290.000000
188 189 7860.000000
1133 1134 7853.000000
713 714 7830.000000
714 715 7830.000000
871 872 7814.000000
1128 1129 7782.000000
1046 1047 7727.000000
1023 1024 7699.000000
1065 1066 7666.000000
1127 1128 7587.000000
1090 1091 7551.000000
1262 1263 7458.000000
893 894 7377.000000
73 74 7369.000000
1025 1026 7349.000000
1088 1089 7346.000000
935 936 7332.000000
1132 1133 7192.000000
1263 1264 7132.000000
913 914 6996.000000
56 57 6975.000000
734 735 6869.000000
735 736 6869.000000
736 737 6869.000000
1131 1132 6852.000000
1129 1130 6714.000000
803 804 6689.000000
869 870 6577.000000
5 6 6551.000000
804 805 6390.000000
1130 1131 6331.000000
957 958 6225.000000
1044 1045 6214.000000
275 276 6177.000000
1045 1046 6153.000000
847 848 6094.000000
934 935 6037.000000
140 141 6007.000000
141 142 6007.000000
142 143 6007.000000
891 892 6002.000000
143 144 5967.000000
912 913 5894.000000
778 779 5868.000000
779 780 5868.000000
1125 1126 5859.000000
1087 1088 5658.000000
1108 1109 5614.000000
1106 1107 5565.000000
1155 1156 5539.000000
1104 1105 5523.000000
1105 1106 5523.000000
189 190 5496.000000
800 801 5492.000000
801 802 5492.000000
802 803 5482.000000
868 869 5478.000000
1150 1151 5465.000000
760 761 5437.000000
498 499 5426.000000
1216 1217 5306.000000
712 713 5292.000000
1154 1155 5288.000000
1107 1108 5285.000000
28 29 5274.000000
1151 1152 5248.000000
1148 1149 5235.000000
1002 1003 5163.000000
1022 1023 5153.000000
139 140 5085.000000
1149 1150 5058.000000
51 52 5044.000000
1371 1372 5011.000000
1153 1154 4947.000000
1215 1216 4843.000000
777 778 4645.000000
781 782 4616.000000
102 103 4595.000000
958 959 4584.000000
733 734 4576.000000
956 957 4554.000000
495 496 4533.000000
496 497 4533.000000
1370 1371 4525.000000
1217 1218 4521.000000
1084 1085 4514.000000
850 851 4502.000000
780 781 4452.000000
1177 1178 4451.000000
776 777 4438.000000
1175 1176 4423.000000
1176 1177 4423.000000
497 498 4406.000000
1152 1153 4360.000000
690 691 4330.000000
691 692 4330.000000
692 693 4330.000000
1085 1086 4323.000000
915 916 4266.000000
78 79 4260.000000
756 757 4259.000000
757 758 4259.000000
758 759 4259.000000
908 909 4253.000000
909 910 4253.000000
910 911 4253.000000
1086 1087 4215.000000
938 939 4201.000000
94 95 4183.000000
1082 1083 4179.000000
1083 1084 4179.000000
1503 1504 4141.000000
1069 1070 4123.000000
1238 1239 4120.000000
1547 1548 4089.000000
144 145 4004.000000
1264 1265 4004.000000
563 564 3863.000000
1218 1219 3857.000000
1043 1044 3855.000000
805 806 3848.000000
190 191 3831.000000
1349 1350 3824.000000
907 908 3803.000000
799 800 3791.000000
1001 1002 3787.000000
1069 1091 3723.000000
715 716 3722.000000
981 982 3674.000000
916 917 3655.000000
1103 1104 3627.000000
1239 1240 3615.000000
669 670 3571.000000
670 671 3571.000000
1147 1148 3547.000000
1174 1175 3539.000000
1021 1022 3530.000000
894 895 3499.000000
711 712 3497.000000
732 733 3400.000000
1219 1220 3399.000000
1546 1547 3366.000000
79 80 3361.000000
29 30 3355.000000
146 147 3334.000000
1220 1221 3304.000000
118 119 3298.000000
119 120 3298.000000
120 121 3298.000000
121 122 3298.000000
72 73 3284.000000
1000 1001 3280.000000
671 672 3257.000000
979 980 3223.000000
50 51 3202.000000
1064 1065 3154.000000
145 146 3142.000000
1347 1348 3127.000000
1156 1157 3114.000000
980 981 3103.000000
1081 1082 3103.000000
1481 1482 3074.000000
183 184 3066.000000
184 185 3066.000000
185 186 3066.000000
186 187 3066.000000
1372 1373 3057.000000
1414 1415 3039.000000
57 58 3038.000000
759 760 3027.000000
1369 1370 2987.000000
499 500 2931.000000
1199 1200 2930.000000
1348 1349 2884.000000
1198 1199 2875.000000
895 896 2840.000000
806 828 2839.000000
1240 1241 2831.000000
1346 1347 2810.000000
137 138 2753.000000
1456 1457 2753.000000
117 118 2744.000000
1025 1047 2729.000000
1197 1198 2700.000000
1393 1394 2680.000000
1392 1393 2673.000000
737 738 2659.000000
1328 1329 2650.000000
1241 1242 2647.000000
187 188 2645.000000
1003 1004 2637.000000
1457 1458 2630.000000
1500 1501 2627.000000
716 717 2617.000000
1415 1416 2595.000000
1501 1502 2552.000000
1061 1062 2516.000000
1329 1330 2500.000000
122 123 2494.000000
103 104 2490.000000
232 233 2487.000000
1242 1243 2475.000000
886 887 2457.000000
887 888 2457.000000
888 889 2457.000000
889 890 2457.000000
890 891 2451.000000
930 931 2416.000000
931 932 2416.000000
932 933 2413.000000
8 9 2409.000000
668 669 2393.000000
939 940 2348.000000
1003 10042 2326.000000
864 865 2317.000000
865 866 2317.000000
866 867 2317.000000
782 783 2308.000000
3 4 2303.000000
4 5 2297.000000
1062 1063 2293.000000
1026 1027 2288.000000
56 78 2278.000000
978 979 2273.000000
562 563 2267.000000
560 561 2264.000000
561 562 2264.000000
27 28 2262.000000
959 960 2261.000000
585 586 2260.000000
1063 1064 2256.000000
159 160 2224.000000
1524 1525 2216.000000
761 762 2191.000000
1458 1459 2190.000000
689 690 2146.000000
825 826 2089.000000
911 912 2080.000000
276 277 2078.000000
1172 1173 2074.000000
499 521 2073.000000
138 139 2057.000000
1478 1479 2015.000000
933 934 2013.000000
1479 1480 2013.000000
867 868 2001.000000
843 844 1988.000000
844 845 1988.000000
845 846 1988.000000
1499 1500 1984.000000
798 799 1968.000000
738 739 1964.000000
1502 1503 1959.000000
982 983 1955.000000
1525 1526 1948.000000
1282 1283 1946.000000
158 159 1926.000000
116 117 1921.000000
29 51 1917.000000
205 206 1883.000000
206 207 1883.000000
207 208 1883.000000
208 209 1883.000000
827 828 1861.000000
850 872 1841.000000
1391 1392 1838.000000
651 652 1830.000000
694 695 1817.000000
1042 1043 1812.000000
1173 1174 1804.000000
166 167 1796.000000
104 105 1782.000000
1480 1481 1781.000000
1373 1374 1778.000000
755 756 1771.000000
1171 1172 1770.000000
826 827 1758.000000
1413 1414 1737.000000
564 565 1715.000000
58 80 1712.000000
917 918 1701.000000
586 587 1685.000000
1327 1328 1681.000000
1284 1285 1673.000000
1039 1040 1657.000000
1040 1041 1656.000000
1041 1042 1656.000000
1194 1195 1650.000000
1124 1125 1641.000000
147 148 1624.000000
842 843 1623.000000
500 501 1619.000000
1044 10446 1617.000000
695 696 1610.000000
652 653 1608.000000
276 298 1595.000000
93 94 1587.000000
169 170 1587.000000
846 847 1572.000000
148 149 1564.000000
645 646 1555.000000
587 588 1552.000000
1038 1039 1546.000000
1459 1460 1541.000000
161 162 1527.000000
162 163 1527.000000
163 164 1527.000000
164 165 1527.000000
541 542 1523.000000
211 212 1517.000000
542 543 1512.000000
1477 1478 1508.000000
955 956 1500.000000
49 50 1492.000000
693 694 1490.000000
667 668 1489.000000
1326 1327 1489.000000
1037 1038 1480.000000
1283 1284 1474.000000
167 168 1469.000000
123 124 1468.000000
71 72 1456.000000
951 952 1454.000000
952 953 1454.000000
953 954 1454.000000
1023 10487 1454.000000
954 955 1446.000000
1060 1061 1444.000000
1390 1391 1442.000000
1195 1196 1426.000000
650 651 1409.000000
1004 1005 1407.000000
1243 1244 1396.000000
582 583 1392.000000
583 584 1392.000000
960 961 1392.000000
50 72 1389.000000
1196 1197 1380.000000
603 604 1376.000000
604 605 1376.000000
605 606 1376.000000
625 626 1368.000000
626 627 1368.000000
627 628 1367.000000
165 166 1366.000000
168 169 1366.000000
1455 1456 1365.000000
1091 1092 1361.000000
182 183 1359.000000
1221 1222 1359.000000
983 984 1353.000000
340 341 1348.000000
189 211 1346.000000
30 31 1332.000000
31 32 1332.000000
32 33 1332.000000
33 34 1332.000000
81 82 1326.000000
849 871 1324.000000
80 81 1323.000000
34 35 1322.000000
124 125 1309.000000
1434 1435 1308.000000
181 182 1305.000000
607 608 1302.000000
1504 1505 1298.000000
581 582 1287.000000
1350 1351 1286.000000
1394 1395 1268.000000
210 211 1260.000000
160 161 1256.000000
647 648 1251.000000
648 649 1251.000000
649 650 1251.000000
672 673 1245.000000
973 974 1239.000000
974 975 1239.000000
975 976 1239.000000
501 502 1233.000000
1548 1549 1229.000000
209 210 1227.000000
565 566 1217.000000
521 522 1216.000000
1435 1436 1212.000000
584 585 1200.000000
105 106 1194.000000
580 581 1191.000000
191 192 1190.000000
1047 1048 1189.000000
673 674 1182.000000
58 59 1174.000000
233 234 1157.000000
101 123 1149.000000
0 21 1134.000000
19 20 1134.000000
20 21 1134.000000
1416 1417 1134.000000
1482 1483 1130.000000
115 116 1124.000000
0 1 1120.000000
103 125 1109.000000
608 609 1104.000000
1281 1282 1103.000000
59 60 1102.000000
1 2 1097.000000
2 3 1097.000000
1191 1192 1086.000000
1192 1193 1086.000000
235 236 1079.000000
543 544 1061.000000
1024 10613 1060.000000
170 171 1038.000000
895 917 1032.000000
1080 1081 1028.000000
82 83 1022.000000
192 193 1012.000000
717 718 1011.000000
646 647 1001.000000
231 232 997.000000
1306 1307 993.000000
494 495 986.000000
57 79 973.000000
821 822 972.000000
822 823 972.000000
823 824 972.000000
1059 1060 970.000000
1521 1522 966.000000
1522 1523 966.000000
1412 1413 964.000000
1325 1326 961.000000
1460 1461 955.000000
110 111 953.000000
111 112 953.000000
112 113 953.000000
113 114 953.000000
1417 1418 953.000000
1307 1308 951.000000
761 783 950.000000
110 131 946.000000
128 129 946.000000
129 130 946.000000
130 131 946.000000
559 560 945.000000
125 126 942.000000
1351 1352 941.000000
602 603 935.000000
1303 1304 934.000000
522 523 931.000000
606 607 931.000000
234 235 930.000000
60 61 918.000000
976 977 916.000000
114 115 913.000000
1305 1306 911.000000
896 918 909.000000
977 978 905.000000
10 11 893.000000
11 12 893.000000
12 13 893.000000
136 137 891.000000
190 212 877.000000
1542 1543 868.000000
149 150 866.000000
893 915 866.000000
1543 1544 863.000000
1436 1437 858.000000
1544 1545 858.000000
1067 10953 851.000000
61 62 843.000000
203 204 836.000000
204 205 836.000000
1304 1305 825.000000
1520 1521 817.000000
236 237 814.000000
132 153 803.000000
150 151 803.000000
151 152 803.000000
152 153 803.000000
1070 1071 798.000000
1001 10953 797.000000
132 133 796.000000
133 134 796.000000
134 135 796.000000
135 136 796.000000
918 919 792.000000
100 10181 787.000000
1044 10542 783.000000
938 960 775.000000
519 520 774.000000
1156 1178 766.000000
1368 1369 762.000000
51 73 756.000000
1433 1434 755.000000
232 254 752.000000
806 807 751.000000
1023 10979 751.000000
807 829 750.000000
126 127 749.000000
451 452 747.000000
452 453 747.000000
453 454 747.000000
1134 1135 746.000000
885 886 739.000000
13 35 737.000000
824 825 737.000000
929 930 737.000000
1169 1170 737.000000
1170 1171 737.000000
820 821 725.000000
1190 1191 723.000000
319 320 718.000000
454 455 715.000000
28 50 714.000000
147 169 707.000000
213 214 707.000000
624 625 703.000000
1415 1437 703.000000
544 545 702.000000
1330 1331 701.000000
1476 1477 701.000000
1048 1049 697.000000
1545 1546 697.000000
1523 1524 696.000000
1028 1029 692.000000
1029 1030 692.000000
1102 1103 684.000000
1193 1215 678.000000
101 10447 671.000000
1027 1028 668.000000
558 559 667.000000
83 84 662.000000
629 630 649.000000
514 515 634.000000
44 45 631.000000
44 65 631.000000
45 46 631.000000
46 47 631.000000
47 48 631.000000
48 49 631.000000
63 64 631.000000
64 65 631.000000
212 213 620.000000
630 631 608.000000
828 829 606.000000
894 916 597.000000
1049 1050 592.000000
1050 1051 592.000000
22 23 590.000000
22 43 590.000000
23 24 590.000000
24 25 590.000000
25 26 590.000000
26 27 590.000000
41 42 590.000000
42 43 590.000000
73 95 588.000000
1504 1526 584.000000
515 516 583.000000
455 477 581.000000
1074 1075 572.000000
202 203 566.000000
1092 1093 563.000000
1093 1094 563.000000
1094 1095 563.000000
805 827 559.000000
520 521 558.000000
717 739 556.000000
255 256 553.000000
739 740 549.000000
1461 1462 547.000000
984 985 543.000000
985 986 543.000000
136 158 542.000000
972 973 537.000000
1002 10180 536.000000
674 675 529.000000
1562 1563 527.000000
1060 10882 526.000000
1071 1072 525.000000
1072 1073 525.000000
1073 1074 525.000000
950 951 524.000000
1025 10356 524.000000
906 907 517.000000
674 696 514.000000
1200 1201 513.000000
1562 1583 513.000000
1581 1582 513.000000
1582 1583 513.000000
1027 10828 512.000000
145 167 511.000000
1089 10967 505.000000
500 522 504.000000
256 257 496.000000
103 10648 494.000000
1547 1569 493.000000
563 585 483.000000
71 93 479.000000
872 894 478.000000
1036 1037 477.000000
998 999 476.000000
137 159 474.000000
101 10813 473.000000
277 278 473.000000
214 215 470.000000
609 610 469.000000
1023 10512 469.000000
149 171 466.000000
1000 10493 465.000000
1042 1064 465.000000
102 124 464.000000
1216 1238 463.000000
1002 10317 462.000000
1233 1234 460.000000
1234 1235 460.000000
1235 1236 460.000000
1236 1237 460.000000
180 181 459.000000
863 864 459.000000
1262 1284 459.000000
1089 10957 455.000000
101 10341 454.000000
1023 10413 454.000000
1568 1569 453.000000
919 920 450.000000
653 654 446.000000
1017 1018 445.000000
1018 1019 445.000000
1019 1020 445.000000
1020 1021 444.000000
631 632 443.000000
1548 1570 443.000000
101 10611 442.000000
1237 1238 435.000000
278 279 430.000000
279 280 430.000000
1027 10743 429.000000
106 10786 427.000000
408 409 425.000000
409 410 425.000000
1024 10661 425.000000
1285 1286 424.000000
102 10579 419.000000
298 299 419.000000
299 300 419.000000
300 301 419.000000
127 128 418.000000
1419 1420 418.000000
1420 1421 418.000000
1421 1422 418.000000
516 517 415.000000
517 518 415.000000
518 519 415.000000
851 852 414.000000
146 168 413.000000
896 897 406.000000
897 898 406.000000
1046 10917 404.000000
1001 10199 399.000000
1023 10815 399.000000
754 755 398.000000
961 962 398.000000
102 10884 397.000000
103 10430 396.000000
892 914 396.000000
1056 1057 394.000000
1056 1077 394.000000
1057 1058 394.000000
1075 1076 394.000000
1076 1077 394.000000
588 589 393.000000
257 258 391.000000
254 255 390.000000
1022 10811 390.000000
1347 1369 388.000000
1003 10625 382.000000
236 258 381.000000
101 10832 380.000000
1001 10417 376.000000
537 538 373.000000
102 10543 372.000000
1003 10620 370.000000
1003 10682 370.000000
1286 1287 369.000000
410 411 368.000000
538 539 368.000000
539 540 368.000000
406 407 367.000000
493 494 366.000000
1003 10729 364.000000
1308 1309 360.000000
102 10548 359.000000
1146 1147 359.000000
589 611 358.000000
1005 10324 357.000000
35 36 356.000000
995 996 356.000000
996 997 356.000000
997 998 356.000000
1502 1524 355.000000
1193 1194 354.000000
716 738 351.000000
102 10588 350.000000
1437 1438 350.000000
540 541 344.000000
1042 10724 344.000000
1095 1096 344.000000
101 10572 343.000000
628 629 340.000000
1023 10344 339.000000
993 994 338.000000
994 995 336.000000
976 998 334.000000
103 10444 333.000000
898 899 333.000000
1002 10577 332.000000
103 10531 329.000000
1067 1089 329.000000
1017 10211 327.000000
1005 1006 326.000000
1006 1007 326.000000
1007 1008 326.000000
101 10124 321.000000
72 94 320.000000
1113 1114 320.000000
1004 10129 319.000000
443 444 317.000000
444 445 317.000000
445 446 317.000000
689 711 317.000000
176 197 316.000000
194 195 316.000000
195 196 316.000000
196 197 316.000000
66 67 315.000000
66 87 315.000000
67 68 315.000000
68 69 315.000000
69 70 315.000000
70 71 315.000000
84 85 315.000000
85 86 315.000000
86 87 315.000000
176 177 315.000000
177 178 315.000000
178 179 315.000000
179 180 315.000000
671 693 315.000000
1085 10867 315.000000
1374 1375 313.000000
193 215 311.000000
446 447 310.000000
447 448 310.000000
448 449 310.000000
167 189 307.000000
1172 1194 307.000000
169 191 301.000000
1237 1259 298.000000
1000 10694 293.000000
1026 10309 291.000000
455 456 290.000000
1026 10887 290.000000
115 137 288.000000
102 10353 287.000000
102 10978 287.000000
1064 10700 282.000000
501 523 281.000000
1027 10534 280.000000
1027 10931 280.000000
188 210 279.000000
39 40 276.000000
211 233 276.000000
962 963 276.000000
963 964 276.000000
159 181 274.000000
168 190 274.000000
411 433 274.000000
36 37 273.000000
37 38 273.000000
38 39 273.000000
1003 10100 273.000000
566 567 271.000000
1265 1266 271.000000
673 695 270.000000
1043 10703 270.000000
191 213 269.000000
1068 1090 268.000000
35 57 267.000000
40 41 267.000000
1152 1174 267.000000
1168 1169 267.000000
1395 1396 264.000000
1047 10494 262.000000
1047 10526 262.000000
1047 10615 262.000000
1047 10622 262.000000
1047 10739 262.000000
1047 10795 262.000000
1047 10847 262.000000
1047 10991 262.000000
101 10630 261.000000
1005 10578 259.000000
1005 10778 259.000000
1114 1115 259.000000
1115 1116 259.000000
1116 1117 259.000000
1117 1118 259.000000
1211 1212 259.000000
1212 1213 259.000000
1213 1214 259.000000
1214 1215 259.000000
1002 10118 258.000000
1003 10481 258.000000
558 580 255.000000
1058 1059 254.000000
1005 10541 251.000000
1047 10915 251.000000
1003 10609 250.000000
1065 10903 249.000000
536 537 248.000000
1526 1527 244.000000
103 10589 240.000000
715 737 238.000000
1112 1134 238.000000
1432 1433 238.000000
1051 10874 237.000000
1048 10534 235.000000
1048 10931 235.000000
468 469 232.000000
469 470 232.000000
105 127 231.000000
632 633 231.000000
1058 10616 231.000000
225 226 229.000000
226 227 229.000000
227 228 229.000000
228 229 229.000000
229 230 229.000000
230 231 229.000000
429 430 229.000000
430 431 229.000000
431 432 229.000000
1065 10681 229.000000
1302 1303 227.000000
101 10275 226.000000
101 10780 226.000000
928 929 226.000000
718 719 225.000000
1062 1084 224.000000
1091 10987 224.000000
101 10552 223.000000
1390 1412 223.000000
128 150 222.000000
874 896 218.000000
864 886 214.000000
1091 10993 213.000000
828 850 212.000000
1027 10541 212.000000
1091 10974 212.000000
88 89 211.000000
89 90 211.000000
90 91 211.000000
91 92 211.000000
106 107 211.000000
107 108 211.000000
108 109 211.000000
1003 10770 211.000000
1003 10923 211.000000
1059 10896 211.000000
102 10261 210.000000
1047 10764 210.000000
1391 1413 210.000000
1047 10907 209.000000
852 853 208.000000
853 854 208.000000
1113 1135 208.000000
102 10562 207.000000
852 874 206.000000
1064 10831 205.000000
1003 10409 204.000000
1070 10993 203.000000
1002 10985 202.000000
1069 10827 202.000000
512 513 201.000000
513 514 201.000000
1004 10251 201.000000
1037 10381 201.000000
52 74 200.000000
60 82 200.000000
41 63 199.000000
1069 10834 199.000000
1004 10961 198.000000
1069 10873 198.000000
1566 1567 198.000000
543 565 197.000000
253 254 196.000000
1524 1546 196.000000
1540 1561 195.000000
1559 1560 195.000000
1560 1561 195.000000
102 10549 194.000000
1036 10557 194.000000
1081 1103 194.000000
101 10478 193.000000
1022 10401 193.000000
584 606 192.000000
1070 10987 192.000000
1091 10973 191.000000
1091 10992 191.000000
1070 10986 190.000000
1540 1541 189.000000
1541 1542 189.000000
777 799 188.000000
1008 10205 188.000000
1008 10874 188.000000
1565 1566 187.000000
1002 10347 186.000000
18 40 185.000000
1026 10737 185.000000
1433 1455 185.000000
101 10197 183.000000
1004 10047 183.000000
1128 1150 183.000000
49 71 182.000000
623 624 182.000000
125 147 181.000000
255 277 181.000000
936 958 181.000000
940 962 181.000000
1069 10966 181.000000
1091 10986 180.000000
1239 1261 180.000000
1069 10869 178.000000
92 93 177.000000
1026 10674 177.000000
1069 10707 177.000000
1149 1171 177.000000
891 913 176.000000
1069 10881 176.000000
1458 1480 176.000000
102 10214 175.000000
102 10507 175.000000
102 10768 175.000000
102 10945 175.000000
1044 10512 175.000000
102 10480 174.000000
1026 10761 173.000000
187 209 172.000000
1001 1023 172.000000
1004 10607 172.000000
1026 10296 172.000000
1026 10812 172.000000
1026 10845 172.000000
1064 10908 172.000000
102 10773 171.000000
1089 10917 171.000000
1130 1152 171.000000
100 10231 170.000000
1004 10403 170.000000
1026 10360 170.000000
1026 10675 170.000000
1026 10787 170.000000
1026 10802 170.000000
102 10422 169.000000
1065 10825 169.000000
30 52 168.000000
484 505 168.000000
502 503 168.000000
503 504 168.000000
504 505 168.000000
588 610 167.000000
1026 10304 167.000000
1026 10471 167.000000
1047 10761 167.000000
1047 10812 167.000000
1047 10845 167.000000
102 10370 166.000000
102 10570 166.000000
102 10688 166.000000
102 10854 166.000000
102 10962 166.000000
456 478 166.000000
544 566 166.000000
1024 10668 166.000000
1498 1499 166.000000
101 10247 165.000000
1065 10883 165.000000
398 420 164.000000
1287 1288 164.000000
224 225 163.000000
1563 1564 163.000000
1564 1565 163.000000
18 19 161.000000
1004 10108 161.000000
1015 10896 161.000000
1026 10961 161.000000
1545 1567 161.000000
1000 10415 160.000000
668 690 159.000000
804 826 159.000000
1004 10456 159.000000
1047 10471 159.000000
934 956 158.000000
1026 10533 158.000000
1047 10840 158.000000
1047 10959 158.000000
1069 10930 158.000000
675 676 157.000000
1004 10657 157.000000
1004 10936 157.000000
1037 10882 157.000000
1047 10657 157.000000
1047 10899 157.000000
1047 10936 157.000000
1218 1240 157.000000
13 14 156.000000
104 10635 156.000000
104 10856 156.000000
1026 10990 156.000000
1546 1568 156.000000
1026 10801 155.000000
101 10708 154.000000
484 485 154.000000
1004 10899 153.000000
1004 10840 152.000000
1004 10959 152.000000
1069 10728 152.000000
1004 10420 151.000000
1015 1016 151.000000
1043 10745 151.000000
1024 10917 150.000000
1069 10918 150.000000
1569 1570 150.000000
198 199 149.000000
199 200 149.000000
200 201 149.000000
760 782 149.000000
1001 10668 149.000000
1022 10277 149.000000
1047 10827 149.000000
1016 1017 148.000000
1001 10661 146.000000
1078 1079 146.000000
920 921 145.000000
14 15 144.000000
15 16 144.000000
16 17 144.000000
631 653 144.000000
1047 10918 144.000000
1078 1099 144.000000
1096 1097 144.000000
1097 1098 144.000000
1098 1099 144.000000
198 219 143.000000
215 216 143.000000
216 217 143.000000
217 218 143.000000
218 219 143.000000
847 869 143.000000
1036 10495 143.000000
1047 10695 143.000000
17 18 142.000000
154 155 142.000000
155 156 142.000000
156 157 142.000000
157 158 142.000000
566 588 142.000000
154 175 141.000000
171 172 141.000000
172 173 141.000000
173 174 141.000000
174 175 141.000000
456 457 141.000000
1000 10074 141.000000
1047 10675 141.000000
1047 10787 141.000000
1047 10802 141.000000
1438 1439 141.000000
863 885 139.000000
457 458 138.000000
1047 10707 138.000000
1047 10737 138.000000
1065 10775 138.000000
1065 10783 138.000000
1065 10848 138.000000
102 10537 137.000000
106 10896 137.000000
124 146 137.000000
477 478 137.000000
1082 1104 137.000000
776 798 136.000000
1047 10524 136.000000
105 10592 135.000000
1178 1179 135.000000
432 433 133.000000
497 519 133.000000
782 804 133.000000
1022 10280 133.000000
462 463 132.000000
1047 10674 132.000000
871 893 131.000000
650 672 130.000000
1003 10358 129.000000
1004 1026 129.000000
986 987 127.000000
1439 1440 127.000000
1005 1027 126.000000
450 451 125.000000
1069 10695 125.000000
1324 1325 125.000000
940 941 122.000000
941 942 122.000000
942 943 122.000000
364 365 121.000000
365 366 121.000000
366 367 121.000000
1065 10951 121.000000
1065 10969 121.000000
1066 10665 121.000000
1066 10752 121.000000
1499 1521 121.000000
803 825 120.000000
939 961 120.000000
1021 10407 120.000000
1023 10417 120.000000
1042 10624 120.000000
1065 10725 120.000000
672 694 119.000000
690 712 119.000000
908 930 119.000000
1065 10777 119.000000
1065 10841 119.000000
1087 10955 119.000000
462 483 118.000000
480 481 118.000000
481 482 118.000000
482 483 118.000000
506 507 118.000000
603 625 118.000000
1000 10413 118.000000
1091 1113 118.000000
1371 1393 118.000000
498 520 117.000000
628 650 117.000000
916 938 117.000000
1030 10874 117.000000
123 145 116.000000
1034 1035 116.000000
1034 1055 116.000000
1035 1036 116.000000
1053 1054 116.000000
1054 1055 116.000000
1069 10793 116.000000
1069 10809 115.000000
1070 10749 115.000000
485 486 114.000000
935 957 114.000000
1021 10831 114.000000
1052 1053 114.000000
1070 10937 114.000000
1135 1136 114.000000
1136 1137 114.000000
1137 1138 114.000000
1138 1139 114.000000
1139 1140 114.000000
1283 1305 114.000000
1567 1568 114.000000
433 434 113.000000
478 479 113.000000
479 480 113.000000
739 761 113.000000
434 435 112.000000
435 436 112.000000
1047 10801 112.000000
1065 10738 112.000000
464 465 111.000000
465 466 111.000000
466 467 111.000000
467 468 111.000000
1002 10917 111.000000
1008 10085 111.000000
1039 1061 111.000000
1047 10990 111.000000
1065 10808 111.000000
1065 10877 111.000000
1065 10934 111.000000
1070 10929 111.000000
1100 1121 111.000000
1119 1120 111.000000
1120 1121 111.000000
784 806 110.000000
1021 10386 110.000000
1021 10726 110.000000
1043 10810 110.000000
181 203 109.000000
506 527 109.000000
523 524 109.000000
524 525 109.000000
525 526 109.000000
526 527 109.000000
1100 1101 109.000000
1101 1102 109.000000
116 138 108.000000
890 912 108.000000
1022 10493 108.000000
1043 10883 108.000000
647 669 107.000000
694 716 107.000000
1023 10819 107.000000
1043 1065 107.000000
1122 1123 107.000000
1122 1143 107.000000
1140 1141 107.000000
1141 1142 107.000000
1142 1143 107.000000
651 673 106.000000
1047 10492 106.000000
1047 10610 106.000000
1047 10983 106.000000
1051 1052 105.000000
1065 10902 105.000000
1067 10815 105.000000
61 83 104.000000
407 408 104.000000
476 477 104.000000
820 842 104.000000
826 848 104.000000
1069 10754 104.000000
301 302 103.000000
759 781 103.000000
783 805 103.000000
827 849 103.000000
62 63 102.000000
354 376 102.000000
618 619 102.000000
619 620 102.000000
620 621 102.000000
621 622 102.000000
622 623 102.000000
1021 10299 102.000000
1021 10903 102.000000
318 319 101.000000
1047 10793 101.000000
171 193 100.000000
367 368 100.000000
368 369 100.000000
369 370 100.000000
370 371 100.000000
1043 10951 100.000000
1069 10755 100.000000
1091 10929 99.000000
829 830 98.000000
830 831 98.000000
831 832 98.000000
1037 10592 98.000000
1069 10983 98.000000
36 58 97.000000
762 784 97.000000
1000 10689 97.000000
1021 10565 97.000000
586 608 96.000000
825 847 95.000000
1043 10902 95.000000
1043 10969 95.000000
1200 1222 95.000000
1326 1348 94.000000
321 322 93.000000
322 323 93.000000
323 324 93.000000
653 675 93.000000
1026 10649 93.000000
1026 10834 93.000000
1043 10921 93.000000
1155 1177 93.000000
1418 1419 93.000000
1004 10533 92.000000
237 238 91.000000
238 239 91.000000
902 903 91.000000
902 923 91.000000
903 904 91.000000
904 905 91.000000
905 906 91.000000
921 922 91.000000
922 923 91.000000
1026 10632 91.000000
1043 10816 91.000000
1065 10921 91.000000
280 302 90.000000
912 934 90.000000
1092 10931 90.000000
101 10135 89.000000
101 10235 89.000000
101 10838 89.000000
899 921 89.000000
1021 10842 89.000000
1022 10821 89.000000
1090 10930 89.000000
1375 1376 88.000000
1376 1377 88.000000
1377 1378 88.000000
1378 1400 88.000000
19 41 87.000000
220 241 87.000000
239 240 87.000000
240 241 87.000000
376 377 87.000000
377 378 87.000000
378 379 87.000000
379 380 87.000000
380 381 87.000000
381 382 87.000000
382 383 87.000000
1025 10470 87.000000
1044 10901 87.000000
1047 10754 87.000000
610 611 85.000000
1037 1059 85.000000
1047 10501 85.000000
1047 10809 85.000000
1111 1133 85.000000
696 697 84.000000
1071 10828 84.000000
288 289 83.000000
289 290 83.000000
290 291 83.000000
291 292 83.000000
292 293 83.000000
293 294 83.000000
294 295 83.000000
295 296 83.000000
1001 10459 83.000000
1021 10539 83.000000
1022 10659 83.000000
1022 10721 83.000000
1022 10955 83.000000
1023 10415 83.000000
1023 10618 83.000000
1023 10689 83.000000
1023 10850 83.000000
1026 10869 83.000000
1501 1523 83.000000
101 10209 82.000000
101 10823 82.000000
101 10843 82.000000
246 247 82.000000
247 248 82.000000
248 249 82.000000
249 250 82.000000
250 251 82.000000
251 252 82.000000
519 541 82.000000
1022 10681 82.000000
1025 10609 82.000000
1044 10982 82.000000
220 221 81.000000
221 222 81.000000
349 371 81.000000
810 832 81.000000
762 763 80.000000
1043 10946 80.000000
1043 10949 80.000000
1044 10554 80.000000
1047 10755 80.000000
1151 1173 80.000000
106 10639 79.000000
363 364 79.000000
486 487 79.000000
487 488 79.000000
488 489 79.000000
489 490 79.000000
946 947 79.000000
946 967 79.000000
947 948 79.000000
948 949 79.000000
958 980 79.000000
965 966 79.000000
966 967 79.000000
1005 10751 79.000000
1065 10703 79.000000
1065 10816 79.000000
222 223 78.000000
223 224 78.000000
470 471 78.000000
490 491 78.000000
491 492 78.000000
1024 10985 78.000000
1175 1197 78.000000
106 128 77.000000
1025 10998 77.000000
362 363 76.000000
1026 10456 76.000000
1087 1109 76.000000
829 851 75.000000
968 969 75.000000
968 989 75.000000
969 970 75.000000
970 971 75.000000
987 988 75.000000
988 989 75.000000
738 760 74.000000
950 972 74.000000
807 808 73.000000
808 809 73.000000
809 810 73.000000
1580 1581 73.000000
59 81 72.000000
763 785 72.000000
785 807 72.000000
1026 1048 72.000000
27 49 71.000000
1131 1153 71.000000
1281 1303 71.000000
471 472 70.000000
870 892 70.000000
955 977 70.000000
523 545 69.000000
1042 10450 69.000000
1091 10984 69.000000
201 202 68.000000
951 973 68.000000
1021 10250 68.000000
1021 10575 68.000000
1021 10664 68.000000
1021 10718 68.000000
1021 10788 68.000000
1021 10965 68.000000
1022 10694 68.000000
1026 10420 68.000000
327 349 67.000000
933 955 67.000000
957 979 67.000000
1021 10640 67.000000
1024 10577 67.000000
1026 10899 67.000000
1030 1031 67.000000
1369 1391 67.000000
442 443 66.000000
1021 10568 66.000000
1026 10503 66.000000
1091 10994 66.000000
1086 1108 65.000000
1091 10926 65.000000
1091 10937 65.000000
1091 10958 65.000000
1026 10657 64.000000
1026 10840 64.000000
1026 10936 64.000000
1026 10959 64.000000
281 282 63.000000
282 283 63.000000
1348 1370 63.000000
1047 10649 62.000000
1047 10834 62.000000
1048 10498 62.000000
1048 10556 62.000000
258 280 61.000000
324 325 61.000000
325 326 61.000000
326 327 61.000000
376 398 61.000000
913 935 61.000000
1003 10818 61.000000
1012 1013 61.000000
1012 1033 61.000000
1013 1014 61.000000
1031 1032 61.000000
1032 1033 61.000000
1047 10632 61.000000
1047 10869 61.000000
166 188 60.000000
210 232 60.000000
528 549 60.000000
546 547 60.000000
547 548 60.000000
548 549 60.000000
1048 1070 60.000000
1461 1483 60.000000
102 10655 59.000000
193 194 59.000000
949 950 59.000000
1042 10575 59.000000
1042 10664 59.000000
1042 10718 59.000000
1042 10965 59.000000
1157 1179 59.000000
1327 1349 59.000000
411 412 58.000000
1023 10953 58.000000
396 417 57.000000
410 432 57.000000
415 416 57.000000
416 417 57.000000
433 455 57.000000
545 546 57.000000
880 881 57.000000
880 901 57.000000
881 882 57.000000
882 883 57.000000
883 884 57.000000
899 900 57.000000
900 901 57.000000
1025 10762 57.000000
427 428 56.000000
1084 1106 56.000000
1059 1081 55.000000
320 321 54.000000
914 936 54.000000
964 965 54.000000
428 429 53.000000
884 885 53.000000
215 237 52.000000
1060 1082 52.000000
1091 10918 52.000000
1437 1459 52.000000
528 529 51.000000
1027 1049 51.000000
1049 10828 51.000000
1346 1368 51.000000
264 285 50.000000
283 284 50.000000
284 285 50.000000
534 535 50.000000
535 536 50.000000
1000 10148 50.000000
1000 10249 50.000000
1024 10317 50.000000
127 149 49.000000
629 651 49.000000
1021 10522 49.000000
1089 1111 49.000000
170 192 48.000000
1021 10725 48.000000
1021 10738 48.000000
1023 10459 48.000000
1066 10901 48.000000
1118 1119 48.000000
1352 1353 48.000000
165 187 47.000000
477 499 47.000000
959 981 47.000000
1021 10225 47.000000
1021 10298 47.000000
1021 10450 47.000000
1021 10476 47.000000
1021 10484 47.000000
1021 10505 47.000000
1021 10506 47.000000
1021 10775 47.000000
1021 10783 47.000000
1021 10848 47.000000
1022 10529 47.000000
1022 10542 47.000000
1022 10665 47.000000
1022 10752 47.000000
180 202 46.000000
412 413 46.000000
413 414 46.000000
414 415 46.000000
814 815 46.000000
814 835 46.000000
815 816 46.000000
816 817 46.000000
817 818 46.000000
818 819 46.000000
832 833 46.000000
833 834 46.000000
834 835 46.000000
1021 10268 46.000000
1021 10380 46.000000
1021 10603 46.000000
1021 10645 46.000000
1021 10808 46.000000
1021 10877 46.000000
1021 10934 46.000000
1022 10249 46.000000
264 265 45.000000
265 266 45.000000
1021 10777 45.000000
1021 10841 45.000000
1044 10953 45.000000
1069 10770 45.000000
1074 10874 45.000000
1483 1484 45.000000
1484 1485 45.000000
1485 1486 45.000000
1486 1487 45.000000
280 281 44.000000
296 297 44.000000
521 543 44.000000
873 895 44.000000
924 925 44.000000
924 945 44.000000
925 926 44.000000
926 927 44.000000
927 928 44.000000
943 944 44.000000
944 945 44.000000
630 652 43.000000
1014 1015 43.000000
1023 1045 43.000000
971 972 42.000000
244 245 41.000000
266 288 41.000000
492 493 41.000000
601 602 41.000000
1042 10476 41.000000
1042 10848 41.000000
1042 10921 41.000000
1049 10541 41.000000
1071 10743 41.000000
1396 1397 41.000000
1397 1398 41.000000
1398 1399 41.000000
1399 1400 41.000000
143 165 40.000000
242 243 40.000000
243 244 40.000000
297 298 40.000000
463 464 40.000000
529 530 40.000000
851 873 40.000000
1000 10446 40.000000
1068 10917 40.000000
158 180 39.000000
1042 10703 39.000000
1066 10982 39.000000
1196 1218 39.000000
214 236 38.000000
607 629 38.000000
1003 10600 38.000000
1021 10270 38.000000
1042 10505 38.000000
1042 10506 38.000000
1042 10775 38.000000
1042 10783 38.000000
1042 10816 38.000000
492 514 37.000000
781 803 37.000000
906 928 37.000000
1047 1069 37.000000
1063 1085 37.000000
74 96 36.000000
977 999 36.000000
1065 10745 36.000000
1065 10946 36.000000
1065 10949 36.000000
1331 1332 36.000000
1505 1527 36.000000
1518 1519 36.000000
242 263 35.000000
258 259 35.000000
259 260 35.000000
260 261 35.000000
261 262 35.000000
262 263 35.000000
396 397 35.000000
397 398 35.000000
449 450 35.000000
660 661 35.000000
660 681 35.000000
676 677 35.000000
677 678 35.000000
678 679 35.000000
679 680 35.000000
680 681 35.000000
40 62 34.000000
384 385 34.000000
541 563 34.000000
574 575 34.000000
575 576 34.000000
576 577 34.000000
577 578 34.000000
578 579 34.000000
695 717 34.000000
846 868 34.000000
1003 10924 34.000000
1064 10724 34.000000
148 170 33.000000
579 580 33.000000
971 993 33.000000
1069 10729 33.000000
1091 10936 33.000000
1157 1158 33.000000
1158 1159 33.000000
1159 1160 33.000000
1160 1161 33.000000
1161 1162 33.000000
917 939 32.000000
1042 10603 32.000000
1044 1066 32.000000
1086 10951 32.000000
1086 10969 32.000000
1091 10959 32.000000
1240 1262 32.000000
646 668 31.000000
1043 10493 31.000000
1065 10810 31.000000
1481 1503 31.000000
389 390 30.000000
390 391 30.000000
391 392 30.000000
559 581 30.000000
1070 10961 30.000000
1518 1539 30.000000
1537 1538 30.000000
1537 1559 30.000000
1538 1539 30.000000
868 890 29.000000
192 214 28.000000
252 253 28.000000
330 331 28.000000
385 386 28.000000
386 387 28.000000
387 388 28.000000
388 389 28.000000
572 573 28.000000
572 593 28.000000
573 574 28.000000
589 590 28.000000
590 591 28.000000
591 592 28.000000
592 593 28.000000
1003 10488 28.000000
1005 10846 28.000000
1022 10554 28.000000
1044 10819 28.000000
1065 10721 28.000000
1065 10955 28.000000
1329 1351 28.000000
114 136 27.000000
374 375 27.000000
552 574 27.000000
872 873 27.000000
1065 10659 27.000000
1066 10689 27.000000
1066 10850 27.000000
383 384 26.000000
420 421 26.000000
421 422 26.000000
422 423 26.000000
423 424 26.000000
424 425 26.000000
425 426 26.000000
426 427 26.000000
458 480 26.000000
514 536 26.000000
711 733 26.000000
1043 10694 26.000000
1058 1080 26.000000
585 607 25.000000
965 987 25.000000
1049 10743 25.000000
1069 10923 25.000000
1087 10901 25.000000
1394 1416 25.000000
342 343 24.000000
343 344 24.000000
344 345 24.000000
540 562 24.000000
581 603 24.000000
842 864 24.000000
990 991 24.000000
991 992 24.000000
992 993 24.000000
1008 1009 24.000000
1009 1010 24.000000
1010 1011 24.000000
1028 10324 24.000000
1065 10811 24.000000
1070 10739 24.000000
1070 10795 24.000000
1070 10847 24.000000
1070 10991 24.000000
1 1563 23.000000
389 411 23.000000
530 552 23.000000
661 662 23.000000
662 663 23.000000
663 664 23.000000
664 665 23.000000
665 666 23.000000
666 667 23.000000
873 874 23.000000
1036 1058 23.000000
1045 10577 23.000000
1087 10982 23.000000
1091 10966 23.000000
1305 1327 23.000000
374 396 22.000000
606 628 22.000000
1003 10083 22.000000
1086 10946 22.000000
1086 10949 22.000000
367 389 21.000000
645 667 21.000000
740 762 21.000000
1016 10227 21.000000
1021 10369 21.000000
1044 10459 21.000000
1505 1506 21.000000
1519 1520 21.000000
1045 10985 20.000000
1091 10915 20.000000
1103 1125 20.000000
1307 1329 20.000000
472 473 19.000000
473 474 19.000000
474 475 19.000000
475 476 19.000000
530 531 19.000000
531 532 19.000000
532 533 19.000000
533 534 19.000000
624 646 19.000000
1003 10947 19.000000
1008 10090 19.000000
1043 10821 19.000000
1070 10887 19.000000
1085 10908 19.000000
1259 1281 19.000000
1434 1456 19.000000
567 589 18.000000
580 602 18.000000
602 624 18.000000
885 907 18.000000
1014 1036 18.000000
1022 10901 18.000000
1048 10887 18.000000
1086 10902 18.000000
283 305 17.000000
305 327 17.000000
418 419 17.000000
1004 10273 17.000000
1005 10927 17.000000
144 166 16.000000
268 269 16.000000
269 270 16.000000
270 271 16.000000
271 272 16.000000
272 273 16.000000
273 274 16.000000
274 275 16.000000
418 439 16.000000
436 437 16.000000
437 438 16.000000
438 439 16.000000
877 899 16.000000
1022 10330 16.000000
1022 10982 16.000000
1044 10979 16.000000
1064 10726 16.000000
1086 10921 16.000000
1462 1463 16.000000
1463 1464 16.000000
1464 1465 16.000000
1465 1466 16.000000
1526 1548 16.000000
330 352 15.000000
352 373 15.000000
371 372 15.000000
372 373 15.000000
478 500 15.000000
609 631 15.000000
1070 10787 15.000000
1070 10801 15.000000
1070 10802 15.000000
1070 10869 15.000000
1070 10990 15.000000
1088 1110 15.000000
1091 10990 15.000000
1091 10991 15.000000
0 1562 14.000000
462 484 14.000000
858 859 14.000000
858 879 14.000000
859 860 14.000000
860 861 14.000000
861 862 14.000000
862 863 14.000000
877 878 14.000000
878 879 14.000000
961 983 14.000000
1002 10335 14.000000
1002 10763 14.000000
1002 10895 14.000000
1004 10503 14.000000
1004 10981 14.000000
1026 10981 14.000000
1042 10522 14.000000
1048 10533 14.000000
1048 10961 14.000000
1145 1146 14.000000
1178 1200 14.000000
1480 1502 14.000000
330 351 13.000000
349 350 13.000000
350 351 13.000000
434 456 13.000000
542 564 13.000000
783 784 13.000000
1020 10361 13.000000
1021 10256 13.000000
1021 10703 13.000000
1021 10816 13.000000
1021 10902 13.000000
1021 10921 13.000000
1021 10951 13.000000
1021 10969 13.000000
1080 1102 13.000000
1086 10877 13.000000
1086 10934 13.000000
1088 10953 13.000000
1349 1371 13.000000
1435 1457 13.000000
1525 1547 13.000000
14 36 12.000000
412 434 12.000000
419 420 12.000000
545 567 12.000000
610 632 12.000000
667 689 12.000000
696 718 12.000000
1000 10850 12.000000
1021 10331 12.000000
1021 10357 12.000000
1021 10810 12.000000
1021 10946 12.000000
1021 10949 12.000000
1026 10620 12.000000
1026 10625 12.000000
1026 10682 12.000000
1026 10729 12.000000
1026 10770 12.000000
1042 10738 12.000000
1042 10808 12.000000
1042 10877 12.000000
1042 10903 12.000000
1042 10934 12.000000
1064 1086 12.000000
1070 10761 12.000000
1070 10936 12.000000
1244 1266 12.000000
1571 1572 12.000000
1572 1573 12.000000
1573 1574 12.000000
1574 1575 12.000000
1575 1576 12.000000
1576 1577 12.000000
1577 1578 12.000000
1578 1579 12.000000
1579 1580 12.000000
308 309 11.000000
308 329 11.000000
309 310 11.000000
327 328 11.000000
328 329 11.000000
587 609 11.000000
594 595 11.000000
734 756 11.000000
824 846 11.000000
874 875 11.000000
875 876 11.000000
954 976 11.000000
1000 10618 11.000000
1026 10923 11.000000
1091 10983 11.000000
1459 1481 11.000000
34 56 10.000000
266 267 10.000000
267 268 10.000000
594 615 10.000000
611 612 10.000000
612 613 10.000000
613 614 10.000000
614 615 10.000000
802 824 10.000000
819 820 10.000000
1000 10392 10.000000
1015 10258 10.000000
1015 10381 10.000000
1042 10484 10.000000
1042 10568 10.000000
1042 10788 10.000000
1045 10668 10.000000
1306 1328 10.000000
1328 1350 10.000000
245 246 9.000000
393 415 9.000000
506 528 9.000000
848 870 9.000000
854 855 9.000000
855 877 9.000000
876 877 9.000000
1003 10470 9.000000
1003 10762 9.000000
1003 10998 9.000000
1368 1390 9.000000
1454 1455 9.000000
298 320 8.000000
440 461 8.000000
458 459 8.000000
459 460 8.000000
460 461 8.000000
522 544 8.000000
536 558 8.000000
560 582 8.000000
763 764 8.000000
764 765 8.000000
765 766 8.000000
766 788 8.000000
788 810 8.000000
960 982 8.000000
1000 10487 8.000000
1015 10592 8.000000
1053 1075 8.000000
1071 10931 8.000000
1284 1306 8.000000
1410 1432 8.000000
1479 1501 8.000000
39 61 7.000000
110 132 7.000000
440 441 7.000000
441 442 7.000000
446 468 7.000000
918 940 7.000000
1000 10901 7.000000
1004 10259 7.000000
1004 10995 7.000000
1045 10661 7.000000
1048 10840 7.000000
1048 10959 7.000000
1309 1310 7.000000
198 220 6.000000
310 332 6.000000
332 354 6.000000
371 393 6.000000
718 740 6.000000
962 984 6.000000
1015 1037 6.000000
1031 1053 6.000000
1042 10539 6.000000
1042 10726 6.000000
1043 10659 6.000000
1043 10681 6.000000
1043 10721 6.000000
1043 10955 6.000000
1044 10487 6.000000
1044 10618 6.000000
1044 10689 6.000000
1044 10850 6.000000
1393 1415 6.000000
1440 1441 6.000000
1441 1442 6.000000
1442 1443 6.000000
1443 1444 6.000000
1457 1479 6.000000
1518 1540 6.000000
1570 1571 6.000000
242 264 5.000000
374 395 5.000000
393 394 5.000000
394 395 5.000000
457 479 5.000000
479 501 5.000000
1000 10627 5.000000
1047 10620 5.000000
1047 10625 5.000000
1047 10682 5.000000
1047 10729 5.000000
1047 10770 5.000000
1047 10923 5.000000
1070 10737 5.000000
1070 10812 5.000000
1070 10845 5.000000
1070 10899 5.000000
1086 10903 5.000000
1102 1124 5.000000
1144 1145 5.000000
1144 1165 5.000000
1162 1163 5.000000
1163 1164 5.000000
1164 1165 5.000000
1410 1411 5.000000
1411 1412 5.000000
1544 1566 5.000000
1559 1581 5.000000
239 261 4.000000
244 266 4.000000
261 283 4.000000
286 287 4.000000
286 307 4.000000
287 288 4.000000
302 303 4.000000
303 304 4.000000
304 305 4.000000
305 306 4.000000
306 307 4.000000
623 645 4.000000
638 639 4.000000
638 659 4.000000
654 655 4.000000
655 656 4.000000
656 657 4.000000
657 658 4.000000
658 659 4.000000
884 906 4.000000
1000 10022 4.000000
1000 10330 4.000000
1000 10554 4.000000
1000 10982 4.000000
1003 1025 4.000000
1042 10565 4.000000
1042 10831 4.000000
1263 1285 4.000000
1304 1326 4.000000
222 244 3.000000
471 493 3.000000
472 494 3.000000
932 954 3.000000
1000 10529 3.000000
1000 10542 3.000000
1000 10665 3.000000
1000 10752 3.000000
1090 1112 3.000000
1108 1130 3.000000
1150 1172 3.000000
1302 1324 3.000000
1325 1347 3.000000
1388 1389 3.000000
1388 1410 3.000000
1389 1390 3.000000
1412 1434 3.000000
1436 1458 3.000000
17 39 2.000000
310 311 2.000000
311 312 2.000000
312 313 2.000000
313 314 2.000000
314 315 2.000000
315 316 2.000000
316 317 2.000000
317 318 2.000000
392 393 2.000000
454 476 2.000000
476 498 2.000000
520 542 2.000000
550 551 2.000000
550 571 2.000000
551 552 2.000000
552 553 2.000000
553 554 2.000000
554 555 2.000000
555 556 2.000000
556 557 2.000000
567 568 2.000000
568 569 2.000000
569 570 2.000000
570 571 2.000000
608 630 2.000000
754 776 2.000000
929 951 2.000000
956 978 2.000000
1021 1043 2.000000
1043 10811 2.000000
1070 10840 2.000000
1070 10959 2.000000
1078 1100 2.000000
1483 1505 2.000000
154 176 1.000000
345 346 1.000000
346 347 1.000000
347 348 1.000000
348 349 1.000000
398 399 1.000000
399 400 1.000000
400 401 1.000000
401 402 1.000000
402 403 1.000000
403 404 1.000000
404 405 1.000000
405 406 1.000000
418 440 1.000000
480 502 1.000000
507 508 1.000000
508 509 1.000000
509 510 1.000000
510 511 1.000000
511 512 1.000000
557 558 1.000000
564 586 1.000000
579 601 1.000000
594 616 1.000000
616 637 1.000000
627 649 1.000000
633 634 1.000000
634 635 1.000000
635 636 1.000000
636 637 1.000000
649 671 1.000000
652 674 1.000000
869 891 1.000000
937 959 1.000000
1040 1062 1.000000
1109 1131 1.000000
1351 1373 1.000000
1430 1431 1.000000
1430 1451 1.000000
1431 1432 1.000000
1444 1445 1.000000
1445 1446 1.000000
1446 1447 1.000000
1447 1448 1.000000
1448 1449 1.000000
1449 1450 1.000000
1450 1451 1.000000
1482 1504 1.000000
