927 928 16694.000000
132 153 16442.000000
132 133 16414.000000
133 134 16414.000000
1103 1104 15976.000000
1102 1103 15598.000000
19 20 14398.000000
152 153 14375.000000
1146 1147 13620.000000
134 135 12474.000000
1101 1102 12009.000000
926 927 11558.000000
176 197 11548.000000
176 177 11527.000000
177 178 11527.000000
1145 1146 10200.000000
883 884 10028.000000
1144 1145 9408.000000
1122 1123 9383.000000
63 64 9265.000000
1124 1125 9197.000000
792 813 9098.000000
1123 1124 9058.000000
792 793 8974.000000
884 885 8847.000000
1144 1165 8787.000000
925 926 8744.000000
179 180 8532.000000
178 179 8489.000000
135 136 8166.000000
1294 1295 7937.000000
1295 1296 7937.000000
1122 1143 7869.000000
948 949 7824.000000
1190 1191 7750.000000
41 42 7697.000000
1100 1101 7642.000000
1059 1060 7598.000000
1167 1168 7472.000000
196 197 7129.000000
40 41 7088.000000
1080 1081 7086.000000
793 794 7034.000000
88 89 7023.000000
89 90 7023.000000
90 91 7023.000000
971 972 6919.000000
1164 1165 6904.000000
1161 1162 6903.000000
1168 1169 6895.000000
108 109 6892.000000
1163 1164 6880.000000
266 267 6856.000000
110 111 6809.000000
111 112 6809.000000
112 113 6809.000000
110 131 6781.000000
970 971 6708.000000
1166 1167 6677.000000
1162 1163 6610.000000
1015 1016 6574.000000
220 241 6570.000000
240 241 6570.000000
130 131 6561.000000
748 769 6559.000000
748 749 6534.000000
749 750 6534.000000
1338 1339 6512.000000
129 130 6490.000000
1189 1190 6480.000000
882 883 6479.000000
220 221 6405.000000
221 222 6405.000000
1296 1297 6368.000000
154 155 6338.000000
155 156 6338.000000
154 175 6317.000000
174 175 6317.000000
794 795 6308.000000
1188 1189 6299.000000
947 948 6277.000000
812 813 6244.000000
1449 1450 6208.000000
1014 1015 6175.000000
1339 1340 6010.000000
1184 1185 5877.000000
972 973 5863.000000
136 137 5848.000000
62 63 5837.000000
180 181 5744.000000
1079 1080 5613.000000
726 727 5561.000000
726 747 5536.000000
222 223 5438.000000
928 929 5433.000000
1182 1183 5431.000000
1183 1184 5431.000000
223 224 5414.000000
1166 1187 5380.000000
1276 1297 5299.000000
1185 1186 5272.000000
1147 1148 5250.000000
811 812 5246.000000
1448 1449 5199.000000
1057 1058 5120.000000
724 725 5111.000000
770 771 5076.000000
1188 1209 5063.000000
20 21 5016.000000
1277 1278 4968.000000
770 791 4952.000000
1276 1277 4910.000000
1078 1079 4874.000000
969 970 4863.000000
1058 1059 4846.000000
838 839 4828.000000
946 947 4800.000000
1160 1161 4789.000000
881 882 4690.000000
1228 1229 4649.000000
839 840 4601.000000
860 861 4595.000000
905 906 4593.000000
1186 1187 4575.000000
91 92 4564.000000
1142 1143 4556.000000
1078 1099 4524.000000
704 705 4456.000000
705 706 4456.000000
949 950 4427.000000
790 791 4421.000000
1056 1057 4386.000000
18 19 4376.000000
181 182 4365.000000
151 152 4328.000000
195 196 4276.000000
173 174 4251.000000
859 860 4232.000000
973 974 4232.000000
704 725 4208.000000
576 577 4124.000000
1229 1230 4055.000000
924 945 3998.000000
943 944 3998.000000
944 945 3998.000000
1100 1121 3966.000000
134 156 3940.000000
1447 1448 3939.000000
1012 1013 3923.000000
1226 1227 3876.000000
1016 1017 3868.000000
991 992 3841.000000
1492 1493 3826.000000
1081 1082 3818.000000
929 930 3809.000000
1340 1341 3785.000000
1013 1014 3763.000000
64 86 3747.000000
128 129 3694.000000
904 905 3689.000000
789 790 3679.000000
1139 1140 3671.000000
1140 1141 3671.000000
17 18 3649.000000
16 17 3639.000000
1493 1494 3630.000000
156 157 3627.000000
1211 1212 3598.000000
1491 1492 3596.000000
1181 1182 3581.000000
157 158 3563.000000
858 879 3521.000000
878 879 3521.000000
1141 1142 3494.000000
573 574 3478.000000
574 575 3478.000000
575 576 3448.000000
1205 1206 3443.000000
750 751 3436.000000
1206 1207 3403.000000
772 773 3396.000000
1207 1208 3367.000000
836 857 3366.000000
856 857 3366.000000
1316 1317 3357.000000
1210 1211 3353.000000
836 837 3350.000000
964 965 3332.000000
965 966 3332.000000
966 967 3332.000000
946 967 3330.000000
992 993 3326.000000
1490 1491 3278.000000
1318 1319 3272.000000
1208 1209 3269.000000
841 863 3258.000000
1225 1226 3252.000000
986 987 3227.000000
987 988 3227.000000
988 989 3227.000000
993 994 3227.000000
903 904 3213.000000
1227 1228 3212.000000
1254 1255 3212.000000
171 172 3196.000000
597 598 3172.000000
751 752 3162.000000
924 925 3149.000000
795 796 3133.000000
840 841 3101.000000
598 599 3099.000000
727 728 3090.000000
1254 1275 3059.000000
1255 1256 3058.000000
990 991 3057.000000
267 268 3022.000000
1250 1251 3005.000000
1251 1252 3005.000000
1210 1231 2998.000000
1317 1318 2985.000000
1384 1385 2949.000000
861 862 2932.000000
1320 1341 2915.000000
768 769 2913.000000
1383 1384 2876.000000
814 815 2874.000000
113 114 2872.000000
224 225 2867.000000
533 534 2861.000000
814 835 2858.000000
834 835 2858.000000
1103 1125 2854.000000
1428 1429 2838.000000
928 950 2835.000000
1405 1406 2826.000000
837 838 2811.000000
1559 1560 2799.000000
1252 1253 2786.000000
107 108 2778.000000
1233 1234 2777.000000
1232 1233 2774.000000
1272 1273 2773.000000
20 42 2769.000000
15 16 2756.000000
1138 1139 2740.000000
63 85 2716.000000
1450 1451 2716.000000
1204 1205 2693.000000
64 65 2677.000000
994 995 2672.000000
1098 1099 2662.000000
215 216 2639.000000
1320 1321 2625.000000
942 943 2614.000000
862 863 2603.000000
1230 1231 2594.000000
1362 1363 2518.000000
172 173 2494.000000
137 138 2484.000000
1557 1558 2482.000000
268 269 2439.000000
1382 1383 2430.000000
1036 1037 2426.000000
1060 1061 2415.000000
1104 1105 2403.000000
746 747 2394.000000
1581 1582 2378.000000
1427 1428 2369.000000
858 859 2368.000000
968 989 2350.000000
620 621 2343.000000
1514 1515 2330.000000
1232 1253 2321.000000
1120 1121 2313.000000
877 878 2305.000000
1274 1275 2274.000000
771 772 2246.000000
1408 1429 2244.000000
968 969 2238.000000
577 578 2233.000000
930 931 2171.000000
1513 1514 2144.000000
86 87 2143.000000
1035 1036 2125.000000
1273 1274 2124.000000
880 901 2122.000000
900 901 2122.000000
1560 1561 2106.000000
880 881 2095.000000
1234 1235 2092.000000
1406 1407 2092.000000
1117 1118 2084.000000
1556 1557 2083.000000
1118 1119 2081.000000
1119 1120 2080.000000
150 151 2059.000000
1425 1426 2058.000000
1147 1169 2054.000000
1426 1427 2049.000000
1430 1451 2049.000000
1558 1559 2000.000000
1016 1038 1977.000000
950 951 1964.000000
158 159 1936.000000
816 817 1922.000000
159 160 1906.000000
621 622 1898.000000
1095 1096 1894.000000
1096 1097 1894.000000
1097 1098 1894.000000
1037 1038 1887.000000
1060 1082 1874.000000
138 139 1870.000000
1360 1361 1868.000000
795 817 1863.000000
1247 1248 1844.000000
1248 1249 1844.000000
899 900 1839.000000
706 707 1824.000000
680 681 1777.000000
354 355 1766.000000
486 487 1760.000000
487 488 1760.000000
488 489 1760.000000
353 354 1746.000000
182 183 1731.000000
42 43 1723.000000
1249 1250 1720.000000
237 238 1702.000000
884 906 1698.000000
1061 1062 1697.000000
951 952 1690.000000
578 579 1681.000000
1034 1035 1666.000000
1116 1117 1660.000000
599 600 1629.000000
1298 1319 1623.000000
1159 1160 1621.000000
238 239 1614.000000
239 240 1614.000000
1298 1299 1605.000000
974 975 1601.000000
216 217 1577.000000
751 773 1571.000000
1381 1382 1571.000000
1515 1516 1560.000000
1342 1343 1542.000000
194 195 1526.000000
529 530 1518.000000
530 531 1518.000000
531 532 1518.000000
532 533 1518.000000
160 161 1508.000000
707 708 1491.000000
729 730 1482.000000
660 661 1468.000000
661 662 1468.000000
876 877 1453.000000
767 768 1451.000000
1082 1083 1445.000000
833 834 1439.000000
1011 10361 1439.000000
930 952 1420.000000
1361 1362 1414.000000
745 746 1400.000000
855 856 1396.000000
773 774 1394.000000
660 681 1390.000000
662 663 1390.000000
193 194 1389.000000
267 289 1389.000000
42 64 1386.000000
1137 1138 1386.000000
1125 1126 1384.000000
1080 10985 1382.000000
1555 1556 1368.000000
995 996 1362.000000
728 729 1350.000000
139 140 1347.000000
682 683 1339.000000
683 684 1339.000000
198 199 1338.000000
199 200 1338.000000
682 703 1324.000000
534 535 1323.000000
1015 10917 1314.000000
1494 1495 1314.000000
92 93 1308.000000
752 753 1297.000000
708 709 1291.000000
223 245 1284.000000
1404 1405 1281.000000
1342 1363 1276.000000
1030 1031 1256.000000
1031 1032 1256.000000
1032 1033 1256.000000
310 311 1247.000000
642 643 1242.000000
664 665 1242.000000
789 811 1239.000000
815 816 1236.000000
183 184 1225.000000
1299 1300 1214.000000
600 601 1197.000000
641 642 1188.000000
135 157 1175.000000
198 219 1173.000000
218 219 1173.000000
200 201 1162.000000
226 227 1162.000000
1359 1360 1160.000000
1272 1294 1159.000000
215 237 1147.000000
1056 1077 1144.000000
1014 10796 1124.000000
1321 1322 1122.000000
902 923 1111.000000
921 922 1111.000000
922 923 1111.000000
85 86 1109.000000
1512 1513 1109.000000
1446 1447 1105.000000
19 41 1080.000000
1008 1009 1075.000000
1009 1010 1075.000000
1010 1011 1075.000000
246 247 1072.000000
108 130 1070.000000
1364 1385 1059.000000
227 228 1058.000000
616 617 1058.000000
617 618 1058.000000
618 619 1058.000000
201 202 1051.000000
202 203 1046.000000
161 162 1035.000000
1060 10947 1028.000000
247 248 1026.000000
920 921 1025.000000
1203 1204 1025.000000
1471 1472 1023.000000
489 490 1022.000000
217 218 1021.000000
663 664 1017.000000
225 226 1010.000000
248 249 1000.000000
1051 1052 996.000000
1052 1053 996.000000
1053 1054 996.000000
1054 1055 996.000000
1489 1490 996.000000
1017 1018 993.000000
616 637 984.000000
137 159 981.000000
643 644 976.000000
1014 10487 974.000000
638 639 969.000000
639 640 969.000000
181 203 961.000000
796 818 953.000000
75 76 950.000000
76 77 950.000000
77 78 950.000000
78 79 950.000000
79 80 950.000000
80 81 950.000000
81 82 950.000000
82 83 950.000000
117 118 949.000000
554 555 940.000000
115 116 936.000000
116 117 930.000000
114 115 919.000000
702 703 917.000000
1341 1363 911.000000
1224 1225 909.000000
974 996 899.000000
665 666 891.000000
1007 1008 881.000000
1278 1279 879.000000
1535 1536 874.000000
1106 1107 871.000000
1107 1108 871.000000
32 33 870.000000
33 34 870.000000
34 35 870.000000
35 36 870.000000
1582 1583 866.000000
730 731 862.000000
206 207 852.000000
207 208 852.000000
208 209 852.000000
209 210 852.000000
210 211 852.000000
211 212 852.000000
212 213 852.000000
213 214 852.000000
1012 1033 851.000000
963 964 849.000000
1094 1095 846.000000
1212 1213 845.000000
1105 1106 839.000000
1470 1471 839.000000
931 932 826.000000
127 128 821.000000
269 270 818.000000
985 986 816.000000
817 818 797.000000
180 202 795.000000
14 15 788.000000
658 659 788.000000
902 903 788.000000
490 491 782.000000
1034 1055 782.000000
1534 1535 779.000000
1536 1537 775.000000
553 554 769.000000
550 551 764.000000
551 552 764.000000
552 553 764.000000
622 623 763.000000
579 580 756.000000
171 193 745.000000
973 995 745.000000
1038 1039 738.000000
709 710 730.000000
1015 10199 723.000000
1403 1404 722.000000
289 290 721.000000
1386 1407 720.000000
31 32 713.000000
136 158 702.000000
119 120 700.000000
120 121 700.000000
121 122 700.000000
122 123 700.000000
123 124 700.000000
124 125 700.000000
125 126 700.000000
126 127 700.000000
1115 1116 697.000000
619 620 695.000000
1340 1362 692.000000
1039 1040 681.000000
1083 1084 667.000000
1084 1085 667.000000
1085 1086 667.000000
36 37 665.000000
638 659 663.000000
270 271 662.000000
594 595 650.000000
595 596 650.000000
596 597 650.000000
622 644 645.000000
107 129 644.000000
1515 1537 641.000000
1012 10407 639.000000
1059 1081 638.000000
1180 1181 635.000000
594 615 632.000000
491 492 629.000000
214 215 627.000000
1496 1517 627.000000
138 160 620.000000
535 536 619.000000
1050 1051 619.000000
245 246 618.000000
1533 1534 615.000000
840 862 611.000000
149 150 609.000000
1516 1517 608.000000
1474 1495 606.000000
1035 10446 604.000000
1073 1074 604.000000
1074 1075 604.000000
1075 1076 604.000000
906 907 603.000000
1408 1409 591.000000
1560 1582 590.000000
686 687 589.000000
1472 1473 586.000000
685 686 584.000000
555 556 583.000000
1040 1041 583.000000
1041 1042 583.000000
640 641 580.000000
1036 10661 580.000000
264 265 578.000000
264 285 578.000000
265 266 578.000000
282 283 578.000000
283 284 578.000000
284 285 578.000000
37 38 573.000000
38 39 573.000000
333 334 572.000000
975 976 566.000000
976 977 566.000000
309 310 564.000000
614 615 564.000000
225 247 551.000000
184 206 547.000000
550 571 541.000000
1012 10299 533.000000
1093 1094 532.000000
152 174 529.000000
1072 1073 527.000000
572 573 513.000000
291 292 511.000000
313 314 499.000000
203 204 498.000000
684 685 498.000000
1057 10627 497.000000
141 142 494.000000
142 143 494.000000
143 144 494.000000
144 145 494.000000
145 146 494.000000
146 147 494.000000
147 148 494.000000
311 312 493.000000
93 94 492.000000
94 95 492.000000
148 149 489.000000
204 205 487.000000
528 529 487.000000
1558 1580 486.000000
1076 1077 485.000000
1537 1538 478.000000
224 246 477.000000
84 85 476.000000
334 335 475.000000
335 336 475.000000
492 514 475.000000
290 291 473.000000
73 74 472.000000
71 72 471.000000
72 73 471.000000
1016 10409 465.000000
41 63 460.000000
706 728 460.000000
1469 1470 460.000000
578 600 454.000000
547 548 453.000000
70 71 452.000000
1014 10417 452.000000
548 549 448.000000
1035 10512 441.000000
838 860 440.000000
140 162 433.000000
1062 1063 430.000000
1063 1064 430.000000
898 899 429.000000
1012 10386 429.000000
21 43 426.000000
1013 1035 423.000000
1559 1581 421.000000
108 10855 420.000000
108 10858 420.000000
108 10866 420.000000
513 514 413.000000
179 201 412.000000
314 315 411.000000
83 84 408.000000
312 313 407.000000
1126 1127 407.000000
1191 1213 407.000000
0 21 406.000000
66 67 405.000000
66 87 405.000000
67 68 405.000000
68 69 405.000000
69 70 405.000000
54 55 397.000000
55 56 397.000000
56 57 397.000000
57 58 397.000000
58 59 397.000000
59 60 397.000000
60 61 397.000000
61 62 397.000000
108 10847 397.000000
528 549 397.000000
932 933 394.000000
1033 10361 393.000000
972 994 391.000000
1038 10632 389.000000
271 293 388.000000
996 997 388.000000
997 998 388.000000
65 87 387.000000
97 98 383.000000
98 99 383.000000
100 101 383.000000
101 102 383.000000
102 103 383.000000
103 104 383.000000
104 105 383.000000
1364 1365 383.000000
162 163 380.000000
163 164 380.000000
164 165 380.000000
165 166 380.000000
166 167 380.000000
167 168 380.000000
168 169 380.000000
169 170 380.000000
170 171 379.000000
556 557 378.000000
533 555 371.000000
489 511 370.000000
108 10929 369.000000
442 443 369.000000
443 444 369.000000
444 445 369.000000
579 601 369.000000
1497 1498 368.000000
1498 1499 368.000000
1499 1500 368.000000
39 40 367.000000
1035 10819 364.000000
108 10851 362.000000
108 10891 362.000000
108 10973 362.000000
108 10974 362.000000
108 10992 362.000000
1014 10459 362.000000
292 293 360.000000
1038 10899 360.000000
1038 10657 359.000000
149 171 358.000000
193 215 357.000000
1038 10936 356.000000
106 128 355.000000
1015 10426 350.000000
708 730 347.000000
790 812 347.000000
107 10981 341.000000
1062 10828 338.000000
1015 10317 335.000000
108 10803 334.000000
216 238 334.000000
95 96 329.000000
105 106 326.000000
202 224 326.000000
512 513 325.000000
687 688 324.000000
107 10840 321.000000
178 200 321.000000
1064 1065 317.000000
108 10937 311.000000
953 954 311.000000
1060 10755 311.000000
709 731 310.000000
954 955 310.000000
1006 1007 310.000000
1030 10932 310.000000
952 953 308.000000
1030 10731 308.000000
572 593 306.000000
1013 10392 305.000000
644 645 304.000000
1017 10961 304.000000
228 229 302.000000
229 230 302.000000
230 231 302.000000
231 232 302.000000
232 233 302.000000
233 234 302.000000
234 235 302.000000
235 236 299.000000
236 237 299.000000
1148 1149 299.000000
108 10990 298.000000
108 10991 298.000000
192 193 297.000000
1017 10503 297.000000
1017 10981 297.000000
1162 1184 296.000000
1511 1512 296.000000
129 151 295.000000
1191 1192 294.000000
507 508 293.000000
508 509 293.000000
509 510 293.000000
1017 10533 293.000000
1271 1272 290.000000
933 934 289.000000
1452 1473 289.000000
185 186 288.000000
186 187 288.000000
187 188 288.000000
188 189 288.000000
189 190 288.000000
190 191 288.000000
191 192 288.000000
1122 1144 288.000000
106 107 287.000000
1079 10815 287.000000
1139 1161 287.000000
920 942 286.000000
62 84 284.000000
96 97 284.000000
1061 1083 284.000000
1403 1425 284.000000
1206 1228 281.000000
1017 10456 279.000000
266 288 278.000000
750 772 275.000000
1060 10649 275.000000
1060 10729 275.000000
1060 10834 275.000000
1402 1403 275.000000
128 150 274.000000
1060 10620 274.000000
1029 1030 273.000000
140 141 272.000000
1060 10809 272.000000
1060 10827 272.000000
1038 10995 270.000000
906 928 269.000000
1153 1154 268.000000
1154 1155 268.000000
1155 1156 268.000000
1156 1157 268.000000
1157 1158 268.000000
281 282 266.000000
1016 10998 266.000000
107 10997 263.000000
1092 1093 263.000000
1386 1387 263.000000
1428 1450 263.000000
725 747 262.000000
1108 1109 262.000000
44 45 261.000000
45 46 261.000000
46 47 261.000000
510 511 261.000000
1060 10918 261.000000
47 48 260.000000
1452 1453 259.000000
1050 10592 258.000000
1202 1203 258.000000
115 137 256.000000
1149 1150 255.000000
1150 1151 255.000000
1151 1152 255.000000
1152 1153 255.000000
1574 1575 255.000000
1575 1576 255.000000
1086 1087 254.000000
1016 10762 253.000000
1035 10796 253.000000
1231 1253 253.000000
1430 1431 253.000000
948 970 249.000000
554 576 247.000000
557 558 246.000000
788 789 246.000000
44 65 245.000000
1138 1160 243.000000
1571 1572 243.000000
1572 1573 243.000000
1573 1574 243.000000
107 10998 242.000000
108 10983 242.000000
1060 10923 241.000000
397 398 240.000000
107 10936 239.000000
1017 10273 239.000000
511 512 236.000000
1017 10403 236.000000
1018 10751 235.000000
182 204 234.000000
1012 10179 234.000000
183 205 233.000000
107 10761 232.000000
107 10845 232.000000
885 886 231.000000
355 356 229.000000
356 357 229.000000
357 358 229.000000
1017 10607 225.000000
1018 10578 225.000000
535 557 224.000000
108 10930 223.000000
477 478 223.000000
478 479 223.000000
479 480 223.000000
480 481 223.000000
481 482 223.000000
482 483 223.000000
108 10915 222.000000
1561 1583 221.000000
1083 10931 220.000000
1228 1250 220.000000
32 54 218.000000
1234 1256 217.000000
108 10918 216.000000
1538 1539 216.000000
1060 10632 215.000000
160 182 214.000000
710 711 212.000000
205 206 211.000000
206 228 211.000000
1065 1066 209.000000
1066 1067 209.000000
1067 1068 209.000000
1068 1069 209.000000
1069 1070 209.000000
832 833 207.000000
1039 10927 206.000000
1252 1274 206.000000
1018 10778 204.000000
1131 1132 203.000000
1132 1133 203.000000
1133 1134 203.000000
1134 1135 203.000000
1135 1136 203.000000
445 446 202.000000
1012 10270 202.000000
485 486 201.000000
1008 10183 198.000000
1013 10659 196.000000
1256 1257 196.000000
577 599 194.000000
1019 1020 194.000000
1020 1021 194.000000
636 637 193.000000
288 289 191.000000
886 887 191.000000
1013 10618 190.000000
1016 10947 189.000000
1275 1297 185.000000
1518 1539 184.000000
1137 1159 182.000000
446 447 181.000000
1060 10682 181.000000
108 10926 179.000000
445 467 179.000000
109 10911 178.000000
586 608 178.000000
1014 10413 178.000000
1060 10625 178.000000
1250 1272 178.000000
1337 1338 178.000000
108 10907 176.000000
1013 10277 176.000000
447 448 174.000000
448 449 174.000000
1365 1366 174.000000
1038 10923 173.000000
1007 10166 172.000000
1012 10565 172.000000
184 185 171.000000
1017 10259 170.000000
1017 10995 170.000000
1127 1128 170.000000
1128 1129 170.000000
1129 1130 170.000000
1130 1131 170.000000
245 267 168.000000
512 534 168.000000
1013 10401 167.000000
1018 10927 167.000000
1496 1497 167.000000
1012 10167 166.000000
1087 1088 166.000000
1088 1089 166.000000
1089 1090 166.000000
1090 1091 166.000000
1091 1092 166.000000
1187 1209 166.000000
198 220 165.000000
289 311 165.000000
1030 10711 165.000000
1062 10751 165.000000
1065 10874 165.000000
70 92 164.000000
885 907 164.000000
48 49 163.000000
1007 10835 163.000000
1007 10852 163.000000
1015 10613 163.000000
1540 1561 163.000000
839 861 162.000000
1136 1137 161.000000
270 292 160.000000
491 513 160.000000
1453 1454 160.000000
1454 1455 160.000000
1455 1456 160.000000
1456 1457 160.000000
1055 10726 158.000000
819 841 157.000000
833 855 157.000000
1018 1019 157.000000
1143 1165 156.000000
1359 1381 155.000000
492 493 154.000000
881 903 154.000000
1124 1146 154.000000
665 687 153.000000
1007 10944 153.000000
1104 1126 153.000000
1246 1247 153.000000
107 10899 152.000000
1038 10533 152.000000
1082 10845 152.000000
1039 10846 151.000000
1057 10819 151.000000
1081 10834 151.000000
244 245 150.000000
249 271 150.000000
863 885 150.000000
109 10988 149.000000
484 485 149.000000
543 544 149.000000
544 545 149.000000
545 546 149.000000
546 547 149.000000
1038 10625 149.000000
108 10906 148.000000
1082 10987 148.000000
1015 10577 147.000000
1062 10743 147.000000
1070 1092 146.000000
75 97 145.000000
1315 1316 145.000000
10 11 144.000000
11 12 144.000000
1016 10470 143.000000
246 268 141.000000
203 225 140.000000
108 10804 139.000000
108 10909 139.000000
558 559 139.000000
559 560 139.000000
560 561 139.000000
561 562 139.000000
562 563 139.000000
927 949 139.000000
1081 10827 139.000000
1086 10874 139.000000
752 774 138.000000
1060 10770 138.000000
797 819 137.000000
887 888 137.000000
888 889 137.000000
109 10952 136.000000
118 140 136.000000
1038 10682 136.000000
963 985 135.000000
1038 10503 135.000000
1038 10981 135.000000
1081 10918 135.000000
1055 1077 134.000000
681 703 133.000000
1013 10487 133.000000
12 13 132.000000
13 14 132.000000
947 969 132.000000
1205 1227 132.000000
1383 1405 131.000000
907 908 129.000000
1028 1029 129.000000
0 10911 126.000000
49 50 126.000000
50 51 126.000000
51 52 126.000000
52 53 126.000000
1078 10850 126.000000
883 905 125.000000
1012 10522 125.000000
405 427 124.000000
770 792 124.000000
1011 10565 124.000000
1034 10883 124.000000
1249 1271 124.000000
158 180 123.000000
506 507 123.000000
1060 10762 123.000000
1361 1383 123.000000
301 302 122.000000
728 750 122.000000
0 10566 121.000000
575 597 121.000000
1576 1577 121.000000
908 909 120.000000
1082 10937 120.000000
1296 1318 120.000000
1468 1469 120.000000
600 622 119.000000
1076 1098 119.000000
933 955 118.000000
1038 10961 118.000000
1065 1087 118.000000
1082 10990 118.000000
1082 10991 118.000000
623 624 117.000000
564 565 116.000000
565 566 116.000000
566 567 116.000000
567 568 116.000000
1012 10738 116.000000
1082 1104 116.000000
1082 10847 116.000000
1145 1167 116.000000
108 10873 115.000000
909 910 115.000000
1039 10533 115.000000
1056 10934 115.000000
1037 10470 114.000000
1064 1086 113.000000
1343 1344 113.000000
977 999 112.000000
293 315 111.000000
1082 10869 111.000000
108 10994 110.000000
666 667 109.000000
998 999 109.000000
1056 10783 109.000000
43 65 108.000000
272 273 108.000000
273 274 108.000000
274 275 108.000000
275 276 108.000000
276 277 108.000000
277 278 108.000000
278 279 108.000000
323 324 108.000000
1028 10592 108.000000
1038 10770 108.000000
925 947 107.000000
1015 10702 107.000000
108 10881 104.000000
1015 10271 104.000000
1034 10369 104.000000
537 538 103.000000
538 539 103.000000
539 540 103.000000
540 541 103.000000
541 542 103.000000
1015 10180 103.000000
1015 10347 103.000000
1061 10959 102.000000
194 216 101.000000
598 620 101.000000
1061 10812 101.000000
1170 1171 101.000000
1171 1172 101.000000
1172 1173 101.000000
1173 1174 101.000000
333 355 100.000000
568 569 100.000000
569 570 100.000000
902 924 99.000000
977 978 99.000000
978 979 99.000000
979 980 99.000000
980 981 99.000000
981 982 99.000000
982 983 99.000000
983 984 99.000000
1061 10887 99.000000
773 795 98.000000
48 70 97.000000
108 10966 97.000000
1189 1211 97.000000
514 515 96.000000
515 516 96.000000
516 517 96.000000
517 518 96.000000
518 519 96.000000
519 520 96.000000
663 685 96.000000
1015 10218 96.000000
1015 10977 96.000000
108 10820 95.000000
652 653 95.000000
653 654 95.000000
654 655 95.000000
655 656 95.000000
656 657 95.000000
707 729 95.000000
1015 10532 95.000000
1015 10763 95.000000
1015 10895 95.000000
1034 10946 95.000000
1184 1206 95.000000
259 260 94.000000
260 261 94.000000
1015 10279 94.000000
1015 10372 94.000000
1037 10924 94.000000
1078 10821 94.000000
1141 1163 94.000000
984 985 93.000000
1035 10392 93.000000
1126 1148 93.000000
107 10770 92.000000
279 280 92.000000
1034 10399 92.000000
108 10980 91.000000
108 10989 91.000000
536 537 91.000000
621 643 91.000000
1058 10661 91.000000
1061 10840 91.000000
1079 10819 91.000000
1274 1296 91.000000
854 855 90.000000
1057 10953 90.000000
308 329 89.000000
324 325 89.000000
325 326 89.000000
326 327 89.000000
327 328 89.000000
328 329 89.000000
1169 1170 89.000000
794 816 88.000000
1015 10668 88.000000
1040 10436 88.000000
108 10853 87.000000
108 10913 87.000000
796 797 87.000000
1079 10953 87.000000
108 10958 86.000000
904 926 86.000000
921 943 86.000000
1038 1060 86.000000
1056 10645 86.000000
1056 10848 86.000000
1079 10850 86.000000
1577 1578 86.000000
1578 1579 86.000000
1579 1580 86.000000
308 309 85.000000
1000 1001 85.000000
1001 1002 85.000000
1002 1003 85.000000
1003 1004 85.000000
1004 1005 85.000000
1005 1006 85.000000
1056 10775 85.000000
1057 10901 85.000000
1039 1061 84.000000
1056 10808 84.000000
1056 10603 83.000000
1056 10877 83.000000
242 243 82.000000
242 263 82.000000
261 262 82.000000
262 263 82.000000
331 332 82.000000
1038 10456 82.000000
1056 10883 82.000000
293 294 79.000000
294 295 79.000000
295 296 79.000000
296 297 79.000000
297 298 79.000000
298 299 79.000000
299 300 79.000000
300 301 79.000000
311 333 79.000000
490 512 79.000000
1056 10745 79.000000
1057 1079 79.000000
662 684 78.000000
1338 1360 78.000000
641 663 77.000000
730 752 77.000000
280 281 76.000000
563 564 76.000000
747 769 76.000000
1056 10777 76.000000
1056 10810 76.000000
1056 10841 76.000000
525 526 75.000000
526 527 75.000000
1055 10903 75.000000
118 119 74.000000
688 689 74.000000
774 775 74.000000
1057 10665 74.000000
1146 1168 74.000000
666 688 73.000000
1056 10703 73.000000
1056 10816 73.000000
1056 10902 73.000000
1056 10921 73.000000
1057 10752 73.000000
1012 10842 72.000000
1158 1159 72.000000
440 461 71.000000
455 456 71.000000
456 457 71.000000
457 458 71.000000
458 459 71.000000
459 460 71.000000
460 461 71.000000
493 494 71.000000
494 495 71.000000
495 496 71.000000
496 497 71.000000
497 498 71.000000
542 543 71.000000
774 796 71.000000
1056 10951 71.000000
1056 10969 71.000000
1070 1071 71.000000
1318 1340 71.000000
1488 1489 71.000000
108 10905 70.000000
108 10984 70.000000
1316 1338 70.000000
117 139 69.000000
420 421 67.000000
421 422 67.000000
422 423 67.000000
1474 1475 67.000000
1475 1476 67.000000
1476 1477 67.000000
1477 1478 67.000000
1580 1581 67.000000
1015 10335 66.000000
107 10923 65.000000
108 10876 65.000000
383 405 65.000000
423 424 65.000000
424 425 65.000000
425 426 65.000000
426 427 65.000000
685 707 65.000000
877 899 65.000000
1082 10887 65.000000
1494 1516 65.000000
74 75 64.000000
1082 10840 64.000000
1082 10959 64.000000
361 383 63.000000
71 93 62.000000
301 323 62.000000
1012 10575 62.000000
1014 10689 62.000000
1014 10850 62.000000
1021 1022 62.000000
1022 1023 62.000000
1023 1024 62.000000
1024 1025 62.000000
1025 1026 62.000000
1109 1110 62.000000
1110 1111 62.000000
1111 1112 62.000000
1112 1113 62.000000
1113 1114 62.000000
1114 1115 62.000000
10 32 61.000000
1013 10721 60.000000
1450 1472 60.000000
200 222 59.000000
247 269 59.000000
909 931 59.000000
955 956 59.000000
956 957 59.000000
957 958 59.000000
958 959 59.000000
959 960 59.000000
960 961 59.000000
961 962 59.000000
1014 10618 59.000000
1278 1300 59.000000
580 581 58.000000
581 582 58.000000
582 583 58.000000
583 584 58.000000
584 585 58.000000
585 586 58.000000
723 724 58.000000
962 963 58.000000
1012 10831 58.000000
1426 1448 58.000000
105 127 57.000000
315 316 57.000000
316 317 57.000000
399 400 57.000000
400 401 57.000000
462 463 57.000000
946 968 57.000000
1034 10949 57.000000
1035 10417 57.000000
1093 1115 57.000000
1339 1361 57.000000
109 10963 56.000000
159 181 56.000000
908 930 56.000000
1013 10821 56.000000
1034 10357 56.000000
0 10591 55.000000
0 10963 55.000000
302 303 55.000000
441 442 55.000000
601 602 55.000000
602 603 55.000000
603 604 55.000000
604 605 55.000000
605 606 55.000000
606 607 55.000000
1490 1512 55.000000
201 223 54.000000
204 226 54.000000
359 360 54.000000
360 361 54.000000
642 664 54.000000
861 883 54.000000
887 909 54.000000
1015 10619 54.000000
1016 10363 54.000000
1026 1027 54.000000
1027 1028 54.000000
227 249 53.000000
1037 1059 53.000000
22 23 52.000000
22 43 52.000000
23 24 52.000000
24 25 52.000000
25 26 52.000000
26 27 52.000000
27 28 52.000000
28 29 52.000000
29 30 52.000000
30 31 52.000000
536 558 52.000000
703 725 52.000000
772 794 52.000000
837 859 52.000000
1012 10645 52.000000
1078 1100 52.000000
1293 1294 52.000000
40 62 51.000000
243 244 50.000000
818 840 50.000000
1062 10778 50.000000
1071 1072 50.000000
440 441 49.000000
889 890 49.000000
317 318 48.000000
318 319 48.000000
319 320 48.000000
320 321 48.000000
321 322 48.000000
322 323 48.000000
402 403 48.000000
403 404 48.000000
404 405 48.000000
586 587 48.000000
587 588 48.000000
588 589 48.000000
589 590 48.000000
590 591 48.000000
591 592 48.000000
1012 10250 48.000000
1012 10298 48.000000
1012 10568 48.000000
1012 10640 48.000000
1012 10788 48.000000
192 214 47.000000
401 402 47.000000
886 908 47.000000
1013 10681 47.000000
1159 1181 47.000000
114 136 46.000000
729 751 46.000000
949 971 46.000000
1036 1058 46.000000
513 535 45.000000
1016 10488 45.000000
934 935 44.000000
935 936 44.000000
936 937 44.000000
937 938 44.000000
938 939 44.000000
939 940 44.000000
940 941 44.000000
941 942 44.000000
1012 10268 44.000000
1082 10981 44.000000
109 10904 43.000000
462 483 43.000000
556 578 43.000000
570 571 43.000000
1016 10502 43.000000
1059 10917 43.000000
53 54 42.000000
271 272 42.000000
1012 10664 42.000000
1012 10718 42.000000
1012 10965 42.000000
1013 10493 42.000000
525 547 41.000000
557 579 41.000000
657 658 41.000000
1014 10979 41.000000
1035 10554 41.000000
1166 1188 41.000000
332 333 40.000000
859 881 40.000000
890 891 40.000000
891 892 40.000000
892 893 40.000000
893 894 40.000000
894 895 40.000000
895 896 40.000000
896 897 40.000000
897 898 40.000000
1014 10953 40.000000
1037 10609 40.000000
1235 1236 40.000000
53 75 39.000000
506 527 39.000000
1035 10459 39.000000
0 10794 38.000000
746 768 38.000000
1014 1036 38.000000
1033 1055 38.000000
1040 10578 38.000000
18 40 37.000000
49 71 37.000000
131 153 37.000000
969 991 37.000000
1160 1182 37.000000
689 690 36.000000
690 691 36.000000
691 692 36.000000
692 693 36.000000
693 694 36.000000
694 695 36.000000
1015 10985 36.000000
1342 1364 36.000000
1489 1511 36.000000
619 641 35.000000
817 839 35.000000
882 904 35.000000
926 948 35.000000
1035 10415 35.000000
1164 1186 35.000000
1322 1323 35.000000
520 521 34.000000
521 522 34.000000
522 523 34.000000
523 524 34.000000
524 525 34.000000
1012 10509 34.000000
107 10869 33.000000
468 490 33.000000
592 614 33.000000
614 636 33.000000
862 884 33.000000
1035 10982 33.000000
0 10767 32.000000
0 10826 32.000000
602 624 32.000000
1029 10944 32.000000
1034 10811 32.000000
1034 10955 32.000000
286 287 31.000000
287 288 31.000000
608 609 31.000000
609 610 31.000000
610 611 31.000000
611 612 31.000000
612 613 31.000000
613 614 31.000000
860 882 31.000000
107 10809 30.000000
107 10827 30.000000
476 477 30.000000
498 499 30.000000
1192 1193 30.000000
1193 1194 30.000000
1194 1195 30.000000
1195 1196 30.000000
1196 1197 30.000000
1197 1198 30.000000
1198 1199 30.000000
1199 1200 30.000000
1200 1201 30.000000
1201 1202 30.000000
1362 1384 30.000000
162 184 29.000000
398 399 29.000000
463 464 29.000000
464 465 29.000000
465 466 29.000000
466 467 29.000000
468 469 29.000000
469 470 29.000000
597 619 29.000000
1037 10696 29.000000
1057 10979 29.000000
110 132 28.000000
127 149 28.000000
446 468 28.000000
467 489 28.000000
811 833 28.000000
1013 10330 28.000000
1016 10924 28.000000
1057 10618 28.000000
1235 1257 28.000000
1427 1449 28.000000
1537 1559 28.000000
107 10729 27.000000
107 10834 27.000000
286 307 27.000000
303 304 27.000000
304 305 27.000000
305 306 27.000000
306 307 27.000000
534 556 27.000000
858 880 27.000000
898 920 27.000000
1012 10136 27.000000
1080 1102 27.000000
1254 1276 27.000000
1404 1426 27.000000
107 10918 26.000000
684 706 26.000000
951 973 26.000000
1028 10856 26.000000
1058 10668 26.000000
1165 1187 26.000000
1253 1275 26.000000
726 748 25.000000
1006 1028 25.000000
1028 10635 25.000000
467 468 24.000000
607 608 24.000000
658 680 24.000000
912 934 24.000000
1012 10777 24.000000
1012 10810 24.000000
1012 10841 24.000000
1056 10721 24.000000
1056 10955 24.000000
1080 10917 24.000000
1382 1404 24.000000
249 250 23.000000
250 251 23.000000
251 252 23.000000
252 253 23.000000
253 254 23.000000
254 255 23.000000
255 256 23.000000
256 257 23.000000
257 258 23.000000
527 549 23.000000
549 571 23.000000
687 709 23.000000
1013 10901 23.000000
1016 10358 23.000000
1016 10600 23.000000
1016 10696 23.000000
1016 10818 23.000000
1019 10324 23.000000
1057 10982 23.000000
358 359 22.000000
484 505 22.000000
499 500 22.000000
500 501 22.000000
501 502 22.000000
502 503 22.000000
503 504 22.000000
504 505 22.000000
580 602 22.000000
1012 10721 22.000000
1013 10249 22.000000
1013 10694 22.000000
1037 10398 22.000000
1056 10659 22.000000
1056 10811 22.000000
1056 10949 22.000000
154 176 21.000000
248 270 21.000000
615 637 21.000000
968 990 21.000000
1071 1093 21.000000
471 472 20.000000
472 473 20.000000
473 474 20.000000
474 475 20.000000
475 476 20.000000
818 819 20.000000
1013 10982 20.000000
1016 10740 20.000000
1056 10946 20.000000
1082 10923 20.000000
1098 1120 20.000000
1168 1190 20.000000
1429 1451 20.000000
226 248 19.000000
279 301 19.000000
427 449 19.000000
1013 10542 19.000000
1013 10665 19.000000
1060 10998 19.000000
1077 10965 19.000000
113 135 18.000000
1012 10934 18.000000
1016 10609 18.000000
1028 1050 18.000000
1051 10711 18.000000
1073 1095 18.000000
1078 10901 18.000000
1471 1493 18.000000
571 593 17.000000
1012 10380 17.000000
1012 10603 17.000000
1012 10808 17.000000
1012 10816 17.000000
1012 10877 17.000000
1013 10529 17.000000
1016 10310 17.000000
1016 10329 17.000000
1016 10375 17.000000
1016 10379 17.000000
1016 10863 17.000000
1016 10886 17.000000
1021 10378 17.000000
1034 10529 17.000000
1038 10998 17.000000
1061 10657 17.000000
1061 10899 17.000000
31 53 16.000000
674 675 16.000000
675 676 16.000000
676 677 16.000000
677 678 16.000000
678 679 16.000000
679 680 16.000000
814 836 16.000000
1016 10203 16.000000
1040 10751 16.000000
1082 10961 16.000000
1294 1316 16.000000
1384 1406 16.000000
1518 1519 16.000000
1519 1520 16.000000
1520 1521 16.000000
1521 1522 16.000000
550 572 15.000000
592 593 15.000000
682 704 15.000000
890 912 15.000000
1012 10331 15.000000
1078 10982 15.000000
352 353 14.000000
352 373 14.000000
367 368 14.000000
368 369 14.000000
369 370 14.000000
370 371 14.000000
371 372 14.000000
372 373 14.000000
1012 10225 14.000000
1012 10450 14.000000
1012 10484 14.000000
1012 10505 14.000000
1012 10506 14.000000
1012 10783 14.000000
1013 10148 14.000000
1019 10436 14.000000
1034 1056 14.000000
1035 1057 14.000000
1036 10613 14.000000
1038 10997 14.000000
1040 1062 14.000000
1040 10778 14.000000
1051 10932 14.000000
1061 10936 14.000000
1496 1518 14.000000
156 178 13.000000
405 406 13.000000
406 407 13.000000
407 408 13.000000
408 409 13.000000
409 410 13.000000
511 533 13.000000
558 580 13.000000
643 665 13.000000
702 724 13.000000
911 933 13.000000
1012 10476 13.000000
1012 10703 13.000000
1012 10775 13.000000
1012 10848 13.000000
1012 10902 13.000000
1012 10921 13.000000
1012 10951 13.000000
1012 10969 13.000000
1013 10752 13.000000
1018 10846 13.000000
1035 10413 13.000000
1115 1137 13.000000
12 1574 12.000000
150 172 12.000000
161 183 12.000000
172 194 12.000000
423 445 12.000000
659 681 12.000000
724 746 12.000000
768 790 12.000000
876 898 12.000000
889 911 12.000000
964 986 12.000000
1006 10161 12.000000
1007 10150 12.000000
1035 10487 12.000000
1036 10577 12.000000
1038 10481 12.000000
1057 10689 12.000000
1057 10850 12.000000
1077 1099 12.000000
1120 1142 12.000000
1170 1192 12.000000
1174 1175 12.000000
1175 1176 12.000000
1176 1177 12.000000
1177 1178 12.000000
1178 1179 12.000000
1298 1320 12.000000
644 666 11.000000
1006 10276 11.000000
1013 10446 11.000000
1013 10554 11.000000
1034 10401 11.000000
1035 10953 11.000000
1036 10985 11.000000
1082 10899 11.000000
1082 10936 11.000000
1169 1191 11.000000
401 423 10.000000
971 993 10.000000
1007 10711 10.000000
1007 10932 10.000000
1017 10997 10.000000
1035 10979 10.000000
1036 10668 10.000000
1058 10985 10.000000
1300 1301 10.000000
1557 1579 10.000000
119 141 9.000000
317 339 9.000000
339 361 9.000000
477 499 9.000000
555 577 9.000000
638 660 9.000000
1006 10635 9.000000
1006 10856 9.000000
1016 10398 9.000000
1095 1117 9.000000
1121 1143 9.000000
1406 1428 9.000000
139 161 8.000000
258 259 8.000000
514 536 8.000000
624 625 8.000000
625 626 8.000000
626 627 8.000000
627 628 8.000000
628 629 8.000000
629 630 8.000000
912 913 8.000000
913 914 8.000000
914 915 8.000000
915 916 8.000000
916 917 8.000000
917 918 8.000000
918 919 8.000000
1026 1048 8.000000
1034 10752 8.000000
1034 10821 8.000000
1035 10689 8.000000
1035 10850 8.000000
1038 10409 8.000000
1048 1070 8.000000
1050 1072 8.000000
1061 10961 8.000000
1117 1139 8.000000
1409 1410 8.000000
130 152 7.000000
447 469 7.000000
469 491 7.000000
470 471 7.000000
686 708 7.000000
924 946 7.000000
1007 10731 7.000000
1018 10327 7.000000
1018 10844 7.000000
1039 10403 7.000000
1039 10607 7.000000
1051 10731 7.000000
1056 10821 7.000000
106 10997 6.000000
116 138 6.000000
170 192 6.000000
336 337 6.000000
337 338 6.000000
338 339 6.000000
339 340 6.000000
340 341 6.000000
341 342 6.000000
342 343 6.000000
343 344 6.000000
667 668 6.000000
668 669 6.000000
669 670 6.000000
670 671 6.000000
671 672 6.000000
672 673 6.000000
673 674 6.000000
688 710 6.000000
867 868 6.000000
867 889 6.000000
868 869 6.000000
869 870 6.000000
870 871 6.000000
871 872 6.000000
872 873 6.000000
873 874 6.000000
874 875 6.000000
875 876 6.000000
1007 10207 6.000000
1007 10272 6.000000
1007 10411 6.000000
1007 10474 6.000000
1007 10999 6.000000
1011 10831 6.000000
1043 1044 6.000000
1044 1045 6.000000
1045 1046 6.000000
1046 1047 6.000000
1047 1048 6.000000
1048 1049 6.000000
1049 1050 6.000000
1055 10640 6.000000
1055 10951 6.000000
1055 10969 6.000000
1056 10681 6.000000
1083 1105 6.000000
1210 1232 6.000000
1386 1408 6.000000
1424 1425 6.000000
148 170 5.000000
449 471 5.000000
471 493 5.000000
548 570 5.000000
553 575 5.000000
599 621 5.000000
919 920 5.000000
970 992 5.000000
1012 10357 5.000000
1012 10369 5.000000
1012 10811 5.000000
1012 10883 5.000000
1012 10946 5.000000
1012 10949 5.000000
1012 10955 5.000000
1017 10481 5.000000
1035 10618 5.000000
1055 10603 5.000000
1055 10703 5.000000
1055 10775 5.000000
1055 10783 5.000000
1055 10808 5.000000
1055 10816 5.000000
1055 10848 5.000000
1055 10877 5.000000
1055 10902 5.000000
1055 10921 5.000000
1214 1215 5.000000
1215 1216 5.000000
1216 1217 5.000000
1217 1218 5.000000
1218 1219 5.000000
1219 1220 5.000000
1220 1221 5.000000
1221 1222 5.000000
1222 1223 5.000000
1469 1491 5.000000
1474 1496 5.000000
286 308 4.000000
418 419 4.000000
564 586 4.000000
950 972 4.000000
1018 10340 4.000000
1018 10553 4.000000
1055 10842 4.000000
1213 1214 4.000000
1213 1235 4.000000
1363 1385 4.000000
1430 1452 4.000000
1468 1490 4.000000
1514 1536 4.000000
1536 1558 4.000000
235 257 3.000000
257 279 3.000000
419 420 3.000000
484 506 3.000000
542 564 3.000000
576 598 3.000000
645 646 3.000000
646 647 3.000000
647 648 3.000000
648 649 3.000000
649 650 3.000000
650 651 3.000000
651 652 3.000000
731 753 3.000000
816 838 3.000000
953 975 3.000000
1012 10256 3.000000
1034 10493 3.000000
1034 10659 3.000000
1034 10681 3.000000
1034 10694 3.000000
1042 1043 3.000000
1043 1065 3.000000
1055 10565 3.000000
1055 10568 3.000000
1055 10575 3.000000
1055 10664 3.000000
1055 10718 3.000000
1055 10738 3.000000
1055 10788 3.000000
1055 10831 3.000000
1055 10934 3.000000
1055 10965 3.000000
1072 1094 3.000000
1077 10788 3.000000
1077 10831 3.000000
1118 1140 3.000000
1140 1162 3.000000
1158 1180 3.000000
1431 1432 3.000000
1432 1433 3.000000
1433 1434 3.000000
1434 1435 3.000000
1435 1457 3.000000
1522 1523 3.000000
1523 1524 3.000000
1524 1525 3.000000
1525 1526 3.000000
1526 1527 3.000000
1527 1549 3.000000
1549 1571 3.000000
380 381 2.000000
381 382 2.000000
382 383 2.000000
418 439 2.000000
433 434 2.000000
433 455 2.000000
434 435 2.000000
435 436 2.000000
436 437 2.000000
437 438 2.000000
438 439 2.000000
664 686 2.000000
680 702 2.000000
775 797 2.000000
903 925 2.000000
910 911 2.000000
967 989 2.000000
1015 1037 2.000000
1081 1103 2.000000
1094 1116 2.000000
1116 1138 2.000000
1161 1183 2.000000
1183 1205 2.000000
1186 1208 2.000000
1293 1315 2.000000
1337 1359 2.000000
1447 1469 2.000000
0 1 1.000000
1 2 1.000000
2 3 1.000000
3 4 1.000000
4 5 1.000000
5 6 1.000000
6 7 1.000000
7 8 1.000000
8 9 1.000000
15 1577 1.000000
47 69 1.000000
69 91 1.000000
73 95 1.000000
402 424 1.000000
424 446 1.000000
462 484 1.000000
630 631 1.000000
631 632 1.000000
632 633 1.000000
633 634 1.000000
634 635 1.000000
635 636 1.000000
753 775 1.000000
911 912 1.000000
952 974 1.000000
962 984 1.000000
1007 1029 1.000000
1007 10098 1.000000
1007 10391 1.000000
1007 10590 1.000000
1011 10167 1.000000
1011 10179 1.000000
1011 10250 1.000000
1011 10386 1.000000
1011 10407 1.000000
1011 10568 1.000000
1011 10575 1.000000
1011 10640 1.000000
1011 10664 1.000000
1011 10718 1.000000
1011 10788 1.000000
1011 10842 1.000000
1011 10965 1.000000
1034 10721 1.000000
1119 1141 1.000000
1125 1147 1.000000
1214 1236 1.000000
1257 1258 1.000000
1258 1259 1.000000
1259 1260 1.000000
1260 1261 1.000000
1261 1262 1.000000
1262 1263 1.000000
1263 1264 1.000000
1264 1265 1.000000
1265 1266 1.000000
1266 1267 1.000000
1381 1403 1.000000
1387 1388 1.000000
1457 1458 1.000000
1458 1459 1.000000
1459 1460 1.000000
1460 1461 1.000000
1461 1462 1.000000
1462 1463 1.000000
1463 1464 1.000000
1464 1465 1.000000
1465 1466 1.000000
1466 1488 1.000000
1493 1515 1.000000
1534 1556 1.000000
