148 149 18281.000000
149 150 18281.000000
150 151 18281.000000
151 152 18275.000000
1163 1164 15827.000000
1185 1186 14952.000000
147 148 14761.000000
1162 1163 14448.000000
1164 1165 13458.000000
988 989 12073.000000
14 15 11215.000000
1183 1184 11073.000000
1184 1185 11003.000000
192 193 10284.000000
193 194 10284.000000
194 195 10284.000000
944 945 9966.000000
195 196 9958.000000
1141 1142 9945.000000
1200 1201 9674.000000
1202 1203 9618.000000
152 153 9542.000000
1161 1162 9461.000000
1009 1010 9296.000000
1203 1204 9157.000000
1207 1208 8872.000000
987 988 8713.000000
1206 1207 8651.000000
1182 1183 8612.000000
1201 1202 8576.000000
1076 1077 8550.000000
1120 1121 8431.000000
170 171 8405.000000
171 172 8405.000000
172 173 8405.000000
173 174 8400.000000
786 787 8298.000000
787 788 8298.000000
169 170 8287.000000
102 103 8265.000000
36 37 8221.000000
986 987 8039.000000
1119 1120 8001.000000
1205 1206 7935.000000
852 853 7844.000000
853 854 7844.000000
1008 1009 7750.000000
191 192 7686.000000
58 59 7649.000000
1333 1334 7632.000000
1334 1335 7632.000000
1118 1119 7581.000000
1204 1205 7364.000000
1032 1033 7254.000000
943 944 7215.000000
15 16 7211.000000
900 901 7155.000000
808 809 7149.000000
809 810 7149.000000
810 811 7148.000000
966 967 7065.000000
924 945 7052.000000
168 169 6987.000000
132 153 6857.000000
855 856 6767.000000
880 901 6752.000000
851 852 6643.000000
1199 1200 6625.000000
327 328 6608.000000
196 197 6572.000000
1335 1336 6558.000000
899 900 6547.000000
240 241 6515.000000
968 989 6469.000000
1140 1141 6447.000000
1075 1076 6367.000000
854 855 6299.000000
1179 1180 6238.000000
1178 1179 6227.000000
1181 1182 6227.000000
1180 1181 6048.000000
1160 1161 5917.000000
1007 1008 5909.000000
965 966 5858.000000
1031 1032 5825.000000
126 127 5822.000000
127 128 5822.000000
128 129 5822.000000
129 130 5822.000000
1311 1312 5696.000000
1139 1140 5255.000000
1117 1118 5248.000000
968 969 5244.000000
174 175 5184.000000
125 126 5176.000000
1142 1143 5167.000000
1312 1313 5139.000000
101 102 5121.000000
1012 1033 5051.000000
922 923 5046.000000
1177 1178 5004.000000
11 12 4957.000000
12 13 4948.000000
80 81 4865.000000
1056 1077 4791.000000
1337 1338 4787.000000
1336 1337 4732.000000
1010 1011 4689.000000
921 922 4658.000000
1338 1339 4634.000000
785 786 4605.000000
1138 1139 4588.000000
982 983 4583.000000
983 984 4583.000000
984 985 4583.000000
788 789 4527.000000
1074 1075 4464.000000
220 241 4376.000000
856 857 4363.000000
235 236 4347.000000
236 237 4347.000000
237 238 4347.000000
238 239 4347.000000
765 766 4310.000000
766 767 4310.000000
850 851 4294.000000
13 14 4261.000000
902 923 4249.000000
942 943 4246.000000
1077 1099 4222.000000
1488 1489 4138.000000
964 965 4097.000000
807 808 4096.000000
830 831 4071.000000
831 832 4071.000000
1030 1031 4064.000000
284 285 4060.000000
1467 1468 4022.000000
764 765 3999.000000
59 81 3997.000000
1159 1160 3968.000000
1228 1229 3959.000000
1227 1228 3948.000000
920 921 3925.000000
1073 1074 3890.000000
811 812 3874.000000
1156 1157 3870.000000
10 11 3852.000000
37 38 3827.000000
1272 1273 3795.000000
1098 1099 3788.000000
146 147 3740.000000
103 104 3725.000000
616 637 3704.000000
1249 1250 3678.000000
1157 1158 3677.000000
1158 1159 3677.000000
1399 1400 3661.000000
1250 1251 3659.000000
1251 1252 3658.000000
812 813 3618.000000
176 197 3615.000000
279 280 3598.000000
280 281 3598.000000
281 282 3598.000000
282 283 3598.000000
167 168 3597.000000
1289 1290 3576.000000
1290 1291 3576.000000
1313 1314 3544.000000
1271 1272 3501.000000
784 785 3484.000000
829 830 3482.000000
1487 1488 3482.000000
1229 1230 3414.000000
239 240 3385.000000
1314 1315 3364.000000
1137 1138 3363.000000
572 573 3361.000000
1267 1268 3343.000000
1223 1224 3324.000000
1423 1424 3317.000000
1155 1156 3297.000000
124 125 3274.000000
1466 1467 3231.000000
15 37 3230.000000
102 124 3218.000000
719 720 3218.000000
969 970 3217.000000
1226 1227 3213.000000
1315 1316 3168.000000
1400 1401 3144.000000
981 982 3143.000000
1398 1399 3138.000000
283 284 3101.000000
1012 1013 3090.000000
1270 1271 3070.000000
1291 1292 3065.000000
1003 1004 3051.000000
1004 1005 3051.000000
1005 1006 3051.000000
1006 1007 3051.000000
985 986 3033.000000
1444 1445 3030.000000
220 221 3016.000000
1224 1225 2965.000000
210 211 2964.000000
35 36 2950.000000
833 834 2928.000000
1097 1098 2921.000000
59 60 2903.000000
261 262 2893.000000
1054 1055 2881.000000
960 961 2872.000000
961 962 2872.000000
962 963 2872.000000
1293 1294 2862.000000
257 258 2847.000000
258 259 2847.000000
259 260 2847.000000
260 261 2847.000000
1401 1402 2829.000000
1294 1295 2817.000000
1268 1269 2790.000000
959 960 2785.000000
880 881 2737.000000
1096 1097 2733.000000
190 191 2730.000000
79 80 2728.000000
176 177 2703.000000
763 764 2701.000000
1292 1293 2692.000000
660 681 2684.000000
1443 1444 2568.000000
1176 1177 2554.000000
105 106 2553.000000
106 107 2553.000000
107 108 2553.000000
742 743 2543.000000
743 744 2543.000000
744 745 2543.000000
218 219 2540.000000
1445 1446 2498.000000
1316 1317 2493.000000
806 807 2491.000000
1377 1378 2480.000000
1134 1135 2470.000000
1135 1136 2470.000000
1136 1137 2470.000000
880 902 2445.000000
104 105 2437.000000
1378 1379 2414.000000
1442 1443 2406.000000
1225 1226 2394.000000
945 967 2393.000000
264 285 2388.000000
1269 1270 2384.000000
590 591 2379.000000
591 592 2379.000000
1051 1052 2378.000000
1552 1553 2377.000000
1553 1554 2377.000000
1529 1530 2369.000000
572 593 2363.000000
592 593 2360.000000
1355 1356 2350.000000
768 769 2298.000000
916 917 2292.000000
917 918 2292.000000
918 919 2292.000000
873 874 2289.000000
874 875 2289.000000
875 876 2289.000000
898 899 2282.000000
895 896 2272.000000
896 897 2272.000000
897 898 2272.000000
1248 1249 2260.000000
189 190 2256.000000
213 214 2216.000000
214 215 2216.000000
215 216 2216.000000
216 217 2216.000000
1486 1487 2208.000000
1489 1490 2190.000000
1422 1423 2172.000000
789 790 2166.000000
767 768 2148.000000
1221 1222 2148.000000
1222 1223 2148.000000
132 133 2104.000000
1052 1053 2097.000000
1379 1380 2097.000000
877 878 2085.000000
328 350 2049.000000
634 635 2027.000000
635 636 2027.000000
872 873 2001.000000
721 722 1985.000000
722 723 1985.000000
636 637 1983.000000
16 17 1982.000000
57 58 1982.000000
832 833 1978.000000
1356 1357 1976.000000
1100 1121 1975.000000
108 130 1957.000000
1053 1054 1947.000000
242 263 1942.000000
990 991 1930.000000
1530 1531 1925.000000
790 791 1924.000000
154 175 1922.000000
1490 1491 1919.000000
262 263 1913.000000
616 617 1911.000000
1509 1510 1897.000000
594 615 1867.000000
212 213 1866.000000
1095 1096 1856.000000
154 155 1853.000000
720 721 1846.000000
198 219 1836.000000
1464 1465 1822.000000
573 574 1820.000000
1468 1469 1819.000000
234 235 1817.000000
133 134 1811.000000
1208 1209 1806.000000
1465 1466 1803.000000
1402 1403 1790.000000
211 212 1767.000000
660 661 1751.000000
221 222 1746.000000
1198 1199 1740.000000
1421 1422 1739.000000
828 829 1717.000000
1034 1055 1703.000000
103 125 1700.000000
14 36 1683.000000
1531 1532 1677.000000
16 38 1674.000000
198 199 1674.000000
37 59 1673.000000
254 255 1672.000000
919 920 1665.000000
1008 10254 1662.000000
199 200 1649.000000
1357 1358 1649.000000
1075 10979 1646.000000
1090 1091 1641.000000
1091 1092 1641.000000
1092 1093 1641.000000
748 769 1640.000000
963 964 1638.000000
1424 1425 1627.000000
723 724 1608.000000
1034 1035 1605.000000
1122 1143 1572.000000
1007 10407 1568.000000
1144 1165 1567.000000
255 256 1558.000000
876 877 1558.000000
704 725 1546.000000
1208 1230 1522.000000
1116 1117 1503.000000
284 306 1496.000000
1380 1381 1472.000000
1403 1404 1471.000000
901 923 1463.000000
1295 1296 1458.000000
308 329 1453.000000
915 916 1449.000000
528 549 1438.000000
547 548 1438.000000
548 549 1438.000000
1093 1094 1434.000000
1056 1057 1429.000000
112 113 1426.000000
1121 1143 1426.000000
617 618 1416.000000
528 529 1410.000000
1425 1426 1406.000000
155 156 1398.000000
676 677 1393.000000
638 659 1391.000000
1264 1265 1387.000000
1265 1266 1387.000000
658 659 1386.000000
153 175 1384.000000
1510 1511 1384.000000
856 878 1379.000000
217 218 1361.000000
328 329 1360.000000
568 569 1353.000000
569 570 1353.000000
570 571 1353.000000
110 111 1351.000000
111 112 1351.000000
1220 1221 1349.000000
233 234 1343.000000
1554 1555 1321.000000
938 939 1313.000000
939 940 1313.000000
940 941 1313.000000
1243 1244 1308.000000
1244 1245 1308.000000
941 942 1306.000000
241 263 1297.000000
550 571 1272.000000
1311 1333 1271.000000
1025 1026 1267.000000
1026 1027 1267.000000
1027 1028 1267.000000
1555 1556 1264.000000
222 223 1256.000000
1164 1186 1238.000000
130 131 1237.000000
1100 1101 1234.000000
614 615 1213.000000
724 725 1212.000000
55 56 1189.000000
56 57 1189.000000
1420 1421 1188.000000
1551 1552 1188.000000
1381 1382 1179.000000
1266 1267 1174.000000
1532 1533 1172.000000
792 813 1166.000000
834 835 1165.000000
177 178 1158.000000
1029 1030 1158.000000
1054 10917 1152.000000
277 278 1137.000000
278 279 1137.000000
574 575 1132.000000
1133 1134 1127.000000
720 742 1121.000000
232 233 1113.000000
276 277 1109.000000
1201 1223 1098.000000
812 834 1095.000000
1094 1095 1091.000000
123 124 1084.000000
156 157 1081.000000
220 242 1078.000000
638 639 1076.000000
104 10511 1075.000000
1245 1246 1074.000000
1246 1247 1074.000000
1089 1090 1072.000000
371 372 1068.000000
38 60 1064.000000
256 257 1061.000000
370 371 1054.000000
1247 1248 1053.000000
1154 1155 1052.000000
145 146 1048.000000
741 742 1047.000000
661 662 1046.000000
611 612 1029.000000
612 613 1029.000000
613 614 1029.000000
166 167 1018.000000
894 895 1017.000000
110 131 1013.000000
5 6 1012.000000
200 201 1004.000000
1013 1014 998.000000
1446 1447 994.000000
6 7 986.000000
1286 1287 978.000000
1287 1288 978.000000
1288 1289 978.000000
7 8 972.000000
770 791 967.000000
58 80 963.000000
677 678 963.000000
678 679 963.000000
679 680 963.000000
704 705 959.000000
8 9 953.000000
264 265 952.000000
134 135 949.000000
655 656 939.000000
656 657 939.000000
657 658 939.000000
550 551 934.000000
529 530 930.000000
1556 1557 930.000000
1508 1509 929.000000
104 10911 916.000000
178 179 912.000000
946 947 903.000000
618 619 899.000000
210 232 897.000000
946 967 879.000000
1007 10270 877.000000
147 169 874.000000
1078 1099 868.000000
308 309 867.000000
594 595 865.000000
114 115 864.000000
115 116 864.000000
116 117 864.000000
117 118 864.000000
118 119 864.000000
119 120 864.000000
120 121 864.000000
121 122 864.000000
552 553 862.000000
265 266 861.000000
13 35 852.000000
871 872 843.000000
1030 10401 832.000000
1028 1029 828.000000
1177 1199 823.000000
1030 10357 814.000000
103 10511 807.000000
286 287 803.000000
589 590 803.000000
1111 1112 803.000000
188 189 800.000000
1112 1113 798.000000
1113 1114 795.000000
1114 1115 795.000000
551 552 786.000000
699 700 786.000000
700 701 786.000000
1046 1047 777.000000
1047 1048 777.000000
1048 1049 777.000000
1049 1050 777.000000
81 82 774.000000
1554 1576 773.000000
240 262 764.000000
682 703 762.000000
287 288 761.000000
180 181 754.000000
181 182 754.000000
182 183 754.000000
183 184 754.000000
184 185 754.000000
185 186 754.000000
186 187 754.000000
610 611 744.000000
187 188 742.000000
594 616 739.000000
286 307 736.000000
122 123 734.000000
702 703 725.000000
1115 1116 725.000000
682 683 717.000000
1008 10277 713.000000
654 655 712.000000
1009 10421 712.000000
633 634 701.000000
680 681 701.000000
1033 1055 700.000000
1077 10770 698.000000
969 991 693.000000
588 589 689.000000
944 966 689.000000
924 925 688.000000
70 71 685.000000
71 72 685.000000
72 73 685.000000
73 74 685.000000
74 75 685.000000
75 76 685.000000
1032 10669 677.000000
1263 1264 675.000000
745 746 667.000000
1178 1200 665.000000
1273 1274 661.000000
177 199 659.000000
1007 10268 655.000000
1528 1529 652.000000
1144 1145 650.000000
1145 1146 650.000000
1146 1147 650.000000
968 990 649.000000
1031 10330 649.000000
242 243 648.000000
266 267 643.000000
306 307 638.000000
1358 1359 636.000000
1007 10167 635.000000
947 948 634.000000
76 77 632.000000
77 78 632.000000
878 879 630.000000
108 109 623.000000
948 949 622.000000
1242 1243 621.000000
813 835 620.000000
1186 1187 618.000000
243 244 616.000000
698 699 616.000000
1031 10627 616.000000
653 654 606.000000
811 833 606.000000
1469 1470 602.000000
309 310 601.000000
701 702 593.000000
1050 1051 593.000000
726 727 591.000000
132 154 588.000000
350 351 586.000000
855 877 586.000000
1122 1123 585.000000
1123 1124 585.000000
1124 1125 585.000000
1359 1360 574.000000
1574 1575 573.000000
152 174 571.000000
1034 10503 570.000000
1058 1059 562.000000
1059 1060 562.000000
53 54 561.000000
54 55 561.000000
1573 1574 561.000000
102 10609 556.000000
836 857 554.000000
726 747 552.000000
1441 1442 552.000000
1002 1003 547.000000
1572 1573 540.000000
201 202 530.000000
202 203 530.000000
203 204 530.000000
204 205 530.000000
205 206 530.000000
206 207 530.000000
207 208 530.000000
208 209 530.000000
209 210 530.000000
1078 1079 528.000000
1057 1058 527.000000
746 747 526.000000
1285 1286 520.000000
595 596 518.000000
10 10035 516.000000
1009 10487 513.000000
135 136 512.000000
958 959 512.000000
925 947 511.000000
49 50 510.000000
50 51 510.000000
51 52 510.000000
52 53 510.000000
1012 10503 505.000000
1510 1532 504.000000
1045 1046 498.000000
10 10540 497.000000
10 10396 496.000000
1024 1025 495.000000
1031 10459 495.000000
1120 1142 495.000000
1101 1102 494.000000
1102 1103 494.000000
14 1576 489.000000
1132 1133 486.000000
196 218 485.000000
10 10224 484.000000
245 246 483.000000
246 247 483.000000
247 248 483.000000
248 249 483.000000
249 250 483.000000
250 251 483.000000
251 252 483.000000
252 253 483.000000
980 981 480.000000
1511 1512 480.000000
10 10651 478.000000
484 505 478.000000
503 504 478.000000
504 505 478.000000
10 10151 476.000000
10 10418 468.000000
1575 1576 467.000000
167 189 463.000000
697 698 463.000000
179 201 461.000000
1533 1534 461.000000
102 10503 459.000000
1008 10901 458.000000
767 789 457.000000
530 531 452.000000
632 633 447.000000
10 10402 446.000000
1056 1078 445.000000
617 639 439.000000
1028 1050 439.000000
350 372 438.000000
1382 1383 438.000000
197 219 435.000000
1003 10711 435.000000
1379 1401 435.000000
1270 1292 432.000000
857 879 429.000000
1267 1289 428.000000
1014 1015 427.000000
1015 1016 427.000000
124 146 421.000000
1031 10819 416.000000
1354 1355 410.000000
1110 1111 409.000000
900 922 405.000000
1289 1311 405.000000
1079 1080 404.000000
1080 1081 404.000000
970 971 398.000000
971 972 398.000000
1485 1486 398.000000
136 137 397.000000
137 138 397.000000
138 139 397.000000
139 140 397.000000
140 141 397.000000
141 142 397.000000
142 143 397.000000
143 144 397.000000
1507 1508 396.000000
1078 10931 395.000000
723 745 389.000000
1011 10762 389.000000
1069 1070 388.000000
1070 1071 388.000000
1071 1072 388.000000
144 145 383.000000
330 331 381.000000
1035 1036 379.000000
1036 1037 379.000000
1072 1073 377.000000
253 254 375.000000
1009 10953 375.000000
188 210 372.000000
959 981 372.000000
1011 10947 369.000000
745 767 368.000000
102 10481 367.000000
1031 10415 367.000000
1147 1148 366.000000
78 79 365.000000
1556 1578 365.000000
639 640 363.000000
1003 10731 362.000000
1003 10932 361.000000
1008 10392 361.000000
638 660 357.000000
768 790 357.000000
1010 10199 356.000000
1104 1105 354.000000
1360 1361 354.000000
1052 10819 352.000000
103 10360 351.000000
352 373 351.000000
372 373 351.000000
392 393 346.000000
1339 1340 346.000000
1447 1448 346.000000
1219 1220 344.000000
937 938 341.000000
1012 10981 341.000000
158 159 340.000000
159 160 340.000000
160 161 340.000000
161 162 340.000000
162 163 340.000000
163 164 340.000000
164 165 340.000000
165 166 340.000000
352 353 340.000000
195 217 337.000000
103 10374 336.000000
1175 1176 335.000000
330 351 332.000000
1055 10770 331.000000
223 245 330.000000
103 10452 328.000000
103 10526 328.000000
103 10991 328.000000
103 10615 327.000000
103 10622 327.000000
103 10795 327.000000
103 10797 327.000000
103 10847 327.000000
103 10571 326.000000
179 180 326.000000
103 10524 324.000000
103 10494 322.000000
103 10707 322.000000
103 10787 319.000000
103 10801 319.000000
103 10869 319.000000
103 10666 317.000000
103 10749 317.000000
103 10764 317.000000
103 10803 317.000000
103 10907 317.000000
103 10915 317.000000
1060 10874 317.000000
103 10695 316.000000
125 147 314.000000
103 10632 313.000000
1003 10150 313.000000
529 551 312.000000
1550 1551 310.000000
1014 10324 308.000000
1003 10272 307.000000
1003 10411 307.000000
1052 10953 307.000000
101 10715 305.000000
546 547 304.000000
1012 10481 303.000000
176 198 302.000000
1125 1126 301.000000
1032 10577 297.000000
1045 10592 297.000000
101 123 293.000000
133 155 293.000000
1245 1267 292.000000
102 10997 291.000000
103 10990 290.000000
484 485 289.000000
1053 10661 289.000000
567 568 286.000000
1452 1473 286.000000
1471 1472 286.000000
1472 1473 286.000000
1013 1035 285.000000
1003 10207 284.000000
1037 10378 281.000000
283 305 280.000000
242 264 278.000000
109 131 277.000000
748 770 277.000000
1035 10436 275.000000
305 306 274.000000
1492 1493 273.000000
1493 1494 273.000000
1494 1495 273.000000
110 132 272.000000
1033 10977 271.000000
88 89 270.000000
89 90 270.000000
90 91 270.000000
1033 10372 270.000000
1033 10532 270.000000
748 749 269.000000
1105 1106 269.000000
1106 1107 269.000000
1107 1108 269.000000
1108 1109 269.000000
1109 1110 269.000000
1576 1577 269.000000
104 10904 267.000000
102 10818 266.000000
102 10329 265.000000
102 10358 265.000000
102 10379 265.000000
965 987 262.000000
199 221 261.000000
564 565 261.000000
565 566 261.000000
683 684 261.000000
93 94 259.000000
94 95 259.000000
95 96 259.000000
96 97 259.000000
97 98 259.000000
98 99 259.000000
100 101 259.000000
232 254 259.000000
104 10443 258.000000
104 10519 258.000000
104 10536 258.000000
104 10574 258.000000
104 10597 258.000000
104 10650 258.000000
104 10860 258.000000
991 992 258.000000
353 354 257.000000
101 10193 256.000000
104 10468 256.000000
104 10735 256.000000
101 10453 255.000000
1008 10618 254.000000
1512 1513 254.000000
102 10981 253.000000
223 224 253.000000
224 225 253.000000
225 226 253.000000
226 227 253.000000
227 228 253.000000
228 229 253.000000
229 230 253.000000
230 231 253.000000
1011 10203 253.000000
1035 10578 252.000000
101 10175 251.000000
1577 1578 251.000000
1056 10961 250.000000
949 950 248.000000
101 10188 247.000000
101 10240 247.000000
101 10303 247.000000
101 10337 247.000000
101 10383 247.000000
101 10864 247.000000
101 10968 247.000000
101 10970 247.000000
254 276 247.000000
520 521 246.000000
521 522 246.000000
1001 1002 245.000000
263 285 244.000000
516 517 244.000000
517 518 244.000000
518 519 244.000000
519 520 244.000000
1025 10391 244.000000
1010 10985 243.000000
400 422 242.000000
1054 10702 242.000000
374 375 241.000000
239 261 240.000000
374 395 240.000000
394 395 240.000000
531 532 240.000000
1099 10990 240.000000
1056 10840 238.000000
1056 10899 238.000000
1001 10030 237.000000
103 10625 236.000000
266 288 236.000000
1010 10364 236.000000
1033 10763 236.000000
1033 10895 236.000000
1030 10399 235.000000
662 663 233.000000
1103 1104 232.000000
1011 10924 231.000000
1035 10778 231.000000
1011 10600 230.000000
1033 10375 229.000000
1033 10740 229.000000
675 676 228.000000
146 168 225.000000
231 232 225.000000
1467 1489 225.000000
566 567 224.000000
1491 1492 224.000000
104 10870 223.000000
586 587 223.000000
925 926 223.000000
103 10755 219.000000
1033 10600 219.000000
101 10244 218.000000
1011 10184 218.000000
1011 10940 218.000000
1033 10924 218.000000
1314 1336 218.000000
1010 10372 217.000000
1010 10532 217.000000
1010 10717 216.000000
1011 10470 216.000000
458 459 215.000000
1010 10121 215.000000
1010 10894 215.000000
1033 10488 215.000000
1033 10358 214.000000
1033 10379 214.000000
1033 10818 214.000000
1057 10751 214.000000
531 553 212.000000
1057 10578 212.000000
1010 10977 211.000000
1422 1444 211.000000
123 145 210.000000
255 277 210.000000
1003 10474 210.000000
1010 10279 210.000000
1030 10325 210.000000
1057 10778 210.000000
1010 10426 209.000000
1013 10846 209.000000
103 10809 208.000000
992 993 208.000000
993 994 208.000000
1010 10308 208.000000
1010 10486 208.000000
1010 10593 208.000000
1010 10619 208.000000
1010 10879 208.000000
103 10461 207.000000
572 594 207.000000
1029 10298 207.000000
545 546 206.000000
1030 10883 206.000000
1010 10113 205.000000
1032 10702 205.000000
145 167 204.000000
1056 10607 204.000000
1077 10998 204.000000
103 10466 203.000000
103 10620 203.000000
103 10649 203.000000
103 10682 203.000000
103 10729 203.000000
103 10827 203.000000
103 10834 203.000000
309 331 202.000000
727 728 201.000000
881 882 201.000000
882 883 201.000000
883 884 201.000000
1032 10335 200.000000
1032 10347 200.000000
1252 1253 200.000000
1033 10426 199.000000
1033 10470 199.000000
1033 10894 199.000000
574 596 198.000000
899 921 198.000000
134 156 197.000000
1033 10863 197.000000
1252 1274 197.000000
972 973 196.000000
1011 10414 196.000000
1157 1179 196.000000
60 61 195.000000
551 573 194.000000
724 746 194.000000
1013 10327 194.000000
211 233 193.000000
1010 10218 192.000000
1010 10763 192.000000
1010 10895 192.000000
1033 10609 192.000000
154 176 190.000000
1056 10761 190.000000
1133 1155 190.000000
1056 10657 189.000000
769 791 188.000000
1009 1031 187.000000
1012 10995 187.000000
1013 10844 187.000000
1291 1313 186.000000
70 92 185.000000
1076 10985 185.000000
1013 10340 184.000000
1034 10533 184.000000
198 220 183.000000
829 851 183.000000
1011 10609 183.000000
1012 10259 183.000000
1126 1127 182.000000
1127 1128 182.000000
1128 1129 182.000000
1129 1130 182.000000
1130 1131 182.000000
928 950 180.000000
1470 1471 179.000000
104 10806 177.000000
902 903 177.000000
903 904 177.000000
904 905 177.000000
1013 10927 177.000000
1031 10421 177.000000
1506 1507 177.000000
926 927 176.000000
927 928 176.000000
1002 10161 176.000000
103 10918 175.000000
1534 1535 175.000000
1011 10502 174.000000
1182 1204 174.000000
178 200 172.000000
201 223 172.000000
219 241 172.000000
1013 10273 171.000000
1013 10403 171.000000
91 92 170.000000
1012 10409 169.000000
113 114 168.000000
1002 10276 168.000000
1014 10751 168.000000
682 704 167.000000
1055 10997 167.000000
397 398 166.000000
398 399 166.000000
399 400 166.000000
1056 10936 166.000000
1335 1357 166.000000
1011 10398 165.000000
1034 1056 165.000000
1069 10731 165.000000
1013 10607 163.000000
1011 10696 161.000000
1025 10590 161.000000
101 10269 159.000000
573 595 159.000000
244 245 157.000000
1024 10856 157.000000
1024 10635 156.000000
1033 10886 156.000000
530 552 155.000000
1034 10553 155.000000
705 706 154.000000
310 332 152.000000
704 726 152.000000
1014 10436 152.000000
320 321 150.000000
321 322 150.000000
322 323 150.000000
323 324 150.000000
324 325 150.000000
325 326 150.000000
326 327 150.000000
1143 1165 150.000000
1035 10583 149.000000
1069 10932 148.000000
1008 10821 147.000000
1170 1171 147.000000
1171 1172 147.000000
1172 1173 147.000000
1173 1174 147.000000
1174 1175 147.000000
1013 10553 146.000000
265 287 145.000000
1054 10696 145.000000
828 850 143.000000
222 244 142.000000
1053 10985 141.000000
1180 1202 141.000000
61 62 140.000000
62 63 140.000000
63 64 140.000000
104 10491 139.000000
331 332 139.000000
587 588 139.000000
618 640 138.000000
1073 10903 138.000000
596 597 136.000000
726 748 136.000000
791 813 136.000000
1053 1075 136.000000
1053 10577 136.000000
967 989 135.000000
1010 10668 135.000000
27 28 134.000000
28 29 134.000000
29 30 134.000000
30 31 134.000000
1007 10136 134.000000
1012 10997 134.000000
1031 10413 133.000000
1317 1318 133.000000
101 10663 132.000000
233 255 132.000000
1076 10917 132.000000
101 10871 131.000000
101 10948 131.000000
101 10976 131.000000
1204 1226 131.000000
101 10500 130.000000
101 10687 130.000000
101 10782 130.000000
1122 1144 130.000000
101 10438 129.000000
267 268 129.000000
268 269 129.000000
269 270 129.000000
270 271 129.000000
271 272 129.000000
272 273 129.000000
273 274 129.000000
532 533 129.000000
533 534 129.000000
534 535 129.000000
535 536 129.000000
536 537 129.000000
102 10470 128.000000
274 275 128.000000
275 276 128.000000
1081 10874 128.000000
262 284 127.000000
1513 1514 126.000000
92 93 125.000000
1029 10539 125.000000
1442 1464 124.000000
113 135 122.000000
740 741 120.000000
64 65 119.000000
102 10600 119.000000
102 10762 119.000000
102 10924 119.000000
102 10947 119.000000
553 554 119.000000
554 555 119.000000
555 556 119.000000
556 557 119.000000
557 558 119.000000
558 559 119.000000
1010 10702 119.000000
1046 10944 119.000000
102 10409 118.000000
102 10488 118.000000
102 10998 118.000000
636 658 118.000000
105 10911 116.000000
859 881 116.000000
1033 10696 116.000000
1088 1110 116.000000
48 49 115.000000
625 626 113.000000
1055 10740 113.000000
44 45 112.000000
44 65 112.000000
45 46 112.000000
46 47 112.000000
47 48 112.000000
1009 10796 112.000000
1010 10180 112.000000
1010 10347 112.000000
1011 10863 112.000000
1074 10850 112.000000
1094 1116 112.000000
60 82 111.000000
604 605 111.000000
605 606 111.000000
606 607 111.000000
854 876 111.000000
1010 10335 111.000000
1012 10998 111.000000
1033 10398 111.000000
607 608 110.000000
608 609 110.000000
1377 1399 110.000000
243 265 109.000000
858 880 109.000000
1008 1030 109.000000
1078 1100 108.000000
1141 1163 108.000000
104 10820 107.000000
157 158 106.000000
245 267 106.000000
973 974 106.000000
974 975 106.000000
975 976 106.000000
976 977 106.000000
977 978 106.000000
978 979 106.000000
1148 1149 106.000000
1149 1150 106.000000
1150 1151 106.000000
1151 1152 106.000000
1152 1153 106.000000
175 197 105.000000
288 310 105.000000
507 529 105.000000
878 900 104.000000
1030 10369 104.000000
1088 1089 104.000000
354 355 103.000000
355 356 103.000000
1007 10386 103.000000
1007 10575 103.000000
1007 10640 103.000000
1007 10842 103.000000
1011 10886 103.000000
1012 1034 103.000000
1011 10375 102.000000
1011 10740 102.000000
189 211 101.000000
970 992 101.000000
1008 10982 101.000000
1052 10901 101.000000
1074 1096 101.000000
1203 1225 101.000000
784 806 100.000000
836 837 100.000000
1007 10298 100.000000
1073 10738 100.000000
948 970 99.000000
1011 10329 99.000000
576 577 98.000000
577 578 98.000000
578 579 98.000000
579 580 98.000000
580 581 98.000000
1011 10358 98.000000
1011 10379 98.000000
1011 10818 98.000000
1037 1038 98.000000
1051 1073 98.000000
575 576 97.000000
582 583 97.000000
583 584 97.000000
584 585 97.000000
585 586 97.000000
603 604 97.000000
616 638 97.000000
837 859 97.000000
898 920 97.000000
1008 10446 97.000000
1166 1167 97.000000
1166 1187 97.000000
1167 1168 97.000000
1168 1169 97.000000
1169 1170 97.000000
1011 10488 96.000000
1016 1038 96.000000
103 10302 95.000000
836 858 95.000000
979 980 95.000000
1010 10613 95.000000
1424 1446 95.000000
131 153 94.000000
27 49 93.000000
1380 1402 93.000000
1398 1420 93.000000
1176 1198 92.000000
104 126 91.000000
528 550 91.000000
1030 10946 90.000000
1210 1211 90.000000
1211 1212 90.000000
1212 1213 90.000000
1295 1317 90.000000
104 10566 89.000000
1030 10949 89.000000
1060 1061 89.000000
1061 1062 89.000000
1062 1063 89.000000
1063 1064 89.000000
1064 1065 89.000000
1065 1066 89.000000
104 10434 88.000000
104 10767 88.000000
104 10794 88.000000
104 10826 88.000000
104 10963 88.000000
440 441 88.000000
440 461 88.000000
460 461 88.000000
508 509 88.000000
827 828 88.000000
1007 10788 88.000000
1008 10249 88.000000
1034 10403 88.000000
104 10747 87.000000
661 683 87.000000
960 982 87.000000
1007 10179 87.000000
1007 10250 87.000000
1007 10831 87.000000
1032 10985 87.000000
1067 1068 87.000000
1007 10568 86.000000
1007 10965 86.000000
1313 1335 86.000000
1031 10850 85.000000
103 10356 84.000000
104 10875 84.000000
441 442 84.000000
442 443 84.000000
443 444 84.000000
587 609 84.000000
747 769 84.000000
1007 10664 84.000000
1007 10718 84.000000
1008 10681 84.000000
104 10591 83.000000
1008 10659 83.000000
1035 10751 83.000000
36 58 82.000000
103 10501 82.000000
296 297 82.000000
485 507 82.000000
660 682 82.000000
1008 10721 82.000000
1034 10607 82.000000
1050 10565 82.000000
1055 10863 82.000000
1485 1507 82.000000
102 10770 81.000000
103 10793 81.000000
144 166 81.000000
396 417 81.000000
416 417 81.000000
1007 10114 81.000000
1066 1067 81.000000
1376 1377 81.000000
396 397 80.000000
893 894 80.000000
1186 1208 80.000000
1210 1231 80.000000
103 10930 79.000000
1073 10842 79.000000
1118 1140 79.000000
1397 1398 79.000000
288 289 78.000000
289 290 78.000000
290 291 78.000000
291 292 78.000000
292 293 78.000000
293 294 78.000000
294 295 78.000000
295 296 78.000000
790 812 78.000000
1031 10392 78.000000
1401 1423 77.000000
103 10439 76.000000
103 10610 76.000000
103 10723 76.000000
103 10727 76.000000
103 10736 76.000000
103 10820 76.000000
103 10853 76.000000
103 10980 76.000000
103 10989 76.000000
362 363 76.000000
363 364 76.000000
364 365 76.000000
365 366 76.000000
366 367 76.000000
367 368 76.000000
368 369 76.000000
369 370 76.000000
378 400 76.000000
1029 10407 76.000000
1031 10689 76.000000
1031 10982 76.000000
1076 10763 76.000000
1076 10895 76.000000
1230 1231 76.000000
103 10314 75.000000
112 134 75.000000
494 495 75.000000
495 496 75.000000
496 497 75.000000
497 498 75.000000
498 499 75.000000
499 500 75.000000
500 501 75.000000
1009 10979 75.000000
1068 1069 75.000000
1153 1154 75.000000
1571 1572 75.000000
502 503 74.000000
1010 1032 74.000000
103 10313 73.000000
103 10492 73.000000
103 10504 73.000000
103 10926 73.000000
103 10966 73.000000
103 10983 73.000000
104 10836 73.000000
615 637 73.000000
1025 10711 72.000000
1570 1571 72.000000
221 243 71.000000
942 964 71.000000
1008 10487 71.000000
31 32 70.000000
103 10354 70.000000
103 10465 70.000000
103 10483 70.000000
103 10514 70.000000
103 10546 70.000000
103 10564 70.000000
103 10601 70.000000
103 10621 70.000000
103 10913 70.000000
484 506 70.000000
835 857 70.000000
1089 1111 70.000000
1115 1137 70.000000
103 10342 69.000000
103 10388 69.000000
103 10424 69.000000
103 10508 69.000000
103 10528 69.000000
103 10629 69.000000
103 10644 69.000000
103 10652 69.000000
103 10653 69.000000
103 10673 69.000000
103 10676 69.000000
103 10685 69.000000
103 10712 69.000000
103 10728 69.000000
103 10756 69.000000
103 10876 69.000000
103 10881 69.000000
103 10905 69.000000
103 10958 69.000000
103 10984 69.000000
103 10994 69.000000
306 328 69.000000
356 378 69.000000
596 618 69.000000
850 872 69.000000
872 894 69.000000
1031 1053 69.000000
1404 1405 69.000000
1423 1445 69.000000
104 10800 67.000000
597 598 67.000000
598 599 67.000000
599 600 67.000000
600 601 67.000000
601 602 67.000000
1029 10565 67.000000
1031 10953 67.000000
1051 10783 67.000000
1197 1198 67.000000
298 299 66.000000
299 300 66.000000
300 301 66.000000
301 302 66.000000
302 303 66.000000
303 304 66.000000
462 483 66.000000
481 482 66.000000
482 483 66.000000
742 764 66.000000
994 995 66.000000
995 996 66.000000
996 997 66.000000
997 998 66.000000
998 999 66.000000
1000 1001 66.000000
1073 10788 66.000000
1378 1400 66.000000
286 308 65.000000
507 508 65.000000
680 702 65.000000
103 10873 64.000000
435 436 64.000000
436 437 64.000000
462 463 64.000000
705 727 64.000000
1052 10979 64.000000
1207 1229 64.000000
1051 10775 63.000000
1055 10998 63.000000
450 451 62.000000
451 452 62.000000
452 453 62.000000
453 454 62.000000
454 455 62.000000
455 456 62.000000
456 457 62.000000
581 582 62.000000
626 627 62.000000
627 628 62.000000
628 629 62.000000
629 630 62.000000
630 631 62.000000
1030 10811 62.000000
1030 10955 62.000000
1031 10446 62.000000
1031 10542 62.000000
640 662 61.000000
1421 1443 61.000000
958 980 60.000000
1031 10554 60.000000
1038 1039 60.000000
1039 1040 60.000000
1040 1041 60.000000
1041 1042 60.000000
1042 1043 60.000000
1043 1044 60.000000
1044 1045 60.000000
1030 10330 59.000000
1031 10618 59.000000
1096 10982 59.000000
104 10952 58.000000
725 747 58.000000
1055 1077 58.000000
155 177 57.000000
485 486 57.000000
501 502 57.000000
691 692 57.000000
692 693 57.000000
693 694 57.000000
694 695 57.000000
695 696 57.000000
104 10614 56.000000
349 350 56.000000
1011 10130 56.000000
1025 10272 56.000000
1025 10411 56.000000
1096 10979 56.000000
1426 1427 56.000000
32 33 55.000000
33 34 55.000000
34 35 55.000000
1074 10821 55.000000
1095 10955 55.000000
1241 1242 55.000000
1073 10831 54.000000
1073 10965 54.000000
1073 10934 53.000000
1075 10953 53.000000
1077 10863 53.000000
1227 1249 53.000000
1569 1570 53.000000
104 10477 52.000000
104 10720 52.000000
158 180 52.000000
619 620 52.000000
620 621 52.000000
621 622 52.000000
622 623 52.000000
623 624 52.000000
624 625 52.000000
785 807 52.000000
1223 1245 52.000000
537 538 51.000000
566 588 51.000000
1055 10609 51.000000
1099 1121 51.000000
1185 1207 51.000000
1226 1248 51.000000
104 10641 50.000000
786 808 50.000000
1095 10982 50.000000
200 222 49.000000
463 464 49.000000
464 465 49.000000
465 466 49.000000
1025 10474 49.000000
104 10458 48.000000
104 10642 48.000000
104 10686 48.000000
515 516 48.000000
553 575 48.000000
1463 1464 48.000000
1484 1485 48.000000
1484 1506 48.000000
15 1577 47.000000
102 10923 47.000000
770 792 47.000000
926 948 47.000000
35 57 46.000000
1009 10190 46.000000
48 70 45.000000
104 10988 45.000000
702 724 45.000000
916 938 45.000000
1016 10378 45.000000
1513 1535 45.000000
103 10754 44.000000
174 196 44.000000
508 530 44.000000
1138 1160 44.000000
1014 10155 43.000000
1014 10583 43.000000
1154 1176 43.000000
26 27 42.000000
26 48 42.000000
506 507 42.000000
552 574 42.000000
559 560 42.000000
560 561 42.000000
561 562 42.000000
562 563 42.000000
728 729 42.000000
729 730 42.000000
730 731 42.000000
731 732 42.000000
732 733 42.000000
733 734 42.000000
834 856 42.000000
1051 10810 42.000000
1155 1177 42.000000
1016 1017 41.000000
1017 1018 41.000000
1018 1019 41.000000
1019 1020 41.000000
1020 1021 41.000000
1021 1022 41.000000
1022 1023 41.000000
231 253 40.000000
244 266 40.000000
311 312 40.000000
523 524 40.000000
1009 10669 40.000000
1010 10857 40.000000
1010 10910 40.000000
1035 10643 40.000000
1077 10947 40.000000
1486 1508 40.000000
307 329 39.000000
356 357 39.000000
357 358 39.000000
358 359 39.000000
359 360 39.000000
360 361 39.000000
361 362 39.000000
422 423 39.000000
423 424 39.000000
424 425 39.000000
425 426 39.000000
426 427 39.000000
703 725 39.000000
1007 10721 39.000000
1032 1054 39.000000
1033 10593 39.000000
1033 10619 39.000000
1033 10879 39.000000
1051 10603 39.000000
1051 10777 39.000000
1051 10808 39.000000
1051 10841 39.000000
1051 10877 39.000000
1051 10951 39.000000
1054 1076 39.000000
1489 1511 39.000000
1568 1569 39.000000
82 83 38.000000
83 84 38.000000
84 85 38.000000
85 86 38.000000
135 157 38.000000
393 394 38.000000
597 619 38.000000
1010 10246 38.000000
1010 10550 38.000000
1011 10310 38.000000
1024 10276 38.000000
1051 10848 38.000000
1051 10902 38.000000
1051 10921 38.000000
1110 1132 38.000000
104 10485 37.000000
104 10734 37.000000
261 283 37.000000
449 450 37.000000
964 986 37.000000
1030 10493 37.000000
1033 10346 37.000000
1051 10703 37.000000
1051 10816 37.000000
1051 10969 37.000000
415 416 36.000000
486 487 36.000000
487 488 36.000000
1247 1269 36.000000
312 313 35.000000
313 314 35.000000
314 315 35.000000
315 316 35.000000
316 317 35.000000
317 318 35.000000
951 952 35.000000
952 953 35.000000
953 954 35.000000
954 955 35.000000
955 956 35.000000
956 957 35.000000
957 958 35.000000
1051 10745 35.000000
1188 1189 35.000000
1188 1209 35.000000
1189 1190 35.000000
1190 1191 35.000000
1191 1192 35.000000
1557 1558 35.000000
1558 1559 35.000000
1559 1560 35.000000
1560 1561 35.000000
414 415 34.000000
595 617 34.000000
858 879 34.000000
929 930 34.000000
930 931 34.000000
931 932 34.000000
932 933 34.000000
933 934 34.000000
934 935 34.000000
935 936 34.000000
1011 10244 34.000000
1023 1024 34.000000
1024 10835 34.000000
1024 10852 34.000000
1033 10428 34.000000
1033 10996 34.000000
1052 10752 34.000000
130 152 33.000000
1052 10665 33.000000
86 87 32.000000
1009 10964 32.000000
1011 10221 32.000000
1054 10977 32.000000
1073 10745 32.000000
1073 10810 32.000000
1074 10901 32.000000
1083 1084 32.000000
1084 1085 32.000000
1085 1086 32.000000
1086 1087 32.000000
1087 1088 32.000000
1112 1134 32.000000
1192 1193 32.000000
1193 1194 32.000000
1194 1195 32.000000
1195 1196 32.000000
1196 1197 32.000000
304 305 31.000000
563 564 31.000000
575 597 31.000000
1011 10363 31.000000
1011 10868 31.000000
1033 10414 31.000000
1052 10529 31.000000
66 67 30.000000
66 87 30.000000
67 68 30.000000
68 69 30.000000
69 70 30.000000
332 354 30.000000
522 523 30.000000
631 632 30.000000
928 929 30.000000
1011 10387 30.000000
1033 10972 30.000000
38 39 29.000000
340 362 29.000000
463 485 29.000000
510 511 29.000000
511 512 29.000000
512 513 29.000000
513 514 29.000000
514 515 29.000000
604 626 29.000000
676 698 29.000000
762 763 29.000000
1011 10142 29.000000
1011 10239 29.000000
1011 10432 29.000000
1011 10475 29.000000
1011 10730 29.000000
1011 10972 29.000000
1034 10981 29.000000
1054 10763 29.000000
1054 10895 29.000000
1465 1487 29.000000
1555 1577 29.000000
459 460 28.000000
550 572 28.000000
946 968 28.000000
609 610 27.000000
884 885 27.000000
885 886 27.000000
886 887 27.000000
887 888 27.000000
888 889 27.000000
889 890 27.000000
890 891 27.000000
891 892 27.000000
892 893 27.000000
1012 10947 27.000000
1038 1060 27.000000
1054 10972 27.000000
1077 10818 27.000000
1077 10924 27.000000
1400 1422 27.000000
947 969 26.000000
1009 10713 26.000000
1010 10435 26.000000
1053 10669 26.000000
1073 10883 26.000000
1528 1550 26.000000
318 319 25.000000
444 466 25.000000
763 785 25.000000
1031 10796 25.000000
1333 1355 25.000000
1487 1509 25.000000
319 320 24.000000
713 714 24.000000
714 715 24.000000
715 716 24.000000
716 717 24.000000
717 718 24.000000
1011 10308 24.000000
1011 10486 24.000000
1073 10777 24.000000
1073 10841 24.000000
310 311 23.000000
592 614 23.000000
718 719 23.000000
1003 10146 23.000000
1033 10486 23.000000
1073 10775 23.000000
1073 10783 23.000000
1073 10808 23.000000
1073 10816 23.000000
1073 10848 23.000000
1073 10877 23.000000
1073 10902 23.000000
1073 10921 23.000000
1073 10951 23.000000
1073 10969 23.000000
1444 1466 23.000000
1464 1486 23.000000
297 298 22.000000
610 632 22.000000
655 677 22.000000
936 937 22.000000
1055 10600 22.000000
1055 10762 22.000000
1055 10924 22.000000
1074 10752 22.000000
64 86 21.000000
486 508 21.000000
696 697 21.000000
789 811 21.000000
951 973 21.000000
1012 10488 21.000000
1030 10659 21.000000
1030 10721 21.000000
1054 10730 21.000000
1160 1182 21.000000
1232 1253 21.000000
858 859 20.000000
862 884 20.000000
881 903 20.000000
902 924 20.000000
903 925 20.000000
1011 10269 20.000000
1011 10586 20.000000
1011 10663 20.000000
1011 10837 20.000000
1031 10487 20.000000
1033 10363 20.000000
1033 10387 20.000000
1033 10432 20.000000
1033 10475 20.000000
1033 10730 20.000000
1033 10868 20.000000
1073 1095 20.000000
1081 1082 20.000000
1082 1083 20.000000
1132 1154 20.000000
1296 1318 20.000000
1420 1442 20.000000
466 467 19.000000
467 468 19.000000
468 469 19.000000
469 470 19.000000
470 471 19.000000
593 615 19.000000
833 855 19.000000
876 898 19.000000
877 899 19.000000
922 944 19.000000
1011 10733 19.000000
1013 10204 19.000000
1025 10731 19.000000
1025 10932 19.000000
1033 10351 19.000000
1137 1159 19.000000
1355 1377 19.000000
1357 1379 19.000000
746 768 18.000000
923 945 18.000000
950 951 18.000000
1030 10529 18.000000
1055 10818 18.000000
1159 1181 18.000000
22 23 17.000000
22 43 17.000000
23 24 17.000000
24 25 17.000000
25 26 17.000000
39 40 17.000000
40 41 17.000000
41 42 17.000000
42 43 17.000000
318 340 17.000000
506 527 17.000000
509 510 17.000000
524 525 17.000000
525 526 17.000000
526 527 17.000000
538 539 17.000000
539 540 17.000000
540 541 17.000000
541 542 17.000000
1007 10509 17.000000
1383 1384 17.000000
340 341 16.000000
457 458 16.000000
571 593 16.000000
683 705 16.000000
862 863 16.000000
863 864 16.000000
864 865 16.000000
865 866 16.000000
866 867 16.000000
867 868 16.000000
868 869 16.000000
869 870 16.000000
870 871 16.000000
1007 10777 16.000000
1032 10613 16.000000
1056 10995 16.000000
12 1574 15.000000
217 239 15.000000
582 604 15.000000
639 661 15.000000
879 901 15.000000
943 965 15.000000
1008 10542 15.000000
1008 10627 15.000000
1013 10431 15.000000
1013 10561 15.000000
1053 10613 15.000000
1056 10981 15.000000
1057 10846 15.000000
1057 10927 15.000000
1097 10985 15.000000
1354 1376 15.000000
157 179 14.000000
166 188 14.000000
264 286 14.000000
418 419 14.000000
418 439 14.000000
419 420 14.000000
420 421 14.000000
421 422 14.000000
437 438 14.000000
438 439 14.000000
697 719 14.000000
698 720 14.000000
966 988 14.000000
1001 10635 14.000000
1008 10330 14.000000
1008 10529 14.000000
1008 10554 14.000000
1008 10665 14.000000
1010 10271 14.000000
1029 10934 14.000000
1032 10668 14.000000
1034 10995 14.000000
1054 10593 14.000000
1054 10619 14.000000
1054 10879 14.000000
640 641 13.000000
641 642 13.000000
642 643 13.000000
643 644 13.000000
644 645 13.000000
645 646 13.000000
646 647 13.000000
1011 10163 13.000000
1011 10346 13.000000
1011 10428 13.000000
1011 10996 13.000000
1030 10694 13.000000
1045 10635 13.000000
1051 10821 13.000000
1056 10997 13.000000
1116 1138 13.000000
1567 1568 13.000000
11 1573 12.000000
187 209 12.000000
209 231 12.000000
480 481 12.000000
631 653 12.000000
936 958 12.000000
1024 10944 12.000000
1031 10979 12.000000
1034 10678 12.000000
1079 1101 12.000000
1083 1105 12.000000
1094 10951 12.000000
1248 1270 12.000000
173 195 11.000000
330 352 11.000000
659 681 11.000000
663 664 11.000000
664 665 11.000000
665 666 11.000000
666 667 11.000000
667 668 11.000000
668 669 11.000000
915 937 11.000000
1001 10856 11.000000
1007 10256 11.000000
1007 10331 11.000000
1007 10357 11.000000
1007 10369 11.000000
1007 10380 11.000000
1007 10603 11.000000
1007 10703 11.000000
1007 10808 11.000000
1007 10811 11.000000
1007 10816 11.000000
1007 10841 11.000000
1007 10877 11.000000
1007 10883 11.000000
1007 10934 11.000000
1007 10946 11.000000
1007 10949 11.000000
1007 10955 11.000000
1007 10969 11.000000
1029 10386 11.000000
1029 10575 11.000000
1029 10640 11.000000
1029 10788 11.000000
1029 10842 11.000000
1030 10821 11.000000
1053 10668 11.000000
1097 1119 11.000000
1139 1161 11.000000
1232 1233 11.000000
1233 1234 11.000000
1234 1235 11.000000
1235 1236 11.000000
1236 1237 11.000000
1237 1238 11.000000
1238 1239 11.000000
1239 1240 11.000000
1240 1241 11.000000
1445 1467 11.000000
57 79 10.000000
126 148 10.000000
441 463 10.000000
506 528 10.000000
654 676 10.000000
1014 10176 10.000000
1014 10293 10.000000
1014 10643 10.000000
1029 10568 10.000000
1029 10664 10.000000
1029 10718 10.000000
1029 10831 10.000000
1029 10965 10.000000
1030 10681 10.000000
1074 10982 10.000000
1210 1232 10.000000
1532 1554 10.000000
1535 1536 10.000000
1536 1537 10.000000
1537 1538 10.000000
1538 1539 10.000000
1 2 9.000000
2 3 9.000000
3 4 9.000000
4 5 9.000000
287 309 9.000000
375 376 9.000000
376 377 9.000000
377 378 9.000000
588 610 9.000000
727 749 9.000000
1008 10148 9.000000
1008 10493 9.000000
1008 10694 9.000000
1008 10752 9.000000
1013 10678 9.000000
1046 10474 9.000000
1046 10711 9.000000
1072 1094 9.000000
1094 10946 9.000000
1094 10969 9.000000
0 1 8.000000
0 21 8.000000
17 18 8.000000
18 19 8.000000
19 20 8.000000
20 21 8.000000
285 307 8.000000
332 333 8.000000
333 334 8.000000
334 335 8.000000
335 336 8.000000
336 337 8.000000
337 338 8.000000
338 339 8.000000
339 340 8.000000
658 680 8.000000
1029 10484 8.000000
1035 10846 8.000000
1035 10927 8.000000
1066 1088 8.000000
1067 1089 8.000000
65 87 7.000000
472 494 7.000000
719 741 7.000000
941 963 7.000000
1003 10183 7.000000
1007 10225 7.000000
1007 10450 7.000000
1007 10476 7.000000
1007 10505 7.000000
1007 10506 7.000000
1007 10775 7.000000
1007 10783 7.000000
1007 10848 7.000000
1007 10902 7.000000
1007 10921 7.000000
1007 10951 7.000000
1011 10351 7.000000
1023 1045 7.000000
1029 10380 7.000000
1029 10703 7.000000
1029 10816 7.000000
1029 10969 7.000000
1153 1175 7.000000
1466 1488 7.000000
10 1572 6.000000
151 173 6.000000
394 416 6.000000
444 445 6.000000
445 446 6.000000
446 447 6.000000
447 448 6.000000
448 449 6.000000
488 489 6.000000
489 490 6.000000
490 491 6.000000
491 492 6.000000
492 493 6.000000
542 543 6.000000
543 544 6.000000
544 545 6.000000
602 603 6.000000
633 655 6.000000
637 659 6.000000
706 707 6.000000
707 708 6.000000
708 709 6.000000
709 710 6.000000
710 711 6.000000
711 712 6.000000
712 713 6.000000
741 763 6.000000
937 959 6.000000
1007 10484 6.000000
1024 1046 6.000000
1029 10450 6.000000
1029 10476 6.000000
1029 10505 6.000000
1029 10506 6.000000
1029 10775 6.000000
1029 10783 6.000000
1029 10848 6.000000
1029 10902 6.000000
1029 10921 6.000000
1029 10951 6.000000
1030 10752 6.000000
1046 10731 6.000000
1046 10932 6.000000
1111 1133 6.000000
1131 1132 6.000000
296 318 5.000000
312 334 5.000000
334 356 5.000000
406 407 5.000000
407 408 5.000000
408 409 5.000000
409 410 5.000000
410 411 5.000000
411 412 5.000000
412 413 5.000000
413 414 5.000000
450 472 5.000000
1002 10207 5.000000
1045 10856 5.000000
1051 10883 5.000000
1052 10689 5.000000
1052 10850 5.000000
1055 10947 5.000000
1068 1090 5.000000
1403 1425 5.000000
1430 1452 5.000000
341 342 4.000000
342 343 4.000000
343 344 4.000000
344 345 4.000000
345 346 4.000000
346 347 4.000000
347 348 4.000000
348 349 4.000000
479 480 4.000000
493 494 4.000000
494 516 4.000000
807 829 4.000000
929 951 4.000000
1002 10391 4.000000
1002 10590 4.000000
1050 1072 4.000000
1050 10664 4.000000
1050 10718 4.000000
1050 10842 4.000000
1051 10659 4.000000
1051 10681 4.000000
1094 10965 4.000000
1134 1156 4.000000
1183 1205 4.000000
1213 1214 4.000000
1214 1215 4.000000
1215 1216 4.000000
1216 1217 4.000000
1217 1218 4.000000
1231 1253 4.000000
1292 1314 4.000000
1359 1381 4.000000
1408 1430 4.000000
1408 1429 4.000000
1427 1428 4.000000
1428 1429 4.000000
218 240 3.000000
428 429 3.000000
428 450 3.000000
429 430 3.000000
430 431 3.000000
431 432 3.000000
432 433 3.000000
433 434 3.000000
434 435 3.000000
493 515 3.000000
764 786 3.000000
832 854 3.000000
837 838 3.000000
838 839 3.000000
839 840 3.000000
840 862 3.000000
924 946 3.000000
1002 10033 3.000000
1002 10098 3.000000
1002 10234 3.000000
1002 10449 3.000000
1002 10835 3.000000
1002 10852 3.000000
1002 10944 3.000000
1002 10999 3.000000
1011 1033 3.000000
1050 10568 3.000000
1050 10575 3.000000
1050 10640 3.000000
1050 10788 3.000000
1050 10831 3.000000
1050 10965 3.000000
1051 10721 3.000000
1051 10811 3.000000
1051 10949 3.000000
1051 10955 3.000000
1052 10542 3.000000
1052 10618 3.000000
1052 10627 3.000000
1113 1135 3.000000
1119 1141 3.000000
1135 1157 3.000000
1552 1574 3.000000
378 379 2.000000
379 380 2.000000
380 381 2.000000
381 382 2.000000
382 383 2.000000
462 484 2.000000
472 473 2.000000
473 474 2.000000
474 475 2.000000
475 476 2.000000
476 477 2.000000
477 478 2.000000
478 479 2.000000
510 532 2.000000
520 542 2.000000
545 567 2.000000
611 633 2.000000
632 654 2.000000
920 942 2.000000
1007 1029 2.000000
1029 1051 2.000000
1052 10554 2.000000
1052 10982 2.000000
1073 10811 2.000000
1073 10946 2.000000
1073 10949 2.000000
1073 10955 2.000000
1230 1252 2.000000
1402 1424 2.000000
1 1563 1.000000
13 1575 1.000000
122 144 1.000000
274 296 1.000000
374 396 1.000000
449 471 1.000000
471 493 1.000000
619 641 1.000000
641 663 1.000000
684 685 1.000000
685 686 1.000000
686 687 1.000000
687 688 1.000000
688 689 1.000000
689 690 1.000000
690 691 1.000000
718 740 1.000000
810 832 1.000000
859 860 1.000000
860 861 1.000000
861 862 1.000000
1002 10166 1.000000
1003 10186 1.000000
1003 10898 1.000000
1035 1057 1.000000
1051 10946 1.000000
1197 1219 1.000000
1276 1277 1.000000
1276 1297 1.000000
1277 1278 1.000000
1278 1279 1.000000
1279 1280 1.000000
1280 1281 1.000000
1281 1282 1.000000
1282 1283 1.000000
1283 1284 1.000000
1284 1285 1.000000
1430 1451 1.000000
1448 1449 1.000000
1449 1450 1.000000
1450 1451 1.000000
1492 1514 1.000000
1533 1555 1.000000
1540 1541 1.000000
1540 1561 1.000000
1541 1563 1.000000
