1195 1196 18063.000000
1217 1218 15103.000000
180 181 15020.000000
181 182 15020.000000
182 183 15020.000000
1194 1195 13182.000000
179 180 12793.000000
1020 1021 12436.000000
1193 1194 11972.000000
1239 1240 11272.000000
183 184 10819.000000
1238 1239 10805.000000
201 202 10677.000000
202 203 10677.000000
203 204 10677.000000
204 205 10677.000000
976 977 10434.000000
1365 1366 10361.000000
1196 1197 9636.000000
1019 1020 9611.000000
1237 1238 9587.000000
1366 1367 9557.000000
1192 1193 9459.000000
90 91 9370.000000
884 885 9357.000000
885 886 9357.000000
1255 1256 9323.000000
1216 1217 9115.000000
1041 1042 9114.000000
224 225 9071.000000
225 226 9071.000000
226 227 9071.000000
223 224 8993.000000
1367 1368 8922.000000
1215 1216 8816.000000
1064 1065 8703.000000
1254 1275 8632.000000
1254 1255 8630.000000
227 228 8495.000000
975 976 8317.000000
1256 1257 8277.000000
1236 1237 8084.000000
883 884 7841.000000
1063 1064 7564.000000
1173 1174 7459.000000
977 978 7446.000000
1018 1019 7360.000000
200 201 7331.000000
887 888 7141.000000
1040 1041 7127.000000
245 246 7107.000000
246 247 7107.000000
247 248 7107.000000
248 249 7107.000000
184 185 6950.000000
886 887 6950.000000
1152 1153 6896.000000
1368 1369 6873.000000
134 135 6853.000000
222 223 6710.000000
0 1 6668.000000
974 975 6507.000000
882 883 6467.000000
1274 1275 6457.000000
1151 1152 6374.000000
272 273 6342.000000
1214 1215 6302.000000
133 134 6297.000000
2 3 6268.000000
1 2 6212.000000
1369 1370 6097.000000
1062 1063 6049.000000
1260 1261 6018.000000
1039 1040 5969.000000
46 47 5961.000000
1259 1260 5938.000000
1257 1258 5934.000000
1258 1259 5930.000000
1232 1233 5856.000000
315 316 5846.000000
1191 1192 5789.000000
1235 1236 5760.000000
1234 1235 5698.000000
205 206 5691.000000
1233 1234 5683.000000
1150 1151 5674.000000
228 229 5659.000000
311 312 5520.000000
312 313 5520.000000
313 314 5520.000000
314 315 5520.000000
840 841 5418.000000
841 842 5418.000000
842 843 5388.000000
1108 1109 5371.000000
1065 1066 5370.000000
905 906 5302.000000
906 907 5302.000000
3 4 5232.000000
1172 1173 5145.000000
267 268 5108.000000
268 269 5108.000000
269 270 5108.000000
270 271 5108.000000
244 245 5037.000000
1282 1283 4963.000000
1196 1218 4953.000000
273 274 4948.000000
0 21 4935.000000
1281 1282 4880.000000
818 819 4845.000000
819 820 4845.000000
669 670 4755.000000
997 998 4681.000000
89 90 4638.000000
931 932 4626.000000
47 48 4583.000000
953 954 4578.000000
861 862 4492.000000
862 863 4492.000000
863 864 4492.000000
1304 1305 4461.000000
1370 1371 4460.000000
206 207 4456.000000
1188 1189 4412.000000
1189 1190 4412.000000
1190 1191 4411.000000
1283 1284 4366.000000
271 272 4283.000000
1171 1172 4258.000000
932 933 4257.000000
998 999 4249.000000
907 908 4247.000000
183 205 4232.000000
1022 1023 4156.000000
1149 1150 4131.000000
952 953 4102.000000
1105 1106 4079.000000
796 797 4071.000000
797 798 4071.000000
1280 1281 4068.000000
380 381 4042.000000
1431 1432 4036.000000
798 799 4029.000000
1061 1062 3984.000000
1106 1107 3945.000000
1499 1500 3888.000000
316 317 3847.000000
178 179 3837.000000
1021 1022 3781.000000
1303 1304 3773.000000
1498 1499 3773.000000
954 955 3765.000000
1232 1253 3751.000000
242 243 3678.000000
1107 1108 3665.000000
1387 1388 3664.000000
134 156 3647.000000
666 667 3611.000000
667 668 3611.000000
668 669 3607.000000
249 250 3603.000000
843 844 3599.000000
1042 1043 3591.000000
817 818 3582.000000
1084 1085 3574.000000
68 69 3566.000000
1066 1067 3545.000000
1014 1015 3532.000000
1015 1016 3532.000000
1016 1017 3532.000000
1433 1434 3490.000000
1455 1456 3486.000000
1432 1433 3481.000000
1343 1344 3441.000000
839 840 3439.000000
266 267 3435.000000
1389 1390 3405.000000
1302 1303 3389.000000
1128 1129 3358.000000
1170 1171 3349.000000
293 294 3336.000000
199 200 3330.000000
1430 1431 3287.000000
1497 1498 3277.000000
91 92 3273.000000
1213 1214 3258.000000
274 275 3250.000000
1057 1058 3249.000000
1058 1059 3249.000000
1059 1060 3245.000000
927 928 3232.000000
928 929 3232.000000
929 930 3232.000000
1085 1086 3230.000000
888 889 3228.000000
1345 1346 3218.000000
1129 1130 3158.000000
904 905 3154.000000
156 157 3151.000000
1301 1302 3150.000000
930 931 3144.000000
996 997 3109.000000
185 207 3086.000000
1174 1175 3082.000000
402 403 3062.000000
1261 1262 3051.000000
403 404 3049.000000
1013 1014 3049.000000
1276 1297 3045.000000
229 230 3033.000000
816 817 3019.000000
1388 1389 3009.000000
908 909 3006.000000
690 691 2996.000000
1276 1277 2985.000000
111 112 2982.000000
1060 1061 2977.000000
155 156 2963.000000
317 318 2936.000000
1279 1280 2929.000000
1496 1497 2927.000000
1299 1300 2900.000000
1476 1477 2889.000000
1346 1347 2888.000000
1083 1084 2869.000000
1109 1131 2804.000000
1323 1324 2791.000000
1211 1212 2779.000000
1210 1211 2759.000000
1519 1520 2728.000000
1109 1110 2725.000000
626 627 2724.000000
1130 1131 2686.000000
1344 1345 2686.000000
970 971 2665.000000
971 972 2665.000000
972 973 2665.000000
955 956 2661.000000
112 113 2654.000000
1347 1348 2643.000000
44 65 2607.000000
44 45 2603.000000
1035 1036 2591.000000
1036 1037 2591.000000
1037 1038 2591.000000
1278 1279 2576.000000
185 186 2538.000000
844 845 2530.000000
1386 1387 2525.000000
1212 1213 2518.000000
1086 1087 2509.000000
1321 1322 2506.000000
1322 1323 2506.000000
838 839 2489.000000
1017 1018 2479.000000
1277 1278 2479.000000
909 910 2476.000000
1520 1521 2474.000000
1300 1301 2469.000000
157 158 2466.000000
1434 1435 2466.000000
1390 1391 2465.000000
1326 1327 2433.000000
1325 1326 2426.000000
4 5 2408.000000
294 295 2404.000000
973 974 2383.000000
1475 1476 2367.000000
1188 1209 2355.000000
1541 1542 2327.000000
337 338 2325.000000
289 290 2323.000000
290 291 2323.000000
291 292 2323.000000
243 244 2308.000000
1348 1349 2305.000000
64 65 2285.000000
250 251 2269.000000
221 222 2266.000000
1043 1044 2261.000000
1324 1325 2234.000000
295 296 2212.000000
1210 1231 2206.000000
1296 1297 2205.000000
933 934 2204.000000
865 866 2199.000000
948 949 2188.000000
949 950 2188.000000
950 951 2188.000000
45 46 2175.000000
670 671 2155.000000
820 821 2153.000000
264 265 2152.000000
1474 1475 2150.000000
1391 1392 2146.000000
753 754 2138.000000
754 755 2138.000000
158 159 2120.000000
159 160 2120.000000
160 161 2120.000000
1230 1231 2119.000000
161 162 2112.000000
1542 1543 2101.000000
934 956 2097.000000
1148 1149 2029.000000
795 796 2024.000000
1034 1035 2020.000000
1197 1198 2009.000000
625 626 1998.000000
275 276 1993.000000
186 187 1992.000000
265 266 1967.000000
622 623 1950.000000
623 624 1950.000000
800 801 1905.000000
1252 1253 1900.000000
752 753 1899.000000
691 692 1895.000000
135 136 1887.000000
624 625 1879.000000
67 68 1871.000000
1020 10253 1852.000000
1087 1088 1847.000000
1021 1043 1841.000000
1127 1128 1840.000000
860 861 1816.000000
1038 1039 1815.000000
359 360 1812.000000
977 999 1791.000000
799 800 1783.000000
292 293 1782.000000
69 70 1763.000000
1452 1453 1749.000000
751 752 1737.000000
1023 1024 1737.000000
1453 1454 1714.000000
1298 1319 1707.000000
1318 1319 1707.000000
187 188 1692.000000
309 310 1691.000000
757 758 1689.000000
1540 1541 1689.000000
1110 1111 1688.000000
274 296 1684.000000
230 231 1631.000000
154 155 1614.000000
1298 1299 1605.000000
1454 1455 1604.000000
864 865 1588.000000
947 948 1588.000000
821 822 1568.000000
20 21 1565.000000
926 927 1565.000000
801 802 1559.000000
903 904 1542.000000
1020 10713 1539.000000
286 287 1528.000000
1144 1145 1509.000000
1145 1146 1509.000000
1146 1147 1509.000000
338 339 1496.000000
1409 1410 1492.000000
1240 1262 1482.000000
756 757 1461.000000
692 693 1456.000000
22 23 1446.000000
22 43 1442.000000
774 775 1442.000000
775 776 1442.000000
776 777 1442.000000
758 759 1439.000000
1500 1501 1439.000000
1147 1148 1434.000000
208 209 1432.000000
156 178 1430.000000
276 277 1422.000000
207 208 1421.000000
951 952 1412.000000
1044 1045 1399.000000
1018 10380 1395.000000
933 955 1389.000000
42 43 1388.000000
381 382 1365.000000
755 756 1363.000000
665 666 1357.000000
310 311 1348.000000
822 823 1347.000000
995 996 1346.000000
888 910 1344.000000
362 363 1341.000000
24 25 1328.000000
1169 1170 1316.000000
1477 1478 1316.000000
600 601 1309.000000
601 602 1309.000000
602 603 1309.000000
1521 1522 1303.000000
316 338 1296.000000
446 447 1293.000000
1023 1045 1290.000000
242 264 1287.000000
251 252 1282.000000
1040 10681 1278.000000
734 735 1273.000000
1153 1154 1267.000000
844 866 1249.000000
1126 1127 1247.000000
1131 1132 1246.000000
603 604 1233.000000
866 867 1227.000000
154 175 1221.000000
168 169 1221.000000
169 170 1221.000000
170 171 1221.000000
171 172 1221.000000
172 173 1221.000000
173 174 1221.000000
174 175 1221.000000
47 69 1218.000000
1410 1411 1216.000000
25 26 1209.000000
253 254 1201.000000
287 288 1192.000000
1343 1365 1184.000000
340 341 1174.000000
288 289 1163.000000
709 710 1146.000000
710 711 1146.000000
711 712 1146.000000
1320 1341 1146.000000
1340 1341 1146.000000
198 199 1127.000000
188 189 1124.000000
209 210 1119.000000
220 221 1106.000000
1342 1343 1105.000000
712 713 1102.000000
713 714 1102.000000
1474 1495 1098.000000
252 253 1094.000000
341 342 1076.000000
627 628 1068.000000
360 361 1064.000000
778 779 1063.000000
210 211 1055.000000
231 232 1051.000000
296 297 1049.000000
1018 10331 1044.000000
976 998 1043.000000
404 405 1040.000000
273 295 1038.000000
308 309 1025.000000
136 137 1017.000000
137 138 1017.000000
138 139 1017.000000
272 294 1014.000000
361 362 1014.000000
671 672 1014.000000
687 688 1010.000000
688 689 1010.000000
689 690 1010.000000
735 736 999.000000
1435 1436 999.000000
297 298 995.000000
139 140 994.000000
714 715 994.000000
1456 1457 992.000000
1218 1219 986.000000
1101 1102 984.000000
1102 1103 984.000000
845 846 979.000000
363 364 973.000000
23 24 969.000000
1144 1165 968.000000
46 68 966.000000
135 157 963.000000
1175 1176 958.000000
113 135 954.000000
1024 1025 951.000000
604 605 935.000000
1166 1167 934.000000
1167 1168 934.000000
1168 1169 934.000000
991 992 929.000000
992 993 929.000000
993 994 929.000000
994 995 929.000000
339 340 928.000000
1153 1175 923.000000
1273 1274 915.000000
1088 1089 912.000000
1056 1057 902.000000
1019 10493 890.000000
708 709 888.000000
132 153 876.000000
152 153 876.000000
1078 1079 875.000000
1079 1080 875.000000
1080 1081 875.000000
1081 1082 875.000000
969 970 871.000000
730 731 862.000000
731 732 862.000000
732 733 862.000000
177 178 860.000000
1152 1174 859.000000
605 606 857.000000
1186 1187 857.000000
1103 1104 854.000000
2 24 847.000000
910 911 837.000000
1166 1187 837.000000
140 162 836.000000
736 737 832.000000
1208 1209 829.000000
823 824 821.000000
606 607 803.000000
1327 1328 800.000000
859 860 799.000000
112 134 794.000000
232 233 790.000000
406 407 785.000000
1518 1519 780.000000
1065 10894 777.000000
777 778 774.000000
286 307 772.000000
802 803 767.000000
184 206 756.000000
1320 1321 754.000000
1522 1523 750.000000
1065 1087 749.000000
1478 1479 748.000000
1229 1230 743.000000
234 235 739.000000
235 236 739.000000
236 237 739.000000
237 238 739.000000
238 239 739.000000
239 240 739.000000
240 241 739.000000
176 177 737.000000
382 383 731.000000
405 406 729.000000
1104 1105 726.000000
1339 1340 726.000000
220 241 723.000000
1198 1199 717.000000
1199 1200 717.000000
1200 1201 717.000000
628 629 714.000000
779 780 712.000000
1062 10721 700.000000
1041 10796 698.000000
318 319 696.000000
1540 1561 695.000000
132 133 690.000000
773 774 689.000000
932 954 661.000000
255 256 655.000000
256 257 655.000000
257 258 655.000000
258 259 655.000000
259 260 655.000000
260 261 655.000000
261 262 655.000000
262 263 655.000000
1562 1583 649.000000
1457 1458 636.000000
1019 10413 630.000000
1100 1101 626.000000
287 309 625.000000
179 201 622.000000
242 263 620.000000
176 197 619.000000
190 191 619.000000
191 192 619.000000
192 193 619.000000
193 194 619.000000
194 195 619.000000
195 196 619.000000
196 197 619.000000
319 320 618.000000
0 10097 617.000000
664 665 617.000000
693 694 613.000000
1025 1026 612.000000
1219 1220 603.000000
1220 1221 603.000000
1221 1222 603.000000
330 351 600.000000
1019 10544 599.000000
1411 1412 599.000000
794 795 587.000000
799 821 585.000000
535 536 584.000000
536 537 584.000000
537 538 584.000000
1018 10325 584.000000
227 249 576.000000
254 255 576.000000
110 131 573.000000
130 131 573.000000
41 42 569.000000
648 649 569.000000
0 10216 566.000000
707 708 566.000000
1019 10330 563.000000
1067 1089 561.000000
157 179 558.000000
1111 1112 555.000000
1112 1113 555.000000
1210 1232 553.000000
755 777 547.000000
925 926 547.000000
48 49 546.000000
733 734 546.000000
1582 1583 543.000000
1392 1393 541.000000
1413 1414 541.000000
0 10441 539.000000
107 108 539.000000
1154 1155 538.000000
45 67 534.000000
108 109 533.000000
627 649 533.000000
1562 1563 532.000000
889 911 530.000000
1412 1413 529.000000
1133 1134 526.000000
1134 1135 526.000000
80 81 525.000000
81 82 525.000000
82 83 525.000000
83 84 525.000000
133 155 525.000000
1542 1564 525.000000
1132 1133 516.000000
146 147 512.000000
147 148 512.000000
148 149 512.000000
149 150 512.000000
150 151 512.000000
151 152 512.000000
88 89 511.000000
1026 10378 504.000000
1089 1090 502.000000
1090 1091 502.000000
671 693 501.000000
1064 10668 500.000000
1063 10953 499.000000
1066 1088 499.000000
1078 1099 495.000000
0 10914 490.000000
1299 1321 489.000000
1014 10183 483.000000
1057 10731 483.000000
1100 1121 483.000000
424 425 482.000000
1543 1544 477.000000
69 91 473.000000
48 70 467.000000
686 687 467.000000
264 285 461.000000
230 252 460.000000
1501 1502 460.000000
1367 1389 455.000000
407 408 454.000000
166 167 451.000000
1082 1083 449.000000
887 909 446.000000
1057 10711 443.000000
685 686 441.000000
124 125 438.000000
125 126 438.000000
126 127 438.000000
127 128 438.000000
67 89 437.000000
1185 1186 434.000000
1194 1216 433.000000
642 643 430.000000
649 650 430.000000
1371 1372 428.000000
1113 1135 425.000000
84 85 424.000000
1020 10613 417.000000
277 278 414.000000
278 279 414.000000
279 280 414.000000
280 281 414.000000
281 282 414.000000
282 283 414.000000
283 284 414.000000
284 285 414.000000
1067 1068 412.000000
1040 10901 405.000000
1045 10583 405.000000
321 322 398.000000
322 323 398.000000
323 324 398.000000
324 325 398.000000
325 326 398.000000
326 327 398.000000
327 328 398.000000
328 329 398.000000
1201 1202 398.000000
1087 10981 397.000000
164 165 395.000000
165 166 395.000000
320 321 395.000000
332 333 394.000000
333 334 394.000000
334 335 394.000000
335 336 394.000000
162 163 393.000000
1122 1123 390.000000
1123 1124 390.000000
1124 1125 390.000000
1498 1520 388.000000
286 308 387.000000
382 404 385.000000
1013 10234 385.000000
1013 10449 384.000000
1025 10255 381.000000
646 647 378.000000
1022 10502 378.000000
729 730 376.000000
1364 1385 374.000000
1382 1383 374.000000
1383 1384 374.000000
1384 1385 374.000000
626 648 370.000000
276 298 368.000000
1176 1177 368.000000
1177 1178 368.000000
1178 1179 368.000000
163 164 365.000000
1013 10999 365.000000
1414 1415 363.000000
330 331 362.000000
331 332 362.000000
228 250 357.000000
647 648 357.000000
1284 1306 356.000000
1065 10762 355.000000
1021 10435 353.000000
1001 10561 352.000000
467 468 348.000000
468 469 348.000000
643 644 347.000000
644 645 347.000000
645 646 347.000000
318 340 345.000000
102 10557 344.000000
1125 1126 344.000000
1056 10856 343.000000
113 114 341.000000
110 111 336.000000
363 385 336.000000
1106 1128 336.000000
1155 1156 336.000000
1156 1157 336.000000
1179 1180 336.000000
1518 1539 336.000000
296 318 335.000000
599 600 335.000000
1034 10835 332.000000
1034 10852 332.000000
0 1562 331.000000
582 583 331.000000
1038 10407 328.000000
1019 10982 327.000000
1013 10391 326.000000
1013 10590 326.000000
1038 10575 325.000000
1057 10932 324.000000
1110 1132 322.000000
550 551 321.000000
550 571 321.000000
551 552 321.000000
552 553 321.000000
553 554 321.000000
570 571 321.000000
1021 10310 321.000000
352 353 319.000000
353 354 319.000000
354 355 319.000000
355 356 319.000000
356 357 319.000000
357 358 319.000000
1021 10363 318.000000
1012 1013 316.000000
1364 1365 315.000000
1 23 311.000000
1063 10850 307.000000
1277 1299 306.000000
68 90 302.000000
1043 10886 302.000000
299 300 301.000000
300 301 301.000000
301 302 301.000000
302 303 301.000000
303 304 301.000000
304 305 301.000000
305 306 301.000000
306 307 301.000000
187 209 300.000000
641 642 300.000000
1305 1306 300.000000
1345 1367 299.000000
403 425 298.000000
1018 10256 291.000000
1066 10995 290.000000
358 359 289.000000
315 337 288.000000
1320 1342 287.000000
1034 1055 286.000000
578 579 285.000000
579 580 285.000000
580 581 285.000000
581 582 285.000000
607 608 284.000000
608 609 284.000000
609 610 284.000000
610 611 284.000000
611 612 284.000000
1019 10689 283.000000
1222 1223 283.000000
1067 10927 282.000000
1068 1069 281.000000
1283 1305 281.000000
200 222 280.000000
1023 10431 277.000000
1062 1084 277.000000
85 86 272.000000
715 716 272.000000
189 190 270.000000
1060 1082 268.000000
1067 10846 268.000000
1295 1296 267.000000
255 277 266.000000
801 823 266.000000
978 979 266.000000
1021 10865 266.000000
1021 10956 266.000000
621 622 265.000000
1255 1277 265.000000
102 103 261.000000
103 104 261.000000
104 105 261.000000
105 106 261.000000
106 107 261.000000
1012 10161 261.000000
66 67 260.000000
264 286 259.000000
618 619 258.000000
338 360 257.000000
1043 10818 256.000000
199 221 255.000000
1019 10618 255.000000
1043 10947 255.000000
188 210 254.000000
1043 10488 254.000000
220 242 253.000000
759 760 253.000000
620 621 252.000000
1023 10678 252.000000
1131 1153 251.000000
1021 10862 247.000000
1479 1480 245.000000
124 146 243.000000
308 329 243.000000
1078 10944 242.000000
1180 1181 242.000000
1181 1182 242.000000
1182 1183 242.000000
1183 1184 242.000000
1184 1185 242.000000
1317 1318 242.000000
538 539 240.000000
538 560 240.000000
1496 1517 239.000000
66 87 238.000000
86 87 238.000000
63 64 237.000000
582 604 237.000000
208 230 234.000000
384 385 234.000000
583 584 234.000000
1202 1203 233.000000
1203 1204 233.000000
1204 1205 233.000000
1205 1206 233.000000
1206 1207 233.000000
1013 10286 231.000000
1433 1455 228.000000
1474 1496 227.000000
1041 10979 225.000000
1069 1070 225.000000
178 200 224.000000
128 129 223.000000
129 130 223.000000
295 317 222.000000
336 337 220.000000
1018 10270 220.000000
1408 1409 220.000000
1503 1504 220.000000
1504 1505 220.000000
1505 1527 220.000000
275 297 219.000000
1042 10868 219.000000
1042 10940 219.000000
1021 10769 217.000000
1065 10818 216.000000
574 575 215.000000
575 576 215.000000
1013 10207 214.000000
1013 10272 214.000000
1013 10474 214.000000
1043 10600 214.000000
1043 10924 214.000000
628 650 212.000000
668 690 212.000000
1065 10940 212.000000
1013 10411 211.000000
1020 1042 210.000000
1042 10475 209.000000
1042 10730 209.000000
1042 10972 209.000000
672 694 208.000000
1524 1525 208.000000
1525 1526 208.000000
1526 1527 208.000000
1065 10740 207.000000
198 219 206.000000
212 213 206.000000
213 214 206.000000
214 215 206.000000
215 216 206.000000
216 217 206.000000
217 218 206.000000
218 219 206.000000
1430 1452 206.000000
737 738 204.000000
843 865 203.000000
1021 10346 203.000000
1021 10428 203.000000
1023 10561 203.000000
1045 10844 202.000000
24 46 201.000000
1042 10613 201.000000
1212 1234 201.000000
818 840 200.000000
1258 1280 200.000000
1411 1433 200.000000
1021 10239 199.000000
1021 10349 199.000000
1021 10475 199.000000
1021 10510 199.000000
1021 10730 199.000000
1021 10972 199.000000
383 384 198.000000
1042 10593 198.000000
1042 10619 198.000000
1042 10879 198.000000
285 307 197.000000
211 212 196.000000
777 799 196.000000
1017 10407 196.000000
1066 10997 196.000000
1 1563 195.000000
1018 10450 195.000000
1021 10308 195.000000
1042 10432 195.000000
1042 10486 195.000000
360 382 194.000000
1065 10886 194.000000
800 822 193.000000
1044 10678 192.000000
1065 10947 192.000000
5 6 191.000000
6 7 191.000000
7 8 191.000000
8 9 191.000000
253 275 191.000000
1021 10432 191.000000
1021 10486 191.000000
816 838 190.000000
956 957 190.000000
957 958 189.000000
958 959 189.000000
1020 10260 189.000000
1021 10733 189.000000
1018 10777 188.000000
1021 10221 188.000000
1021 10837 188.000000
1021 10996 188.000000
1113 1114 188.000000
448 449 187.000000
449 450 187.000000
450 451 187.000000
1055 10635 187.000000
1456 1478 187.000000
299 321 186.000000
1022 10740 186.000000
1063 10964 186.000000
1107 1129 186.000000
229 251 185.000000
802 824 184.000000
1021 10351 184.000000
1040 10979 184.000000
1018 10369 182.000000
1018 10883 182.000000
1020 10393 181.000000
1035 1057 181.000000
1042 10717 181.000000
1024 10455 180.000000
1024 10523 180.000000
1323 1345 180.000000
1042 10894 179.000000
584 585 178.000000
251 273 177.000000
1064 10985 177.000000
569 570 175.000000
1251 1252 175.000000
931 953 174.000000
1000 1001 174.000000
454 476 173.000000
476 498 173.000000
1018 10775 173.000000
1024 10643 172.000000
1065 10924 172.000000
1544 1545 172.000000
294 316 171.000000
198 220 169.000000
1064 10763 169.000000
1064 10895 169.000000
1064 10977 169.000000
491 492 168.000000
492 493 168.000000
493 494 168.000000
293 315 167.000000
1154 1176 167.000000
886 908 166.000000
734 756 165.000000
1021 10237 165.000000
1043 10863 165.000000
845 867 164.000000
1018 1040 164.000000
619 620 163.000000
1087 10995 163.000000
1034 10944 162.000000
821 843 160.000000
1150 1172 160.000000
774 796 159.000000
140 141 158.000000
451 452 158.000000
452 453 158.000000
453 454 158.000000
1021 10895 158.000000
1021 10977 158.000000
1021 10218 157.000000
1021 10279 157.000000
1021 10372 157.000000
1021 10532 157.000000
1021 10763 157.000000
1021 10717 155.000000
1067 10844 155.000000
298 299 154.000000
1042 1064 154.000000
1065 10863 154.000000
1231 1253 154.000000
577 578 153.000000
1019 10190 153.000000
1064 10702 153.000000
1040 10618 152.000000
1040 1062 151.000000
1122 1143 151.000000
756 778 149.000000
1021 10263 149.000000
1086 10863 148.000000
1143 1165 148.000000
232 254 146.000000
494 495 146.000000
690 712 145.000000
1214 1236 145.000000
1240 1241 145.000000
612 613 144.000000
233 234 143.000000
1021 10702 143.000000
1021 10593 142.000000
1021 10619 142.000000
1021 10879 142.000000
186 208 141.000000
110 132 138.000000
1056 1077 138.000000
1087 10998 138.000000
495 496 136.000000
496 497 136.000000
497 498 136.000000
1042 10426 135.000000
1103 1125 134.000000
910 932 133.000000
861 883 132.000000
1021 10426 132.000000
1042 10532 131.000000
1042 10763 131.000000
1042 10895 130.000000
1042 10977 130.000000
1088 10927 130.000000
1042 10702 129.000000
605 627 128.000000
1019 10922 128.000000
1187 1209 128.000000
934 935 127.000000
1041 10964 127.000000
1158 1159 127.000000
1159 1160 127.000000
1160 1161 127.000000
1161 1162 127.000000
1162 1163 127.000000
1563 1564 127.000000
715 737 125.000000
935 936 125.000000
936 937 125.000000
937 938 125.000000
947 969 125.000000
1040 10922 125.000000
685 707 124.000000
1019 10554 124.000000
1518 1540 122.000000
1045 10523 121.000000
1043 10510 120.000000
1157 1158 120.000000
352 373 118.000000
860 882 118.000000
233 255 116.000000
726 727 116.000000
726 747 116.000000
727 728 116.000000
745 746 116.000000
746 747 116.000000
1018 10810 116.000000
1018 10841 116.000000
1040 10982 116.000000
1246 1247 116.000000
1247 1248 116.000000
1248 1249 116.000000
1249 1250 116.000000
1250 1251 116.000000
1409 1431 116.000000
167 168 115.000000
177 199 115.000000
661 662 115.000000
662 663 115.000000
176 198 114.000000
539 540 114.000000
1020 10971 114.000000
1046 1047 114.000000
1047 1048 114.000000
1065 10696 114.000000
146 168 113.000000
155 177 113.000000
1021 10414 113.000000
1045 1046 113.000000
948 970 112.000000
1021 10940 112.000000
271 293 111.000000
693 715 111.000000
1021 10387 111.000000
1038 10788 111.000000
1238 1260 111.000000
163 185 110.000000
1045 10455 109.000000
1062 10811 109.000000
70 92 107.000000
1327 1349 107.000000
141 142 106.000000
576 577 106.000000
26 27 105.000000
1018 10399 105.000000
1020 10938 105.000000
142 143 104.000000
143 144 104.000000
144 145 104.000000
660 661 104.000000
660 681 104.000000
679 680 104.000000
680 681 104.000000
1041 1063 104.000000
540 541 103.000000
541 542 103.000000
1021 10868 103.000000
556 557 102.000000
557 558 102.000000
558 559 102.000000
559 560 102.000000
1012 10276 102.000000
1026 1048 102.000000
221 243 101.000000
426 427 101.000000
427 428 101.000000
672 673 101.000000
823 845 101.000000
1019 10752 101.000000
1063 10689 100.000000
1502 1503 100.000000
265 287 99.000000
803 804 99.000000
1086 10895 99.000000
1086 10977 99.000000
1018 10476 98.000000
1018 10816 98.000000
1018 10848 98.000000
1018 10902 98.000000
1018 10921 98.000000
1045 10643 98.000000
1126 1148 98.000000
1163 1185 98.000000
1207 1208 98.000000
772 773 97.000000
1166 1188 97.000000
1279 1301 97.000000
1364 1386 97.000000
1410 1432 97.000000
1430 1451 97.000000
162 184 96.000000
752 774 96.000000
1018 10703 96.000000
1018 10951 96.000000
1018 10969 96.000000
619 641 95.000000
817 839 95.000000
136 158 94.000000
277 299 94.000000
865 887 94.000000
1039 10603 94.000000
1039 10808 94.000000
1039 10877 94.000000
1043 10696 94.000000
1018 10946 93.000000
1084 10953 93.000000
26 48 92.000000
145 146 92.000000
168 190 92.000000
342 364 92.000000
1135 1136 92.000000
1136 1137 92.000000
1137 1138 92.000000
1138 1139 92.000000
1139 1140 92.000000
1140 1141 92.000000
365 366 91.000000
366 367 91.000000
367 368 91.000000
368 369 91.000000
369 370 91.000000
370 371 91.000000
371 372 91.000000
534 535 91.000000
583 605 91.000000
1039 10509 91.000000
372 373 90.000000
425 426 90.000000
1019 10469 90.000000
1019 10529 90.000000
1019 10542 90.000000
1019 10665 90.000000
1035 10898 89.000000
1141 1142 89.000000
1017 10225 88.000000
1019 10421 88.000000
1055 10856 88.000000
1083 1105 88.000000
670 692 87.000000
1021 10894 87.000000
1039 10934 86.000000
1043 10502 86.000000
1043 10740 86.000000
1070 1071 86.000000
1071 1072 86.000000
1072 1073 86.000000
1073 1074 86.000000
1074 1075 86.000000
1075 1076 86.000000
1076 1077 86.000000
1084 10901 86.000000
1061 10831 85.000000
1062 10821 85.000000
19 20 84.000000
572 573 84.000000
572 593 84.000000
573 574 84.000000
592 593 84.000000
867 889 84.000000
882 904 84.000000
930 952 84.000000
1061 10842 84.000000
1230 1252 84.000000
952 974 83.000000
1169 1191 83.000000
1302 1324 83.000000
1083 10883 82.000000
1039 10568 81.000000
1039 10640 81.000000
1039 10664 81.000000
1039 10718 81.000000
1039 10965 81.000000
1062 10901 81.000000
1019 10979 79.000000
1039 10484 79.000000
1039 10505 79.000000
1039 10506 79.000000
1039 10783 79.000000
1018 10745 78.000000
1040 10694 78.000000
1218 1240 78.000000
385 386 77.000000
490 491 77.000000
969 991 77.000000
1022 10864 77.000000
1022 10968 77.000000
1039 10575 77.000000
1039 10788 77.000000
1062 10659 77.000000
1062 10955 77.000000
1020 10669 76.000000
561 583 75.000000
1019 10446 75.000000
1019 10627 75.000000
1147 1169 75.000000
780 781 74.000000
1087 10997 74.000000
1241 1242 74.000000
1242 1243 74.000000
1243 1244 74.000000
1244 1245 74.000000
1245 1246 74.000000
1262 1263 74.000000
1263 1264 74.000000
1264 1265 74.000000
1265 1266 74.000000
1266 1267 74.000000
1018 10357 73.000000
1022 10240 73.000000
1022 10337 73.000000
560 582 72.000000
1063 10796 72.000000
1083 10848 72.000000
1083 10902 72.000000
1083 10921 72.000000
1412 1434 72.000000
1523 1524 72.000000
624 646 71.000000
822 844 71.000000
866 888 71.000000
650 651 70.000000
758 780 70.000000
1001 1002 70.000000
1002 1003 70.000000
1301 1323 70.000000
342 343 69.000000
343 344 69.000000
344 345 69.000000
345 346 69.000000
346 347 69.000000
347 348 69.000000
348 349 69.000000
349 350 69.000000
350 351 69.000000
396 417 69.000000
416 417 69.000000
584 606 69.000000
598 599 69.000000
1085 10985 69.000000
201 223 68.000000
386 408 68.000000
779 801 68.000000
1003 10255 68.000000
1083 10951 68.000000
1083 10969 68.000000
1349 1350 68.000000
447 448 67.000000
555 556 67.000000
1018 10949 66.000000
93 94 65.000000
94 95 65.000000
95 96 65.000000
96 97 65.000000
97 98 65.000000
98 99 65.000000
100 101 65.000000
101 102 65.000000
396 397 65.000000
397 398 65.000000
398 399 65.000000
399 400 65.000000
400 401 65.000000
401 402 65.000000
1043 10687 65.000000
1436 1437 65.000000
679 701 64.000000
554 555 63.000000
673 674 63.000000
674 675 63.000000
675 676 63.000000
676 677 63.000000
677 678 63.000000
678 679 63.000000
1022 10303 63.000000
1022 10438 63.000000
1022 10970 63.000000
1519 1541 63.000000
207 229 62.000000
1276 1298 62.000000
1581 1582 62.000000
773 795 61.000000
795 817 61.000000
1062 10982 61.000000
1114 1115 60.000000
1115 1116 60.000000
1116 1117 60.000000
1117 1118 60.000000
1118 1119 60.000000
539 561 59.000000
730 752 59.000000
1022 10687 59.000000
1013 10878 58.000000
1048 1049 58.000000
1049 1050 58.000000
1050 1051 58.000000
1051 1052 58.000000
1052 1053 58.000000
1053 1054 58.000000
1054 1055 58.000000
1091 1113 58.000000
92 93 57.000000
408 409 57.000000
409 410 57.000000
1022 10715 57.000000
1026 1027 57.000000
1027 1028 57.000000
1028 1029 57.000000
1029 1030 57.000000
1030 1031 57.000000
1031 1032 57.000000
1032 1033 57.000000
166 188 56.000000
364 365 56.000000
990 991 56.000000
1069 1091 56.000000
1119 1120 56.000000
1120 1121 56.000000
428 429 55.000000
1018 10280 55.000000
1132 1154 55.000000
1454 1476 55.000000
23 45 54.000000
728 729 54.000000
1539 1561 54.000000
206 228 53.000000
250 272 53.000000
616 617 53.000000
616 637 53.000000
617 618 53.000000
635 636 53.000000
636 637 53.000000
708 730 53.000000
1056 10835 53.000000
1056 10852 53.000000
1084 10850 53.000000
141 163 52.000000
364 386 52.000000
778 800 52.000000
973 995 52.000000
1215 1237 52.000000
1252 1274 51.000000
1566 1567 51.000000
43 65 50.000000
585 607 50.000000
638 639 50.000000
638 659 50.000000
639 640 50.000000
640 641 50.000000
657 658 50.000000
658 659 50.000000
1019 10796 50.000000
1040 10627 50.000000
498 499 49.000000
499 500 49.000000
500 501 49.000000
501 502 49.000000
502 503 49.000000
651 652 49.000000
652 653 49.000000
653 654 49.000000
654 655 49.000000
655 656 49.000000
1021 10301 49.000000
1021 10824 49.000000
1158 1180 49.000000
1389 1411 49.000000
1021 10364 48.000000
586 587 47.000000
587 588 47.000000
588 589 47.000000
589 590 47.000000
590 591 47.000000
1017 1039 47.000000
1043 10976 47.000000
1458 1459 47.000000
735 757 46.000000
1018 10694 46.000000
560 561 45.000000
642 664 45.000000
1012 1033 45.000000
1017 10386 44.000000
1021 10246 44.000000
1021 10638 44.000000
1083 10946 44.000000
1083 10949 44.000000
924 945 43.000000
938 939 43.000000
939 940 43.000000
940 941 43.000000
941 942 43.000000
942 943 43.000000
943 944 43.000000
944 945 43.000000
1017 10831 43.000000
1018 10821 43.000000
1020 10950 43.000000
1084 10982 43.000000
1223 1224 43.000000
1224 1225 43.000000
1225 1226 43.000000
1226 1227 43.000000
1227 1228 43.000000
1228 1229 43.000000
1235 1257 43.000000
410 411 42.000000
411 412 42.000000
412 413 42.000000
413 414 42.000000
414 415 42.000000
415 416 42.000000
798 820 42.000000
953 975 42.000000
1019 10487 42.000000
1057 10898 42.000000
1321 1343 42.000000
1497 1519 42.000000
561 562 41.000000
1017 10842 41.000000
1018 10659 41.000000
1018 10721 41.000000
1018 10811 41.000000
1018 10955 41.000000
1085 1107 41.000000
102 10616 40.000000
111 133 40.000000
1018 10277 40.000000
1065 10733 40.000000
1065 10837 40.000000
1065 10996 40.000000
341 363 39.000000
562 563 39.000000
924 925 39.000000
1000 10031 39.000000
1021 10789 39.000000
1043 10862 38.000000
1065 10730 38.000000
1065 10972 38.000000
1163 1164 38.000000
585 586 37.000000
647 669 37.000000
1040 10487 37.000000
686 708 36.000000
781 782 36.000000
1078 1100 36.000000
1253 1275 36.000000
1257 1279 36.000000
1262 1284 36.000000
231 253 35.000000
1021 10857 35.000000
1022 10244 35.000000
1062 10681 35.000000
503 525 34.000000
629 630 34.000000
630 631 34.000000
631 632 34.000000
632 633 34.000000
633 634 34.000000
634 635 34.000000
716 717 34.000000
1021 10550 34.000000
1021 10910 34.000000
1065 10879 34.000000
1088 10995 34.000000
1092 1093 34.000000
1093 1094 34.000000
1094 1095 34.000000
1095 1096 34.000000
1096 1097 34.000000
1097 1098 34.000000
1098 1099 34.000000
58 80 33.000000
154 176 33.000000
145 167 32.000000
164 186 32.000000
712 734 32.000000
161 183 31.000000
337 359 31.000000
591 592 31.000000
682 683 31.000000
682 703 31.000000
683 684 31.000000
684 685 31.000000
701 702 31.000000
702 703 31.000000
1061 10788 31.000000
1239 1261 31.000000
1453 1475 31.000000
329 351 30.000000
729 751 30.000000
738 739 30.000000
739 740 30.000000
740 741 30.000000
741 742 30.000000
742 743 30.000000
743 744 30.000000
842 864 30.000000
1021 10265 30.000000
1022 10269 30.000000
1022 10663 30.000000
1022 10782 30.000000
1022 10920 30.000000
1022 10948 30.000000
1061 10808 30.000000
1061 10877 30.000000
1099 1121 30.000000
1173 1195 30.000000
1432 1454 30.000000
1475 1497 30.000000
1540 1562 30.000000
1001 1023 29.000000
1022 10383 29.000000
1022 10453 29.000000
1022 10871 29.000000
1022 10976 29.000000
1061 10934 29.000000
1280 1302 29.000000
506 507 28.000000
506 527 28.000000
507 508 28.000000
508 509 28.000000
509 510 28.000000
525 526 28.000000
526 527 28.000000
1022 10500 28.000000
1267 1268 28.000000
1268 1269 28.000000
1269 1270 28.000000
1270 1271 28.000000
1271 1272 28.000000
1346 1368 28.000000
447 469 27.000000
649 671 27.000000
1013 10146 27.000000
1041 10669 27.000000
1371 1393 27.000000
533 534 26.000000
1043 10996 26.000000
1061 10775 26.000000
1062 10752 26.000000
1063 10979 26.000000
780 802 25.000000
1043 10663 25.000000
1043 10782 25.000000
1043 10920 25.000000
1043 10948 25.000000
1082 1104 25.000000
1086 1108 25.000000
1208 1230 25.000000
211 233 24.000000
394 416 24.000000
909 931 24.000000
1022 10586 24.000000
1043 10733 24.000000
1043 10837 24.000000
1061 10640 24.000000
1061 10664 24.000000
1061 10718 24.000000
1061 10965 24.000000
1062 10694 24.000000
1065 10868 24.000000
1186 1208 24.000000
1191 1213 24.000000
1545 1546 24.000000
139 161 23.000000
340 362 23.000000
394 395 23.000000
656 657 23.000000
714 736 23.000000
1018 10681 23.000000
1044 1066 23.000000
1061 10783 23.000000
1077 10856 23.000000
66 88 22.000000
494 516 22.000000
516 538 22.000000
694 695 22.000000
695 696 22.000000
696 697 22.000000
697 698 22.000000
698 699 22.000000
699 700 22.000000
700 701 22.000000
757 779 22.000000
782 783 22.000000
783 784 22.000000
784 785 22.000000
785 786 22.000000
786 787 22.000000
787 788 22.000000
1039 1061 22.000000
1261 1283 22.000000
1541 1563 22.000000
911 912 21.000000
1017 10575 21.000000
1017 10788 21.000000
1040 10446 21.000000
1042 10857 21.000000
1042 10910 21.000000
1056 10590 21.000000
1434 1456 21.000000
263 285 20.000000
912 934 20.000000
975 997 20.000000
1018 10249 20.000000
1122 1144 20.000000
1164 1165 20.000000
1175 1197 20.000000
1211 1233 20.000000
58 59 19.000000
59 60 19.000000
60 61 19.000000
61 62 19.000000
62 63 19.000000
1017 10179 19.000000
1017 10250 19.000000
1017 10484 19.000000
1017 10505 19.000000
1017 10506 19.000000
1017 10568 19.000000
1017 10640 19.000000
1017 10664 19.000000
1017 10718 19.000000
1017 10783 19.000000
1017 10965 19.000000
1087 10924 19.000000
1087 10947 19.000000
1104 1126 19.000000
410 432 18.000000
432 454 18.000000
663 664 18.000000
881 882 18.000000
904 926 18.000000
1043 10868 18.000000
1091 1092 18.000000
1164 1186 18.000000
650 672 17.000000
1004 1026 17.000000
1477 1499 17.000000
241 263 16.000000
386 387 15.000000
387 388 15.000000
1062 10665 15.000000
1565 1566 15.000000
209 231 14.000000
320 342 14.000000
925 947 14.000000
1013 10186 14.000000
1017 10450 14.000000
1041 10713 14.000000
1061 10703 14.000000
1061 10816 14.000000
1061 10883 14.000000
1061 10946 14.000000
1061 10949 14.000000
1061 10951 14.000000
1061 10969 14.000000
1067 10678 14.000000
1133 1155 14.000000
374 375 13.000000
374 395 13.000000
375 376 13.000000
376 377 13.000000
377 378 13.000000
378 379 13.000000
379 380 13.000000
510 511 13.000000
562 584 13.000000
1043 10586 13.000000
1061 10848 13.000000
1061 10902 13.000000
1061 10921 13.000000
1105 1127 13.000000
1171 1193 13.000000
49 50 12.000000
50 51 12.000000
51 52 12.000000
52 53 12.000000
53 54 12.000000
54 55 12.000000
55 56 12.000000
56 57 12.000000
57 58 12.000000
189 211 12.000000
388 389 12.000000
389 390 12.000000
390 391 12.000000
391 392 12.000000
392 393 12.000000
393 394 12.000000
495 517 12.000000
511 512 12.000000
517 539 12.000000
570 592 12.000000
736 758 12.000000
748 749 12.000000
748 769 12.000000
749 750 12.000000
767 768 12.000000
768 769 12.000000
839 861 12.000000
1013 10898 12.000000
1033 1055 12.000000
1038 10842 12.000000
1039 10659 12.000000
1039 10721 12.000000
1039 10745 12.000000
1207 1229 12.000000
252 274 11.000000
254 276 11.000000
426 448 11.000000
540 562 11.000000
542 543 11.000000
543 544 11.000000
544 545 11.000000
545 546 11.000000
546 547 11.000000
604 626 11.000000
648 670 11.000000
954 976 11.000000
956 978 11.000000
968 969 11.000000
968 989 11.000000
982 983 11.000000
983 984 11.000000
984 985 11.000000
985 986 11.000000
986 987 11.000000
987 988 11.000000
988 989 11.000000
1039 10777 11.000000
1039 10810 11.000000
1039 10811 11.000000
1039 10841 11.000000
1039 10955 11.000000
1042 10435 11.000000
1042 10550 11.000000
1192 1214 11.000000
212 234 10.000000
564 565 10.000000
565 566 10.000000
566 567 10.000000
567 568 10.000000
568 569 10.000000
606 628 10.000000
750 751 10.000000
911 933 10.000000
979 980 10.000000
980 981 10.000000
981 982 10.000000
1040 10493 10.000000
1040 10529 10.000000
1040 10542 10.000000
1040 10554 10.000000
1040 10665 10.000000
1040 10752 10.000000
1043 1065 10.000000
319 341 9.000000
547 569 9.000000
563 564 9.000000
902 903 9.000000
1061 1083 9.000000
1142 1143 9.000000
1564 1565 9.000000
167 189 8.000000
594 595 8.000000
594 615 8.000000
613 614 8.000000
614 615 8.000000
916 938 8.000000
1034 10411 8.000000
1045 10561 8.000000
1056 10944 8.000000
1078 10932 8.000000
1174 1196 8.000000
1545 1567 8.000000
1561 1583 8.000000
25 47 7.000000
70 71 7.000000
71 72 7.000000
72 73 7.000000
73 74 7.000000
74 75 7.000000
75 76 7.000000
76 77 7.000000
77 78 7.000000
78 79 7.000000
79 80 7.000000
372 394 7.000000
1022 1044 7.000000
1034 1056 7.000000
1034 10999 7.000000
1039 10703 7.000000
1039 10816 7.000000
1039 10883 7.000000
1039 10946 7.000000
1039 10949 7.000000
1039 10951 7.000000
1039 10969 7.000000
1141 1163 7.000000
330 352 6.000000
1034 10449 6.000000
1063 1085 6.000000
1086 10894 6.000000
1306 1307 6.000000
1307 1308 6.000000
1308 1309 6.000000
1309 1310 6.000000
1310 1311 6.000000
1311 1312 6.000000
1312 1313 6.000000
1313 1314 6.000000
1314 1315 6.000000
1315 1316 6.000000
429 430 5.000000
430 431 5.000000
431 432 5.000000
432 433 5.000000
433 434 5.000000
434 435 5.000000
435 436 5.000000
436 437 5.000000
525 547 5.000000
607 629 5.000000
657 679 5.000000
717 718 5.000000
718 719 5.000000
719 720 5.000000
720 721 5.000000
721 722 5.000000
722 723 5.000000
902 923 5.000000
916 917 5.000000
917 918 5.000000
918 919 5.000000
919 920 5.000000
920 921 5.000000
921 922 5.000000
922 923 5.000000
1004 1005 5.000000
1005 1006 5.000000
1006 1007 5.000000
1007 1008 5.000000
1008 1009 5.000000
1009 1010 5.000000
1010 1011 5.000000
1012 1034 5.000000
1039 10476 5.000000
1039 10775 5.000000
1039 10848 5.000000
1039 10902 5.000000
1039 10921 5.000000
1082 10848 5.000000
1082 10902 5.000000
1082 10921 5.000000
1149 1171 5.000000
1219 1241 5.000000
1365 1387 5.000000
22 44 4.000000
10 11 4.000000
11 12 4.000000
12 13 4.000000
13 14 4.000000
352 374 4.000000
374 396 4.000000
598 620 4.000000
603 625 4.000000
635 657 4.000000
663 685 4.000000
902 924 4.000000
903 925 4.000000
1000 10240 4.000000
1000 10303 4.000000
1000 10337 4.000000
1000 10438 4.000000
1000 10970 4.000000
1039 10450 4.000000
1059 1081 4.000000
1081 1103 4.000000
1084 10979 4.000000
1086 10868 4.000000
1086 10879 4.000000
1086 10972 4.000000
1088 1110 4.000000
1119 1141 4.000000
1148 1170 4.000000
1251 1273 4.000000
1285 1286 4.000000
1286 1287 4.000000
1287 1288 4.000000
1288 1289 4.000000
1289 1290 4.000000
1290 1291 4.000000
1291 1292 4.000000
1292 1293 4.000000
1293 1294 4.000000
1294 1295 4.000000
1521 1543 4.000000
102 124 3.000000
132 154 3.000000
388 410 3.000000
454 455 3.000000
455 456 3.000000
456 457 3.000000
457 458 3.000000
458 459 3.000000
459 481 3.000000
481 503 3.000000
489 490 3.000000
692 714 3.000000
957 979 3.000000
1000 10715 3.000000
1034 10474 3.000000
1082 10831 3.000000
1082 10965 3.000000
1127 1149 3.000000
1414 1436 3.000000
1543 1565 3.000000
14 15 2.000000
14 36 2.000000
15 16 2.000000
36 58 2.000000
16 17 2.000000
17 18 2.000000
18 19 2.000000
142 164 2.000000
307 329 2.000000
425 447 2.000000
462 463 2.000000
462 483 2.000000
463 464 2.000000
464 465 2.000000
465 466 2.000000
466 467 2.000000
481 482 2.000000
482 483 2.000000
625 647 2.000000
687 709 2.000000
750 772 2.000000
751 773 2.000000
889 890 2.000000
890 891 2.000000
891 892 2.000000
892 893 2.000000
893 894 2.000000
894 916 2.000000
935 957 2.000000
955 977 2.000000
1003 1004 2.000000
1034 10590 2.000000
1092 1114 2.000000
1170 1192 2.000000
1254 1276 2.000000
1387 1409 2.000000
114 115 1.000000
115 116 1.000000
116 117 1.000000
117 118 1.000000
118 119 1.000000
119 120 1.000000
120 121 1.000000
121 122 1.000000
122 123 1.000000
123 124 1.000000
564 586 1.000000
577 599 1.000000
595 596 1.000000
596 597 1.000000
597 598 1.000000
673 695 1.000000
695 717 1.000000
704 705 1.000000
704 725 1.000000
705 706 1.000000
706 707 1.000000
723 724 1.000000
724 725 1.000000
781 803 1.000000
824 846 1.000000
912 913 1.000000
913 914 1.000000
914 915 1.000000
915 916 1.000000
1000 10500 1.000000
1000 10687 1.000000
1034 10391 1.000000
1046 1068 1.000000
1082 10842 1.000000
1083 10955 1.000000
1084 1106 1.000000
1190 1212 1.000000
1408 1430 1.000000
1520 1542 1.000000
