5 6 18065.000000
1066 1067 17718.000000
95 96 16118.000000
96 97 16118.000000
97 98 16118.000000
891 892 15308.000000
4 5 15269.000000
94 95 14268.000000
1067 1068 12668.000000
1065 1066 12309.000000
98 99 12107.000000
1110 1111 11437.000000
847 848 11414.000000
138 139 11047.000000
139 140 11047.000000
140 141 11047.000000
141 142 11047.000000
1109 1110 10953.000000
890 891 10146.000000
1088 1089 10012.000000
1108 1109 9722.000000
1044 1045 9491.000000
848 849 9178.000000
755 756 9038.000000
756 757 9038.000000
1107 1108 8890.000000
846 847 8670.000000
1236 1237 8562.000000
1154 1155 8558.000000
1131 1132 8536.000000
1064 1065 8371.000000
934 935 8225.000000
912 913 8191.000000
935 936 8108.000000
1086 1087 7927.000000
1237 1238 7814.000000
142 143 7744.000000
1087 1088 7630.000000
116 117 7628.000000
117 118 7628.000000
118 119 7628.000000
119 120 7628.000000
230 231 7610.000000
889 890 7568.000000
1132 1133 7466.000000
1126 1127 7295.000000
911 912 7073.000000
182 183 7043.000000
183 184 7043.000000
184 185 7043.000000
185 186 7043.000000
757 758 7031.000000
1124 1125 6968.000000
1125 1126 6968.000000
1130 1131 6840.000000
1152 1153 6829.000000
143 144 6825.000000
1153 1154 6705.000000
845 846 6692.000000
1238 1239 6625.000000
754 755 6552.000000
93 94 6492.000000
711 712 6421.000000
712 713 6421.000000
1127 1128 6397.000000
713 714 6396.000000
1106 1107 6326.000000
1103 1104 6248.000000
758 759 6246.000000
73 74 6205.000000
74 75 6205.000000
75 76 6205.000000
76 77 6205.000000
72 73 6193.000000
936 937 6048.000000
1105 1106 5998.000000
933 934 5924.000000
71 72 5905.000000
186 187 5902.000000
187 188 5890.000000
1085 1086 5834.000000
1043 1044 5815.000000
6 7 5791.000000
1104 1105 5681.000000
137 138 5673.000000
1545 1546 5602.000000
1021 1022 5577.000000
979 980 5570.000000
753 754 5531.000000
1022 1023 5498.000000
1129 1130 5419.000000
1151 1152 5405.000000
1241 1242 5370.000000
51 52 5337.000000
52 53 5337.000000
53 54 5337.000000
1023 1024 5331.000000
54 55 5329.000000
100 101 5307.000000
1280 1281 5266.000000
1239 1240 5247.000000
892 893 5233.000000
1240 1241 5214.000000
1063 1064 5169.000000
1128 1129 5150.000000
1168 1169 5133.000000
1170 1171 5106.000000
1123 1124 5094.000000
733 734 5071.000000
734 735 5071.000000
910 911 5047.000000
1175 1176 5010.000000
913 914 4978.000000
1281 1282 4966.000000
115 116 4911.000000
144 145 4910.000000
50 51 4850.000000
1523 1524 4752.000000
1042 1043 4731.000000
1174 1175 4721.000000
802 803 4708.000000
732 733 4607.000000
1171 1172 4579.000000
978 979 4573.000000
1045 1046 4464.000000
1173 1174 4461.000000
540 541 4421.000000
1041 1042 4388.000000
689 690 4340.000000
690 691 4340.000000
1326 1327 4308.000000
1068 10770 4287.000000
1167 1168 4285.000000
928 929 4270.000000
929 930 4270.000000
930 931 4270.000000
1020 1021 4267.000000
931 932 4265.000000
955 956 4245.000000
1169 1170 4152.000000
1391 1392 4148.000000
710 711 4053.000000
731 732 4050.000000
1111 1112 4017.000000
869 870 4016.000000
537 538 3969.000000
538 539 3969.000000
668 669 3900.000000
669 670 3900.000000
666 667 3879.000000
120 121 3862.000000
937 938 3837.000000
539 540 3821.000000
1347 1348 3756.000000
885 886 3732.000000
886 887 3732.000000
887 888 3732.000000
776 777 3728.000000
777 778 3728.000000
778 779 3728.000000
823 824 3708.000000
1302 1303 3703.000000
1102 1103 3688.000000
956 957 3687.000000
70 71 3686.000000
736 737 3637.000000
121 122 3633.000000
980 981 3625.000000
1062 1063 3624.000000
667 668 3623.000000
820 821 3619.000000
821 822 3619.000000
954 955 3600.000000
957 958 3593.000000
803 804 3577.000000
714 715 3546.000000
824 825 3534.000000
932 933 3430.000000
1214 1215 3407.000000
1258 1259 3399.000000
1390 1391 3392.000000
1260 1261 3350.000000
1172 1173 3349.000000
113 114 3345.000000
842 843 3336.000000
843 844 3336.000000
844 845 3336.000000
1067 1089 3328.000000
1301 1302 3323.000000
1501 1502 3318.000000
145 146 3298.000000
188 189 3262.000000
976 977 3254.000000
55 56 3208.000000
893 894 3195.000000
49 50 3188.000000
1259 1260 3187.000000
1150 1151 3176.000000
868 869 3158.000000
819 820 3148.000000
1219 1220 3123.000000
1456 1457 3122.000000
1218 1219 3086.000000
1217 1218 3067.000000
1304 1305 3053.000000
1502 1503 3039.000000
1149 1150 3024.000000
798 799 2977.000000
799 800 2977.000000
800 801 2977.000000
1148 1149 2972.000000
1370 1371 2970.000000
958 959 2960.000000
888 889 2956.000000
1059 1060 2946.000000
1060 1061 2944.000000
1061 1062 2942.000000
1192 1193 2881.000000
1193 1194 2881.000000
1068 1069 2862.000000
848 870 2856.000000
1215 1216 2836.000000
977 978 2824.000000
231 232 2809.000000
1084 1085 2795.000000
759 760 2772.000000
497 498 2771.000000
822 823 2760.000000
92 93 2755.000000
1324 1325 2714.000000
1194 1195 2701.000000
1147 1148 2684.000000
1433 1434 2674.000000
805 827 2661.000000
1325 1326 2661.000000
1196 1197 2590.000000
1197 1198 2581.000000
541 542 2571.000000
77 78 2566.000000
1371 1372 2551.000000
1434 1435 2524.000000
1216 1217 2522.000000
1499 1500 2521.000000
801 802 2512.000000
804 805 2502.000000
688 689 2492.000000
1000 1001 2492.000000
780 781 2484.000000
160 161 2454.000000
161 162 2454.000000
162 163 2454.000000
163 164 2454.000000
826 827 2443.000000
114 115 2422.000000
892 914 2404.000000
1303 1304 2396.000000
1455 1456 2394.000000
232 233 2393.000000
1261 1262 2384.000000
1368 1369 2383.000000
1369 1370 2382.000000
1413 1414 2372.000000
1146 1147 2354.000000
1262 1263 2345.000000
1190 1191 2330.000000
1498 1499 2326.000000
101 102 2306.000000
1282 1283 2289.000000
715 716 2287.000000
884 885 2287.000000
561 562 2237.000000
1500 1501 2225.000000
981 982 2214.000000
1305 1306 2181.000000
1367 1368 2170.000000
1435 1436 2162.000000
55 77 2151.000000
1058 1059 2133.000000
825 826 2132.000000
735 736 2130.000000
1412 1413 2130.000000
1392 1393 2123.000000
1389 1390 2122.000000
1432 1433 2114.000000
164 165 2113.000000
867 868 2113.000000
1195 1196 2110.000000
180 181 2103.000000
562 563 2080.000000
317 318 2068.000000
605 606 2048.000000
122 123 2008.000000
775 776 2006.000000
687 688 1997.000000
818 819 1991.000000
841 842 1989.000000
1306 1307 1957.000000
691 692 1946.000000
1542 1543 1942.000000
737 738 1941.000000
1543 1544 1928.000000
102 103 1927.000000
914 915 1920.000000
165 166 1906.000000
1348 1349 1905.000000
1283 1284 1904.000000
906 907 1887.000000
907 908 1887.000000
908 909 1887.000000
909 910 1887.000000
542 543 1875.000000
1081 1082 1861.000000
1082 1083 1861.000000
1198 1199 1856.000000
1189 1190 1852.000000
1566 1567 1850.000000
1191 1192 1848.000000
1083 1084 1822.000000
1457 1458 1816.000000
28 50 1805.000000
179 180 1786.000000
1346 1347 1759.000000
56 78 1743.000000
1323 1324 1736.000000
123 124 1721.000000
797 798 1717.000000
563 564 1709.000000
779 780 1708.000000
157 158 1696.000000
318 319 1689.000000
146 147 1685.000000
136 137 1681.000000
671 672 1660.000000
709 710 1659.000000
915 916 1645.000000
166 167 1640.000000
1284 1285 1633.000000
1046 1047 1625.000000
972 973 1609.000000
973 974 1609.000000
974 975 1609.000000
905 906 1598.000000
959 960 1595.000000
1546 1547 1594.000000
1393 1394 1592.000000
894 895 1583.000000
1411 1412 1580.000000
670 671 1563.000000
1327 1328 1560.000000
231 253 1538.000000
181 182 1527.000000
672 673 1523.000000
998 999 1520.000000
606 607 1515.000000
950 951 1513.000000
951 952 1513.000000
952 953 1513.000000
1001 1002 1513.000000
1080 1081 1513.000000
1544 1545 1511.000000
450 451 1498.000000
451 452 1498.000000
452 453 1498.000000
1024 1046 1488.000000
158 159 1487.000000
1257 1258 1482.000000
1476 1477 1470.000000
759 781 1465.000000
584 585 1457.000000
1541 1542 1455.000000
583 584 1454.000000
124 125 1452.000000
1497 1498 1452.000000
1263 1264 1435.000000
1015 1016 1426.000000
1016 1017 1426.000000
1017 1018 1426.000000
645 646 1422.000000
646 647 1422.000000
647 648 1422.000000
1477 1478 1422.000000
1019 1020 1418.000000
212 213 1416.000000
145 167 1407.000000
1567 1568 1401.000000
1018 1019 1385.000000
564 565 1364.000000
3 4 1347.000000
211 212 1346.000000
1089 1090 1342.000000
894 916 1338.000000
1 2 1337.000000
731 753 1319.000000
949 950 1319.000000
628 629 1314.000000
1040 1041 1309.000000
2 3 1308.000000
1524 1525 1305.000000
1285 1286 1304.000000
103 104 1300.000000
607 608 1287.000000
190 191 1284.000000
1214 1236 1277.000000
135 136 1274.000000
1458 1459 1255.000000
147 148 1244.000000
1459 1460 1241.000000
1037 1038 1235.000000
1038 1039 1235.000000
1039 1040 1235.000000
1454 1455 1234.000000
187 209 1227.000000
1024 10470 1223.000000
1044 10577 1216.000000
28 29 1215.000000
1101 1102 1214.000000
1024 1025 1209.000000
624 625 1204.000000
625 626 1204.000000
27 28 1202.000000
622 623 1191.000000
1475 1476 1191.000000
496 497 1180.000000
493 494 1176.000000
494 495 1176.000000
495 496 1176.000000
579 580 1165.000000
936 958 1163.000000
580 581 1153.000000
581 582 1153.000000
582 583 1153.000000
498 499 1140.000000
627 628 1139.000000
629 630 1139.000000
1478 1479 1138.000000
626 627 1136.000000
585 586 1128.000000
623 624 1119.000000
938 939 1119.000000
1414 1415 1117.000000
1079 1080 1108.000000
715 737 1102.000000
210 211 1090.000000
27 49 1086.000000
1457 1479 1083.000000
1145 1146 1082.000000
975 976 1069.000000
716 717 1066.000000
1372 1373 1066.000000
274 275 1040.000000
22 23 1036.000000
23 24 1036.000000
24 25 1036.000000
1328 1329 1036.000000
22 43 1024.000000
39 40 1024.000000
40 41 1024.000000
41 42 1024.000000
42 43 1024.000000
1546 1568 1004.000000
233 234 1003.000000
189 190 1000.000000
693 694 996.000000
1 10168 988.000000
125 126 988.000000
189 211 979.000000
673 674 978.000000
1345 1346 970.000000
1021 10627 964.000000
1166 1167 956.000000
1122 1123 951.000000
1014 1015 936.000000
191 192 915.000000
602 603 915.000000
603 604 915.000000
159 160 894.000000
273 274 888.000000
81 82 872.000000
536 537 871.000000
644 645 870.000000
1111 1133 856.000000
79 80 849.000000
80 81 849.000000
1025 1026 842.000000
78 79 831.000000
453 454 822.000000
26 27 817.000000
1070 1071 811.000000
1071 1072 811.000000
927 928 810.000000
1388 1389 809.000000
1176 1177 808.000000
101 123 807.000000
692 693 802.000000
454 455 799.000000
49 71 793.000000
1436 1437 784.000000
781 782 776.000000
1069 1070 772.000000
91 92 768.000000
154 155 768.000000
155 156 768.000000
1242 1243 763.000000
1057 1058 753.000000
604 605 752.000000
88 89 742.000000
89 90 742.000000
105 106 742.000000
106 107 742.000000
107 108 742.000000
108 109 742.000000
649 650 740.000000
90 91 734.000000
557 558 728.000000
556 557 725.000000
938 960 717.000000
870 892 714.000000
937 959 713.000000
275 276 709.000000
1090 1091 709.000000
154 175 706.000000
170 171 706.000000
171 172 706.000000
172 173 706.000000
173 174 706.000000
174 175 706.000000
543 544 701.000000
760 782 695.000000
895 896 692.000000
1545 1567 688.000000
113 135 683.000000
100 122 682.000000
455 456 677.000000
0 21 673.000000
17 18 673.000000
18 19 673.000000
19 20 673.000000
20 21 673.000000
71 93 673.000000
499 500 672.000000
69 70 669.000000
156 157 669.000000
518 519 667.000000
558 559 663.000000
559 560 663.000000
560 561 663.000000
209 210 662.000000
863 864 657.000000
864 865 657.000000
865 866 657.000000
1479 1480 656.000000
1112 1113 646.000000
1020 10225 645.000000
1213 1214 642.000000
157 179 626.000000
1036 1037 626.000000
224 225 617.000000
225 226 617.000000
226 227 617.000000
227 228 617.000000
228 229 617.000000
229 230 617.000000
1066 10661 615.000000
953 954 612.000000
1210 1211 607.000000
1211 1212 607.000000
1212 1213 607.000000
253 254 604.000000
1015 10227 604.000000
1503 1504 603.000000
0 1 602.000000
1000 10661 599.000000
277 278 598.000000
158 180 596.000000
1002 1003 593.000000
997 998 587.000000
694 695 586.000000
1035 1036 583.000000
517 518 579.000000
1282 1304 579.000000
514 515 576.000000
515 516 576.000000
516 517 576.000000
803 825 571.000000
862 863 571.000000
1104 1126 569.000000
519 520 564.000000
840 841 563.000000
297 298 560.000000
56 57 554.000000
234 235 554.000000
497 519 552.000000
298 299 548.000000
1044 10985 546.000000
167 168 538.000000
1045 10501 538.000000
1080 1102 538.000000
1091 1092 537.000000
1092 1093 537.000000
1518 1519 537.000000
586 608 535.000000
1047 1048 535.000000
1048 1049 535.000000
1049 1050 535.000000
168 169 534.000000
939 940 529.000000
940 941 529.000000
1564 1565 529.000000
188 210 515.000000
44 65 508.000000
61 62 508.000000
62 63 508.000000
63 64 508.000000
64 65 508.000000
361 362 506.000000
971 972 506.000000
774 775 502.000000
1562 1563 497.000000
1563 1564 496.000000
252 253 493.000000
47 48 490.000000
44 45 487.000000
45 46 487.000000
46 47 487.000000
1191 1213 482.000000
477 478 481.000000
870 871 481.000000
1003 1004 475.000000
1058 10602 471.000000
255 256 470.000000
278 279 469.000000
1437 1438 469.000000
57 58 468.000000
58 59 468.000000
456 478 468.000000
650 651 467.000000
601 602 466.000000
1565 1566 457.000000
148 170 453.000000
960 961 452.000000
961 962 452.000000
489 490 450.000000
25 26 447.000000
1519 1520 444.000000
1520 1521 444.000000
1521 1522 444.000000
977 999 443.000000
48 49 441.000000
1415 1416 439.000000
1349 1350 436.000000
1063 10745 430.000000
254 255 425.000000
406 407 425.000000
407 408 425.000000
408 409 425.000000
1461 1462 424.000000
1462 1463 424.000000
1463 1464 424.000000
866 867 422.000000
256 257 418.000000
586 587 418.000000
234 256 416.000000
1066 10829 414.000000
276 277 413.000000
66 67 405.000000
66 87 405.000000
67 68 405.000000
68 69 405.000000
83 84 405.000000
84 85 405.000000
85 86 405.000000
86 87 405.000000
1113 1114 403.000000
1114 1115 403.000000
1115 1116 403.000000
100 10543 402.000000
648 649 402.000000
101 10149 400.000000
1518 1539 397.000000
1535 1536 397.000000
1536 1537 397.000000
1537 1538 397.000000
1538 1539 397.000000
102 124 395.000000
1002 10936 395.000000
1014 10258 395.000000
143 165 392.000000
110 111 390.000000
111 112 390.000000
112 113 390.000000
535 536 388.000000
50 72 387.000000
101 10562 387.000000
471 472 387.000000
472 473 387.000000
473 474 387.000000
1155 1177 387.000000
1002 10961 384.000000
1023 1045 384.000000
1004 1005 381.000000
1005 1006 381.000000
200 201 380.000000
110 131 376.000000
126 127 376.000000
127 128 376.000000
128 129 376.000000
129 130 376.000000
130 131 376.000000
70 92 374.000000
299 300 374.000000
802 824 374.000000
897 919 374.000000
103 10635 372.000000
34 35 370.000000
35 36 370.000000
36 37 370.000000
37 38 370.000000
796 797 370.000000
948 949 370.000000
665 666 366.000000
1116 1117 363.000000
1480 1481 362.000000
1522 1523 361.000000
295 296 358.000000
476 477 357.000000
176 197 353.000000
192 193 353.000000
193 194 353.000000
194 195 353.000000
195 196 353.000000
196 197 353.000000
670 692 353.000000
474 475 350.000000
29 30 348.000000
30 31 348.000000
31 32 348.000000
32 33 348.000000
1081 1103 348.000000
1540 1541 348.000000
33 34 347.000000
520 521 347.000000
101 10599 346.000000
453 475 342.000000
730 731 341.000000
1350 1351 340.000000
1501 1523 340.000000
201 202 339.000000
202 203 339.000000
1025 1047 338.000000
896 897 337.000000
223 224 334.000000
1100 1121 334.000000
1117 1118 334.000000
1118 1119 334.000000
1119 1120 334.000000
1120 1121 334.000000
59 60 331.000000
1024 10296 330.000000
1068 10986 330.000000
1068 10987 330.000000
1345 1367 330.000000
1042 10493 326.000000
8 9 323.000000
10 11 323.000000
166 188 323.000000
475 476 321.000000
1453 1454 321.000000
1043 10815 317.000000
1067 10930 317.000000
1068 10929 317.000000
1047 10578 316.000000
578 579 314.000000
1198 1220 314.000000
918 919 313.000000
1058 10882 313.000000
144 166 311.000000
100 10537 309.000000
167 189 308.000000
630 631 307.000000
917 918 307.000000
1344 1345 307.000000
101 10648 306.000000
916 917 306.000000
1481 1482 305.000000
1069 10828 302.000000
7 8 300.000000
48 70 300.000000
101 10768 300.000000
319 320 300.000000
320 321 300.000000
321 322 300.000000
60 61 299.000000
419 420 299.000000
420 421 299.000000
421 422 299.000000
422 423 299.000000
423 424 299.000000
424 425 299.000000
1500 1522 299.000000
543 565 298.000000
1410 1411 298.000000
1002 10100 297.000000
11 12 294.000000
862 884 294.000000
1068 10959 294.000000
1068 10840 292.000000
1069 10931 292.000000
103 10856 291.000000
176 177 291.000000
177 178 291.000000
692 714 290.000000
1069 10743 290.000000
470 471 284.000000
1000 10081 278.000000
103 125 277.000000
542 564 277.000000
1188 1189 277.000000
1068 10887 276.000000
1067 10793 275.000000
521 522 273.000000
498 520 272.000000
513 514 271.000000
1260 1282 270.000000
1192 1214 268.000000
104 105 266.000000
1416 1417 266.000000
1041 10539 264.000000
253 275 262.000000
1066 10668 260.000000
100 10552 259.000000
1042 10681 259.000000
672 694 258.000000
1023 10917 258.000000
673 695 257.000000
101 10214 255.000000
101 10507 255.000000
101 10854 255.000000
758 780 255.000000
1050 1051 254.000000
1194 1216 254.000000
1301 1323 254.000000
906 928 250.000000
1035 10555 250.000000
912 934 249.000000
1144 1145 249.000000
178 179 248.000000
1068 10764 248.000000
1068 10907 248.000000
1325 1347 248.000000
235 257 247.000000
1002 10108 247.000000
1002 10129 247.000000
1022 10613 247.000000
1068 10749 246.000000
1002 10456 245.000000
1068 10797 245.000000
1068 10803 245.000000
600 601 244.000000
203 204 242.000000
204 205 242.000000
205 206 242.000000
206 207 242.000000
1047 10534 242.000000
1047 10743 242.000000
1068 10739 242.000000
1068 10937 242.000000
492 493 241.000000
409 431 240.000000
1026 1027 239.000000
1027 1028 239.000000
1045 10649 239.000000
1045 10682 239.000000
1431 1432 239.000000
1045 10632 237.000000
587 588 236.000000
1050 10874 234.000000
101 10144 233.000000
101 10945 232.000000
1433 1455 232.000000
539 561 231.000000
608 609 231.000000
101 10570 230.000000
101 10688 230.000000
101 10962 230.000000
490 491 229.000000
100 10341 228.000000
1079 10896 228.000000
191 213 227.000000
26 48 225.000000
1068 10812 225.000000
1068 10795 224.000000
1283 1305 224.000000
100 10572 223.000000
132 153 223.000000
148 149 223.000000
149 150 223.000000
150 151 223.000000
151 152 223.000000
152 153 223.000000
490 512 221.000000
1047 10931 221.000000
1045 10923 220.000000
1045 10625 219.000000
1062 10867 219.000000
849 850 217.000000
1503 1525 217.000000
169 170 216.000000
1021 10529 216.000000
1045 10466 216.000000
1045 10620 216.000000
1045 10729 216.000000
1045 10755 216.000000
1045 10827 216.000000
1045 10834 216.000000
1045 10918 216.000000
1432 1454 216.000000
1026 10324 214.000000
1072 10874 213.000000
1129 1151 213.000000
209 231 212.000000
1002 10036 211.000000
1024 10503 210.000000
1045 10770 210.000000
100 10077 209.000000
132 133 209.000000
133 134 209.000000
456 457 209.000000
1001 10998 209.000000
1021 1043 208.000000
1045 10461 207.000000
1045 10809 207.000000
1089 10937 207.000000
1062 10700 206.000000
1090 1112 206.000000
1220 1221 206.000000
1072 1073 205.000000
651 652 203.000000
1021 10459 203.000000
1034 1035 203.000000
1024 10456 202.000000
1068 10737 202.000000
605 627 198.000000
648 670 198.000000
170 192 196.000000
409 410 196.000000
891 913 194.000000
993 994 194.000000
994 995 194.000000
995 996 194.000000
996 997 194.000000
1014 10592 194.000000
804 826 193.000000
100 10480 192.000000
550 571 190.000000
970 971 189.000000
827 849 187.000000
1025 10959 187.000000
1006 10090 185.000000
1078 1099 185.000000
1095 1096 185.000000
1096 1097 185.000000
1097 1098 185.000000
1098 1099 185.000000
1024 10461 184.000000
1024 10809 184.000000
134 135 183.000000
190 212 183.000000
1068 10899 183.000000
905 927 182.000000
1014 10220 182.000000
1043 10661 182.000000
491 492 181.000000
983 984 181.000000
984 985 181.000000
1001 1023 181.000000
1034 10616 181.000000
1035 10896 181.000000
1068 10692 181.000000
121 143 180.000000
164 186 180.000000
738 739 180.000000
34 56 178.000000
1001 10011 178.000000
100 10884 177.000000
1170 1192 177.000000
104 10557 176.000000
627 649 176.000000
1024 10632 173.000000
410 411 172.000000
1014 10381 172.000000
1089 10966 172.000000
1089 10994 172.000000
100 10353 170.000000
100 10978 170.000000
850 851 170.000000
104 10495 168.000000
1024 10649 168.000000
1024 10682 168.000000
12 13 167.000000
13 14 167.000000
14 15 167.000000
15 16 167.000000
16 17 167.000000
499 521 167.000000
512 513 167.000000
1024 10466 167.000000
1024 10620 167.000000
1024 10729 167.000000
1024 10755 167.000000
1024 10827 167.000000
1024 10834 167.000000
1024 10918 167.000000
1238 1260 167.000000
123 145 166.000000
1279 1280 166.000000
411 412 165.000000
412 413 165.000000
667 689 165.000000
1021 10819 165.000000
1046 10887 165.000000
1068 10707 165.000000
1068 10991 164.000000
297 319 163.000000
522 523 163.000000
523 524 163.000000
524 525 163.000000
525 526 163.000000
526 527 163.000000
103 10592 162.000000
1045 10793 162.000000
245 246 161.000000
246 247 161.000000
247 248 161.000000
248 249 161.000000
249 250 161.000000
250 251 161.000000
1019 10934 161.000000
1068 10695 161.000000
1068 10915 161.000000
1044 10917 160.000000
1046 10692 160.000000
1173 1195 160.000000
251 252 159.000000
518 540 159.000000
783 805 159.000000
1046 10737 159.000000
1046 10812 159.000000
1093 1094 158.000000
1094 1095 158.000000
1155 1156 158.000000
541 563 157.000000
1064 10949 157.000000
104 126 156.000000
982 983 156.000000
1046 10498 156.000000
1147 1169 156.000000
243 244 155.000000
1040 10513 155.000000
1046 10556 155.000000
1066 10917 155.000000
318 340 154.000000
913 935 154.000000
956 978 154.000000
1065 10979 154.000000
244 245 153.000000
220 221 152.000000
911 933 151.000000
1046 10845 151.000000
1100 1101 151.000000
220 241 150.000000
236 237 150.000000
237 238 150.000000
238 239 150.000000
239 240 150.000000
240 241 150.000000
1046 10761 150.000000
124 146 149.000000
485 486 149.000000
486 487 149.000000
487 488 149.000000
488 489 149.000000
1078 1079 149.000000
39 61 148.000000
147 169 147.000000
265 266 147.000000
1046 10657 146.000000
1394 1395 146.000000
1046 10899 145.000000
1068 1090 145.000000
1089 10990 145.000000
1460 1461 145.000000
221 222 144.000000
1040 10565 144.000000
716 738 143.000000
851 852 143.000000
852 853 143.000000
933 955 143.000000
1064 10955 143.000000
1042 10689 142.000000
1063 10726 142.000000
1064 10721 142.000000
1064 10811 142.000000
1085 1107 142.000000
59 81 141.000000
871 872 141.000000
1003 10927 141.000000
1064 10659 141.000000
1065 10850 141.000000
1068 10754 141.000000
418 419 140.000000
761 783 140.000000
1022 10317 140.000000
1034 10557 140.000000
1307 1308 138.000000
449 450 137.000000
1026 10541 137.000000
100 10655 136.000000
1026 10294 136.000000
1065 10815 136.000000
561 583 135.000000
1089 10991 135.000000
136 158 134.000000
1042 10850 134.000000
1089 10905 134.000000
1089 10984 134.000000
1001 10762 133.000000
1001 10947 133.000000
1063 10788 133.000000
1068 10761 133.000000
1068 10845 133.000000
1088 1110 133.000000
1002 10259 132.000000
1002 10995 132.000000
1028 1029 132.000000
1034 1055 132.000000
1051 1052 132.000000
1052 1053 132.000000
1053 1054 132.000000
1054 1055 132.000000
1066 10985 132.000000
1068 10847 132.000000
100 10630 131.000000
207 208 130.000000
455 477 130.000000
623 645 130.000000
760 761 129.000000
872 873 128.000000
1047 10541 128.000000
12 34 127.000000
826 848 127.000000
1024 10762 127.000000
1025 10251 127.000000
1068 10802 127.000000
1084 10908 127.000000
1430 1431 127.000000
104 10555 126.000000
1001 10470 126.000000
1020 10509 126.000000
1474 1475 126.000000
1046 10990 125.000000
1002 10533 124.000000
1012 1033 124.000000
1021 10330 124.000000
1024 10947 124.000000
1026 10828 124.000000
1029 1030 124.000000
1030 1031 124.000000
1031 1032 124.000000
1032 1033 124.000000
1089 10915 124.000000
135 157 123.000000
671 693 123.000000
1046 10622 123.000000
1046 10847 123.000000
873 874 122.000000
1040 10724 120.000000
1046 10494 120.000000
1079 1101 120.000000
1417 1418 120.000000
1418 1419 120.000000
1419 1420 120.000000
1420 1421 120.000000
484 505 119.000000
501 502 119.000000
502 503 119.000000
503 504 119.000000
504 505 119.000000
674 675 119.000000
732 754 118.000000
1025 10840 118.000000
1046 10802 118.000000
1068 10723 118.000000
1068 10983 118.000000
469 470 117.000000
1046 10675 117.000000
1068 10926 117.000000
1068 10958 117.000000
1086 10901 117.000000
1370 1392 117.000000
104 10896 116.000000
506 507 116.000000
507 508 116.000000
508 509 116.000000
509 510 116.000000
500 501 115.000000
1002 10625 115.000000
1020 10883 115.000000
222 223 114.000000
1002 10923 114.000000
1040 10908 114.000000
1047 10828 114.000000
369 391 113.000000
992 993 113.000000
1046 10633 113.000000
1046 10674 113.000000
1041 10640 112.000000
1199 1221 112.000000
105 10639 111.000000
736 758 111.000000
962 963 111.000000
846 868 110.000000
1006 10085 110.000000
1085 10902 110.000000
1085 10921 110.000000
1046 10471 109.000000
1046 10787 109.000000
1046 10801 109.000000
1046 10869 109.000000
1085 10951 109.000000
1085 10969 109.000000
1088 10917 109.000000
1134 1135 109.000000
1135 1136 109.000000
1136 1137 109.000000
1137 1138 109.000000
1436 1458 109.000000
142 164 108.000000
296 297 108.000000
585 607 108.000000
689 711 107.000000
1002 10981 107.000000
1028 1050 107.000000
1085 10877 107.000000
100 10093 106.000000
105 10596 106.000000
476 498 106.000000
1019 10361 106.000000
1041 10575 106.000000
1041 10718 106.000000
1089 10907 106.000000
1126 1148 106.000000
1085 10946 105.000000
1133 1134 105.000000
1326 1348 105.000000
1024 10625 104.000000
1063 10664 104.000000
1063 10965 104.000000
17 39 103.000000
1024 10923 103.000000
1041 10664 103.000000
1041 10725 103.000000
1041 10965 103.000000
1063 10718 103.000000
521 543 102.000000
1041 10568 102.000000
1041 10788 102.000000
1086 10982 102.000000
629 651 101.000000
198 199 100.000000
198 219 100.000000
199 200 100.000000
213 214 100.000000
214 215 100.000000
215 216 100.000000
216 217 100.000000
217 218 100.000000
218 219 100.000000
510 511 100.000000
511 512 100.000000
556 578 100.000000
946 947 100.000000
946 967 100.000000
947 948 100.000000
963 964 100.000000
964 965 100.000000
965 966 100.000000
966 967 100.000000
1019 10624 100.000000
1172 1194 100.000000
1547 1569 100.000000
1021 10752 99.000000
1389 1411 99.000000
1522 1544 99.000000
1041 10831 98.000000
1216 1238 98.000000
1329 1330 98.000000
630 652 97.000000
845 867 97.000000
941 963 97.000000
1089 10983 97.000000
1348 1370 97.000000
1020 10325 96.000000
1153 1175 96.000000
1064 10821 95.000000
1041 10903 94.000000
266 267 93.000000
267 268 93.000000
268 269 93.000000
269 270 93.000000
270 271 93.000000
271 272 93.000000
272 273 93.000000
694 716 93.000000
1062 10908 93.000000
847 869 92.000000
1042 10821 92.000000
1083 1105 92.000000
208 209 91.000000
753 775 91.000000
738 760 90.000000
954 976 90.000000
564 586 89.000000
1022 10661 89.000000
1109 1131 89.000000
1413 1435 89.000000
1020 10450 88.000000
1020 10505 88.000000
1020 10506 88.000000
1020 10775 88.000000
1020 10783 88.000000
1025 10420 88.000000
1041 10522 88.000000
1046 10840 88.000000
1046 10959 88.000000
1041 10738 87.000000
57 79 86.000000
645 667 86.000000
863 885 86.000000
902 903 86.000000
903 904 86.000000
1012 1034 86.000000
1043 10512 86.000000
1064 10681 86.000000
682 683 85.000000
682 703 85.000000
683 684 85.000000
684 685 85.000000
685 686 85.000000
904 905 85.000000
914 936 85.000000
1003 10273 85.000000
1026 10751 85.000000
1063 10831 85.000000
902 923 84.000000
919 920 84.000000
920 921 84.000000
921 922 84.000000
922 923 84.000000
924 945 84.000000
941 942 84.000000
942 943 84.000000
943 944 84.000000
944 945 84.000000
1042 10694 84.000000
1043 10819 84.000000
1089 1111 84.000000
242 243 83.000000
500 522 83.000000
686 687 83.000000
1020 10399 83.000000
1101 1123 83.000000
242 263 82.000000
257 258 82.000000
258 259 82.000000
259 260 82.000000
260 261 82.000000
261 262 82.000000
262 263 82.000000
714 736 82.000000
737 759 82.000000
757 779 82.000000
924 925 82.000000
925 926 82.000000
1003 10846 82.000000
1041 10484 82.000000
1041 10934 82.000000
1065 10689 82.000000
165 187 81.000000
926 927 81.000000
0 1562 80.000000
82 83 80.000000
243 265 80.000000
1024 10770 80.000000
1043 10459 80.000000
1043 10689 80.000000
1045 10470 80.000000
649 671 79.000000
1021 10901 79.000000
1043 10953 79.000000
1110 1132 79.000000
448 449 78.000000
1004 10436 78.000000
1304 1326 77.000000
100 10478 76.000000
868 890 76.000000
122 144 75.000000
279 280 75.000000
280 281 75.000000
1002 1024 75.000000
688 710 74.000000
819 841 74.000000
1090 10993 74.000000
1020 10745 73.000000
1020 10841 73.000000
1021 10542 73.000000
606 628 72.000000
1020 10380 72.000000
1020 10476 72.000000
1020 10777 72.000000
1020 10810 72.000000
1020 10848 72.000000
1020 10902 72.000000
1020 10921 72.000000
1020 10603 71.000000
1020 10877 71.000000
1041 10645 71.000000
1089 10926 71.000000
1089 10958 71.000000
257 279 70.000000
528 549 70.000000
544 545 70.000000
545 546 70.000000
546 547 70.000000
547 548 70.000000
548 549 70.000000
1020 10256 70.000000
1020 10331 70.000000
1020 10703 70.000000
1020 10816 70.000000
1020 10951 70.000000
1020 10969 70.000000
1021 10665 70.000000
1036 1058 70.000000
1502 1524 70.000000
105 10786 69.000000
484 485 69.000000
781 803 69.000000
1002 10770 69.000000
440 461 68.000000
457 458 68.000000
458 459 68.000000
459 460 68.000000
460 461 68.000000
626 648 68.000000
1001 10130 68.000000
425 426 67.000000
520 542 67.000000
957 979 67.000000
1029 1051 67.000000
1063 10783 67.000000
1303 1325 67.000000
565 566 66.000000
566 567 66.000000
567 568 66.000000
568 569 66.000000
569 570 66.000000
570 571 66.000000
889 911 66.000000
1041 10808 66.000000
1089 10930 66.000000
347 369 65.000000
1068 10787 65.000000
1068 10801 65.000000
1068 10869 65.000000
1068 10990 65.000000
1217 1239 65.000000
278 300 64.000000
1006 10378 64.000000
1021 10446 64.000000
426 427 63.000000
652 653 63.000000
1064 10752 63.000000
154 176 62.000000
325 347 62.000000
550 551 62.000000
551 552 62.000000
552 553 62.000000
553 554 62.000000
554 555 62.000000
555 556 62.000000
1042 10487 62.000000
1063 10775 62.000000
1235 1236 62.000000
211 233 61.000000
264 285 61.000000
281 282 61.000000
282 283 61.000000
283 284 61.000000
284 285 61.000000
506 527 61.000000
775 797 61.000000
824 846 61.000000
849 871 61.000000
872 894 61.000000
1020 10369 61.000000
1063 10903 61.000000
462 483 60.000000
478 479 60.000000
479 480 60.000000
480 481 60.000000
481 482 60.000000
482 483 60.000000
1123 1145 60.000000
264 265 59.000000
101 10261 58.000000
687 709 57.000000
975 997 57.000000
1063 10738 57.000000
1064 10694 57.000000
101 10370 56.000000
101 10549 56.000000
101 10773 56.000000
1479 1501 56.000000
126 148 55.000000
178 200 55.000000
693 715 55.000000
801 823 55.000000
1063 10934 55.000000
1065 10819 55.000000
1035 1057 54.000000
1065 10953 54.000000
1392 1414 54.000000
169 191 53.000000
528 550 53.000000
1020 10946 53.000000
1021 10554 53.000000
1021 10982 53.000000
1022 10668 53.000000
1324 1346 53.000000
1562 1583 53.000000
1579 1580 53.000000
1580 1581 53.000000
1581 1582 53.000000
1582 1583 53.000000
405 406 52.000000
710 732 52.000000
1002 10503 51.000000
1089 10923 51.000000
212 234 50.000000
384 385 50.000000
385 386 50.000000
386 387 50.000000
431 432 50.000000
432 433 50.000000
38 39 49.000000
387 388 49.000000
388 389 49.000000
389 390 49.000000
390 391 49.000000
433 434 49.000000
583 605 49.000000
323 324 48.000000
324 325 48.000000
404 405 48.000000
454 476 48.000000
467 468 48.000000
468 469 48.000000
850 872 48.000000
1044 1066 48.000000
210 232 47.000000
363 364 47.000000
364 365 47.000000
594 595 47.000000
595 596 47.000000
596 597 47.000000
597 598 47.000000
598 599 47.000000
968 989 47.000000
985 986 47.000000
986 987 47.000000
987 988 47.000000
988 989 47.000000
1064 10982 47.000000
1102 1124 47.000000
1368 1390 47.000000
134 156 46.000000
1000 10317 46.000000
1019 10250 46.000000
1019 10718 46.000000
1024 10481 46.000000
1019 10664 44.000000
1019 10965 44.000000
1056 1057 44.000000
1056 1077 44.000000
1073 1074 44.000000
1074 1075 44.000000
1075 1076 44.000000
1076 1077 44.000000
1438 1439 44.000000
1439 1440 44.000000
1440 1441 44.000000
1441 1442 44.000000
72 94 43.000000
1012 1013 43.000000
1019 10505 42.000000
1388 1410 42.000000
1018 1040 41.000000
1026 10578 41.000000
1063 10946 41.000000
1063 10951 41.000000
1063 10969 41.000000
462 484 40.000000
840 862 40.000000
948 970 40.000000
968 969 40.000000
969 970 40.000000
1004 10578 40.000000
1022 10985 40.000000
1026 10778 40.000000
1286 1287 40.000000
213 235 39.000000
1021 10487 39.000000
1070 10828 39.000000
557 579 38.000000
823 845 38.000000
1022 10577 38.000000
365 366 37.000000
366 367 37.000000
367 368 37.000000
368 369 37.000000
431 453 37.000000
600 622 37.000000
651 673 37.000000
1042 1064 37.000000
60 82 36.000000
836 837 36.000000
836 857 36.000000
837 838 36.000000
838 839 36.000000
839 840 36.000000
853 854 36.000000
854 855 36.000000
855 856 36.000000
856 857 36.000000
867 889 36.000000
1568 1569 36.000000
477 499 35.000000
1046 1068 35.000000
1106 1128 35.000000
1148 1170 35.000000
440 441 34.000000
875 897 34.000000
1001 10358 34.000000
1001 10379 34.000000
1001 10818 34.000000
1001 10863 34.000000
47 69 33.000000
873 895 33.000000
1019 10407 33.000000
1019 10842 33.000000
1024 10409 33.000000
1086 1108 33.000000
513 535 32.000000
427 428 31.000000
428 429 31.000000
429 430 31.000000
430 431 31.000000
1021 10415 31.000000
1021 10850 31.000000
1021 10979 31.000000
1346 1368 31.000000
33 55 30.000000
432 454 30.000000
1003 1025 30.000000
1040 10831 30.000000
1064 10665 30.000000
1144 1165 30.000000
1156 1157 30.000000
1157 1158 30.000000
1158 1159 30.000000
1159 1160 30.000000
1160 1161 30.000000
1161 1162 30.000000
1162 1163 30.000000
1163 1164 30.000000
1164 1165 30.000000
11 33 29.000000
467 489 29.000000
1001 10600 29.000000
514 536 28.000000
1001 10609 28.000000
1001 10924 28.000000
1019 10726 28.000000
1021 10618 28.000000
1063 10848 28.000000
1063 10902 28.000000
1063 10921 28.000000
362 363 27.000000
818 840 27.000000
851 873 27.000000
1013 1014 27.000000
1042 10446 27.000000
1042 10618 27.000000
1062 10724 27.000000
1242 1264 27.000000
1280 1302 27.000000
441 442 26.000000
442 443 26.000000
443 444 26.000000
444 445 26.000000
445 446 26.000000
446 447 26.000000
447 448 26.000000
601 623 26.000000
1004 10155 26.000000
1004 10583 26.000000
1020 10277 26.000000
1020 10721 26.000000
1021 10392 26.000000
1068 10961 26.000000
1132 1154 26.000000
644 666 25.000000
650 672 25.000000
695 696 25.000000
696 697 25.000000
697 698 25.000000
698 699 25.000000
699 700 25.000000
700 701 25.000000
701 702 25.000000
702 703 25.000000
713 735 25.000000
1020 10659 25.000000
1020 10811 25.000000
1020 10955 25.000000
1063 10645 25.000000
1063 10703 25.000000
1063 10725 25.000000
1063 10816 25.000000
1063 10841 25.000000
1063 10949 25.000000
1068 10809 25.000000
1086 10953 25.000000
1133 1155 25.000000
391 413 24.000000
410 432 24.000000
853 875 24.000000
990 991 24.000000
1002 10409 24.000000
1020 10280 24.000000
1046 10981 24.000000
1063 10777 24.000000
1063 10808 24.000000
1063 10810 24.000000
1063 10877 24.000000
1100 1122 24.000000
1237 1259 24.000000
1504 1505 24.000000
1505 1506 24.000000
1506 1507 24.000000
1507 1508 24.000000
1513 1535 24.000000
1523 1545 24.000000
1001 10203 23.000000
1001 10310 23.000000
1001 10696 23.000000
1019 10565 23.000000
1020 10270 23.000000
1025 10403 23.000000
1025 10607 23.000000
1281 1303 23.000000
566 588 22.000000
653 654 22.000000
654 655 22.000000
655 656 22.000000
656 657 22.000000
657 658 22.000000
658 659 22.000000
1006 1007 22.000000
1007 1008 22.000000
1008 1009 22.000000
1009 1010 22.000000
1010 1011 22.000000
1019 10225 22.000000
1046 10503 22.000000
1068 10936 22.000000
1236 1258 22.000000
1544 1566 22.000000
22 44 21.000000
1020 10357 21.000000
1020 10949 21.000000
1040 1062 21.000000
1371 1393 21.000000
1508 1509 21.000000
1509 1510 21.000000
1510 1511 21.000000
1511 1512 21.000000
1512 1513 21.000000
77 99 20.000000
230 252 20.000000
1020 10821 20.000000
1021 10413 20.000000
1025 10456 20.000000
1037 1059 20.000000
1084 10877 20.000000
235 236 19.000000
462 463 19.000000
463 464 19.000000
464 465 19.000000
465 466 19.000000
466 467 19.000000
522 544 19.000000
608 630 19.000000
782 783 19.000000
1024 10998 19.000000
1045 10998 19.000000
1046 10533 19.000000
1079 10882 19.000000
1084 10934 19.000000
309 310 18.000000
310 311 18.000000
311 312 18.000000
312 313 18.000000
313 314 18.000000
314 315 18.000000
315 316 18.000000
316 317 18.000000
322 323 18.000000
519 541 18.000000
976 998 18.000000
1004 10324 18.000000
1004 10751 18.000000
1004 10778 18.000000
1020 10249 18.000000
1046 10936 18.000000
1084 10903 18.000000
1369 1391 18.000000
825 847 17.000000
1001 10398 17.000000
1025 10273 17.000000
1042 10901 17.000000
168 190 16.000000
1013 1035 16.000000
1021 10689 15.000000
1021 10953 15.000000
1083 10867 15.000000
1475 1497 15.000000
1476 1498 15.000000
110 132 14.000000
281 303 14.000000
303 325 14.000000
544 566 14.000000
780 802 14.000000
782 804 14.000000
932 954 14.000000
1020 10681 14.000000
1041 10721 14.000000
1041 10883 14.000000
1086 10979 14.000000
1138 1139 14.000000
1139 1140 14.000000
1140 1141 14.000000
1141 1142 14.000000
1142 1143 14.000000
1411 1433 14.000000
1543 1565 14.000000
599 600 13.000000
607 629 13.000000
1025 10961 13.000000
73 95 12.000000
1002 10078 12.000000
1002 10997 12.000000
1004 1026 12.000000
1046 10923 12.000000
1062 1084 12.000000
1063 1085 12.000000
1090 10986 12.000000
1090 10987 12.000000
1390 1412 12.000000
256 278 11.000000
352 373 11.000000
369 370 11.000000
370 371 11.000000
371 372 11.000000
372 373 11.000000
387 409 11.000000
475 497 11.000000
616 617 11.000000
617 618 11.000000
618 619 11.000000
619 620 11.000000
620 621 11.000000
621 622 11.000000
953 975 11.000000
1041 10659 11.000000
1041 10811 11.000000
1041 10955 11.000000
1042 10627 11.000000
1068 10682 11.000000
1068 10729 11.000000
1068 10755 11.000000
1068 10827 11.000000
1068 10834 11.000000
1068 10918 11.000000
114 136 10.000000
146 168 10.000000
365 387 10.000000
419 441 10.000000
506 528 10.000000
959 981 10.000000
1015 1037 10.000000
1019 1041 10.000000
1019 10539 10.000000
1025 10533 10.000000
1090 10959 10.000000
1195 1217 10.000000
0 22 9.000000
774 796 9.000000
934 956 9.000000
1000 10613 9.000000
1002 10998 9.000000
1019 10298 9.000000
1019 10484 9.000000
1042 10554 9.000000
1042 10982 9.000000
1046 10961 9.000000
1373 1374 9.000000
1524 1546 9.000000
54 76 8.000000
69 91 8.000000
76 98 8.000000
112 134 8.000000
221 243 8.000000
286 307 8.000000
300 301 8.000000
301 302 8.000000
302 303 8.000000
303 304 8.000000
304 305 8.000000
305 306 8.000000
306 307 8.000000
418 439 8.000000
433 455 8.000000
434 435 8.000000
435 436 8.000000
436 437 8.000000
437 438 8.000000
438 439 8.000000
528 529 8.000000
529 530 8.000000
530 531 8.000000
531 532 8.000000
532 533 8.000000
533 534 8.000000
652 674 8.000000
869 891 8.000000
1000 10199 8.000000
1000 10577 8.000000
1000 10668 8.000000
1000 10985 8.000000
1003 10047 8.000000
1003 10403 8.000000
1003 10607 8.000000
1040 10624 8.000000
1040 10726 8.000000
1042 10542 8.000000
1435 1457 8.000000
125 147 7.000000
352 374 7.000000
374 395 7.000000
391 392 7.000000
392 393 7.000000
393 394 7.000000
394 395 7.000000
411 433 7.000000
478 500 7.000000
695 717 7.000000
858 859 7.000000
859 860 7.000000
860 861 7.000000
968 990 7.000000
1019 10568 7.000000
1019 10575 7.000000
1019 10788 7.000000
1019 10831 7.000000
1035 10381 7.000000
1035 10592 7.000000
1041 10745 7.000000
1041 10946 7.000000
1041 10949 7.000000
1041 10951 7.000000
1041 10969 7.000000
1496 1497 7.000000
340 341 6.000000
341 342 6.000000
342 343 6.000000
343 344 6.000000
814 815 6.000000
814 835 6.000000
815 816 6.000000
816 817 6.000000
817 818 6.000000
831 832 6.000000
831 853 6.000000
832 833 6.000000
833 834 6.000000
834 835 6.000000
871 893 6.000000
874 875 6.000000
888 910 6.000000
955 977 6.000000
1002 10481 6.000000
1057 1079 6.000000
1057 10896 6.000000
1089 10918 6.000000
1264 1265 6.000000
1279 1301 6.000000
1410 1432 6.000000
1482 1483 6.000000
1483 1484 6.000000
1484 1485 6.000000
1485 1486 6.000000
1540 1562 6.000000
534 556 5.000000
628 650 5.000000
931 953 5.000000
1041 10450 5.000000
1041 10476 5.000000
1041 10505 5.000000
1041 10506 5.000000
1041 10703 5.000000
1041 10775 5.000000
1041 10777 5.000000
1041 10783 5.000000
1041 10810 5.000000
1041 10816 5.000000
1041 10841 5.000000
1041 10848 5.000000
1041 10902 5.000000
1041 10921 5.000000
1042 10529 5.000000
1042 10665 5.000000
1085 10955 5.000000
397 398 4.000000
397 419 4.000000
398 399 4.000000
399 400 4.000000
400 401 4.000000
401 402 4.000000
402 403 4.000000
403 404 4.000000
448 470 4.000000
496 518 4.000000
594 615 4.000000
609 610 4.000000
610 611 4.000000
611 612 4.000000
612 613 4.000000
613 614 4.000000
614 615 4.000000
616 637 4.000000
631 632 4.000000
632 633 4.000000
633 634 4.000000
634 635 4.000000
635 636 4.000000
636 637 4.000000
858 879 4.000000
875 876 4.000000
876 877 4.000000
877 878 4.000000
878 879 4.000000
916 938 4.000000
1042 10752 4.000000
1045 1067 4.000000
1085 10949 4.000000
1134 1156 4.000000
1221 1222 4.000000
1222 1223 4.000000
1223 1224 4.000000
1224 1225 4.000000
1225 1226 4.000000
1226 1227 4.000000
1227 1228 4.000000
1228 1229 4.000000
1229 1230 4.000000
1230 1231 4.000000
1351 1352 4.000000
1366 1367 4.000000
1542 1564 4.000000
1 1563 3.000000
242 264 3.000000
344 345 3.000000
345 346 3.000000
346 347 3.000000
383 384 3.000000
517 539 3.000000
534 535 3.000000
563 585 3.000000
584 606 3.000000
602 624 3.000000
666 688 3.000000
858 880 3.000000
880 901 3.000000
890 912 3.000000
897 898 3.000000
898 899 3.000000
899 900 3.000000
900 901 3.000000
1456 1478 3.000000
1478 1500 3.000000
1496 1517 3.000000
1513 1514 3.000000
1514 1515 3.000000
1515 1516 3.000000
1516 1517 3.000000
1547 1548 3.000000
156 178 2.000000
220 242 2.000000
382 383 2.000000
484 506 2.000000
572 593 2.000000
588 589 2.000000
589 590 2.000000
590 591 2.000000
591 592 2.000000
592 593 2.000000
622 644 2.000000
686 708 2.000000
708 730 2.000000
902 924 2.000000
926 948 2.000000
1022 1044 2.000000
1041 10603 2.000000
1041 10877 2.000000
1060 1082 2.000000
1061 1083 2.000000
1082 1104 2.000000
1128 1150 2.000000
1177 1178 2.000000
1178 1179 2.000000
1179 1180 2.000000
1180 1181 2.000000
1181 1182 2.000000
1182 1183 2.000000
1183 1184 2.000000
1184 1185 2.000000
1185 1186 2.000000
1186 1187 2.000000
1347 1369 2.000000
1391 1413 2.000000
1541 1563 2.000000
25 47 1.000000
61 83 1.000000
264 286 1.000000
491 513 1.000000
572 573 1.000000
573 574 1.000000
574 575 1.000000
575 576 1.000000
576 577 1.000000
577 578 1.000000
717 739 1.000000
739 761 1.000000
796 818 1.000000
904 926 1.000000
917 939 1.000000
1306 1328 1.000000
1395 1396 1.000000
1396 1397 1.000000
1397 1398 1.000000
1398 1399 1.000000
1399 1421 1.000000
1408 1430 1.000000
1408 1429 1.000000
1421 1422 1.000000
1422 1423 1.000000
1423 1424 1.000000
1424 1425 1.000000
1425 1426 1.000000
1426 1427 1.000000
1427 1428 1.000000
1428 1429 1.000000
1525 1526 1.000000
