1270 1271 14641.000000
277 278 12608.000000
278 279 12608.000000
279 280 12608.000000
1292 1293 12271.000000
276 277 12251.000000
1290 1291 12098.000000
1248 1249 12039.000000
1291 1292 11842.000000
1308 1309 11690.000000
1116 1117 11107.000000
1269 1270 10963.000000
280 281 10875.000000
1306 1307 10831.000000
1307 1308 10831.000000
11 12 10574.000000
1309 1310 10349.000000
1029 1030 10132.000000
275 276 9964.000000
1028 1029 9771.000000
1289 1290 9392.000000
1117 1118 9196.000000
1310 1311 9192.000000
1335 1336 9189.000000
10 11 9092.000000
1247 1248 9025.000000
298 299 8739.000000
299 300 8739.000000
300 301 8739.000000
301 302 8739.000000
1268 1269 8671.000000
1094 1095 8628.000000
320 321 8509.000000
321 322 8509.000000
322 323 8509.000000
1440 1441 8505.000000
323 324 8477.000000
1313 1314 8459.000000
143 144 8446.000000
1439 1440 8386.000000
1072 1073 8352.000000
1312 1313 8141.000000
1246 1247 8083.000000
1115 1116 8063.000000
186 187 8057.000000
1336 1337 8041.000000
1027 1028 7943.000000
1305 1306 7899.000000
1311 1312 7744.000000
187 188 7739.000000
1357 1358 7483.000000
958 959 7331.000000
959 960 7331.000000
1073 1074 6992.000000
893 894 6931.000000
894 895 6931.000000
1441 1442 6912.000000
1334 1335 6906.000000
1114 1115 6881.000000
281 282 6777.000000
324 325 6746.000000
297 298 6720.000000
1093 1094 6587.000000
342 343 6536.000000
343 344 6536.000000
344 345 6536.000000
1245 1246 6524.000000
319 320 6395.000000
233 234 6389.000000
234 235 6389.000000
235 236 6389.000000
236 237 6389.000000
1226 1227 6226.000000
232 233 6047.000000
325 326 6032.000000
957 958 6006.000000
1204 1205 6001.000000
940 941 5902.000000
1092 1093 5893.000000
1484 1485 5866.000000
1483 1484 5814.000000
1333 1334 5810.000000
1443 1444 5800.000000
1030 1031 5793.000000
960 961 5763.000000
1249 1250 5684.000000
1442 1443 5680.000000
1203 1204 5657.000000
1444 1445 5598.000000
1205 1206 5543.000000
1051 1052 5485.000000
914 915 5458.000000
915 916 5458.000000
916 917 5458.000000
253 254 5434.000000
937 938 5429.000000
938 939 5429.000000
1050 1051 5324.000000
1071 1072 5286.000000
1267 1268 5127.000000
369 370 5058.000000
980 981 5033.000000
981 982 5033.000000
982 983 5033.000000
254 255 4986.000000
255 256 4986.000000
256 257 4986.000000
257 258 4986.000000
258 259 4986.000000
1356 1357 4931.000000
364 365 4887.000000
365 366 4887.000000
366 367 4887.000000
54 55 4853.000000
1485 1486 4847.000000
1118 1119 4804.000000
936 937 4794.000000
1138 1139 4790.000000
12 13 4788.000000
1288 1289 4779.000000
1355 1356 4724.000000
956 957 4695.000000
1161 1162 4666.000000
368 369 4659.000000
1137 1138 4642.000000
367 368 4597.000000
53 54 4588.000000
164 165 4534.000000
984 985 4506.000000
433 434 4461.000000
1328 1329 4456.000000
346 347 4422.000000
1181 1182 4417.000000
1332 1333 4412.000000
302 303 4407.000000
345 346 4369.000000
1329 1330 4360.000000
1314 1315 4359.000000
1024 1025 4332.000000
1025 1026 4332.000000
1330 1331 4267.000000
1202 1203 4265.000000
1486 1487 4227.000000
1331 1332 4219.000000
55 56 4198.000000
230 231 4193.000000
326 327 4183.000000
1119 1120 4179.000000
52 53 4178.000000
961 962 4170.000000
341 342 4041.000000
1159 1160 4037.000000
1354 1355 3962.000000
1088 1089 3886.000000
1089 1090 3886.000000
1090 1091 3886.000000
1026 1027 3874.000000
1372 1373 3860.000000
895 896 3839.000000
1110 1111 3764.000000
1111 1112 3764.000000
1112 1113 3763.000000
1182 1183 3751.000000
231 232 3746.000000
1113 1114 3720.000000
871 872 3718.000000
872 873 3718.000000
983 984 3688.000000
1160 1161 3688.000000
1224 1225 3655.000000
1223 1224 3634.000000
1225 1226 3550.000000
274 275 3521.000000
918 919 3507.000000
1374 1375 3497.000000
869 870 3491.000000
1158 1159 3463.000000
1162 1163 3463.000000
939 940 3419.000000
743 744 3416.000000
1049 1050 3407.000000
1462 1463 3331.000000
1379 1380 3327.000000
385 386 3311.000000
386 387 3311.000000
387 388 3311.000000
388 389 3311.000000
142 143 3302.000000
187 209 3298.000000
1136 1137 3263.000000
1023 1024 3191.000000
1371 1372 3173.000000
1249 1271 3133.000000
892 893 3124.000000
1378 1379 3120.000000
1227 1228 3097.000000
303 304 3084.000000
208 209 3061.000000
1463 1464 3051.000000
370 371 3032.000000
935 936 3016.000000
1139 1140 2994.000000
318 319 2986.000000
1030 1052 2966.000000
1375 1376 2963.000000
675 676 2953.000000
676 677 2953.000000
1285 1286 2927.000000
1091 1092 2922.000000
1352 1353 2915.000000
317 318 2906.000000
896 897 2900.000000
1464 1465 2889.000000
849 850 2886.000000
850 851 2886.000000
1327 1328 2881.000000
677 678 2875.000000
8 9 2863.000000
913 914 2859.000000
765 766 2854.000000
870 871 2848.000000
1399 1400 2839.000000
678 679 2835.000000
1350 1351 2822.000000
1418 1419 2820.000000
1183 1184 2803.000000
1286 1287 2791.000000
1400 1401 2774.000000
979 980 2772.000000
56 57 2764.000000
13 14 2757.000000
1506 1507 2742.000000
1398 1399 2736.000000
1508 1509 2731.000000
144 145 2728.000000
962 963 2719.000000
1351 1352 2719.000000
985 986 2715.000000
100 101 2709.000000
347 348 2701.000000
389 390 2691.000000
851 852 2678.000000
1487 1488 2673.000000
679 701 2670.000000
1095 1096 2666.000000
917 918 2637.000000
766 767 2602.000000
1180 1181 2602.000000
1287 1288 2601.000000
1422 1423 2593.000000
897 898 2571.000000
1265 1266 2553.000000
1396 1397 2551.000000
455 456 2531.000000
1244 1245 2528.000000
1373 1374 2524.000000
97 98 2506.000000
1421 1422 2504.000000
1179 1180 2495.000000
1201 1202 2478.000000
1377 1378 2458.000000
252 253 2455.000000
390 391 2443.000000
11 33 2392.000000
1048 1049 2389.000000
1005 1006 2387.000000
1087 1088 2382.000000
1006 10446 2379.000000
1284 1285 2353.000000
1140 1141 2352.000000
348 349 2343.000000
1376 1377 2330.000000
1353 1354 2327.000000
1266 1267 2316.000000
282 283 2305.000000
1419 1420 2302.000000
740 741 2298.000000
741 742 2298.000000
742 743 2298.000000
919 920 2292.000000
295 296 2284.000000
1395 1396 2272.000000
1006 1007 2256.000000
1507 1508 2250.000000
1263 1264 2219.000000
1264 1265 2218.000000
327 328 2199.000000
209 210 2196.000000
121 122 2182.000000
1420 1421 2163.000000
96 97 2154.000000
1423 1424 2141.000000
101 10241 2138.000000
98 99 2123.000000
848 849 2121.000000
1505 1506 2119.000000
1262 1263 2084.000000
237 238 2077.000000
1349 1350 2059.000000
143 165 2056.000000
391 392 2051.000000
340 341 2034.000000
1397 1398 2033.000000
304 305 2023.000000
722 723 2023.000000
165 166 2020.000000
283 284 1987.000000
1271 1272 1963.000000
161 162 1945.000000
162 163 1945.000000
456 457 1942.000000
229 230 1933.000000
1241 1242 1894.000000
1242 1243 1893.000000
305 306 1885.000000
296 297 1868.000000
78 79 1855.000000
1001 1002 1852.000000
1002 1003 1852.000000
1003 1004 1852.000000
1163 1164 1843.000000
1243 1244 1841.000000
144 166 1833.000000
163 164 1831.000000
744 745 1828.000000
891 892 1810.000000
237 259 1809.000000
120 121 1801.000000
259 260 1793.000000
912 913 1793.000000
1261 1262 1761.000000
95 96 1755.000000
339 340 1749.000000
1228 1229 1747.000000
1131 1132 1735.000000
1132 1133 1735.000000
1133 1134 1735.000000
280 302 1733.000000
1134 1135 1732.000000
1154 1155 1720.000000
1155 1156 1720.000000
77 78 1710.000000
30 31 1708.000000
207 208 1679.000000
679 680 1678.000000
1551 1552 1676.000000
1401 1402 1657.000000
1075 1076 1630.000000
338 339 1627.000000
160 161 1624.000000
306 307 1609.000000
382 383 1607.000000
328 329 1592.000000
1073 1095 1577.000000
767 768 1559.000000
1573 1574 1546.000000
831 832 1532.000000
363 364 1530.000000
1574 1575 1522.000000
282 304 1515.000000
1153 1154 1508.000000
1529 1530 1508.000000
1022 1023 1495.000000
51 52 1489.000000
369 391 1476.000000
1304 1305 1468.000000
941 942 1467.000000
1029 10669 1447.000000
238 260 1435.000000
1197 1198 1429.000000
1198 1199 1429.000000
1199 1200 1429.000000
1050 10979 1418.000000
941 963 1407.000000
1200 1201 1401.000000
349 350 1395.000000
762 763 1379.000000
763 764 1379.000000
764 765 1379.000000
1552 1553 1377.000000
1000 1001 1376.000000
284 285 1375.000000
873 874 1363.000000
1206 1207 1360.000000
327 349 1355.000000
1528 1529 1352.000000
362 363 1347.000000
1445 1446 1347.000000
680 681 1342.000000
361 362 1317.000000
188 189 1311.000000
209 231 1308.000000
1283 1284 1302.000000
1207 1208 1288.000000
14 15 1281.000000
1074 1075 1262.000000
31 32 1258.000000
1156 1157 1258.000000
1188 1209 1251.000000
1208 1209 1251.000000
1028 10554 1238.000000
435 436 1237.000000
1509 1510 1234.000000
33 34 1230.000000
1044 1045 1229.000000
1045 1046 1229.000000
1046 1047 1229.000000
1047 1048 1229.000000
253 275 1227.000000
806 807 1220.000000
807 808 1220.000000
1510 1511 1217.000000
57 58 1213.000000
898 899 1212.000000
1066 1067 1212.000000
1067 1068 1212.000000
1068 1069 1212.000000
1069 1070 1212.000000
1070 1071 1212.000000
787 788 1211.000000
832 833 1207.000000
1465 1466 1191.000000
392 393 1178.000000
383 384 1162.000000
384 385 1162.000000
1096 1097 1160.000000
393 394 1159.000000
1466 1467 1157.000000
723 724 1148.000000
166 188 1145.000000
1004 1005 1145.000000
434 435 1130.000000
1572 1573 1126.000000
1028 10384 1122.000000
1293 1294 1119.000000
120 142 1117.000000
1222 1223 1097.000000
1118 1140 1096.000000
804 805 1095.000000
1370 1371 1094.000000
745 746 1081.000000
264 285 1078.000000
231 253 1073.000000
188 210 1067.000000
761 762 1067.000000
456 478 1065.000000
1250 1251 1064.000000
827 828 1060.000000
828 829 1060.000000
829 830 1060.000000
875 876 1050.000000
10 10092 1047.000000
1050 10559 1046.000000
809 810 1037.000000
810 811 1037.000000
394 395 1033.000000
805 806 1027.000000
295 317 1025.000000
825 826 1019.000000
325 347 1012.000000
660 681 1010.000000
415 416 1006.000000
978 979 1003.000000
139 140 998.000000
140 141 998.000000
1184 1185 997.000000
874 875 992.000000
1097 1098 988.000000
1135 1136 979.000000
230 252 975.000000
653 654 968.000000
654 655 968.000000
655 656 963.000000
412 413 959.000000
1109 1110 955.000000
1076 1098 952.000000
1527 1528 949.000000
32 33 945.000000
1571 1572 941.000000
1570 1571 934.000000
370 392 933.000000
1380 1381 932.000000
811 812 929.000000
830 831 929.000000
122 123 917.000000
34 35 911.000000
117 118 906.000000
141 142 899.000000
721 722 899.000000
1196 1197 899.000000
718 719 897.000000
719 720 897.000000
720 721 897.000000
897 919 896.000000
273 274 895.000000
1240 1241 890.000000
76 77 888.000000
74 75 880.000000
701 702 876.000000
414 415 875.000000
1050 10627 874.000000
371 372 872.000000
520 521 863.000000
521 522 860.000000
1175 1176 858.000000
1176 1177 858.000000
1177 1178 858.000000
75 76 855.000000
1120 1121 854.000000
138 139 851.000000
986 987 847.000000
1293 1315 847.000000
1272 1273 841.000000
783 784 838.000000
784 785 838.000000
785 786 838.000000
308 329 837.000000
1488 1489 835.000000
73 74 832.000000
1005 10249 827.000000
350 351 826.000000
1260 1261 816.000000
118 119 812.000000
411 412 811.000000
788 789 810.000000
119 120 804.000000
477 478 797.000000
1205 1227 797.000000
459 460 794.000000
847 848 789.000000
242 263 767.000000
1273 1274 766.000000
1274 1275 766.000000
265 266 762.000000
266 267 762.000000
267 268 762.000000
268 269 762.000000
269 270 762.000000
270 271 762.000000
271 272 762.000000
1027 10299 762.000000
413 414 759.000000
457 458 758.000000
1141 1142 746.000000
743 765 745.000000
272 273 742.000000
352 353 736.000000
353 354 736.000000
354 355 736.000000
355 356 736.000000
356 357 736.000000
357 358 736.000000
358 359 736.000000
359 360 736.000000
760 761 733.000000
371 393 732.000000
826 827 730.000000
221 222 723.000000
222 223 723.000000
223 224 723.000000
224 225 723.000000
225 226 723.000000
226 227 723.000000
227 228 723.000000
228 229 723.000000
1008 1009 721.000000
55 77 702.000000
724 725 696.000000
238 239 691.000000
1100 1121 690.000000
186 208 686.000000
372 373 686.000000
1027 10509 686.000000
239 240 685.000000
1461 1462 682.000000
1178 1179 672.000000
717 718 671.000000
1467 1468 667.000000
1007 1008 664.000000
183 184 662.000000
184 185 662.000000
695 696 661.000000
407 408 657.000000
408 409 657.000000
409 410 657.000000
410 411 657.000000
1157 1158 657.000000
876 877 655.000000
808 809 652.000000
852 853 652.000000
458 459 645.000000
281 303 644.000000
1130 1131 642.000000
416 417 635.000000
1553 1554 633.000000
261 262 632.000000
260 261 629.000000
10 10128 625.000000
1336 1358 625.000000
656 657 621.000000
159 160 617.000000
782 783 604.000000
1526 1527 600.000000
694 695 599.000000
10 10732 595.000000
1074 1096 595.000000
240 241 584.000000
1348 1349 582.000000
262 263 580.000000
786 787 578.000000
10 10975 576.000000
29 30 574.000000
316 317 573.000000
35 36 568.000000
702 703 566.000000
177 178 563.000000
178 179 563.000000
179 180 563.000000
180 181 563.000000
181 182 563.000000
185 186 561.000000
1373 1395 560.000000
1326 1327 556.000000
700 701 552.000000
1006 10305 552.000000
220 241 551.000000
1162 1184 547.000000
294 295 546.000000
768 769 537.000000
739 740 536.000000
479 480 535.000000
1007 10605 532.000000
182 183 514.000000
199 200 512.000000
200 201 512.000000
201 202 512.000000
202 203 512.000000
203 204 512.000000
204 205 512.000000
205 206 512.000000
206 207 512.000000
436 437 510.000000
853 854 504.000000
738 739 494.000000
588 589 483.000000
589 590 483.000000
590 591 483.000000
671 672 483.000000
329 351 481.000000
1000 10589 481.000000
1219 1220 481.000000
1220 1221 481.000000
1221 1222 481.000000
10 10916 480.000000
1239 1240 479.000000
165 187 477.000000
480 481 476.000000
1156 1178 466.000000
360 361 465.000000
1120 1142 464.000000
10 10658 462.000000
72 73 461.000000
789 790 456.000000
208 230 454.000000
478 479 447.000000
330 331 444.000000
331 332 444.000000
332 333 444.000000
333 334 444.000000
334 335 444.000000
335 336 444.000000
336 337 444.000000
337 338 444.000000
339 361 443.000000
1100 1101 437.000000
10 10631 436.000000
1207 1229 434.000000
100 122 432.000000
1050 10796 430.000000
854 855 429.000000
1115 1137 428.000000
1028 10330 427.000000
286 287 426.000000
287 288 426.000000
288 289 426.000000
289 290 426.000000
290 291 426.000000
291 292 426.000000
292 293 426.000000
293 294 426.000000
1144 1165 426.000000
1164 1165 426.000000
155 177 420.000000
1029 10680 419.000000
437 438 414.000000
1001 10405 414.000000
1152 1153 414.000000
1027 10883 412.000000
155 156 411.000000
156 157 411.000000
157 158 411.000000
158 159 411.000000
308 309 411.000000
309 310 411.000000
310 311 411.000000
311 312 411.000000
312 313 411.000000
313 314 411.000000
314 315 411.000000
315 316 411.000000
416 438 410.000000
77 99 392.000000
746 747 392.000000
1056 1077 391.000000
1076 1077 391.000000
1232 1253 391.000000
1251 1252 391.000000
1252 1253 391.000000
391 413 383.000000
852 874 383.000000
1380 1402 383.000000
501 502 381.000000
1122 1143 381.000000
1142 1143 381.000000
242 243 379.000000
243 244 379.000000
244 245 379.000000
245 246 379.000000
246 247 379.000000
247 248 379.000000
248 249 379.000000
249 250 379.000000
250 251 378.000000
1052 10782 378.000000
1052 10663 375.000000
1049 10745 373.000000
348 370 371.000000
1044 10878 369.000000
1114 1136 367.000000
1530 1531 367.000000
326 348 363.000000
80 81 360.000000
81 82 360.000000
82 83 360.000000
1027 10277 358.000000
252 274 356.000000
1007 10423 356.000000
251 252 354.000000
1305 1327 354.000000
286 307 353.000000
1075 1097 353.000000
133 134 352.000000
134 135 352.000000
135 136 352.000000
136 137 352.000000
137 138 352.000000
121 143 351.000000
101 102 350.000000
1005 10268 348.000000
1030 10301 347.000000
460 482 346.000000
1088 1110 345.000000
340 362 339.000000
1022 10430 339.000000
1119 1141 339.000000
1417 1418 339.000000
1028 10679 338.000000
1030 10824 333.000000
367 389 332.000000
1232 1233 330.000000
352 373 329.000000
1218 1219 329.000000
699 700 324.000000
460 461 320.000000
1093 10982 320.000000
1029 10713 319.000000
674 675 313.000000
316 338 312.000000
373 395 309.000000
1206 1228 308.000000
1254 1275 305.000000
1358 1359 305.000000
1029 10950 304.000000
672 673 302.000000
696 697 301.000000
697 698 301.000000
698 699 301.000000
116 117 300.000000
1022 10406 300.000000
1022 10531 300.000000
1006 10141 295.000000
1294 1295 294.000000
724 746 293.000000
427 428 291.000000
428 429 291.000000
429 430 291.000000
430 431 291.000000
431 432 291.000000
432 433 291.000000
1000 10648 289.000000
1006 10493 289.000000
572 573 287.000000
572 593 287.000000
591 592 287.000000
592 593 287.000000
30 52 284.000000
11 1573 281.000000
1396 1418 281.000000
1217 1218 280.000000
1247 1269 280.000000
1071 10821 276.000000
347 369 275.000000
502 503 275.000000
503 504 275.000000
1174 1175 274.000000
405 406 273.000000
406 407 273.000000
1006 10421 273.000000
855 856 272.000000
1464 1486 272.000000
940 962 271.000000
1210 1231 269.000000
1229 1230 269.000000
1230 1231 269.000000
1392 1393 269.000000
1393 1394 269.000000
1394 1395 269.000000
1028 10529 268.000000
210 232 260.000000
808 830 258.000000
1306 1328 247.000000
10 10365 246.000000
1210 1211 246.000000
1282 1283 246.000000
1031 10687 245.000000
1031 10438 244.000000
1108 1109 244.000000
101 123 243.000000
657 658 243.000000
658 659 238.000000
1031 10383 237.000000
1031 10453 237.000000
1031 10500 237.000000
1031 10776 237.000000
1031 10871 237.000000
1031 10948 237.000000
1031 10976 237.000000
1044 1066 237.000000
1088 10898 236.000000
1575 1576 236.000000
1000 1022 235.000000
1031 10920 235.000000
1233 1234 235.000000
1234 1235 235.000000
1235 1236 235.000000
1236 1237 235.000000
1237 1238 235.000000
435 457 234.000000
1352 1374 234.000000
1483 1505 234.000000
871 893 233.000000
1291 1313 233.000000
1007 10950 231.000000
1006 10817 230.000000
1181 1203 230.000000
54 76 229.000000
638 659 229.000000
1071 10883 229.000000
1052 10638 227.000000
481 482 226.000000
1216 1217 226.000000
33 55 223.000000
210 211 220.000000
1030 10857 220.000000
673 674 218.000000
874 896 218.000000
1052 10586 218.000000
1052 10733 218.000000
1052 10837 218.000000
29 51 217.000000
1052 10862 217.000000
1277 1278 217.000000
1278 1279 217.000000
1279 1280 217.000000
1280 1281 217.000000
1281 1282 217.000000
1000 10599 216.000000
1006 10109 216.000000
1030 10910 216.000000
1009 10715 215.000000
10 10266 214.000000
102 10566 213.000000
591 613 212.000000
1009 10970 212.000000
211 212 211.000000
212 213 211.000000
213 214 211.000000
214 215 211.000000
1006 10542 211.000000
79 80 210.000000
851 873 208.000000
1006 10665 207.000000
73 95 205.000000
1066 10999 205.000000
934 935 203.000000
1424 1425 203.000000
1007 10189 202.000000
10 10805 199.000000
349 371 199.000000
963 964 198.000000
1044 10898 198.000000
623 624 197.000000
624 625 197.000000
625 626 197.000000
1376 1398 197.000000
1238 1239 194.000000
10 10569 192.000000
738 760 192.000000
1000 10460 191.000000
1029 1051 191.000000
1507 1529 191.000000
1095 10972 188.000000
1276 1297 188.000000
1295 1296 188.000000
1296 1297 188.000000
284 306 187.000000
1022 10444 187.000000
1031 10715 187.000000
1144 1145 187.000000
1007 10971 185.000000
1087 10944 185.000000
1531 1532 184.000000
276 298 183.000000
1095 10977 183.000000
1166 1187 183.000000
1186 1187 183.000000
215 216 182.000000
1029 10421 182.000000
1413 1414 182.000000
1414 1415 182.000000
1415 1416 182.000000
1416 1417 182.000000
672 694 181.000000
1024 10394 181.000000
14 36 180.000000
919 941 180.000000
1024 11000 180.000000
1185 1186 180.000000
1009 10188 178.000000
680 702 177.000000
264 265 176.000000
626 627 176.000000
627 628 176.000000
628 629 176.000000
1006 10627 176.000000
1001 10089 175.000000
1029 10781 175.000000
1056 1057 175.000000
1004 10775 174.000000
1057 1079 174.000000
1007 10260 173.000000
564 565 172.000000
283 305 171.000000
1031 10970 171.000000
1074 10868 171.000000
1007 10366 170.000000
1029 10393 170.000000
1031 1032 170.000000
1347 1348 170.000000
1029 10971 169.000000
1337 1359 169.000000
374 375 168.000000
374 395 168.000000
375 376 168.000000
376 377 168.000000
377 378 168.000000
378 379 168.000000
379 380 168.000000
380 381 168.000000
381 382 168.000000
682 703 168.000000
1009 10240 168.000000
1028 10446 168.000000
787 809 167.000000
812 813 167.000000
1276 1277 167.000000
330 351 166.000000
1005 10476 166.000000
1009 10337 166.000000
1009 10864 166.000000
1009 10968 166.000000
1086 1087 166.000000
1009 10193 165.000000
199 221 163.000000
1028 10315 163.000000
1030 10938 162.000000
682 683 161.000000
683 684 161.000000
684 685 161.000000
685 686 161.000000
686 687 161.000000
833 834 161.000000
1006 10861 161.000000
1550 1551 161.000000
939 961 160.000000
1009 1031 160.000000
1074 10774 160.000000
1074 10865 160.000000
1049 1071 159.000000
1549 1550 159.000000
1007 10393 157.000000
1029 10544 157.000000
1052 10776 157.000000
1052 10871 157.000000
1052 10948 157.000000
1052 10976 157.000000
1442 1464 157.000000
330 352 156.000000
827 849 156.000000
1007 10253 156.000000
1074 10956 156.000000
1001 10791 155.000000
1006 10499 155.000000
1028 10941 155.000000
1074 10837 155.000000
1006 10604 154.000000
1006 10677 154.000000
1211 1212 154.000000
1212 1213 154.000000
1213 1214 154.000000
1214 1215 154.000000
1215 1216 154.000000
1006 10781 153.000000
1074 10862 153.000000
1219 1241 152.000000
1006 10544 151.000000
1298 1319 151.000000
1315 1316 151.000000
1316 1317 151.000000
1317 1318 151.000000
1318 1319 151.000000
360 382 149.000000
652 653 149.000000
1006 10412 149.000000
1029 10677 149.000000
285 307 148.000000
303 325 147.000000
853 875 147.000000
1029 10412 147.000000
1029 10935 147.000000
1078 1079 147.000000
1078 1099 147.000000
1007 10698 146.000000
1098 1099 146.000000
1001 10297 145.000000
1006 10283 145.000000
1006 10935 145.000000
1007 10758 144.000000
1029 10567 144.000000
1031 10956 144.000000
189 190 143.000000
190 191 143.000000
191 192 143.000000
192 193 143.000000
1031 10489 143.000000
1031 10774 143.000000
1031 10865 143.000000
1052 10687 143.000000
1074 10920 143.000000
666 667 142.000000
667 668 142.000000
668 669 142.000000
669 670 142.000000
670 671 142.000000
895 917 142.000000
1051 10857 142.000000
1051 10910 142.000000
50 51 141.000000
404 405 140.000000
1029 10744 140.000000
1286 1308 140.000000
1028 10681 139.000000
1554 1555 139.000000
1050 10567 138.000000
198 219 137.000000
216 217 137.000000
217 218 137.000000
218 219 137.000000
1022 10570 137.000000
1048 10565 137.000000
1074 10972 137.000000
1028 1050 136.000000
1074 10894 136.000000
1332 1354 136.000000
1263 1285 135.000000
10 10145 134.000000
15 16 134.000000
16 17 134.000000
17 18 134.000000
18 40 134.000000
142 164 134.000000
918 940 134.000000
1028 10457 134.000000
1267 1289 134.000000
1023 10741 133.000000
1023 10757 133.000000
220 221 132.000000
361 383 132.000000
1006 10719 132.000000
1006 10933 132.000000
141 163 131.000000
522 523 131.000000
523 524 131.000000
524 525 131.000000
1006 10245 131.000000
1006 10839 131.000000
869 891 130.000000
1031 10337 130.000000
1073 10938 130.000000
704 725 129.000000
1023 10274 129.000000
10 1572 128.000000
714 715 128.000000
715 716 128.000000
1005 10136 128.000000
896 918 127.000000
1012 1034 127.000000
273 295 126.000000
412 434 126.000000
1506 1528 126.000000
1006 10469 125.000000
1012 1033 125.000000
1032 1033 125.000000
1052 10940 125.000000
232 254 124.000000
305 327 124.000000
710 711 124.000000
711 712 124.000000
712 713 124.000000
713 714 124.000000
809 831 124.000000
1026 10788 123.000000
768 790 122.000000
1004 10831 122.000000
1355 1377 121.000000
215 237 120.000000
1052 10769 120.000000
1096 10996 120.000000
1262 1284 120.000000
101 10262 119.000000
1005 1027 119.000000
1029 10499 119.000000
1052 10968 119.000000
1070 10831 119.000000
1440 1462 119.000000
723 745 118.000000
1050 10680 118.000000
1050 10713 118.000000
1050 10941 118.000000
1028 10719 117.000000
1271 1293 117.000000
1028 10933 116.000000
1052 10864 116.000000
1005 10522 114.000000
1028 10395 114.000000
1028 10542 114.000000
1030 10423 114.000000
1052 1053 114.000000
1174 1196 114.000000
1298 1299 114.000000
1299 1300 114.000000
1300 1301 114.000000
1301 1302 114.000000
1302 1303 114.000000
438 439 113.000000
1028 10585 113.000000
651 652 112.000000
638 639 111.000000
639 640 111.000000
640 641 111.000000
641 642 111.000000
642 643 111.000000
1001 10814 111.000000
1005 10256 111.000000
100 10118 110.000000
830 852 110.000000
1005 10369 110.000000
1031 10864 110.000000
1031 10968 110.000000
1050 10922 110.000000
1308 1330 110.000000
1311 1333 110.000000
1072 10752 109.000000
1006 10445 108.000000
1028 10665 108.000000
1095 1117 107.000000
1116 1138 107.000000
1160 1182 107.000000
111 133 106.000000
1006 10201 106.000000
1087 1109 106.000000
111 112 105.000000
112 113 105.000000
113 114 105.000000
114 115 105.000000
1417 1439 105.000000
1419 1441 105.000000
1028 10399 104.000000
1049 10554 104.000000
1188 1189 104.000000
1203 1225 104.000000
351 373 103.000000
1093 10979 103.000000
914 936 102.000000
1049 10955 102.000000
1051 10971 102.000000
240 262 101.000000
1006 10680 101.000000
1023 10297 101.000000
1028 10839 101.000000
1053 1054 101.000000
1071 10777 101.000000
1071 10810 101.000000
1071 10841 101.000000
1101 1102 101.000000
1102 1103 101.000000
1103 1104 101.000000
1104 1105 101.000000
1105 1106 101.000000
1106 1107 101.000000
1107 1108 101.000000
166 167 99.000000
1043 1044 99.000000
1092 10965 99.000000
1071 10816 98.000000
1071 10848 98.000000
1071 10902 98.000000
1071 10921 98.000000
1329 1351 98.000000
1402 1403 98.000000
101 10889 97.000000
601 602 97.000000
602 603 97.000000
603 604 97.000000
604 605 97.000000
605 606 97.000000
606 607 97.000000
1001 10807 97.000000
1006 10419 97.000000
1027 10640 97.000000
1006 10646 96.000000
1030 10366 96.000000
1005 10384 95.000000
1028 10559 95.000000
681 703 94.000000
1005 10951 94.000000
1034 1055 94.000000
1054 1055 94.000000
1182 1204 94.000000
242 264 93.000000
449 450 93.000000
450 451 93.000000
451 452 93.000000
452 453 93.000000
453 454 93.000000
454 455 93.000000
1006 10174 93.000000
1027 10575 93.000000
1027 10568 92.000000
1027 10788 92.000000
1028 10627 92.000000
1228 1250 92.000000
193 215 91.000000
286 308 91.000000
304 326 91.000000
338 360 91.000000
426 427 91.000000
551 573 91.000000
704 705 91.000000
705 706 91.000000
706 707 91.000000
707 708 91.000000
708 709 91.000000
1006 10859 91.000000
1029 10462 91.000000
635 657 90.000000
1050 1072 90.000000
1006 10290 89.000000
1006 10382 89.000000
1157 1179 89.000000
1179 1201 89.000000
479 501 88.000000
1006 1028 87.000000
1029 10469 87.000000
1073 10971 87.000000
1094 10964 87.000000
1159 1181 87.000000
115 116 86.000000
856 857 86.000000
1005 10738 86.000000
1048 10831 86.000000
1048 10842 86.000000
1072 10796 86.000000
631 632 85.000000
632 633 85.000000
633 634 85.000000
1071 10951 85.000000
76 98 84.000000
746 768 84.000000
1027 10664 84.000000
1027 10718 84.000000
1049 10721 84.000000
1050 10781 84.000000
1071 10946 84.000000
1071 10949 84.000000
1071 10969 84.000000
677 699 83.000000
920 921 83.000000
963 985 83.000000
1007 10287 83.000000
1027 10965 83.000000
1050 10744 83.000000
1079 1080 83.000000
1080 1081 83.000000
1081 1082 83.000000
1082 1083 83.000000
1083 1084 83.000000
1084 1085 83.000000
1085 1086 83.000000
220 242 82.000000
1052 10789 82.000000
1074 10940 82.000000
500 501 81.000000
1049 10659 81.000000
1072 10922 81.000000
1145 1146 81.000000
1146 1147 81.000000
1147 1148 81.000000
1148 1149 81.000000
1149 1150 81.000000
1150 1151 81.000000
1354 1376 81.000000
468 469 80.000000
469 470 80.000000
470 471 80.000000
471 472 80.000000
472 473 80.000000
473 474 80.000000
474 475 80.000000
475 476 80.000000
1023 10326 80.000000
1023 10482 80.000000
1049 10811 80.000000
1092 10934 80.000000
1184 1206 80.000000
1551 1573 80.000000
634 635 79.000000
1023 10814 79.000000
1027 10450 79.000000
1027 10506 79.000000
1027 10783 79.000000
1029 10964 79.000000
36 37 78.000000
37 38 78.000000
38 39 78.000000
39 40 78.000000
761 783 78.000000
798 799 78.000000
799 800 78.000000
800 801 78.000000
801 802 78.000000
802 803 78.000000
1007 10567 78.000000
1027 10298 78.000000
1027 10484 78.000000
1028 10752 78.000000
1007 10744 77.000000
1023 10807 77.000000
1023 10405 76.000000
1027 10505 76.000000
1029 10305 76.000000
1074 10789 76.000000
1096 10970 76.000000
854 876 75.000000
1072 10979 75.000000
418 419 74.000000
418 439 74.000000
419 420 74.000000
420 421 74.000000
421 422 74.000000
422 423 74.000000
423 424 74.000000
424 425 74.000000
688 689 74.000000
689 690 74.000000
690 691 74.000000
691 692 74.000000
692 693 74.000000
693 694 74.000000
1007 10499 74.000000
1027 10270 74.000000
1310 1332 74.000000
721 743 73.000000
1052 10774 73.000000
1052 10865 73.000000
1074 10769 73.000000
1028 10694 72.000000
1052 10956 72.000000
1261 1283 72.000000
346 368 71.000000
782 804 71.000000
1027 10522 71.000000
1072 10941 71.000000
122 144 70.000000
413 435 70.000000
440 441 70.000000
440 461 70.000000
441 442 70.000000
442 443 70.000000
443 444 70.000000
444 445 70.000000
445 446 70.000000
1027 10738 70.000000
1072 10964 70.000000
1320 1341 70.000000
1337 1338 70.000000
1338 1339 70.000000
1339 1340 70.000000
1340 1341 70.000000
296 318 69.000000
1006 10457 69.000000
1006 10559 69.000000
101 10345 68.000000
306 328 68.000000
783 805 68.000000
1093 1115 68.000000
1123 1124 68.000000
1124 1125 68.000000
1125 1126 68.000000
1126 1127 68.000000
1127 1128 68.000000
1128 1129 68.000000
1129 1130 68.000000
600 601 67.000000
1006 10080 67.000000
1052 10920 67.000000
1266 1288 66.000000
1006 10115 64.000000
1151 1152 64.000000
1532 1533 64.000000
439 461 63.000000
448 449 63.000000
962 984 63.000000
1006 10315 63.000000
1029 10490 63.000000
630 631 62.000000
657 679 62.000000
660 661 62.000000
661 662 62.000000
662 663 62.000000
663 664 62.000000
664 665 62.000000
665 666 62.000000
769 791 62.000000
1005 10934 62.000000
1006 10941 62.000000
1029 10390 62.000000
1029 10563 62.000000
1029 10900 62.000000
1049 10529 62.000000
1222 1244 62.000000
1314 1336 62.000000
1006 10585 61.000000
1022 10589 61.000000
438 460 60.000000
848 870 60.000000
957 979 60.000000
1005 10969 60.000000
1028 10922 60.000000
1548 1549 60.000000
831 853 59.000000
1005 10114 59.000000
1006 10395 59.000000
1023 10425 59.000000
1218 1240 59.000000
1398 1420 59.000000
446 468 58.000000
1004 10225 58.000000
1005 10808 58.000000
1005 10877 58.000000
1005 10946 58.000000
1005 10949 58.000000
1006 10257 58.000000
1050 10900 58.000000
1005 10254 57.000000
1005 10380 57.000000
1005 10603 57.000000
1005 10703 57.000000
1005 10816 57.000000
1005 10848 57.000000
1005 10902 57.000000
1005 10921 57.000000
1008 10605 57.000000
1027 10603 57.000000
1050 10935 57.000000
1130 1152 57.000000
1189 1190 57.000000
1190 1191 57.000000
1191 1192 57.000000
1192 1193 57.000000
1193 1194 57.000000
1331 1353 57.000000
1463 1485 57.000000
635 636 56.000000
636 637 56.000000
1005 10775 56.000000
1022 10599 56.000000
1027 10808 56.000000
1027 10877 56.000000
1027 10934 56.000000
1051 10950 56.000000
1071 1093 56.000000
1122 1123 56.000000
1465 1487 56.000000
1484 1506 56.000000
1022 10460 55.000000
1022 10648 55.000000
1029 10925 55.000000
1071 10745 55.000000
1173 1174 55.000000
251 273 54.000000
701 723 54.000000
1027 10775 54.000000
1066 10878 54.000000
1288 1310 54.000000
529 551 53.000000
193 194 52.000000
616 637 52.000000
709 710 52.000000
748 749 52.000000
748 769 52.000000
749 750 52.000000
750 751 52.000000
751 752 52.000000
752 753 52.000000
753 754 52.000000
1006 10922 52.000000
1027 10725 52.000000
1054 1076 52.000000
1094 1116 52.000000
1243 1265 52.000000
1342 1363 52.000000
1359 1360 52.000000
1360 1361 52.000000
1361 1362 52.000000
1362 1363 52.000000
1005 10694 51.000000
1048 10509 51.000000
1136 1158 51.000000
1284 1306 51.000000
1342 1343 51.000000
1343 1344 51.000000
1344 1345 51.000000
1345 1346 51.000000
1346 1347 51.000000
177 199 50.000000
298 320 50.000000
1049 10542 50.000000
1049 10665 50.000000
1189 1211 50.000000
216 238 49.000000
1027 10645 49.000000
1048 10883 49.000000
176 177 48.000000
176 197 48.000000
194 195 48.000000
195 196 48.000000
196 197 48.000000
528 529 48.000000
528 549 48.000000
548 549 48.000000
607 608 48.000000
687 688 48.000000
870 892 48.000000
1072 10935 48.000000
1087 10878 48.000000
1034 1035 47.000000
1035 1036 47.000000
1036 1037 47.000000
1037 1038 47.000000
1038 1039 47.000000
1039 1040 47.000000
1040 1041 47.000000
1041 1042 47.000000
1042 1043 47.000000
102 10963 46.000000
414 436 46.000000
725 747 46.000000
1007 10928 46.000000
1005 10681 45.000000
1032 1054 45.000000
1420 1442 45.000000
587 588 44.000000
608 609 44.000000
622 623 44.000000
781 782 44.000000
790 791 44.000000
1005 10277 44.000000
1051 10938 44.000000
1075 10920 44.000000
1508 1530 44.000000
241 263 43.000000
1050 10544 43.000000
1113 1135 43.000000
1283 1305 43.000000
1511 1512 43.000000
94 95 42.000000
345 367 42.000000
613 635 42.000000
1439 1461 42.000000
499 500 41.000000
551 552 41.000000
552 553 41.000000
553 554 41.000000
554 555 41.000000
643 644 41.000000
754 755 41.000000
755 756 41.000000
756 757 41.000000
757 758 41.000000
758 759 41.000000
826 848 41.000000
1050 10677 41.000000
1489 1490 41.000000
759 760 40.000000
58 59 39.000000
59 60 39.000000
60 61 39.000000
61 62 39.000000
476 477 39.000000
1027 10777 39.000000
1027 10810 39.000000
1027 10841 39.000000
417 439 38.000000
1238 1260 38.000000
1194 1216 37.000000
1509 1531 37.000000
695 717 36.000000
394 416 35.000000
1027 10331 35.000000
1027 10380 35.000000
1027 10476 35.000000
1027 10703 35.000000
1027 10816 35.000000
1027 10848 35.000000
1027 10902 35.000000
1027 10921 35.000000
1027 10951 35.000000
1075 10970 35.000000
745 767 34.000000
1028 10493 34.000000
1292 1314 34.000000
254 276 33.000000
317 339 33.000000
594 615 33.000000
613 614 33.000000
614 615 33.000000
1005 10104 33.000000
1022 10598 33.000000
1027 10369 33.000000
1027 10969 33.000000
323 345 32.000000
1027 10946 32.000000
1027 10949 32.000000
1166 1167 32.000000
31 53 31.000000
308 330 31.000000
803 804 31.000000
1005 10955 31.000000
1007 1029 31.000000
1135 1157 31.000000
1167 1168 31.000000
1168 1169 31.000000
1169 1170 31.000000
1170 1171 31.000000
1171 1172 31.000000
1172 1173 31.000000
100 10917 30.000000
119 141 30.000000
601 623 30.000000
629 630 30.000000
1005 10206 30.000000
1008 1030 30.000000
1050 10925 30.000000
1079 1101 30.000000
1094 10971 30.000000
1096 10976 30.000000
1282 1304 30.000000
425 426 29.000000
716 717 29.000000
726 727 29.000000
726 747 29.000000
727 728 29.000000
728 729 29.000000
729 730 29.000000
730 731 29.000000
965 987 29.000000
1075 10776 29.000000
1075 10871 29.000000
1075 10948 29.000000
1075 10976 29.000000
1424 1446 29.000000
1486 1508 29.000000
836 837 28.000000
836 857 28.000000
837 838 28.000000
838 839 28.000000
839 840 28.000000
840 841 28.000000
1001 10833 28.000000
1200 1222 28.000000
350 372 27.000000
648 649 27.000000
649 650 27.000000
650 651 27.000000
1001 10525 27.000000
1001 10538 27.000000
1001 10897 27.000000
446 447 26.000000
447 448 26.000000
1050 10964 26.000000
1070 10842 26.000000
1071 10721 26.000000
1075 10864 26.000000
1075 10968 26.000000
1272 1294 26.000000
264 286 25.000000
638 660 25.000000
644 645 25.000000
645 646 25.000000
646 647 25.000000
647 648 25.000000
935 957 25.000000
1030 10605 25.000000
1050 10563 25.000000
1051 10605 25.000000
1070 10788 25.000000
1071 10811 25.000000
1071 10955 25.000000
1073 10950 25.000000
1381 1403 25.000000
123 145 24.000000
263 285 24.000000
396 397 24.000000
396 417 24.000000
397 398 24.000000
398 399 24.000000
399 400 24.000000
400 401 24.000000
401 402 24.000000
586 587 24.000000
739 761 24.000000
876 898 24.000000
1001 10394 24.000000
1001 10792 24.000000
1001 11000 24.000000
1217 1239 24.000000
1254 1255 24.000000
1255 1256 24.000000
1256 1257 24.000000
1257 1258 24.000000
1258 1259 24.000000
1259 1260 24.000000
132 133 23.000000
132 153 23.000000
146 147 23.000000
147 148 23.000000
148 149 23.000000
149 150 23.000000
150 151 23.000000
151 152 23.000000
152 153 23.000000
260 282 23.000000
372 394 23.000000
1001 10010 23.000000
1268 1290 23.000000
1399 1421 23.000000
12 1574 22.000000
102 10911 22.000000
434 456 22.000000
804 826 22.000000
834 835 22.000000
841 842 22.000000
842 843 22.000000
843 844 22.000000
844 845 22.000000
845 846 22.000000
846 847 22.000000
1091 10965 22.000000
1140 1162 22.000000
145 146 21.000000
164 186 21.000000
272 294 21.000000
626 648 21.000000
943 965 21.000000
1000 10274 21.000000
1254 1276 21.000000
875 897 20.000000
1166 1188 20.000000
1194 1195 20.000000
1304 1326 20.000000
167 189 19.000000
261 283 19.000000
302 324 19.000000
617 618 19.000000
618 619 19.000000
619 620 19.000000
620 621 19.000000
621 622 19.000000
659 681 19.000000
855 877 19.000000
942 943 19.000000
1074 10824 19.000000
1216 1238 19.000000
229 251 18.000000
318 340 18.000000
324 346 18.000000
402 403 18.000000
403 404 18.000000
833 855 18.000000
1529 1551 18.000000
7 8 17.000000
1001 10706 17.000000
1074 10857 17.000000
1074 10910 17.000000
1151 1173 17.000000
1227 1249 17.000000
1526 1548 17.000000
28 29 16.000000
28 50 16.000000
328 350 16.000000
569 591 16.000000
732 754 16.000000
789 811 16.000000
825 847 16.000000
1026 10575 16.000000
1052 10824 16.000000
1053 10715 16.000000
1075 10782 16.000000
10 32 15.000000
32 54 15.000000
102 10767 15.000000
102 10826 15.000000
392 414 15.000000
544 545 15.000000
545 546 15.000000
546 547 15.000000
1000 10771 15.000000
1007 10925 15.000000
1239 1261 15.000000
1313 1335 15.000000
57 79 14.000000
102 10794 14.000000
390 412 14.000000
710 732 14.000000
892 914 14.000000
920 942 14.000000
1005 10825 14.000000
1225 1247 14.000000
1320 1321 14.000000
1321 1322 14.000000
1322 1323 14.000000
1323 1324 14.000000
1324 1325 14.000000
262 284 13.000000
547 569 13.000000
1005 10399 13.000000
1007 10490 13.000000
1195 1196 13.000000
1527 1549 13.000000
616 638 12.000000
770 771 12.000000
770 791 12.000000
771 772 12.000000
772 773 12.000000
773 774 12.000000
774 775 12.000000
1004 10450 12.000000
1004 10505 12.000000
1004 10506 12.000000
1004 10783 12.000000
1007 10390 12.000000
1007 10563 12.000000
1007 10672 12.000000
1007 10900 12.000000
1027 10357 12.000000
1027 10745 12.000000
1049 10839 12.000000
1092 10955 12.000000
1123 1145 12.000000
1240 1262 12.000000
1548 1570 12.000000
462 463 11.000000
462 483 11.000000
463 464 11.000000
464 465 11.000000
465 466 11.000000
466 467 11.000000
467 468 11.000000
482 483 11.000000
484 485 11.000000
484 505 11.000000
504 505 11.000000
702 724 11.000000
1027 10280 11.000000
1027 10659 11.000000
1027 10721 11.000000
1027 10811 11.000000
1027 10955 11.000000
1053 10970 11.000000
259 281 10.000000
368 390 10.000000
609 610 10.000000
610 611 10.000000
611 612 10.000000
612 613 10.000000
1027 1049 10.000000
1049 10679 10.000000
1070 1092 10.000000
1180 1202 10.000000
1204 1226 10.000000
133 155 9.000000
500 522 9.000000
512 513 9.000000
513 514 9.000000
514 515 9.000000
515 516 9.000000
516 517 9.000000
517 518 9.000000
518 519 9.000000
519 520 9.000000
964 965 9.000000
1026 10386 9.000000
1026 10407 9.000000
1026 10842 9.000000
1049 10752 9.000000
1092 10946 9.000000
1092 10949 9.000000
1092 10969 9.000000
1201 1223 9.000000
294 316 8.000000
424 446 8.000000
507 529 8.000000
703 725 8.000000
767 789 8.000000
1004 10484 8.000000
1007 10462 8.000000
1043 10648 8.000000
1052 1074 8.000000
1070 10718 8.000000
1070 10775 8.000000
1070 10783 8.000000
1070 10965 8.000000
50 72 7.000000
145 167 7.000000
658 680 7.000000
699 721 7.000000
740 762 7.000000
790 812 7.000000
814 815 7.000000
814 835 7.000000
815 816 7.000000
816 817 7.000000
817 818 7.000000
818 819 7.000000
1001 10065 7.000000
1001 10075 7.000000
1001 10198 7.000000
1001 10278 7.000000
1001 10919 7.000000
1048 10808 7.000000
1048 10816 7.000000
1048 10877 7.000000
1048 10934 7.000000
1048 10946 7.000000
1048 10949 7.000000
1048 10969 7.000000
1152 1174 7.000000
1195 1217 7.000000
1395 1417 7.000000
1549 1571 7.000000
51 73 6.000000
239 261 6.000000
402 424 6.000000
485 507 6.000000
525 526 6.000000
616 617 6.000000
634 656 6.000000
898 920 6.000000
1004 10179 6.000000
1004 10250 6.000000
1004 10568 6.000000
1004 10640 6.000000
1004 10664 6.000000
1004 10718 6.000000
1004 10965 6.000000
1007 10157 6.000000
1049 10493 6.000000
1141 1163 6.000000
1325 1326 6.000000
1550 1572 6.000000
56 78 5.000000
485 486 5.000000
486 487 5.000000
487 488 5.000000
488 489 5.000000
489 490 5.000000
655 677 5.000000
716 738 5.000000
811 833 5.000000
1004 10167 5.000000
1004 10575 5.000000
1004 10788 5.000000
1048 10703 5.000000
1048 10951 5.000000
1065 1066 5.000000
1070 10848 5.000000
1070 10902 5.000000
1070 10921 5.000000
1092 10921 5.000000
1092 10951 5.000000
1202 1224 5.000000
194 216 4.000000
307 329 4.000000
534 556 4.000000
556 578 4.000000
600 622 4.000000
637 659 4.000000
873 895 4.000000
1026 1048 4.000000
1048 10484 4.000000
1048 10505 4.000000
1048 10506 4.000000
1048 10775 4.000000
1048 10783 4.000000
1048 10848 4.000000
1048 10902 4.000000
1048 10921 4.000000
1049 10694 4.000000
1087 10999 4.000000
1092 1114 4.000000
1109 1131 4.000000
1134 1156 4.000000
1223 1245 4.000000
1244 1266 4.000000
198 199 3.000000
506 507 3.000000
506 527 3.000000
526 527 3.000000
529 530 3.000000
530 531 3.000000
531 532 3.000000
532 533 3.000000
533 534 3.000000
550 551 3.000000
550 571 3.000000
569 570 3.000000
570 571 3.000000
803 825 3.000000
805 827 3.000000
1022 1044 3.000000
1051 1073 3.000000
1057 1058 3.000000
1058 1059 3.000000
1059 1060 3.000000
1060 1061 3.000000
1061 1062 3.000000
1062 1063 3.000000
1063 1064 3.000000
1066 10898 3.000000
1167 1189 3.000000
1245 1267 3.000000
1487 1509 3.000000
44 45 2.000000
44 65 2.000000
62 63 2.000000
63 64 2.000000
64 65 2.000000
274 296 2.000000
547 548 2.000000
573 574 2.000000
574 575 2.000000
575 576 2.000000
576 577 2.000000
577 578 2.000000
622 644 2.000000
682 704 2.000000
732 733 2.000000
733 734 2.000000
734 735 2.000000
735 736 2.000000
736 737 2.000000
737 738 2.000000
765 787 2.000000
847 869 2.000000
956 978 2.000000
968 990 2.000000
1001 10326 2.000000
1001 10482 2.000000
1005 10270 2.000000
1005 10280 2.000000
1005 10331 2.000000
1005 10357 2.000000
1005 10645 2.000000
1005 10659 2.000000
1005 10721 2.000000
1005 10725 2.000000
1005 10745 2.000000
1005 10777 2.000000
1005 10810 2.000000
1005 10811 2.000000
1005 10841 2.000000
1035 1057 2.000000
1043 10430 2.000000
1053 1075 2.000000
1064 1065 2.000000
1066 1088 2.000000
1086 1108 2.000000
1145 1167 2.000000
1264 1286 2.000000
1285 1307 2.000000
1307 1329 2.000000
1374 1396 2.000000
1386 1387 2.000000
1386 1407 2.000000
1387 1388 2.000000
1388 1389 2.000000
1389 1390 2.000000
1390 1391 2.000000
1403 1404 2.000000
1404 1405 2.000000
1405 1406 2.000000
1406 1407 2.000000
1485 1507 2.000000
45 46 1.000000
45 67 1.000000
46 47 1.000000
47 48 1.000000
48 49 1.000000
49 50 1.000000
67 89 1.000000
250 272 1.000000
507 508 1.000000
508 509 1.000000
509 510 1.000000
510 511 1.000000
511 512 1.000000
512 534 1.000000
578 579 1.000000
579 580 1.000000
580 581 1.000000
581 582 1.000000
582 583 1.000000
583 584 1.000000
584 585 1.000000
585 586 1.000000
594 595 1.000000
595 596 1.000000
596 597 1.000000
597 598 1.000000
598 599 1.000000
599 600 1.000000
747 769 1.000000
759 781 1.000000
946 968 1.000000
946 967 1.000000
965 966 1.000000
966 967 1.000000
968 989 1.000000
987 988 1.000000
988 989 1.000000
1001 10425 1.000000
1004 10386 1.000000
1004 10407 1.000000
1004 10842 1.000000
1031 1053 1.000000
1043 10444 1.000000
1043 10531 1.000000
1043 10589 1.000000
1044 10741 1.000000
1044 10757 1.000000
1048 10568 1.000000
1048 10575 1.000000
1048 10640 1.000000
1048 10664 1.000000
1048 10718 1.000000
1048 10788 1.000000
1048 10965 1.000000
1049 10681 1.000000
1064 1086 1.000000
1065 1087 1.000000
1099 1121 1.000000
1112 1134 1.000000
1122 1144 1.000000
1242 1264 1.000000
1320 1342 1.000000
1528 1550 1.000000
