222 223 20890.000000
223 224 20890.000000
224 225 20890.000000
225 226 20890.000000
221 222 13793.000000
1194 1195 13291.000000
1238 1239 12768.000000
1018 1019 12448.000000
226 227 11556.000000
1236 1237 11391.000000
1150 1151 11170.000000
1237 1238 11109.000000
1062 1063 10562.000000
1193 1194 10351.000000
1386 1407 10187.000000
1386 1387 9700.000000
179 180 9696.000000
180 181 9696.000000
181 182 9696.000000
182 183 9639.000000
974 975 9547.000000
200 201 9274.000000
201 202 9274.000000
202 203 9274.000000
203 204 9274.000000
975 976 9229.000000
1192 1193 9165.000000
227 228 9146.000000
1387 1388 8920.000000
1235 1236 8688.000000
178 179 8563.000000
1061 1062 8413.000000
1259 1260 8330.000000
1019 1020 8298.000000
1172 1173 8138.000000
1060 1061 8063.000000
199 200 8060.000000
1149 1150 8041.000000
89 90 7985.000000
1191 1192 7699.000000
1017 1018 7683.000000
1151 1152 7641.000000
1215 1216 7590.000000
1258 1259 7590.000000
88 89 7513.000000
1063 1064 7416.000000
1257 1258 7368.000000
314 315 7277.000000
1388 1389 6951.000000
926 927 6946.000000
927 928 6946.000000
973 974 6887.000000
839 840 6868.000000
840 841 6868.000000
860 861 6774.000000
861 862 6774.000000
862 863 6774.000000
1296 1297 6719.000000
1274 1275 6665.000000
996 997 6649.000000
1171 1172 6592.000000
1234 1235 6520.000000
1232 1233 6507.000000
1276 1297 6506.000000
266 267 6492.000000
267 268 6492.000000
268 269 6492.000000
929 930 6490.000000
1256 1257 6479.000000
1170 1171 6472.000000
269 270 6455.000000
1040 1041 6450.000000
1389 1390 6435.000000
1232 1253 6414.000000
1252 1253 6414.000000
1254 1255 6406.000000
1276 1277 6397.000000
177 178 6379.000000
0 21 6273.000000
1214 1215 6181.000000
1254 1275 6163.000000
1233 1234 6094.000000
66 67 6084.000000
0 1 6021.000000
928 929 5985.000000
1277 1278 5915.000000
930 931 5832.000000
132 133 5797.000000
995 996 5753.000000
265 266 5708.000000
1039 1040 5671.000000
1342 1343 5651.000000
20 21 5626.000000
45 46 5529.000000
1255 1256 5486.000000
1148 1149 5482.000000
1213 1214 5452.000000
1281 1282 5448.000000
886 887 5371.000000
838 839 5369.000000
1083 1084 5360.000000
1280 1281 5284.000000
1342 1363 5253.000000
1343 1344 5036.000000
1216 1217 4905.000000
1295 1296 4898.000000
882 883 4842.000000
883 884 4842.000000
884 885 4842.000000
315 316 4835.000000
1169 1170 4809.000000
997 998 4732.000000
401 402 4729.000000
204 205 4669.000000
1273 1274 4660.000000
1034 1035 4575.000000
1035 1036 4575.000000
1036 1037 4575.000000
1251 1252 4552.000000
859 860 4539.000000
1279 1280 4530.000000
1278 1279 4501.000000
994 995 4500.000000
1038 1039 4498.000000
1084 1085 4490.000000
1212 1213 4477.000000
904 905 4374.000000
905 906 4374.000000
270 271 4333.000000
1 2 4273.000000
1034 1055 4268.000000
220 221 4257.000000
1346 1347 4212.000000
1345 1346 4173.000000
925 926 4170.000000
816 817 4148.000000
817 818 4148.000000
818 819 4148.000000
976 977 4091.000000
689 690 4058.000000
1211 1212 4037.000000
858 859 4028.000000
1147 1148 3996.000000
1344 1345 3996.000000
244 245 3982.000000
245 246 3982.000000
246 247 3982.000000
247 248 3982.000000
1390 1391 3903.000000
228 229 3902.000000
133 134 3894.000000
903 904 3848.000000
1016 1017 3844.000000
1107 1108 3826.000000
907 908 3792.000000
1210 1211 3769.000000
902 903 3750.000000
243 244 3739.000000
1325 1326 3716.000000
1210 1231 3701.000000
1230 1231 3701.000000
1541 1542 3687.000000
1301 1302 3684.000000
23 24 3641.000000
176 177 3632.000000
110 111 3624.000000
205 206 3582.000000
1302 1303 3559.000000
1082 1083 3548.000000
1475 1476 3545.000000
1020 1021 3536.000000
198 199 3513.000000
1064 1065 3473.000000
1128 1129 3445.000000
885 886 3427.000000
154 155 3381.000000
316 317 3380.000000
309 310 3318.000000
310 311 3318.000000
311 312 3318.000000
312 313 3318.000000
1540 1541 3282.000000
1300 1301 3260.000000
1105 1106 3247.000000
271 272 3245.000000
1324 1325 3216.000000
795 796 3187.000000
796 797 3187.000000
906 907 3180.000000
1497 1498 3121.000000
1303 1304 3101.000000
1195 1217 3096.000000
624 625 3086.000000
1190 1191 3048.000000
248 249 3037.000000
272 273 3031.000000
1106 1107 3014.000000
1127 1128 2986.000000
1496 1497 2975.000000
793 794 2973.000000
133 155 2970.000000
1323 1324 2969.000000
1042 1043 2944.000000
1151 1173 2921.000000
931 932 2897.000000
951 952 2870.000000
1152 1153 2864.000000
1195 1196 2855.000000
794 795 2827.000000
358 359 2823.000000
837 838 2809.000000
264 285 2750.000000
242 243 2744.000000
1085 1086 2731.000000
841 842 2693.000000
863 864 2691.000000
1408 1409 2678.000000
1454 1455 2677.000000
313 314 2671.000000
797 798 2658.000000
19 20 2650.000000
1364 1365 2636.000000
64 65 2621.000000
183 184 2619.000000
1126 1127 2617.000000
1125 1126 2588.000000
1041 1042 2574.000000
1496 1517 2567.000000
2 3 2566.000000
220 241 2560.000000
44 65 2559.000000
229 230 2557.000000
771 772 2545.000000
1282 1283 2539.000000
1021 1022 2514.000000
621 622 2510.000000
622 623 2510.000000
623 624 2472.000000
1367 1368 2466.000000
1229 1230 2450.000000
990 991 2444.000000
991 992 2444.000000
992 993 2444.000000
1366 1367 2433.000000
1365 1366 2400.000000
1474 1495 2385.000000
1166 1167 2366.000000
1166 1187 2366.000000
881 882 2365.000000
1299 1300 2362.000000
1037 1038 2355.000000
90 91 2336.000000
1298 1299 2336.000000
24 25 2335.000000
711 712 2310.000000
1494 1495 2307.000000
1129 1130 2299.000000
1368 1369 2294.000000
924 925 2288.000000
132 153 2286.000000
1086 1087 2280.000000
286 307 2261.000000
1186 1187 2248.000000
688 689 2229.000000
1104 1105 2218.000000
1474 1475 2209.000000
1065 1066 2208.000000
110 131 2189.000000
820 821 2188.000000
842 843 2182.000000
993 994 2171.000000
264 265 2152.000000
1410 1411 2131.000000
1542 1543 2129.000000
1078 1079 2124.000000
1078 1099 2124.000000
1079 1080 2124.000000
1081 1082 2120.000000
1012 1013 2107.000000
1013 1014 2107.000000
1014 1015 2107.000000
1015 1016 2107.000000
1409 1410 2097.000000
111 112 2094.000000
1080 1081 2090.000000
969 970 2088.000000
970 971 2088.000000
971 972 2088.000000
1168 1169 2087.000000
1167 1168 2084.000000
952 953 2080.000000
1322 1323 2077.000000
864 865 2069.000000
821 822 2064.000000
292 293 2034.000000
645 646 2016.000000
1298 1319 2005.000000
22 23 1988.000000
1056 1057 1988.000000
1057 1058 1988.000000
1058 1059 1988.000000
331 332 1958.000000
332 333 1958.000000
333 334 1958.000000
334 335 1958.000000
1108 1109 1946.000000
932 954 1943.000000
44 45 1942.000000
85 86 1936.000000
86 87 1936.000000
642 643 1915.000000
643 644 1915.000000
644 645 1915.000000
42 43 1908.000000
22 43 1904.000000
908 909 1892.000000
154 175 1872.000000
1185 1186 1850.000000
66 87 1846.000000
685 686 1833.000000
686 687 1833.000000
687 688 1833.000000
1518 1519 1827.000000
306 307 1814.000000
336 337 1812.000000
1018 10544 1809.000000
887 888 1804.000000
777 778 1780.000000
337 338 1778.000000
1411 1412 1778.000000
972 973 1775.000000
815 816 1765.000000
230 231 1759.000000
67 68 1757.000000
63 64 1733.000000
712 713 1733.000000
1453 1454 1729.000000
41 42 1727.000000
293 294 1715.000000
1455 1456 1714.000000
1431 1432 1713.000000
625 626 1706.000000
1107 1129 1692.000000
1188 1209 1687.000000
1320 1321 1686.000000
953 954 1680.000000
778 779 1678.000000
184 206 1669.000000
1188 1189 1662.000000
1017 10357 1653.000000
176 198 1644.000000
1189 1190 1642.000000
819 820 1641.000000
1 10938 1632.000000
947 948 1628.000000
948 949 1628.000000
949 950 1628.000000
274 275 1618.000000
207 208 1615.000000
773 774 1615.000000
774 775 1615.000000
1408 1429 1615.000000
287 288 1605.000000
288 289 1605.000000
289 290 1605.000000
290 291 1605.000000
1017 10270 1605.000000
799 800 1596.000000
249 250 1587.000000
206 207 1583.000000
1321 1322 1568.000000
713 714 1553.000000
308 329 1550.000000
1059 1060 1547.000000
1412 1413 1534.000000
690 691 1528.000000
798 799 1525.000000
1498 1499 1525.000000
667 668 1522.000000
950 951 1518.000000
776 777 1517.000000
968 969 1516.000000
1540 1561 1504.000000
1452 1453 1498.000000
1217 1218 1490.000000
84 85 1484.000000
1369 1370 1482.000000
646 647 1464.000000
208 209 1454.000000
273 274 1448.000000
317 318 1445.000000
250 251 1442.000000
668 669 1437.000000
46 47 1436.000000
1519 1520 1427.000000
286 287 1422.000000
1019 10971 1416.000000
1 10002 1397.000000
775 776 1396.000000
295 296 1390.000000
751 752 1384.000000
752 753 1384.000000
753 754 1384.000000
335 336 1362.000000
177 199 1359.000000
291 292 1352.000000
1339 1340 1351.000000
1340 1341 1351.000000
3 4 1344.000000
1430 1451 1343.000000
402 424 1328.000000
772 773 1320.000000
976 998 1319.000000
318 319 1295.000000
1173 1174 1260.000000
359 360 1259.000000
107 108 1258.000000
108 109 1258.000000
1518 1539 1251.000000
357 358 1224.000000
1430 1431 1221.000000
1021 1043 1217.000000
729 730 1216.000000
730 731 1216.000000
731 732 1216.000000
1538 1539 1198.000000
1207 1208 1186.000000
294 295 1172.000000
1516 1517 1169.000000
975 997 1168.000000
1018 10446 1150.000000
1208 1209 1147.000000
1347 1348 1144.000000
669 670 1131.000000
1043 1044 1128.000000
1562 1563 1119.000000
647 648 1108.000000
1272 1273 1108.000000
106 107 1107.000000
242 263 1104.000000
1476 1477 1104.000000
231 232 1103.000000
46 68 1100.000000
708 709 1096.000000
709 710 1096.000000
1124 1125 1094.000000
155 156 1092.000000
1056 1077 1092.000000
1109 1110 1092.000000
66 88 1083.000000
262 263 1078.000000
1130 1131 1078.000000
710 711 1057.000000
402 403 1052.000000
1562 1583 1043.000000
308 309 1039.000000
228 250 1037.000000
155 177 1033.000000
843 844 1023.000000
794 816 1020.000000
176 197 1007.000000
625 647 989.000000
360 361 986.000000
151 152 980.000000
152 153 980.000000
691 692 977.000000
330 331 966.000000
330 351 966.000000
1012 1033 960.000000
648 649 954.000000
684 685 954.000000
1062 10796 953.000000
284 285 948.000000
1100 1101 944.000000
1100 1121 944.000000
1101 1102 944.000000
227 249 939.000000
750 751 938.000000
361 362 928.000000
134 135 924.000000
296 297 921.000000
1019 1041 920.000000
755 756 919.000000
0 22 917.000000
1250 1251 913.000000
251 252 910.000000
328 329 908.000000
1022 1044 905.000000
315 337 898.000000
1452 1473 898.000000
1560 1561 852.000000
640 641 850.000000
800 801 850.000000
1582 1583 844.000000
620 621 842.000000
1064 1086 841.000000
1282 1304 838.000000
358 380 830.000000
1061 10681 830.000000
670 671 829.000000
664 665 826.000000
665 666 826.000000
1154 1155 822.000000
1155 1156 822.000000
132 154 817.000000
229 251 811.000000
1019 10613 809.000000
254 255 808.000000
255 256 808.000000
256 257 808.000000
257 258 808.000000
258 259 808.000000
259 260 808.000000
260 261 808.000000
261 262 808.000000
666 667 808.000000
733 734 797.000000
1153 1154 793.000000
1294 1295 789.000000
183 205 788.000000
641 642 783.000000
689 711 781.000000
577 578 774.000000
578 579 774.000000
579 580 774.000000
732 733 774.000000
184 185 773.000000
316 338 773.000000
728 729 766.000000
1432 1433 765.000000
44 66 757.000000
1054 1055 754.000000
185 186 752.000000
580 581 740.000000
734 735 735.000000
1341 1363 734.000000
276 277 733.000000
277 278 733.000000
278 279 733.000000
279 280 733.000000
280 281 733.000000
281 282 733.000000
282 283 733.000000
283 284 733.000000
338 339 727.000000
0 10189 723.000000
1122 1123 721.000000
1122 1143 721.000000
1123 1124 721.000000
1433 1434 714.000000
198 220 710.000000
226 248 708.000000
946 947 708.000000
706 707 707.000000
275 276 706.000000
167 168 704.000000
168 169 704.000000
169 170 704.000000
170 171 704.000000
171 172 704.000000
172 173 704.000000
173 174 704.000000
1228 1229 704.000000
339 340 702.000000
1477 1478 702.000000
1520 1521 697.000000
865 866 696.000000
756 757 695.000000
931 953 693.000000
445 446 690.000000
1016 10565 690.000000
154 176 686.000000
707 708 685.000000
626 627 684.000000
1364 1385 674.000000
1200 1201 673.000000
404 405 670.000000
405 406 670.000000
1338 1339 669.000000
1499 1500 669.000000
880 881 667.000000
273 295 664.000000
189 190 663.000000
190 191 663.000000
191 192 663.000000
192 193 663.000000
193 194 663.000000
194 195 663.000000
195 196 663.000000
196 197 663.000000
1238 1260 656.000000
1142 1143 654.000000
0 10423 649.000000
350 351 646.000000
40 41 632.000000
198 219 629.000000
1320 1341 629.000000
424 425 625.000000
1018 10283 622.000000
199 221 621.000000
145 146 619.000000
146 147 619.000000
147 148 619.000000
148 149 619.000000
149 150 619.000000
150 151 619.000000
1041 10435 618.000000
101 10616 614.000000
1196 1197 613.000000
1102 1124 609.000000
362 363 606.000000
112 134 605.000000
380 381 604.000000
887 909 598.000000
123 124 591.000000
124 125 591.000000
125 126 591.000000
126 127 591.000000
1146 1147 591.000000
1218 1219 578.000000
1219 1220 578.000000
1220 1221 578.000000
166 167 577.000000
627 628 573.000000
403 404 568.000000
663 664 567.000000
381 382 566.000000
1110 1111 564.000000
1111 1112 564.000000
252 253 561.000000
101 102 560.000000
102 103 560.000000
103 104 560.000000
104 105 560.000000
105 106 560.000000
1194 1216 556.000000
1 10613 552.000000
1184 1185 549.000000
1108 1130 543.000000
842 864 540.000000
1087 1088 539.000000
186 187 529.000000
187 188 529.000000
797 819 529.000000
1326 1327 517.000000
843 865 512.000000
1197 1198 511.000000
1198 1199 511.000000
1199 1200 511.000000
1044 1045 510.000000
1016 10407 505.000000
1141 1142 505.000000
754 755 503.000000
275 297 500.000000
757 758 499.000000
314 336 490.000000
174 175 485.000000
272 294 485.000000
466 467 485.000000
1168 1190 485.000000
122 123 482.000000
1201 1202 480.000000
1202 1203 480.000000
1203 1204 480.000000
1204 1205 480.000000
1205 1206 480.000000
1040 10985 479.000000
1174 1175 478.000000
1543 1544 468.000000
271 293 464.000000
382 383 461.000000
1038 10401 459.000000
1056 10711 458.000000
1066 1067 456.000000
1067 1068 456.000000
1175 1176 456.000000
1176 1177 456.000000
800 822 453.000000
534 535 452.000000
535 536 452.000000
62 63 451.000000
1206 1207 450.000000
662 663 448.000000
1088 1089 446.000000
1089 1090 446.000000
1359 1360 445.000000
1360 1361 445.000000
1361 1362 445.000000
1344 1366 442.000000
1043 10553 441.000000
1055 10944 439.000000
581 603 438.000000
285 307 434.000000
1541 1563 430.000000
1012 10999 427.000000
932 933 426.000000
1103 1104 422.000000
1054 10635 417.000000
1041 10696 415.000000
284 306 411.000000
293 315 405.000000
572 593 402.000000
591 592 402.000000
592 593 402.000000
1144 1145 400.000000
1144 1165 400.000000
1145 1146 400.000000
1456 1457 400.000000
425 426 399.000000
426 427 399.000000
1342 1364 398.000000
1388 1410 396.000000
219 241 395.000000
572 573 394.000000
573 574 394.000000
574 575 394.000000
1019 10271 391.000000
1022 10523 390.000000
1055 10590 385.000000
1012 10234 383.000000
1019 10347 383.000000
1120 1121 379.000000
933 955 377.000000
1022 1023 376.000000
1023 1024 376.000000
714 715 375.000000
1061 10901 374.000000
1022 10327 373.000000
1038 10745 370.000000
1102 1103 369.000000
930 952 365.000000
1019 10977 365.000000
581 582 364.000000
749 750 364.000000
67 89 363.000000
1362 1363 362.000000
1019 10218 357.000000
536 537 353.000000
1540 1562 351.000000
1039 10413 350.000000
1040 10668 346.000000
1298 1320 345.000000
383 384 343.000000
1316 1317 342.000000
954 955 341.000000
379 380 339.000000
1012 10207 339.000000
242 264 338.000000
1055 10835 338.000000
1020 10886 335.000000
68 90 334.000000
1011 10406 334.000000
1062 10979 333.000000
1054 10856 329.000000
1064 10818 326.000000
1239 1240 326.000000
0 10698 325.000000
0 10758 325.000000
1018 1040 325.000000
352 353 323.000000
352 373 323.000000
353 354 323.000000
354 355 323.000000
355 356 323.000000
356 357 323.000000
1055 10852 323.000000
1381 1382 322.000000
1382 1383 322.000000
1383 1384 322.000000
1384 1385 322.000000
127 128 321.000000
1260 1261 320.000000
1 10045 318.000000
1317 1318 316.000000
1318 1319 316.000000
1217 1239 314.000000
22 44 313.000000
18 19 312.000000
240 241 312.000000
841 863 312.000000
111 133 310.000000
135 136 308.000000
136 137 308.000000
137 138 308.000000
138 139 308.000000
1434 1435 308.000000
1022 10431 305.000000
1076 1077 305.000000
1 10081 300.000000
1025 10378 299.000000
1 10012 297.000000
320 321 297.000000
321 322 297.000000
322 323 297.000000
323 324 297.000000
324 325 297.000000
325 326 297.000000
326 327 297.000000
327 328 297.000000
337 359 297.000000
209 210 296.000000
799 821 296.000000
977 978 296.000000
232 233 294.000000
233 234 294.000000
234 235 294.000000
235 236 294.000000
236 237 294.000000
237 238 294.000000
238 239 294.000000
239 240 294.000000
1044 10583 294.000000
555 556 293.000000
556 557 293.000000
557 558 293.000000
779 780 293.000000
1043 10678 291.000000
362 384 289.000000
727 728 289.000000
340 341 287.000000
341 342 286.000000
342 343 286.000000
343 344 286.000000
344 345 286.000000
345 346 286.000000
346 347 286.000000
347 348 286.000000
348 349 286.000000
1086 10981 284.000000
1193 1215 284.000000
294 316 283.000000
1037 10831 282.000000
594 595 280.000000
595 596 280.000000
1450 1451 280.000000
1024 1025 274.000000
1064 10924 273.000000
1385 1407 273.000000
1022 10844 272.000000
210 211 271.000000
211 212 271.000000
212 213 271.000000
213 214 271.000000
214 215 271.000000
215 216 271.000000
216 217 271.000000
217 218 271.000000
218 219 271.000000
68 69 270.000000
1066 10751 270.000000
1 10857 269.000000
1068 1090 269.000000
1083 10953 268.000000
139 140 264.000000
253 254 264.000000
582 604 263.000000
1064 10998 262.000000
669 691 261.000000
140 141 256.000000
141 142 256.000000
142 143 256.000000
143 144 256.000000
1064 10762 256.000000
1064 10947 256.000000
1039 10689 255.000000
1039 10850 255.000000
1045 1046 255.000000
1019 10950 254.000000
23 45 253.000000
1240 1241 253.000000
1241 1242 253.000000
1242 1243 253.000000
1243 1244 253.000000
249 271 251.000000
1086 10997 251.000000
128 129 249.000000
129 130 249.000000
130 131 249.000000
1391 1392 248.000000
1221 1222 247.000000
1022 10561 242.000000
186 208 241.000000
251 273 237.000000
1066 10927 237.000000
1017 10554 236.000000
1020 10453 233.000000
1020 10221 231.000000
1 10435 230.000000
107 10784 230.000000
1020 10346 230.000000
1020 10996 228.000000
1020 10351 226.000000
1056 10898 225.000000
178 200 224.000000
1019 10669 224.000000
1 10475 223.000000
1 10972 222.000000
1039 10618 222.000000
1044 10455 222.000000
1020 10862 221.000000
1 10239 220.000000
45 67 220.000000
144 166 220.000000
295 317 220.000000
638 639 220.000000
639 640 220.000000
1055 10711 220.000000
628 629 219.000000
629 630 219.000000
630 631 219.000000
631 632 219.000000
632 633 219.000000
1017 10254 218.000000
1545 1546 218.000000
1546 1547 218.000000
1547 1548 218.000000
372 373 217.000000
156 157 216.000000
157 158 216.000000
158 159 216.000000
159 160 216.000000
160 161 216.000000
313 335 216.000000
1020 10500 216.000000
1020 10510 216.000000
1020 10920 216.000000
0 1562 215.000000
619 620 215.000000
1297 1319 213.000000
1413 1414 213.000000
1 10121 212.000000
1 10414 211.000000
603 604 210.000000
1020 10310 210.000000
1020 10363 210.000000
537 538 209.000000
978 979 209.000000
979 980 209.000000
1043 10561 209.000000
1044 10643 209.000000
1229 1251 209.000000
1409 1431 209.000000
1062 1084 206.000000
1085 10972 206.000000
263 285 205.000000
1063 10868 203.000000
1018 10487 202.000000
1041 10733 202.000000
1041 10837 202.000000
1063 10730 202.000000
1278 1300 201.000000
1016 10298 200.000000
231 253 198.000000
538 539 198.000000
539 540 198.000000
1041 10996 197.000000
1085 10879 197.000000
1131 1153 197.000000
1566 1567 197.000000
1567 1568 197.000000
1568 1569 197.000000
1043 10844 192.000000
684 706 190.000000
1085 10947 190.000000
1066 10846 189.000000
1 10308 188.000000
1 10486 188.000000
1 10879 187.000000
844 845 187.000000
903 925 187.000000
1041 10428 187.000000
1063 10879 187.000000
1066 1088 187.000000
1068 1069 187.000000
1020 10948 186.000000
1020 10976 186.000000
798 820 185.000000
973 995 184.000000
1019 10435 184.000000
1085 10998 184.000000
0 10366 183.000000
885 907 183.000000
381 403 182.000000
1065 10678 182.000000
558 559 181.000000
1019 10857 181.000000
1063 10972 181.000000
1472 1473 181.000000
134 156 180.000000
1024 10255 180.000000
1059 10788 180.000000
626 648 179.000000
167 189 178.000000
254 276 178.000000
865 887 176.000000
1016 10331 176.000000
1019 10910 176.000000
1018 10781 175.000000
1062 10668 175.000000
319 341 174.000000
1019 10265 172.000000
1065 10995 171.000000
1020 10663 170.000000
1085 10924 170.000000
109 131 169.000000
757 779 169.000000
1011 10286 169.000000
1020 10269 169.000000
1011 10449 168.000000
1 10717 167.000000
1020 10782 167.000000
1019 10246 166.000000
1019 10550 165.000000
1039 10752 164.000000
1 10039 163.000000
735 736 163.000000
1020 10940 163.000000
1 10619 162.000000
776 798 162.000000
1 10335 161.000000
1 10593 161.000000
297 298 161.000000
298 299 161.000000
299 300 161.000000
300 301 161.000000
301 302 161.000000
302 303 161.000000
303 304 161.000000
304 305 161.000000
305 306 161.000000
627 649 161.000000
1020 10215 161.000000
1017 1039 159.000000
1020 10432 159.000000
1 10910 156.000000
1017 10821 155.000000
1018 10563 155.000000
1038 10476 155.000000
1040 10613 155.000000
1064 10863 155.000000
25 26 154.000000
26 27 154.000000
27 28 154.000000
28 29 154.000000
475 497 154.000000
1273 1295 154.000000
1018 10627 152.000000
1020 10244 152.000000
1061 10689 152.000000
1061 10850 152.000000
1 10265 151.000000
537 559 151.000000
1063 10763 151.000000
1063 10895 151.000000
1277 1299 151.000000
1 10824 150.000000
384 406 150.000000
1018 10499 149.000000
1018 10713 149.000000
1018 10925 149.000000
1018 10964 149.000000
1 10279 148.000000
1 10372 148.000000
1 10426 148.000000
1 10532 148.000000
1 10763 148.000000
1 10895 148.000000
1407 1429 148.000000
1 10364 147.000000
1019 10702 147.000000
1500 1501 147.000000
1 10894 146.000000
758 759 146.000000
1041 10868 146.000000
590 591 145.000000
1060 10788 143.000000
1041 10730 141.000000
1043 10431 141.000000
1563 1564 141.000000
319 320 140.000000
161 183 138.000000
1020 10837 138.000000
307 329 136.000000
1020 10586 136.000000
144 145 134.000000
1016 1038 133.000000
1038 1060 132.000000
1041 10857 132.000000
453 475 131.000000
1042 10502 131.000000
729 751 130.000000
1061 1083 130.000000
1 1563 129.000000
262 284 129.000000
692 714 129.000000
816 838 129.000000
1130 1152 129.000000
645 667 128.000000
1041 10879 128.000000
1039 10922 127.000000
1041 10486 127.000000
1060 10640 127.000000
633 634 126.000000
1040 10938 126.000000
1581 1582 126.000000
597 598 125.000000
1020 10733 125.000000
1041 10593 125.000000
1041 10619 125.000000
1020 10387 124.000000
1020 10730 124.000000
1060 10841 124.000000
112 113 123.000000
712 734 123.000000
1060 10664 123.000000
1060 10718 123.000000
1060 10965 123.000000
1064 10740 123.000000
161 162 122.000000
1039 10469 122.000000
1083 1105 122.000000
1084 10895 122.000000
1086 10995 122.000000
1087 10927 122.000000
1109 1131 122.000000
110 132 121.000000
317 339 121.000000
582 583 121.000000
1017 10949 121.000000
297 319 120.000000
583 584 120.000000
1021 10687 120.000000
1060 10603 120.000000
1060 10808 120.000000
1060 10877 120.000000
1517 1539 120.000000
1 10246 118.000000
1 10550 118.000000
248 270 118.000000
594 615 118.000000
612 613 118.000000
613 614 118.000000
614 615 118.000000
754 776 118.000000
1039 10982 118.000000
1082 10901 118.000000
1187 1209 118.000000
1017 10399 116.000000
1041 10432 116.000000
1041 10940 116.000000
1266 1267 116.000000
1267 1268 116.000000
1268 1269 116.000000
1269 1270 116.000000
1270 1271 116.000000
1365 1387 116.000000
162 163 115.000000
163 164 115.000000
164 165 115.000000
165 166 115.000000
123 145 114.000000
1061 10618 114.000000
206 228 113.000000
559 560 113.000000
1039 10529 113.000000
1495 1517 113.000000
306 328 112.000000
1016 10386 112.000000
972 994 111.000000
1016 10842 111.000000
1173 1195 111.000000
1230 1252 111.000000
1 10180 110.000000
0 10605 109.000000
1 10271 109.000000
1041 10763 109.000000
450 451 108.000000
451 452 108.000000
452 453 108.000000
596 597 108.000000
1018 10305 108.000000
1018 10677 108.000000
1020 10868 108.000000
1041 10426 108.000000
1041 10532 108.000000
1041 10895 108.000000
1018 10412 107.000000
1018 10469 107.000000
560 561 106.000000
561 562 106.000000
1039 10554 106.000000
1060 1082 106.000000
1042 1064 104.000000
1017 10811 103.000000
1018 10393 103.000000
1020 10475 103.000000
1020 10972 103.000000
1069 1070 103.000000
1070 1071 103.000000
1071 1072 103.000000
1072 1073 103.000000
1073 1074 103.000000
1074 1075 103.000000
1075 1076 103.000000
1237 1259 103.000000
1017 10955 102.000000
1018 10421 102.000000
1 10347 101.000000
444 445 101.000000
1106 1128 100.000000
536 558 99.000000
1011 1033 99.000000
1016 10831 98.000000
1 10218 97.000000
908 930 97.000000
1544 1545 97.000000
606 607 96.000000
607 608 96.000000
608 609 96.000000
609 610 96.000000
610 611 96.000000
692 693 96.000000
1060 10777 96.000000
1033 10835 95.000000
1033 10852 95.000000
1127 1149 95.000000
1084 10985 94.000000
1222 1223 94.000000
1223 1224 94.000000
1224 1225 94.000000
1225 1226 94.000000
1226 1227 94.000000
1061 10627 93.000000
1210 1232 93.000000
1261 1262 93.000000
1262 1263 93.000000
1263 1264 93.000000
1264 1265 93.000000
1265 1266 93.000000
1042 10740 92.000000
1 10977 91.000000
79 80 91.000000
80 81 91.000000
81 82 91.000000
82 83 91.000000
490 491 91.000000
491 492 91.000000
492 493 91.000000
670 692 91.000000
205 227 90.000000
1017 10277 90.000000
1017 10659 90.000000
1017 10721 90.000000
822 823 89.000000
1038 10810 89.000000
773 795 88.000000
1017 10280 88.000000
1017 10330 88.000000
1156 1157 88.000000
714 736 87.000000
1000 1022 87.000000
1012 10186 87.000000
1538 1560 87.000000
493 494 86.000000
494 495 86.000000
495 496 86.000000
496 497 86.000000
902 924 86.000000
1020 10428 86.000000
1043 1065 86.000000
1063 10857 86.000000
374 375 85.000000
374 395 85.000000
375 376 85.000000
376 377 85.000000
377 378 85.000000
394 395 85.000000
533 534 85.000000
909 931 85.000000
936 958 85.000000
1020 10414 85.000000
1060 10934 85.000000
1061 10979 85.000000
65 87 84.000000
418 419 84.000000
418 439 84.000000
419 420 84.000000
420 421 84.000000
421 422 84.000000
436 437 84.000000
437 438 84.000000
438 439 84.000000
929 951 84.000000
1018 10979 84.000000
1061 10694 84.000000
1098 1099 83.000000
1580 1581 83.000000
576 577 82.000000
1113 1114 82.000000
1114 1115 82.000000
1115 1116 82.000000
1116 1117 82.000000
1117 1118 82.000000
1118 1119 82.000000
250 272 81.000000
427 428 81.000000
820 842 81.000000
886 908 81.000000
1157 1158 81.000000
1158 1159 81.000000
1159 1160 81.000000
1160 1161 81.000000
1161 1162 81.000000
1 10113 80.000000
1 10702 80.000000
1060 10775 80.000000
1060 10783 80.000000
1064 10733 80.000000
1083 10850 80.000000
1497 1519 80.000000
349 350 79.000000
933 934 79.000000
934 935 79.000000
935 936 79.000000
1017 10384 79.000000
1020 10239 79.000000
1090 1091 79.000000
1091 1092 79.000000
1092 1093 79.000000
1093 1094 79.000000
1094 1095 79.000000
1095 1096 79.000000
1096 1097 79.000000
649 650 78.000000
650 651 78.000000
651 652 78.000000
652 653 78.000000
653 654 78.000000
654 655 78.000000
1041 10972 78.000000
1257 1279 78.000000
1521 1522 78.000000
1 23 77.000000
1011 10234 77.000000
1041 10414 77.000000
1041 10475 77.000000
1254 1276 77.000000
100 122 76.000000
113 114 76.000000
114 115 76.000000
115 116 76.000000
116 117 76.000000
117 118 76.000000
118 119 76.000000
119 120 76.000000
120 121 76.000000
121 122 76.000000
207 229 75.000000
756 778 75.000000
1038 10703 75.000000
1038 10816 75.000000
1038 10883 75.000000
1038 10951 75.000000
1038 10969 75.000000
363 364 74.000000
364 365 74.000000
365 366 74.000000
366 367 74.000000
367 368 74.000000
368 369 74.000000
369 370 74.000000
1038 10848 74.000000
1038 10921 74.000000
1038 10946 74.000000
1039 1061 74.000000
1039 10542 74.000000
1039 10665 74.000000
1060 10821 74.000000
602 603 73.000000
1038 10399 73.000000
1038 10902 73.000000
1474 1496 73.000000
197 219 72.000000
336 358 72.000000
603 625 72.000000
604 605 72.000000
605 606 72.000000
955 956 72.000000
956 957 72.000000
957 958 72.000000
1017 10542 72.000000
598 599 71.000000
599 600 71.000000
600 601 71.000000
601 602 71.000000
204 226 70.000000
341 363 70.000000
704 725 70.000000
722 723 70.000000
723 724 70.000000
724 725 70.000000
1018 10260 70.000000
1033 10406 70.000000
292 314 69.000000
704 705 69.000000
1020 10776 69.000000
1452 1474 68.000000
546 568 67.000000
1085 10863 67.000000
1143 1165 67.000000
188 189 66.000000
240 262 66.000000
1033 10531 66.000000
1081 10842 65.000000
1038 10694 64.000000
1301 1323 64.000000
370 371 63.000000
371 372 63.000000
1271 1272 63.000000
554 555 62.000000
815 837 62.000000
1042 10438 62.000000
1042 10586 62.000000
1174 1196 62.000000
946 967 61.000000
638 659 60.000000
655 656 60.000000
656 657 60.000000
657 658 60.000000
658 659 60.000000
1020 10489 60.000000
1020 10774 60.000000
1082 10821 60.000000
624 646 59.000000
1012 10878 59.000000
1018 10190 59.000000
1081 10831 59.000000
1082 10955 59.000000
1084 1106 59.000000
952 974 58.000000
1131 1132 58.000000
1132 1133 58.000000
1133 1134 58.000000
1304 1305 58.000000
182 204 57.000000
1064 10886 57.000000
63 85 56.000000
166 188 56.000000
200 222 56.000000
792 813 56.000000
809 810 56.000000
810 811 56.000000
811 812 56.000000
812 813 56.000000
1025 1026 56.000000
1026 1027 56.000000
1027 1028 56.000000
1028 1029 56.000000
1029 1030 56.000000
1030 1031 56.000000
1031 1032 56.000000
1040 10950 56.000000
575 576 55.000000
611 612 55.000000
792 793 55.000000
864 886 55.000000
1169 1191 55.000000
407 408 54.000000
408 409 54.000000
559 581 54.000000
685 707 54.000000
814 815 53.000000
1077 10944 53.000000
1097 1098 53.000000
1207 1229 53.000000
1494 1516 52.000000
145 167 51.000000
1012 10183 51.000000
1215 1237 51.000000
241 263 50.000000
340 362 50.000000
100 101 49.000000
777 799 49.000000
1042 10948 49.000000
1042 10976 49.000000
24 46 47.000000
705 706 47.000000
1020 10865 47.000000
1020 10956 47.000000
1032 1033 47.000000
1082 10982 47.000000
1475 1497 47.000000
286 308 46.000000
392 393 46.000000
422 423 46.000000
424 446 46.000000
1259 1281 46.000000
4 5 45.000000
5 6 45.000000
6 7 45.000000
7 8 45.000000
647 669 45.000000
755 777 45.000000
139 161 44.000000
384 385 44.000000
385 386 44.000000
386 387 44.000000
387 388 44.000000
388 389 44.000000
389 390 44.000000
390 391 44.000000
391 392 44.000000
715 737 44.000000
958 959 44.000000
959 960 44.000000
960 961 44.000000
961 962 44.000000
962 963 44.000000
963 964 44.000000
964 965 44.000000
965 966 44.000000
966 967 44.000000
1042 10663 44.000000
156 178 43.000000
208 230 43.000000
296 318 43.000000
710 732 43.000000
1042 10782 43.000000
1429 1451 43.000000
291 313 42.000000
623 645 42.000000
649 671 42.000000
672 673 42.000000
673 674 42.000000
674 675 42.000000
675 676 42.000000
676 677 42.000000
732 754 42.000000
977 999 42.000000
1063 10977 42.000000
1125 1147 42.000000
83 84 41.000000
91 92 41.000000
92 93 41.000000
93 94 41.000000
94 95 41.000000
95 96 41.000000
96 97 41.000000
97 98 41.000000
98 99 41.000000
209 231 41.000000
671 672 41.000000
1020 10717 41.000000
1076 10856 41.000000
1119 1120 41.000000
1119 1141 41.000000
1162 1184 41.000000
423 424 40.000000
1063 10717 40.000000
1162 1163 40.000000
1170 1192 40.000000
1212 1234 40.000000
339 361 39.000000
414 436 39.000000
821 843 39.000000
1208 1230 39.000000
1453 1475 39.000000
1012 10146 38.000000
1041 10638 38.000000
1041 10769 38.000000
69 91 37.000000
269 291 37.000000
668 690 37.000000
1012 10898 37.000000
1040 10971 37.000000
1060 10848 37.000000
1060 10921 37.000000
1061 10752 37.000000
1103 1125 37.000000
1565 1566 37.000000
772 794 36.000000
888 889 36.000000
1016 10167 36.000000
1016 10250 36.000000
1016 10380 36.000000
1016 10568 36.000000
1016 10640 36.000000
1016 10934 36.000000
1017 10493 36.000000
1041 10910 36.000000
1047 1048 36.000000
1048 1049 36.000000
1049 1050 36.000000
1050 1051 36.000000
1051 1052 36.000000
1052 1053 36.000000
1053 1054 36.000000
1064 10696 36.000000
1077 10835 36.000000
1077 10852 36.000000
1244 1245 36.000000
1245 1246 36.000000
1246 1247 36.000000
1247 1248 36.000000
1248 1249 36.000000
253 275 35.000000
328 350 35.000000
700 722 35.000000
860 882 35.000000
1016 10484 35.000000
1016 10664 35.000000
1016 10718 35.000000
1016 10965 35.000000
1017 10681 35.000000
1018 10796 35.000000
1019 10938 35.000000
1249 1250 35.000000
1322 1344 35.000000
47 69 34.000000
378 379 34.000000
950 972 34.000000
1016 10179 34.000000
1016 10575 34.000000
1016 10788 34.000000
1017 10249 34.000000
1033 1055 34.000000
1062 10669 34.000000
1080 1102 34.000000
779 801 33.000000
1016 10225 33.000000
1016 10450 33.000000
1016 10505 33.000000
1016 10506 33.000000
1016 10775 33.000000
1016 10783 33.000000
1017 10694 33.000000
1021 10715 33.000000
1055 10878 33.000000
1064 10996 33.000000
1179 1180 33.000000
1180 1181 33.000000
1181 1182 33.000000
1182 1183 33.000000
1183 1184 33.000000
318 340 32.000000
660 661 32.000000
661 662 32.000000
1020 10263 32.000000
1020 10349 32.000000
1020 10769 32.000000
1041 10789 32.000000
1041 10977 32.000000
1085 10868 32.000000
1206 1228 32.000000
1213 1235 32.000000
907 929 31.000000
1020 10638 31.000000
1039 10421 31.000000
1040 10669 31.000000
1177 1178 31.000000
1178 1179 31.000000
1239 1261 31.000000
18 40 30.000000
409 410 30.000000
410 411 30.000000
411 412 30.000000
412 413 30.000000
413 414 30.000000
519 520 30.000000
520 521 30.000000
521 522 30.000000
522 523 30.000000
553 554 30.000000
889 911 30.000000
911 933 30.000000
928 950 30.000000
1020 1042 30.000000
1039 10796 30.000000
1046 1047 30.000000
1054 1076 30.000000
1060 10810 30.000000
1063 10702 30.000000
1063 10910 30.000000
1256 1278 30.000000
1283 1284 30.000000
1284 1285 30.000000
1285 1286 30.000000
1286 1287 30.000000
1287 1288 30.000000
519 541 29.000000
616 617 29.000000
617 618 29.000000
677 678 29.000000
715 716 29.000000
716 717 29.000000
717 718 29.000000
718 719 29.000000
719 720 29.000000
720 721 29.000000
721 722 29.000000
819 841 29.000000
951 973 29.000000
1077 10999 29.000000
1105 1127 29.000000
528 529 28.000000
528 549 28.000000
529 530 28.000000
530 531 28.000000
546 547 28.000000
547 548 28.000000
548 549 28.000000
640 662 28.000000
1164 1165 28.000000
1190 1212 28.000000
616 637 27.000000
634 635 27.000000
635 636 27.000000
636 637 27.000000
802 803 27.000000
803 804 27.000000
804 805 27.000000
805 806 27.000000
806 807 27.000000
807 808 27.000000
808 809 27.000000
1042 10687 27.000000
1063 10894 27.000000
1085 10886 27.000000
1086 1108 27.000000
1560 1582 27.000000
406 407 26.000000
666 688 26.000000
733 755 26.000000
1039 10979 26.000000
1041 10550 26.000000
1041 10702 26.000000
1060 10745 26.000000
1061 10982 26.000000
1084 10977 26.000000
1410 1432 26.000000
750 772 25.000000
759 760 25.000000
760 761 25.000000
761 762 25.000000
762 763 25.000000
763 764 25.000000
764 765 25.000000
1185 1207 25.000000
1188 1210 25.000000
1191 1213 25.000000
1559 1560 25.000000
122 144 24.000000
329 351 24.000000
409 431 24.000000
431 453 24.000000
468 469 24.000000
469 470 24.000000
470 471 24.000000
736 737 24.000000
1041 10824 24.000000
475 476 23.000000
476 477 23.000000
477 478 23.000000
478 479 23.000000
1003 1025 23.000000
1044 10523 23.000000
1059 1081 23.000000
1112 1113 23.000000
1129 1151 23.000000
1163 1164 23.000000
1366 1388 23.000000
1478 1479 23.000000
43 65 22.000000
274 296 22.000000
562 563 22.000000
563 564 22.000000
564 565 22.000000
565 566 22.000000
566 567 22.000000
598 620 22.000000
705 727 22.000000
801 802 22.000000
858 880 22.000000
1020 10237 22.000000
1020 10301 22.000000
1020 10789 22.000000
1020 10824 22.000000
1060 10703 22.000000
1060 10816 22.000000
1060 10883 22.000000
1060 10946 22.000000
1060 10951 22.000000
1060 10969 22.000000
1061 10665 22.000000
1064 10663 22.000000
1064 10782 22.000000
1184 1206 22.000000
1304 1326 22.000000
1450 1472 22.000000
1454 1476 22.000000
2 24 21.000000
185 207 21.000000
502 524 21.000000
524 546 21.000000
678 700 21.000000
822 844 21.000000
1016 10883 21.000000
1020 10894 21.000000
1060 10902 21.000000
1087 1109 21.000000
1149 1171 21.000000
618 640 20.000000
1020 10364 20.000000
1041 10717 20.000000
1041 10894 20.000000
1134 1156 20.000000
1189 1211 20.000000
113 135 19.000000
1017 10529 19.000000
1017 10665 19.000000
1017 10752 19.000000
1038 10681 19.000000
1283 1305 19.000000
21 43 18.000000
540 541 18.000000
560 582 18.000000
770 771 18.000000
770 791 18.000000
787 788 18.000000
788 789 18.000000
789 790 18.000000
790 791 18.000000
980 981 18.000000
1002 10255 18.000000
1016 10256 18.000000
1016 10369 18.000000
1016 10476 18.000000
1016 10703 18.000000
1016 10816 18.000000
1016 10848 18.000000
1016 10902 18.000000
1016 10921 18.000000
1016 10946 18.000000
1016 10951 18.000000
1016 10969 18.000000
1038 10821 18.000000
1039 10487 18.000000
1039 10627 18.000000
1055 10898 18.000000
1060 10949 18.000000
1077 1099 18.000000
1516 1538 18.000000
393 394 17.000000
1037 10450 17.000000
1037 10484 17.000000
1037 10505 17.000000
1037 10506 17.000000
1037 10568 17.000000
1037 10640 17.000000
1037 10664 17.000000
1037 10718 17.000000
1037 10775 17.000000
1037 10783 17.000000
1037 10965 17.000000
1564 1565 17.000000
270 292 16.000000
396 397 16.000000
396 417 16.000000
397 398 16.000000
398 399 16.000000
399 400 16.000000
400 401 16.000000
416 417 16.000000
446 447 16.000000
447 448 16.000000
448 449 16.000000
449 450 16.000000
511 512 16.000000
512 513 16.000000
513 514 16.000000
514 515 16.000000
515 516 16.000000
516 517 16.000000
517 518 16.000000
667 689 16.000000
728 750 16.000000
735 757 16.000000
888 910 16.000000
910 932 16.000000
1037 10575 16.000000
1037 10788 16.000000
1120 1142 16.000000
1228 1250 16.000000
1326 1348 16.000000
162 184 15.000000
175 197 15.000000
648 670 15.000000
771 793 15.000000
1003 1004 15.000000
1004 1005 15.000000
1005 1006 15.000000
1006 1007 15.000000
1007 1008 15.000000
1008 1009 15.000000
1009 1010 15.000000
1010 1011 15.000000
1082 1104 15.000000
1293 1294 15.000000
1430 1452 15.000000
1431 1453 15.000000
1457 1458 15.000000
1539 1561 15.000000
25 47 14.000000
47 48 14.000000
541 542 14.000000
542 543 14.000000
543 544 14.000000
544 545 14.000000
545 546 14.000000
584 585 14.000000
585 586 14.000000
586 587 14.000000
587 588 14.000000
588 589 14.000000
589 590 14.000000
837 859 14.000000
1037 10386 14.000000
1038 10659 14.000000
1038 10721 14.000000
1038 10811 14.000000
1038 10955 14.000000
1234 1256 14.000000
1370 1392 14.000000
392 414 13.000000
532 533 13.000000
713 735 13.000000
1037 10407 13.000000
1037 10842 13.000000
1039 10446 13.000000
1044 1066 13.000000
1134 1135 13.000000
1135 1136 13.000000
1136 1137 13.000000
1137 1138 13.000000
1138 1139 13.000000
1139 1140 13.000000
1140 1141 13.000000
1319 1341 13.000000
428 429 12.000000
429 430 12.000000
430 431 12.000000
431 432 12.000000
432 433 12.000000
433 434 12.000000
434 435 12.000000
435 436 12.000000
531 532 12.000000
567 568 12.000000
584 606 12.000000
604 626 12.000000
682 683 12.000000
682 703 12.000000
700 701 12.000000
701 702 12.000000
702 703 12.000000
1016 10949 12.000000
1124 1146 12.000000
1518 1540 12.000000
370 392 11.000000
538 560 11.000000
707 729 11.000000
968 990 11.000000
1081 10877 11.000000
1085 10996 11.000000
210 232 10.000000
550 551 10.000000
550 571 10.000000
551 552 10.000000
552 553 10.000000
568 569 10.000000
569 570 10.000000
570 571 10.000000
706 728 10.000000
1002 1003 10.000000
1250 1272 10.000000
153 175 9.000000
618 619 9.000000
866 888 9.000000
1032 1054 9.000000
1179 1201 9.000000
1251 1273 9.000000
140 162 8.000000
572 594 8.000000
660 681 8.000000
678 679 8.000000
679 680 8.000000
680 681 8.000000
793 815 8.000000
998 999 8.000000
1000 1001 8.000000
1001 1002 8.000000
1059 10842 8.000000
1066 10844 8.000000
1088 1110 8.000000
1112 1134 8.000000
1519 1541 8.000000
515 537 7.000000
778 800 7.000000
1038 10949 7.000000
1055 10999 7.000000
1157 1179 7.000000
414 415 6.000000
415 416 6.000000
489 490 6.000000
889 890 6.000000
890 891 6.000000
891 892 6.000000
892 914 6.000000
914 936 6.000000
953 975 6.000000
1047 1069 6.000000
1081 10816 6.000000
1081 10848 6.000000
1081 10883 6.000000
1081 10902 6.000000
1081 10921 6.000000
1081 10934 6.000000
1081 10946 6.000000
1081 10949 6.000000
1081 10951 6.000000
1081 10969 6.000000
1083 10979 6.000000
1163 1185 6.000000
1305 1306 6.000000
1306 1307 6.000000
1307 1308 6.000000
1308 1309 6.000000
1309 1310 6.000000
1310 1311 6.000000
1311 1312 6.000000
1312 1313 6.000000
1313 1314 6.000000
1314 1315 6.000000
1386 1408 6.000000
1435 1436 6.000000
101 123 5.000000
493 515 5.000000
510 511 5.000000
737 738 5.000000
738 739 5.000000
739 740 5.000000
740 741 5.000000
741 742 5.000000
742 743 5.000000
844 866 5.000000
1060 10811 5.000000
1288 1289 5.000000
1289 1290 5.000000
1290 1291 5.000000
1291 1292 5.000000
1292 1293 5.000000
8 9 4.000000
10 11 4.000000
11 12 4.000000
488 489 4.000000
662 684 4.000000
780 781 4.000000
781 782 4.000000
782 783 4.000000
783 784 4.000000
784 785 4.000000
785 786 4.000000
786 787 4.000000
954 976 4.000000
974 996 4.000000
1060 10659 4.000000
1060 10721 4.000000
1060 10955 4.000000
1337 1338 4.000000
1389 1411 4.000000
1433 1455 4.000000
1520 1542 4.000000
683 684 3.000000
711 733 3.000000
734 756 3.000000
1011 10878 3.000000
1216 1238 3.000000
1276 1298 3.000000
12 13 2.000000
12 34 2.000000
34 56 2.000000
56 78 2.000000
78 79 2.000000
440 441 2.000000
440 461 2.000000
441 442 2.000000
442 443 2.000000
443 444 2.000000
458 459 2.000000
459 460 2.000000
460 461 2.000000
646 668 2.000000
693 694 2.000000
694 695 2.000000
695 696 2.000000
696 697 2.000000
697 698 2.000000
698 699 2.000000
699 700 2.000000
748 749 2.000000
748 769 2.000000
765 766 2.000000
766 767 2.000000
767 768 2.000000
768 769 2.000000
1040 1062 2.000000
1081 10965 2.000000
1227 1228 2.000000
1300 1322 2.000000
1327 1328 2.000000
1328 1329 2.000000
1329 1330 2.000000
1330 1331 2.000000
1331 1332 2.000000
1332 1333 2.000000
1333 1334 2.000000
1334 1335 2.000000
1335 1336 2.000000
1336 1337 2.000000
1387 1409 2.000000
13 14 1.000000
13 35 1.000000
14 15 1.000000
35 57 1.000000
15 16 1.000000
16 17 1.000000
17 18 1.000000
41 63 1.000000
57 79 1.000000
220 242 1.000000
453 454 1.000000
454 455 1.000000
455 456 1.000000
456 457 1.000000
457 458 1.000000
518 519 1.000000
532 554 1.000000
583 605 1.000000
605 627 1.000000
660 682 1.000000
682 704 1.000000
690 712 1.000000
792 814 1.000000
880 902 1.000000
1011 10149 1.000000
1011 10430 1.000000
1011 10444 1.000000
1011 10589 1.000000
1146 1168 1.000000
1147 1169 1.000000
1249 1271 1.000000
1432 1454 1.000000
1472 1494 1.000000
1558 1559 1.000000
1558 1580 1.000000
1559 1581 1.000000
