1103 1104 18260.000000
132 133 15828.000000
133 134 15828.000000
134 135 15828.000000
20 21 14604.000000
1102 1103 14460.000000
928 929 14457.000000
132 153 13434.000000
135 136 13292.000000
1104 1105 12691.000000
1125 1126 12020.000000
1295 1296 11457.000000
1147 1148 11042.000000
884 885 10866.000000
1296 1297 10560.000000
792 793 10412.000000
793 794 10412.000000
1146 1147 10392.000000
1081 1082 10198.000000
949 950 10080.000000
927 928 10051.000000
88 89 10040.000000
89 90 10040.000000
90 91 10040.000000
91 92 10032.000000
64 65 9989.000000
1276 1297 9988.000000
1145 1146 9617.000000
1101 1102 9594.000000
1144 1145 9156.000000
1124 1125 9121.000000
1123 1124 8850.000000
972 973 8748.000000
885 886 8663.000000
63 64 8375.000000
1276 1277 8102.000000
1277 1278 8095.000000
948 949 7805.000000
883 884 7722.000000
794 795 7674.000000
130 131 7665.000000
180 181 7584.000000
926 927 7583.000000
795 796 7497.000000
792 813 7464.000000
971 972 7445.000000
1185 1186 7436.000000
1144 1165 7278.000000
176 197 7257.000000
176 177 7217.000000
177 178 7217.000000
178 179 7217.000000
1162 1163 7087.000000
748 749 7051.000000
749 750 7051.000000
1163 1164 7026.000000
750 751 7021.000000
1164 1165 6988.000000
1183 1184 6938.000000
1184 1185 6938.000000
973 974 6869.000000
1080 1081 6750.000000
1122 1123 6667.000000
1016 1017 6603.000000
1186 1187 6598.000000
136 137 6479.000000
110 111 6412.000000
111 112 6412.000000
112 113 6412.000000
113 114 6410.000000
110 131 6409.000000
812 813 6395.000000
1189 1190 6342.000000
947 948 6214.000000
1100 1101 6146.000000
1190 1191 6123.000000
92 93 6061.000000
1060 1061 6033.000000
1278 1279 6024.000000
1168 1169 5994.000000
1191 1192 5985.000000
1079 1080 5719.000000
154 155 5675.000000
155 156 5675.000000
156 157 5675.000000
1059 1060 5654.000000
154 175 5635.000000
1058 1059 5610.000000
19 20 5442.000000
181 182 5425.000000
882 883 5334.000000
970 971 5282.000000
179 180 5281.000000
152 153 5093.000000
1078 1079 5038.000000
0 21 5023.000000
1082 1083 5021.000000
41 42 5007.000000
705 706 5006.000000
706 707 5006.000000
1188 1189 4971.000000
840 841 4949.000000
1167 1168 4946.000000
726 727 4828.000000
727 728 4828.000000
1166 1167 4765.000000
1166 1187 4750.000000
1161 1162 4733.000000
1182 1183 4713.000000
42 43 4632.000000
1015 1016 4630.000000
1169 1170 4581.000000
267 268 4569.000000
704 705 4535.000000
839 840 4533.000000
929 930 4526.000000
220 241 4457.000000
220 221 4446.000000
221 222 4446.000000
222 223 4446.000000
861 862 4429.000000
1057 1058 4406.000000
860 861 4334.000000
1273 1274 4292.000000
1104 1126 4290.000000
172 173 4283.000000
1212 1213 4277.000000
114 115 4228.000000
770 771 4158.000000
770 791 4158.000000
771 772 4158.000000
137 138 4153.000000
906 907 4086.000000
950 951 4059.000000
577 578 4058.000000
924 945 4049.000000
944 945 4049.000000
182 183 4041.000000
224 225 4029.000000
924 925 3988.000000
223 224 3929.000000
905 906 3918.000000
1450 1451 3889.000000
974 975 3876.000000
704 725 3874.000000
814 815 3832.000000
814 835 3832.000000
815 816 3832.000000
1017 1018 3777.000000
174 175 3774.000000
108 109 3739.000000
1254 1255 3713.000000
1211 1212 3691.000000
1254 1275 3663.000000
748 769 3653.000000
64 86 3646.000000
1013 1014 3642.000000
1229 1230 3618.000000
1449 1450 3612.000000
1274 1275 3607.000000
930 931 3599.000000
196 197 3595.000000
18 19 3545.000000
17 18 3534.000000
751 752 3519.000000
129 130 3462.000000
1515 1516 3449.000000
1255 1256 3446.000000
1014 1015 3437.000000
1342 1363 3385.000000
1078 1099 3345.000000
1122 1143 3321.000000
862 863 3277.000000
841 842 3262.000000
1361 1362 3244.000000
904 905 3238.000000
660 681 3209.000000
574 575 3200.000000
575 576 3200.000000
576 577 3200.000000
44 65 3194.000000
1406 1407 3182.000000
1210 1211 3106.000000
1100 1121 3093.000000
1514 1515 3081.000000
1256 1257 3056.000000
21 43 3044.000000
946 967 3041.000000
965 966 3041.000000
966 967 3041.000000
0 10345 3027.000000
773 774 3015.000000
198 199 3011.000000
199 200 3011.000000
200 201 3011.000000
842 864 3010.000000
157 158 3001.000000
198 219 3000.000000
65 87 2994.000000
943 944 2972.000000
726 747 2962.000000
1205 1206 2962.000000
1206 1207 2962.000000
1227 1228 2959.000000
1560 1561 2953.000000
1516 1517 2949.000000
1230 1231 2938.000000
991 992 2909.000000
1188 1209 2906.000000
992 993 2892.000000
863 864 2886.000000
1017 1039 2859.000000
796 797 2851.000000
201 202 2841.000000
925 926 2836.000000
969 970 2814.000000
994 995 2812.000000
1360 1361 2805.000000
225 226 2794.000000
1342 1343 2741.000000
1496 1517 2740.000000
1208 1209 2712.000000
1491 1492 2704.000000
1105 1106 2692.000000
1364 1385 2689.000000
1317 1318 2687.000000
534 535 2680.000000
158 159 2679.000000
1207 1208 2679.000000
1471 1472 2679.000000
1251 1252 2678.000000
1252 1253 2678.000000
183 184 2673.000000
752 753 2664.000000
836 837 2660.000000
836 857 2660.000000
837 838 2660.000000
1118 1119 2642.000000
1119 1120 2641.000000
1120 1121 2641.000000
858 859 2636.000000
16 17 2630.000000
1540 1561 2613.000000
858 879 2609.000000
878 879 2609.000000
598 599 2594.000000
1037 1038 2570.000000
1408 1429 2567.000000
968 989 2560.000000
987 988 2560.000000
988 989 2560.000000
135 157 2546.000000
1472 1473 2544.000000
968 969 2536.000000
173 174 2533.000000
1140 1141 2526.000000
1141 1142 2526.000000
838 839 2513.000000
929 951 2508.000000
1142 1143 2503.000000
1428 1429 2501.000000
1160 1161 2481.000000
946 947 2469.000000
768 769 2467.000000
66 87 2443.000000
817 818 2413.000000
1210 1231 2411.000000
790 791 2408.000000
993 994 2392.000000
885 907 2383.000000
1232 1253 2374.000000
66 67 2373.000000
67 68 2373.000000
68 69 2373.000000
69 70 2373.000000
1492 1493 2335.000000
599 600 2321.000000
1408 1409 2306.000000
728 729 2300.000000
1036 1037 2278.000000
224 246 2250.000000
1318 1319 2244.000000
1096 1097 2238.000000
1097 1098 2238.000000
1098 1099 2238.000000
86 87 2235.000000
202 203 2232.000000
1430 1451 2202.000000
1426 1427 2201.000000
1228 1229 2190.000000
1448 1449 2184.000000
1427 1428 2183.000000
1362 1363 2168.000000
951 952 2161.000000
1405 1406 2133.000000
1117 1118 2112.000000
1139 1140 2072.000000
707 708 2063.000000
1384 1385 2057.000000
1558 1559 2052.000000
880 901 2045.000000
900 901 2045.000000
1248 1249 2038.000000
1249 1250 2038.000000
816 817 2033.000000
1226 1227 2028.000000
203 204 2018.000000
880 881 2018.000000
138 139 1999.000000
184 185 1993.000000
834 835 1992.000000
881 882 1946.000000
43 65 1942.000000
151 152 1930.000000
1232 1233 1926.000000
1298 1319 1925.000000
708 709 1923.000000
1339 1340 1923.000000
1018 1019 1894.000000
995 996 1893.000000
216 217 1889.000000
1470 1471 1864.000000
1493 1494 1847.000000
93 94 1825.000000
1383 1384 1820.000000
195 196 1819.000000
859 860 1808.000000
1250 1251 1804.000000
1148 1170 1803.000000
194 195 1793.000000
1038 1039 1792.000000
709 710 1768.000000
578 579 1766.000000
1204 1205 1763.000000
1035 1036 1758.000000
1340 1341 1751.000000
533 534 1739.000000
952 953 1738.000000
535 536 1708.000000
931 932 1705.000000
661 662 1701.000000
662 663 1701.000000
746 747 1697.000000
1559 1560 1695.000000
1382 1383 1691.000000
1513 1514 1684.000000
772 773 1683.000000
1233 1234 1678.000000
1234 1235 1669.000000
530 531 1662.000000
531 532 1662.000000
532 533 1662.000000
642 643 1635.000000
774 775 1633.000000
116 117 1622.000000
617 618 1612.000000
618 619 1612.000000
619 620 1612.000000
660 661 1612.000000
239 240 1609.000000
159 160 1603.000000
115 116 1590.000000
1557 1558 1590.000000
217 218 1578.000000
1273 1295 1549.000000
1148 1149 1535.000000
600 601 1530.000000
1056 1057 1528.000000
1404 1405 1517.000000
616 617 1515.000000
269 270 1510.000000
1083 1084 1501.000000
1494 1495 1500.000000
877 878 1469.000000
238 239 1443.000000
1074 1075 1439.000000
1075 1076 1439.000000
1076 1077 1439.000000
902 903 1433.000000
139 140 1425.000000
182 204 1422.000000
1386 1407 1408.000000
140 141 1405.000000
1430 1431 1393.000000
1061 1083 1383.000000
902 923 1372.000000
922 923 1372.000000
1343 1344 1368.000000
160 161 1357.000000
682 683 1343.000000
683 684 1343.000000
684 685 1343.000000
1012 1033 1338.000000
1031 1032 1338.000000
1032 1033 1338.000000
268 269 1337.000000
1056 1077 1336.000000
311 312 1307.000000
730 731 1307.000000
729 730 1302.000000
1316 1317 1301.000000
1298 1299 1297.000000
1299 1300 1297.000000
240 241 1294.000000
161 162 1293.000000
20 42 1291.000000
249 250 1287.000000
1582 1583 1280.000000
921 922 1269.000000
1095 1096 1265.000000
248 249 1263.000000
796 818 1261.000000
37 38 1253.000000
0 10069 1249.000000
38 39 1229.000000
39 40 1229.000000
996 997 1225.000000
643 644 1223.000000
117 118 1222.000000
620 621 1216.000000
621 622 1216.000000
1061 1062 1214.000000
1017 10310 1205.000000
85 86 1201.000000
536 537 1193.000000
150 151 1192.000000
752 774 1182.000000
94 95 1161.000000
180 202 1151.000000
975 976 1150.000000
622 623 1149.000000
22 43 1148.000000
508 509 1142.000000
509 510 1142.000000
510 511 1142.000000
268 290 1137.000000
1138 1139 1135.000000
1320 1341 1131.000000
118 119 1126.000000
964 965 1119.000000
1490 1491 1114.000000
1012 1013 1107.000000
665 666 1101.000000
1016 10917 1093.000000
856 857 1075.000000
242 243 1065.000000
242 263 1065.000000
243 244 1065.000000
262 263 1065.000000
1235 1236 1052.000000
172 194 1051.000000
270 271 1044.000000
247 248 1040.000000
1073 1074 1040.000000
931 953 1036.000000
1556 1557 1025.000000
181 203 1024.000000
310 311 1022.000000
511 512 1002.000000
354 355 998.000000
666 667 997.000000
710 711 991.000000
218 219 990.000000
487 488 986.000000
488 489 986.000000
489 490 986.000000
664 665 974.000000
644 645 973.000000
246 247 970.000000
639 640 968.000000
640 641 968.000000
595 596 965.000000
596 597 965.000000
597 598 965.000000
555 556 956.000000
573 574 955.000000
753 754 951.000000
1364 1365 947.000000
663 664 945.000000
903 904 938.000000
579 580 932.000000
1015 10413 929.000000
44 45 925.000000
45 46 925.000000
46 47 925.000000
47 48 925.000000
1386 1387 911.000000
1536 1537 910.000000
514 515 908.000000
1116 1117 907.000000
216 238 906.000000
556 557 892.000000
42 64 881.000000
1034 1035 878.000000
601 602 876.000000
1496 1497 859.000000
686 687 855.000000
244 245 842.000000
204 205 838.000000
33 34 832.000000
34 35 832.000000
35 36 832.000000
36 37 832.000000
142 143 830.000000
143 144 830.000000
144 145 830.000000
145 146 830.000000
146 147 830.000000
147 148 830.000000
148 149 830.000000
245 246 830.000000
529 530 830.000000
149 150 825.000000
1300 1301 822.000000
128 129 814.000000
205 206 796.000000
513 514 794.000000
226 227 791.000000
986 987 788.000000
1320 1321 787.000000
1094 1095 782.000000
790 812 768.000000
76 77 767.000000
77 78 767.000000
78 79 767.000000
79 80 767.000000
80 81 767.000000
81 82 767.000000
82 83 767.000000
83 84 767.000000
1008 1009 766.000000
1009 1010 766.000000
1010 1011 766.000000
1452 1473 766.000000
641 642 765.000000
663 685 756.000000
1409 1410 754.000000
40 41 744.000000
594 615 744.000000
1225 1226 740.000000
528 529 739.000000
226 248 737.000000
312 313 734.000000
1017 10409 733.000000
271 272 731.000000
841 863 730.000000
1537 1538 722.000000
1474 1495 721.000000
227 228 718.000000
512 513 716.000000
731 732 712.000000
1062 1063 712.000000
162 163 709.000000
1469 1470 701.000000
55 56 696.000000
56 57 696.000000
57 58 696.000000
58 59 696.000000
59 60 696.000000
107 108 693.000000
138 160 691.000000
899 900 686.000000
109 131 676.000000
1213 1214 670.000000
207 208 668.000000
208 209 668.000000
209 210 668.000000
210 211 668.000000
211 212 668.000000
212 213 668.000000
213 214 668.000000
214 215 668.000000
932 933 668.000000
594 595 660.000000
32 33 658.000000
60 61 657.000000
61 62 657.000000
62 63 657.000000
95 96 656.000000
1016 10199 656.000000
136 158 655.000000
1106 1107 654.000000
1107 1108 654.000000
1108 1109 654.000000
1321 1322 654.000000
840 862 653.000000
106 107 652.000000
1041 1042 650.000000
1042 1043 650.000000
1039 1040 649.000000
48 70 642.000000
557 558 641.000000
1535 1536 635.000000
1012 10152 633.000000
1365 1366 632.000000
1040 1041 629.000000
685 686 614.000000
1084 1085 612.000000
1085 1086 612.000000
1086 1087 612.000000
163 164 605.000000
164 165 605.000000
165 166 605.000000
166 167 605.000000
167 168 605.000000
168 169 605.000000
169 170 605.000000
170 171 605.000000
171 172 604.000000
975 997 604.000000
884 906 603.000000
833 834 599.000000
1020 1021 583.000000
1013 10167 582.000000
217 239 581.000000
490 491 568.000000
98 99 563.000000
100 101 563.000000
101 102 563.000000
102 103 563.000000
103 104 563.000000
104 105 563.000000
105 106 563.000000
687 688 556.000000
1019 1020 556.000000
137 159 555.000000
974 996 554.000000
818 819 552.000000
15 16 544.000000
797 819 530.000000
1015 10979 529.000000
1126 1127 529.000000
1279 1280 529.000000
314 315 522.000000
1037 10661 518.000000
638 639 514.000000
976 977 513.000000
977 978 513.000000
572 573 511.000000
1060 1082 502.000000
1030 1031 501.000000
289 290 500.000000
710 732 500.000000
1516 1538 500.000000
108 10981 499.000000
1403 1404 498.000000
491 492 497.000000
0 10024 494.000000
795 817 491.000000
709 731 486.000000
290 291 484.000000
623 624 482.000000
682 703 481.000000
1447 1448 481.000000
313 314 478.000000
355 356 477.000000
548 549 474.000000
528 549 469.000000
184 206 464.000000
1534 1535 463.000000
332 333 460.000000
215 216 459.000000
579 601 459.000000
1498 1499 458.000000
1499 1500 458.000000
1500 1501 458.000000
228 229 457.000000
707 729 455.000000
1140 1162 454.000000
0 10054 453.000000
1036 10512 452.000000
443 444 447.000000
444 445 447.000000
445 446 447.000000
1322 1323 439.000000
1021 1043 436.000000
997 998 434.000000
998 999 434.000000
789 790 431.000000
150 172 429.000000
315 316 427.000000
660 682 423.000000
1272 1273 423.000000
74 75 414.000000
72 73 413.000000
73 74 413.000000
63 85 410.000000
1540 1541 403.000000
71 72 402.000000
1562 1583 402.000000
1015 10661 399.000000
1452 1453 398.000000
70 71 396.000000
1007 1008 396.000000
1063 1064 396.000000
1064 1065 396.000000
108 10959 395.000000
492 493 394.000000
580 602 391.000000
842 843 391.000000
1512 1513 389.000000
1087 1088 383.000000
290 312 380.000000
907 908 379.000000
1060 10917 378.000000
1039 10420 377.000000
109 10991 376.000000
1039 10840 376.000000
1474 1475 376.000000
109 10973 375.000000
109 10974 375.000000
106 10715 372.000000
1015 10417 372.000000
1016 10613 370.000000
446 447 362.000000
638 659 361.000000
204 226 357.000000
1559 1581 357.000000
0 10295 355.000000
1560 1582 353.000000
84 85 352.000000
130 152 352.000000
933 934 352.000000
0 1 350.000000
1043 10874 349.000000
1139 1161 349.000000
1404 1426 347.000000
398 399 346.000000
921 943 343.000000
949 971 341.000000
645 646 340.000000
292 293 339.000000
1039 10845 338.000000
990 991 336.000000
1109 1110 336.000000
536 558 333.000000
0 10007 331.000000
109 10929 325.000000
1080 10815 323.000000
1192 1214 319.000000
1203 1204 319.000000
616 637 316.000000
1016 10593 314.000000
96 97 313.000000
751 773 313.000000
1031 10932 312.000000
1387 1388 312.000000
108 10812 311.000000
109 10992 309.000000
580 581 309.000000
791 813 308.000000
1031 10731 308.000000
930 952 305.000000
291 292 304.000000
493 515 304.000000
1093 1094 304.000000
0 22 303.000000
108 10840 300.000000
109 10906 300.000000
179 201 300.000000
1453 1454 300.000000
1018 10533 299.000000
1018 10961 299.000000
1018 10981 299.000000
288 289 298.000000
229 230 296.000000
230 231 296.000000
231 232 296.000000
232 233 296.000000
233 234 296.000000
234 235 296.000000
235 236 296.000000
48 49 295.000000
163 185 295.000000
108 130 294.000000
108 10899 293.000000
108 10936 293.000000
1253 1275 293.000000
1360 1382 290.000000
108 10961 289.000000
120 121 288.000000
121 122 288.000000
122 123 288.000000
123 124 288.000000
124 125 288.000000
125 126 288.000000
126 127 288.000000
127 128 288.000000
236 237 286.000000
1019 10751 286.000000
1275 1297 285.000000
908 909 283.000000
1014 10689 280.000000
1363 1385 278.000000
1036 10796 275.000000
1229 1251 274.000000
934 935 272.000000
855 856 270.000000
1014 1036 270.000000
0 10458 269.000000
54 55 269.000000
1039 10899 269.000000
1039 10936 269.000000
0 10686 268.000000
0 10307 267.000000
1207 1229 266.000000
462 483 264.000000
482 483 264.000000
507 508 264.000000
1061 10801 263.000000
1061 10869 263.000000
955 956 262.000000
843 844 261.000000
844 845 261.000000
845 846 261.000000
0 10126 260.000000
0 10485 260.000000
478 479 259.000000
479 480 259.000000
480 481 259.000000
481 482 259.000000
864 886 259.000000
161 183 257.000000
0 10119 256.000000
886 887 253.000000
954 955 252.000000
0 10318 251.000000
194 216 250.000000
1029 1030 249.000000
1061 10787 249.000000
1082 10923 249.000000
206 207 247.000000
97 98 245.000000
0 10362 244.000000
953 954 244.000000
1015 10668 244.000000
1247 1248 244.000000
0 10642 243.000000
32 54 243.000000
335 336 242.000000
336 337 242.000000
753 775 241.000000
887 909 241.000000
907 929 241.000000
1084 10931 241.000000
0 10439 238.000000
0 10477 238.000000
0 10980 238.000000
0 10989 238.000000
153 175 238.000000
1000 10085 238.000000
1137 1138 238.000000
0 10434 236.000000
0 10720 236.000000
1039 10761 235.000000
1146 1168 235.000000
0 10734 234.000000
109 10958 234.000000
1039 10657 234.000000
1250 1272 234.000000
203 225 231.000000
724 725 231.000000
1088 1089 231.000000
1089 1090 231.000000
1090 1091 231.000000
1091 1092 231.000000
1092 1093 231.000000
1181 1182 230.000000
0 10158 229.000000
1575 1576 229.000000
1576 1577 229.000000
264 265 227.000000
264 285 227.000000
265 266 227.000000
282 283 227.000000
283 284 227.000000
284 285 227.000000
1039 10471 227.000000
1 10911 226.000000
109 10907 226.000000
109 10915 226.000000
141 142 225.000000
1572 1573 225.000000
1573 1574 225.000000
1574 1575 225.000000
623 645 224.000000
1082 10834 224.000000
0 10727 223.000000
942 943 223.000000
1018 10456 223.000000
109 10966 222.000000
1251 1273 222.000000
1127 1128 221.000000
667 668 220.000000
116 138 219.000000
246 268 219.000000
447 448 219.000000
839 861 219.000000
1018 10503 218.000000
1017 10481 217.000000
1031 10711 217.000000
0 10747 216.000000
185 186 216.000000
186 187 216.000000
187 188 216.000000
188 189 216.000000
189 190 216.000000
190 191 216.000000
191 192 216.000000
192 193 216.000000
109 10926 215.000000
109 10983 215.000000
544 545 214.000000
545 546 214.000000
546 547 214.000000
547 548 214.000000
1082 10827 214.000000
1082 10918 214.000000
0 10952 213.000000
1018 10403 213.000000
1019 10578 212.000000
356 357 211.000000
357 358 211.000000
358 359 211.000000
1019 10324 211.000000
1029 10592 211.000000
534 556 210.000000
1538 1539 210.000000
183 205 209.000000
71 93 208.000000
448 449 208.000000
963 964 208.000000
108 10845 207.000000
0 10820 206.000000
193 194 206.000000
688 689 206.000000
0 10491 205.000000
0 10101 203.000000
237 238 203.000000
1166 1188 202.000000
973 995 200.000000
1018 10273 200.000000
271 293 197.000000
950 972 197.000000
1254 1276 197.000000
449 450 196.000000
1018 10607 196.000000
33 55 193.000000
266 267 193.000000
293 294 192.000000
185 207 191.000000
334 335 190.000000
535 557 190.000000
685 707 190.000000
1149 1150 190.000000
1150 1151 190.000000
1151 1152 190.000000
1152 1153 190.000000
1153 1154 190.000000
1154 1155 190.000000
1155 1156 190.000000
1156 1157 190.000000
1157 1158 190.000000
1158 1159 190.000000
1019 10778 189.000000
1540 1562 188.000000
708 730 187.000000
1138 1160 184.000000
0 10511 182.000000
0 10641 181.000000
0 10836 181.000000
11 12 180.000000
12 13 180.000000
1083 10991 179.000000
1210 1232 179.000000
555 577 178.000000
13 14 176.000000
14 15 176.000000
107 129 176.000000
195 217 176.000000
484 505 174.000000
504 505 174.000000
1065 1066 174.000000
10 10616 170.000000
202 224 169.000000
664 686 169.000000
1185 1207 169.000000
1066 1067 168.000000
1067 1068 168.000000
1068 1069 168.000000
1069 1070 168.000000
1070 1071 168.000000
1034 10726 166.000000
1039 10632 166.000000
1472 1494 166.000000
642 664 165.000000
1013 10277 164.000000
1017 10998 164.000000
1297 1319 164.000000
1083 10986 162.000000
1083 10987 162.000000
10 11 161.000000
141 163 161.000000
1016 10317 161.000000
926 948 160.000000
119 120 159.000000
729 751 159.000000
1429 1451 159.000000
1019 10293 157.000000
1051 1052 156.000000
1061 10649 154.000000
49 50 153.000000
107 10995 152.000000
1057 10777 152.000000
1447 1469 152.000000
1021 1022 151.000000
731 753 148.000000
1014 10415 148.000000
1142 1164 148.000000
1320 1342 148.000000
159 181 147.000000
905 927 146.000000
909 910 146.000000
910 911 146.000000
0 10328 144.000000
486 487 144.000000
1013 10522 144.000000
1008 10835 143.000000
49 71 142.000000
0 10314 140.000000
250 272 140.000000
1036 10487 140.000000
1052 1053 140.000000
1053 1054 140.000000
1054 1055 140.000000
1191 1213 140.000000
515 516 139.000000
516 517 139.000000
517 518 139.000000
518 519 139.000000
519 520 139.000000
520 521 139.000000
558 559 139.000000
820 842 139.000000
948 970 139.000000
0 10241 138.000000
0 10262 138.000000
0 10873 138.000000
1036 10417 138.000000
1122 1144 138.000000
686 708 137.000000
834 856 136.000000
1008 10098 136.000000
1034 10407 136.000000
1051 1073 136.000000
1061 10755 133.000000
1061 10827 133.000000
1072 1073 133.000000
1038 10998 132.000000
1039 10923 132.000000
1061 10620 132.000000
1061 10682 132.000000
1061 10729 132.000000
1061 10834 132.000000
1235 1257 132.000000
1038 10470 131.000000
1038 10762 131.000000
490 512 130.000000
666 688 130.000000
1012 10361 130.000000
1014 10850 130.000000
1039 10625 130.000000
1132 1133 130.000000
1133 1134 130.000000
1134 1135 130.000000
1135 1136 130.000000
1136 1137 130.000000
559 560 129.000000
560 561 129.000000
561 562 129.000000
562 563 129.000000
563 564 129.000000
1061 10899 129.000000
1061 10936 129.000000
1078 10965 129.000000
1061 10918 128.000000
1490 1512 128.000000
50 51 127.000000
51 52 127.000000
52 53 127.000000
53 54 127.000000
878 900 126.000000
1062 1084 126.000000
1489 1490 126.000000
578 600 125.000000
1039 1061 123.000000
726 748 121.000000
44 66 119.000000
1039 10533 119.000000
1061 10657 119.000000
554 555 118.000000
1017 10696 118.000000
1061 10761 118.000000
537 538 117.000000
538 539 117.000000
539 540 117.000000
540 541 117.000000
541 542 117.000000
542 543 117.000000
551 552 117.000000
552 553 117.000000
553 554 117.000000
1013 10725 117.000000
1037 10917 117.000000
1056 10624 117.000000
711 712 116.000000
1034 1055 116.000000
128 150 114.000000
492 514 114.000000
506 507 114.000000
1014 10681 114.000000
109 10904 113.000000
109 10988 112.000000
775 797 112.000000
1014 10627 112.000000
406 428 111.000000
576 598 111.000000
1013 10738 111.000000
1039 10981 111.000000
1057 10883 110.000000
1083 10887 110.000000
1171 1172 110.000000
1172 1173 110.000000
1173 1174 110.000000
1174 1175 110.000000
1431 1432 110.000000
1078 10783 109.000000
1159 1160 109.000000
970 992 108.000000
1017 10470 108.000000
1017 10762 108.000000
1063 10743 108.000000
1078 10903 108.000000
1110 1111 108.000000
1111 1112 108.000000
1112 1113 108.000000
1113 1114 108.000000
1114 1115 108.000000
1170 1171 108.000000
1448 1470 107.000000
109 10952 106.000000
109 10909 105.000000
109 10905 104.000000
109 10984 104.000000
109 10994 104.000000
1034 10539 104.000000
1083 10847 104.000000
109 10980 103.000000
109 10989 103.000000
922 944 103.000000
1063 10828 103.000000
1071 1093 103.000000
1077 1099 103.000000
1083 10990 103.000000
1581 1582 103.000000
493 494 102.000000
543 544 102.000000
1083 10937 102.000000
272 294 101.000000
286 287 100.000000
287 288 100.000000
1057 10902 100.000000
273 274 99.000000
274 275 99.000000
275 276 99.000000
276 277 99.000000
277 278 99.000000
278 279 99.000000
279 280 99.000000
1057 10775 99.000000
1057 10848 99.000000
1057 10921 99.000000
1087 10874 99.000000
129 151 98.000000
1013 10136 98.000000
1338 1339 98.000000
108 10923 97.000000
1037 10613 97.000000
1057 10841 97.000000
1058 10665 97.000000
260 261 96.000000
261 262 96.000000
286 307 96.000000
304 305 96.000000
305 306 96.000000
306 307 96.000000
550 551 96.000000
624 625 96.000000
1016 10668 96.000000
1128 1129 96.000000
1129 1130 96.000000
1130 1131 96.000000
1131 1132 96.000000
1257 1258 96.000000
106 128 95.000000
477 478 95.000000
500 501 94.000000
501 502 94.000000
502 503 94.000000
503 504 94.000000
798 820 94.000000
1062 10887 94.000000
1083 10959 94.000000
76 98 93.000000
280 281 93.000000
1014 10493 93.000000
1061 10809 93.000000
1078 10808 93.000000
1078 10877 93.000000
294 316 92.000000
882 904 91.000000
1058 10979 91.000000
139 161 90.000000
1079 10821 90.000000
267 289 89.000000
1030 10944 89.000000
587 609 88.000000
1039 10770 88.000000
1058 1080 88.000000
1078 10934 88.000000
1125 1147 88.000000
1080 10953 87.000000
108 10834 86.000000
207 229 86.000000
281 282 86.000000
622 644 86.000000
862 884 86.000000
108 10809 85.000000
446 468 85.000000
513 535 85.000000
1034 10903 85.000000
1038 10947 85.000000
1497 1498 85.000000
1561 1583 85.000000
250 251 84.000000
251 252 84.000000
252 253 84.000000
253 254 84.000000
254 255 84.000000
255 256 84.000000
256 257 84.000000
257 258 84.000000
746 768 84.000000
258 259 83.000000
682 704 83.000000
1057 10745 82.000000
1057 10951 82.000000
653 654 81.000000
654 655 81.000000
655 656 81.000000
656 657 81.000000
657 658 81.000000
689 690 81.000000
934 956 80.000000
1015 10459 80.000000
1057 10703 80.000000
1057 10810 80.000000
1057 10816 80.000000
1057 10969 80.000000
1058 10901 80.000000
1058 10982 80.000000
151 173 79.000000
747 769 79.000000
1008 10944 79.000000
201 223 78.000000
1057 10946 78.000000
667 689 77.000000
797 798 77.000000
956 957 77.000000
957 958 77.000000
958 959 77.000000
959 960 77.000000
960 961 77.000000
961 962 77.000000
962 963 77.000000
1066 1088 77.000000
643 665 76.000000
704 726 76.000000
863 885 76.000000
1061 10998 76.000000
485 486 75.000000
1016 10180 75.000000
1016 10218 75.000000
1016 10271 75.000000
1016 10335 75.000000
1016 10347 75.000000
1016 10702 75.000000
1016 10763 75.000000
1016 10895 75.000000
1016 10977 75.000000
1016 10985 75.000000
1577 1578 75.000000
1016 10372 74.000000
1344 1345 74.000000
1366 1367 74.000000
1454 1455 74.000000
1455 1456 74.000000
1456 1457 74.000000
1457 1458 74.000000
109 10913 73.000000
333 334 73.000000
598 620 73.000000
773 795 73.000000
935 936 73.000000
936 937 73.000000
937 938 73.000000
938 939 73.000000
939 940 73.000000
940 941 73.000000
1034 1056 73.000000
1475 1476 73.000000
1476 1477 73.000000
1477 1478 73.000000
1478 1479 73.000000
463 464 72.000000
881 903 72.000000
1061 10770 72.000000
259 260 71.000000
1036 10819 71.000000
1039 10961 71.000000
1061 10923 71.000000
1407 1429 71.000000
602 624 70.000000
1036 10392 70.000000
1071 1072 70.000000
1078 10883 70.000000
1016 10279 69.000000
1016 10426 69.000000
1016 10577 69.000000
1037 1059 69.000000
1041 10578 69.000000
1362 1384 69.000000
1384 1406 69.000000
384 406 68.000000
1016 10619 68.000000
1016 10879 68.000000
1224 1225 68.000000
308 329 67.000000
324 325 67.000000
325 326 67.000000
326 327 67.000000
327 328 67.000000
328 329 67.000000
1016 10532 67.000000
1095 1117 67.000000
1188 1210 67.000000
1000 1001 66.000000
1001 1002 66.000000
1002 1003 66.000000
1003 1004 66.000000
1004 1005 66.000000
1005 1006 66.000000
1006 1007 66.000000
119 141 65.000000
494 495 65.000000
495 496 65.000000
496 497 65.000000
497 498 65.000000
498 499 65.000000
1013 10250 65.000000
1013 10386 65.000000
1013 10575 65.000000
1013 10640 65.000000
1013 10831 65.000000
1038 1060 65.000000
1294 1316 65.000000
1518 1539 65.000000
1062 10959 64.000000
308 309 63.000000
309 310 63.000000
1039 10503 63.000000
1081 1103 63.000000
1013 10645 62.000000
1041 10436 62.000000
1163 1185 62.000000
114 136 61.000000
469 491 61.000000
564 565 61.000000
581 582 61.000000
582 583 61.000000
583 584 61.000000
584 585 61.000000
585 586 61.000000
586 587 61.000000
601 623 61.000000
902 924 61.000000
941 942 61.000000
1013 10268 61.000000
1035 10542 61.000000
1013 10270 60.000000
1013 10603 60.000000
1013 10808 60.000000
1013 10877 60.000000
1057 10949 60.000000
425 426 59.000000
426 427 59.000000
427 428 59.000000
838 860 59.000000
1013 10179 59.000000
1013 10718 59.000000
1013 10788 59.000000
70 92 58.000000
421 422 58.000000
422 423 58.000000
423 424 58.000000
424 425 58.000000
1040 10846 58.000000
1059 10668 58.000000
1147 1169 58.000000
1491 1513 58.000000
303 304 56.000000
1013 10509 56.000000
1022 1023 56.000000
1023 1024 56.000000
1024 1025 56.000000
1025 1026 56.000000
1026 1027 56.000000
447 469 55.000000
1035 10901 55.000000
550 572 54.000000
615 637 54.000000
904 926 54.000000
1319 1341 54.000000
1578 1579 54.000000
1579 1580 54.000000
1580 1581 54.000000
22 44 53.000000
411 433 53.000000
1013 10664 53.000000
1013 10965 53.000000
1014 10249 53.000000
1027 1028 53.000000
1035 10401 53.000000
1039 10456 52.000000
1061 10625 52.000000
1013 10298 51.000000
1013 10484 51.000000
1013 10568 51.000000
1013 10934 51.000000
1014 10821 51.000000
1028 1029 51.000000
1083 1105 51.000000
1165 1187 51.000000
1427 1449 51.000000
272 273 50.000000
877 899 50.000000
978 979 50.000000
979 980 50.000000
980 981 50.000000
981 982 50.000000
982 983 50.000000
983 984 50.000000
984 985 50.000000
1015 10953 50.000000
72 94 49.000000
302 303 49.000000
462 463 49.000000
819 820 49.000000
362 384 48.000000
819 841 48.000000
1061 10632 48.000000
557 579 47.000000
609 610 47.000000
610 611 47.000000
611 612 47.000000
612 613 47.000000
613 614 47.000000
614 615 47.000000
818 840 47.000000
1014 10694 47.000000
1 10566 46.000000
75 76 46.000000
1043 1044 46.000000
1044 1045 46.000000
1045 1046 46.000000
1046 1047 46.000000
1047 1048 46.000000
1048 1049 46.000000
1115 1116 46.000000
54 76 45.000000
108 10990 45.000000
160 182 45.000000
316 317 45.000000
317 318 45.000000
558 580 45.000000
1040 10927 45.000000
1518 1519 45.000000
550 571 44.000000
1049 1050 44.000000
1056 10842 44.000000
1 2 43.000000
2 3 43.000000
3 4 43.000000
4 5 43.000000
5 6 43.000000
6 7 43.000000
7 8 43.000000
8 9 43.000000
108 10827 43.000000
115 137 43.000000
311 333 43.000000
469 470 43.000000
470 471 43.000000
985 986 43.000000
1056 10575 43.000000
1383 1405 43.000000
860 882 42.000000
1341 1363 42.000000
690 691 41.000000
691 692 41.000000
692 693 41.000000
693 694 41.000000
694 695 41.000000
695 696 41.000000
1013 10841 41.000000
1160 1182 41.000000
108 10918 40.000000
154 176 40.000000
725 747 40.000000
1014 10148 40.000000
1017 10947 40.000000
1038 10600 40.000000
1123 1145 40.000000
1428 1450 40.000000
1 10826 39.000000
302 324 39.000000
334 356 39.000000
400 401 39.000000
401 402 39.000000
402 403 39.000000
594 616 39.000000
616 638 39.000000
1063 10778 39.000000
108 10801 38.000000
108 10869 38.000000
565 566 38.000000
566 567 38.000000
567 568 38.000000
568 569 38.000000
1034 10565 38.000000
1035 10955 38.000000
1036 10415 38.000000
1036 10689 38.000000
1036 10850 38.000000
1192 1193 38.000000
1209 1231 38.000000
468 469 37.000000
569 570 37.000000
570 571 37.000000
687 709 37.000000
1008 10711 37.000000
1035 10357 37.000000
1035 10721 37.000000
1035 10811 37.000000
1035 10949 37.000000
1451 1473 37.000000
1 10767 36.000000
1 10794 36.000000
702 703 36.000000
965 987 36.000000
1036 10618 36.000000
108 10802 35.000000
249 271 35.000000
442 443 35.000000
1012 1034 35.000000
1017 10886 35.000000
1058 10819 35.000000
1453 1475 35.000000
10 32 34.000000
359 360 34.000000
360 361 34.000000
361 362 34.000000
521 522 34.000000
522 523 34.000000
523 524 34.000000
524 525 34.000000
846 847 34.000000
847 848 34.000000
848 849 34.000000
849 850 34.000000
850 851 34.000000
851 852 34.000000
852 853 34.000000
853 854 34.000000
854 855 34.000000
1034 10842 34.000000
1079 1101 34.000000
318 319 33.000000
319 320 33.000000
320 321 33.000000
321 322 33.000000
322 323 33.000000
323 324 33.000000
1017 10502 33.000000
1035 10659 33.000000
1170 1192 33.000000
1272 1294 33.000000
355 377 32.000000
399 400 32.000000
514 536 32.000000
861 883 32.000000
909 931 32.000000
1014 10392 32.000000
1014 10446 32.000000
1059 10985 32.000000
1079 10850 32.000000
294 295 31.000000
295 296 31.000000
296 297 31.000000
297 298 31.000000
298 299 31.000000
299 300 31.000000
300 301 31.000000
301 302 31.000000
403 404 31.000000
404 405 31.000000
405 406 31.000000
499 500 31.000000
1083 10869 31.000000
205 227 30.000000
602 603 30.000000
659 681 30.000000
750 772 30.000000
1029 10635 30.000000
1038 10609 30.000000
1038 10924 30.000000
1161 1183 30.000000
1425 1426 30.000000
441 442 29.000000
464 465 29.000000
465 466 29.000000
466 467 29.000000
467 468 29.000000
730 752 29.000000
1056 10726 29.000000
1094 1116 29.000000
1169 1191 29.000000
1340 1362 29.000000
22 23 28.000000
23 24 28.000000
24 25 28.000000
25 26 28.000000
248 270 28.000000
1007 1029 28.000000
1041 1063 28.000000
1057 10681 28.000000
774 796 27.000000
858 880 27.000000
925 947 27.000000
1020 10324 27.000000
1038 10398 27.000000
1050 1051 27.000000
1 10963 26.000000
50 72 26.000000
468 490 26.000000
620 642 26.000000
1013 10745 26.000000
1014 10752 26.000000
1029 10856 26.000000
1056 10718 26.000000
1056 10788 26.000000
1279 1301 26.000000
1294 1295 26.000000
162 184 25.000000
603 604 25.000000
604 605 25.000000
605 606 25.000000
606 607 25.000000
607 608 25.000000
608 609 25.000000
1017 10329 25.000000
1017 10358 25.000000
1017 10375 25.000000
1017 10379 25.000000
1017 10488 25.000000
1017 10740 25.000000
1017 10818 25.000000
1017 10863 25.000000
1022 10378 25.000000
1057 10694 25.000000
1058 10689 25.000000
1058 10850 25.000000
1059 10661 25.000000
1342 1364 25.000000
1013 10225 24.000000
1013 10505 24.000000
1013 10506 24.000000
1013 10783 24.000000
1013 10883 24.000000
1017 10203 24.000000
1017 10398 24.000000
1056 10565 24.000000
1056 10831 24.000000
1057 10721 24.000000
1057 10821 24.000000
1057 10955 24.000000
1058 10618 24.000000
1078 10955 24.000000
1298 1320 24.000000
1405 1427 24.000000
228 250 23.000000
381 382 23.000000
382 383 23.000000
383 384 23.000000
703 725 23.000000
817 839 23.000000
913 935 23.000000
1017 10600 23.000000
1017 10609 23.000000
1017 10924 23.000000
1056 10783 23.000000
1078 1100 23.000000
595 617 22.000000
603 625 22.000000
658 659 22.000000
887 888 22.000000
888 889 22.000000
889 890 22.000000
1040 1062 22.000000
1050 1072 22.000000
1057 10659 22.000000
1057 10811 22.000000
1127 1149 22.000000
1214 1215 22.000000
1215 1216 22.000000
1216 1217 22.000000
1217 1218 22.000000
1218 1219 22.000000
1219 1220 22.000000
1220 1221 22.000000
1221 1222 22.000000
1222 1223 22.000000
1223 1224 22.000000
506 528 21.000000
551 573 21.000000
824 846 21.000000
1039 10995 21.000000
1052 10731 21.000000
1339 1361 21.000000
1538 1560 21.000000
120 142 20.000000
506 527 20.000000
525 526 20.000000
526 527 20.000000
952 974 20.000000
1014 10901 20.000000
1058 10953 20.000000
1083 10845 20.000000
11 33 19.000000
280 302 19.000000
665 687 19.000000
913 914 19.000000
914 915 19.000000
915 916 19.000000
916 917 19.000000
917 918 19.000000
918 919 19.000000
919 920 19.000000
1083 10899 19.000000
1083 10936 19.000000
1449 1471 19.000000
1534 1556 19.000000
193 215 18.000000
1013 10369 18.000000
1014 10542 18.000000
1019 10927 18.000000
1099 1121 18.000000
1187 1209 18.000000
140 162 17.000000
484 485 17.000000
581 603 17.000000
769 791 17.000000
1008 10150 17.000000
1013 10256 17.000000
1013 10280 17.000000
1014 10982 17.000000
1018 10259 17.000000
1018 10995 17.000000
1036 10413 17.000000
1038 10696 17.000000
1041 10778 17.000000
1078 10811 17.000000
1495 1517 17.000000
26 27 16.000000
27 28 16.000000
28 29 16.000000
29 30 16.000000
30 31 16.000000
31 32 16.000000
41 63 16.000000
107 10997 16.000000
227 249 16.000000
406 407 16.000000
407 408 16.000000
408 409 16.000000
409 410 16.000000
410 411 16.000000
419 420 16.000000
920 921 16.000000
1014 10487 16.000000
1014 10554 16.000000
1072 1094 16.000000
418 419 15.000000
418 439 15.000000
428 450 15.000000
433 434 15.000000
434 435 15.000000
435 436 15.000000
436 437 15.000000
437 438 15.000000
438 439 15.000000
1008 1030 15.000000
1013 10331 15.000000
1013 10450 15.000000
1013 10777 15.000000
1013 10810 15.000000
1013 10902 15.000000
1013 10921 15.000000
1014 10529 15.000000
1014 10665 15.000000
1081 10917 15.000000
1231 1253 15.000000
1555 1556 15.000000
337 338 14.000000
338 339 14.000000
339 340 14.000000
340 362 14.000000
352 353 14.000000
352 373 14.000000
353 354 14.000000
368 369 14.000000
369 370 14.000000
370 371 14.000000
371 372 14.000000
372 373 14.000000
644 666 14.000000
675 676 14.000000
676 677 14.000000
677 678 14.000000
678 679 14.000000
679 680 14.000000
906 928 14.000000
1013 10380 14.000000
1013 10476 14.000000
1013 10848 14.000000
1035 10554 14.000000
1078 10816 14.000000
1078 10848 14.000000
1078 10902 14.000000
1078 10921 14.000000
1078 10946 14.000000
1078 10949 14.000000
1078 10951 14.000000
1078 10969 14.000000
1079 10901 14.000000
1079 10982 14.000000
1386 1408 14.000000
1410 1411 14.000000
425 447 13.000000
428 429 13.000000
429 430 13.000000
430 431 13.000000
431 432 13.000000
432 433 13.000000
680 681 13.000000
946 968 13.000000
1000 10090 13.000000
1008 10272 13.000000
1008 10411 13.000000
1013 10946 13.000000
1013 10951 13.000000
1013 10969 13.000000
1014 10330 13.000000
1039 10481 13.000000
1039 10997 13.000000
1062 10840 13.000000
1074 1096 13.000000
1078 10810 13.000000
1116 1138 13.000000
1236 1258 13.000000
26 48 12.000000
173 195 12.000000
318 340 12.000000
340 341 12.000000
341 342 12.000000
342 343 12.000000
343 344 12.000000
344 345 12.000000
403 425 12.000000
420 421 12.000000
449 471 12.000000
471 493 12.000000
511 533 12.000000
638 660 12.000000
688 710 12.000000
824 825 12.000000
825 826 12.000000
826 827 12.000000
827 828 12.000000
828 829 12.000000
829 830 12.000000
830 831 12.000000
831 832 12.000000
832 833 12.000000
883 905 12.000000
920 942 12.000000
941 963 12.000000
1013 10703 12.000000
1013 10775 12.000000
1013 10816 12.000000
1014 10618 12.000000
1050 10592 12.000000
1056 10664 12.000000
1056 10934 12.000000
1056 10965 12.000000
1083 10840 12.000000
1083 10961 12.000000
1096 1118 12.000000
1121 1143 12.000000
131 153 11.000000
198 220 11.000000
258 280 11.000000
448 470 11.000000
470 492 11.000000
968 990 11.000000
1019 10846 11.000000
1052 1074 11.000000
1056 10568 11.000000
1056 10903 11.000000
1558 1580 11.000000
113 135 10.000000
236 258 10.000000
587 588 10.000000
588 589 10.000000
589 590 10.000000
590 591 10.000000
591 592 10.000000
592 593 10.000000
890 891 10.000000
891 892 10.000000
892 893 10.000000
893 894 10.000000
894 895 10.000000
895 896 10.000000
896 897 10.000000
897 898 10.000000
898 899 10.000000
1018 10997 10.000000
1039 10409 10.000000
1040 10403 10.000000
157 179 9.000000
565 587 9.000000
798 799 9.000000
1007 10161 9.000000
1034 10386 9.000000
1035 1057 9.000000
1036 10459 9.000000
1078 10841 9.000000
1126 1148 9.000000
1175 1176 9.000000
1176 1177 9.000000
1177 1178 9.000000
1178 1179 9.000000
1179 1180 9.000000
1426 1448 9.000000
1550 1572 9.000000
117 139 8.000000
312 334 8.000000
478 500 8.000000
556 578 8.000000
943 965 8.000000
954 976 8.000000
1007 10276 8.000000
1035 10982 8.000000
1037 10577 8.000000
1037 10985 8.000000
1040 10607 8.000000
1056 10775 8.000000
1115 1137 8.000000
1193 1194 8.000000
1194 1195 8.000000
1195 1196 8.000000
1196 1197 8.000000
1197 1198 8.000000
1198 1199 8.000000
1199 1200 8.000000
1200 1201 8.000000
1201 1202 8.000000
1202 1203 8.000000
1470 1492 8.000000
1550 1551 8.000000
1551 1552 8.000000
1552 1553 8.000000
1553 1554 8.000000
1554 1555 8.000000
491 513 7.000000
543 565 7.000000
593 615 7.000000
625 626 7.000000
626 627 7.000000
627 628 7.000000
628 629 7.000000
629 630 7.000000
630 631 7.000000
645 667 7.000000
802 824 7.000000
972 994 7.000000
1008 10932 7.000000
1013 10721 7.000000
1013 10955 7.000000
1035 10529 7.000000
1035 10665 7.000000
1036 10953 7.000000
1057 1079 7.000000
1062 10961 7.000000
1100 1122 7.000000
1430 1452 7.000000
19 41 6.000000
171 193 6.000000
471 472 6.000000
472 473 6.000000
473 474 6.000000
474 475 6.000000
475 476 6.000000
476 477 6.000000
600 622 6.000000
811 812 6.000000
821 843 6.000000
908 930 6.000000
969 991 6.000000
971 993 6.000000
1008 10731 6.000000
1013 10357 6.000000
1013 10811 6.000000
1013 10949 6.000000
1052 10932 6.000000
1056 1078 6.000000
1102 1124 6.000000
1295 1317 6.000000
1343 1365 6.000000
1494 1516 6.000000
149 171 5.000000
375 376 5.000000
376 377 5.000000
377 378 5.000000
378 379 5.000000
379 380 5.000000
380 381 5.000000
482 504 5.000000
515 537 5.000000
549 571 5.000000
799 800 5.000000
800 801 5.000000
801 802 5.000000
843 865 5.000000
865 887 5.000000
1007 10635 5.000000
1007 10856 5.000000
1013 10659 5.000000
1034 10357 5.000000
1035 10821 5.000000
1036 10979 5.000000
1037 10668 5.000000
1049 1071 5.000000
13 1575 4.000000
286 308 4.000000
289 311 4.000000
485 507 4.000000
799 821 4.000000
812 834 4.000000
820 821 4.000000
886 908 4.000000
927 949 4.000000
1385 1407 4.000000
110 132 3.000000
384 385 3.000000
385 386 3.000000
386 387 3.000000
387 388 3.000000
388 389 3.000000
389 411 3.000000
572 593 3.000000
646 647 3.000000
647 648 3.000000
648 649 3.000000
649 650 3.000000
650 651 3.000000
651 652 3.000000
652 653 3.000000
668 669 3.000000
669 670 3.000000
670 671 3.000000
671 672 3.000000
672 673 3.000000
673 674 3.000000
674 675 3.000000
681 703 3.000000
1008 10207 3.000000
1008 10474 3.000000
1027 1049 3.000000
1034 10645 3.000000
1034 10946 3.000000
1034 10949 3.000000
1035 10493 3.000000
1035 10752 3.000000
1082 1104 3.000000
1105 1127 3.000000
512 534 2.000000
631 632 2.000000
632 633 2.000000
633 634 2.000000
634 635 2.000000
635 636 2.000000
636 637 2.000000
755 756 2.000000
756 757 2.000000
757 758 2.000000
758 780 2.000000
780 802 2.000000
816 838 2.000000
821 822 2.000000
822 823 2.000000
823 824 2.000000
891 913 2.000000
911 912 2.000000
912 913 2.000000
942 964 2.000000
1016 1038 2.000000
1028 1050 2.000000
1034 10380 2.000000
1034 10450 2.000000
1034 10476 2.000000
1034 10522 2.000000
1034 10603 2.000000
1034 10640 2.000000
1034 10703 2.000000
1034 10738 2.000000
1034 10777 2.000000
1034 10808 2.000000
1034 10810 2.000000
1034 10816 2.000000
1034 10841 2.000000
1034 10848 2.000000
1034 10877 2.000000
1034 10902 2.000000
1034 10921 2.000000
1034 10951 2.000000
1034 10969 2.000000
1073 1095 2.000000
1171 1193 2.000000
1338 1360 2.000000
74 96 1.000000
450 451 1.000000
451 452 1.000000
452 453 1.000000
453 454 1.000000
454 455 1.000000
455 477 1.000000
554 576 1.000000
680 702 1.000000
754 755 1.000000
947 969 1.000000
953 975 1.000000
1008 10391 1.000000
1008 10590 1.000000
1035 10681 1.000000
1035 10694 1.000000
1119 1141 1.000000
1141 1163 1.000000
1159 1181 1.000000
1382 1404 1.000000
1432 1433 1.000000
1433 1434 1.000000
1434 1435 1.000000
1435 1436 1.000000
1436 1458 1.000000
1501 1502 1.000000
1502 1503 1.000000
1503 1504 1.000000
1504 1505 1.000000
1505 1506 1.000000
1506 1528 1.000000
1528 1550 1.000000
1535 1557 1.000000
1557 1579 1.000000
