187 188 19789.000000
188 189 19789.000000
189 190 19789.000000
983 984 17512.000000
186 187 17387.000000
190 191 14368.000000
1202 1203 12882.000000
1159 1160 12807.000000
982 983 12394.000000
1158 1159 11834.000000
231 232 10820.000000
232 233 10820.000000
233 234 10820.000000
1246 1247 10589.000000
1157 1158 10175.000000
1180 1181 9986.000000
1179 1180 9906.000000
1178 1179 9553.000000
1201 1202 9436.000000
208 209 9217.000000
209 210 9217.000000
210 211 9217.000000
211 212 9217.000000
191 192 9014.000000
939 940 8912.000000
981 982 8768.000000
847 848 8692.000000
848 849 8692.000000
1200 1201 8449.000000
1136 1137 8251.000000
97 98 8178.000000
53 54 8153.000000
1177 1178 7983.000000
1223 1224 7795.000000
234 235 7705.000000
1115 1116 7647.000000
1199 1200 7635.000000
165 166 7557.000000
166 167 7557.000000
167 168 7557.000000
168 169 7557.000000
1328 1329 7445.000000
1329 1330 7445.000000
940 941 7437.000000
1026 1027 7436.000000
235 236 7354.000000
1245 1246 7320.000000
1222 1223 7156.000000
31 32 7125.000000
1372 1373 7112.000000
1224 1225 7056.000000
803 804 7051.000000
804 805 7051.000000
805 806 7051.000000
1244 1245 6929.000000
849 850 6901.000000
1004 1005 6901.000000
1203 1204 6842.000000
230 231 6771.000000
1135 1136 6747.000000
984 985 6639.000000
1156 1157 6591.000000
1027 1028 6523.000000
164 165 6503.000000
1373 1374 6492.000000
192 193 6468.000000
10 11 6455.000000
322 323 6440.000000
75 76 6437.000000
1197 1198 6316.000000
1195 1196 6283.000000
207 208 6275.000000
1003 1004 6120.000000
1198 1199 6048.000000
1196 1197 6008.000000
1330 1331 5984.000000
7 8 5950.000000
1071 1072 5900.000000
1114 1115 5899.000000
1070 1071 5871.000000
163 164 5867.000000
938 939 5833.000000
846 847 5810.000000
1221 1222 5785.000000
1243 1244 5716.000000
894 895 5631.000000
6 7 5614.000000
279 280 5600.000000
1483 1484 5578.000000
8 9 5521.000000
190 212 5421.000000
1374 1375 5416.000000
850 851 5411.000000
1218 1219 5395.000000
96 97 5390.000000
236 237 5365.000000
961 962 5324.000000
1028 1029 5318.000000
1025 1026 5243.000000
1113 1114 5153.000000
895 896 5137.000000
212 213 5129.000000
1216 1217 5127.000000
1217 1218 5127.000000
825 826 5116.000000
826 827 5116.000000
142 143 5065.000000
1137 1138 5005.000000
1176 1177 4952.000000
143 144 4916.000000
144 145 4916.000000
145 146 4916.000000
146 147 4916.000000
1239 1240 4813.000000
1219 1220 4793.000000
74 75 4742.000000
1112 1113 4706.000000
1242 1243 4693.000000
1375 1376 4693.000000
1240 1241 4678.000000
845 846 4669.000000
1241 1242 4612.000000
185 186 4565.000000
824 825 4565.000000
1482 1483 4519.000000
1194 1195 4517.000000
1332 1333 4434.000000
1005 1006 4368.000000
960 961 4330.000000
1134 1135 4321.000000
890 891 4306.000000
891 892 4306.000000
892 893 4306.000000
1220 1221 4301.000000
213 214 4265.000000
985 986 4262.000000
1331 1332 4250.000000
1333 1334 4240.000000
229 230 4223.000000
1002 1003 4221.000000
1262 1263 4216.000000
823 824 4167.000000
1527 1528 4013.000000
912 913 4003.000000
913 914 4003.000000
802 803 3965.000000
937 938 3932.000000
916 917 3931.000000
1047 1048 3836.000000
1173 1174 3827.000000
1174 1175 3827.000000
1116 1117 3801.000000
1072 1073 3783.000000
1046 1047 3722.000000
1526 1527 3720.000000
828 829 3707.000000
1175 1176 3706.000000
959 960 3704.000000
1418 1419 3675.000000
998 999 3640.000000
1000 1001 3640.000000
1001 1002 3640.000000
1267 1268 3628.000000
1350 1351 3616.000000
1263 1264 3611.000000
237 238 3607.000000
915 916 3593.000000
1260 1261 3593.000000
1311 1312 3591.000000
806 807 3582.000000
1155 1156 3568.000000
1289 1290 3531.000000
1020 1021 3525.000000
1021 1022 3525.000000
1022 1023 3525.000000
147 148 3521.000000
387 388 3519.000000
1238 1239 3507.000000
1215 1216 3496.000000
1266 1267 3494.000000
914 915 3448.000000
1288 1289 3440.000000
1133 1134 3435.000000
5 6 3381.000000
977 978 3363.000000
978 979 3363.000000
979 980 3363.000000
1306 1307 3362.000000
897 919 3358.000000
610 611 3350.000000
323 324 3347.000000
807 808 3345.000000
1310 1311 3334.000000
851 852 3323.000000
1048 1049 3319.000000
760 761 3291.000000
761 762 3291.000000
54 55 3279.000000
893 894 3268.000000
1068 1069 3243.000000
1069 1070 3242.000000
1481 1482 3242.000000
896 897 3223.000000
32 33 3218.000000
1351 1352 3217.000000
280 281 3201.000000
1309 1310 3199.000000
653 654 3163.000000
1029 1030 3155.000000
781 782 3137.000000
782 783 3137.000000
783 784 3137.000000
1049 1050 3123.000000
607 608 3091.000000
608 609 3091.000000
609 610 3091.000000
1525 1526 3051.000000
654 655 3012.000000
205 206 2997.000000
1259 1260 2954.000000
52 53 2930.000000
980 981 2918.000000
1290 1291 2903.000000
934 935 2873.000000
935 936 2873.000000
936 937 2873.000000
1261 1262 2868.000000
759 760 2809.000000
1287 1288 2807.000000
1462 1463 2781.000000
274 275 2773.000000
275 276 2773.000000
276 277 2773.000000
277 278 2773.000000
917 918 2750.000000
1417 1418 2736.000000
1265 1266 2716.000000
1264 1265 2709.000000
827 828 2698.000000
1050 1051 2686.000000
1376 1377 2680.000000
868 869 2675.000000
869 870 2675.000000
870 871 2675.000000
249 250 2649.000000
206 207 2632.000000
1159 1181 2628.000000
1307 1308 2608.000000
169 170 2596.000000
1023 1024 2595.000000
162 163 2559.000000
141 142 2551.000000
632 633 2538.000000
911 912 2530.000000
676 677 2495.000000
324 325 2476.000000
1172 1173 2470.000000
1284 1285 2446.000000
1285 1286 2446.000000
278 279 2440.000000
1093 1094 2371.000000
193 194 2365.000000
1396 1397 2360.000000
98 99 2352.000000
629 630 2350.000000
630 631 2350.000000
1416 1417 2330.000000
758 759 2312.000000
184 185 2288.000000
631 632 2288.000000
872 873 2236.000000
1154 1155 2235.000000
141 163 2198.000000
1116 1138 2197.000000
1151 1152 2190.000000
1152 1153 2187.000000
1153 1154 2186.000000
918 919 2179.000000
986 987 2164.000000
1286 1287 2163.000000
889 890 2159.000000
1524 1525 2140.000000
1352 1353 2136.000000
1181 1182 2133.000000
1397 1398 2127.000000
11 12 2117.000000
54 76 2100.000000
1092 1093 2086.000000
1091 1092 2055.000000
1548 1549 2003.000000
214 215 1983.000000
1353 1354 1970.000000
976 977 1967.000000
1461 1462 1945.000000
1308 1309 1938.000000
1024 1025 1928.000000
76 77 1923.000000
120 121 1907.000000
1117 1118 1899.000000
1354 1355 1897.000000
633 634 1893.000000
215 216 1887.000000
829 830 1865.000000
194 195 1861.000000
1090 1091 1804.000000
589 590 1795.000000
940 962 1795.000000
1132 1133 1784.000000
1398 1399 1784.000000
634 635 1774.000000
955 956 1765.000000
956 957 1765.000000
957 958 1765.000000
677 678 1762.000000
1160 1161 1761.000000
1150 1151 1755.000000
542 543 1750.000000
543 544 1750.000000
544 545 1750.000000
50 51 1741.000000
51 52 1741.000000
720 721 1734.000000
1547 1548 1728.000000
250 251 1717.000000
1484 1485 1714.000000
807 829 1710.000000
1549 1550 1603.000000
954 955 1601.000000
1193 1194 1599.000000
30 31 1573.000000
271 272 1568.000000
1460 1461 1564.000000
148 170 1546.000000
1394 1395 1545.000000
1282 1283 1540.000000
216 217 1530.000000
910 911 1529.000000
1459 1460 1518.000000
1007 1008 1502.000000
10 32 1495.000000
10 10118 1495.000000
762 763 1494.000000
1006 1007 1481.000000
1377 1378 1480.000000
719 720 1478.000000
1528 1529 1477.000000
1355 1356 1476.000000
195 196 1473.000000
721 722 1457.000000
1440 1441 1455.000000
808 809 1449.000000
281 282 1445.000000
780 781 1445.000000
655 656 1442.000000
933 934 1442.000000
716 717 1439.000000
717 718 1439.000000
282 283 1437.000000
228 229 1420.000000
1073 1074 1417.000000
252 253 1416.000000
253 254 1416.000000
254 255 1416.000000
255 256 1416.000000
1203 1225 1415.000000
1283 1284 1414.000000
1415 1416 1410.000000
718 719 1402.000000
147 169 1395.000000
867 868 1386.000000
1070 10796 1386.000000
1138 1139 1384.000000
1030 1031 1370.000000
764 765 1362.000000
237 259 1350.000000
737 738 1338.000000
738 739 1338.000000
739 740 1338.000000
694 695 1331.000000
695 696 1331.000000
801 802 1330.000000
851 873 1325.000000
1129 1130 1323.000000
1130 1131 1323.000000
1131 1132 1323.000000
1051 1052 1322.000000
227 228 1318.000000
1268 1269 1315.000000
272 273 1314.000000
273 274 1314.000000
1281 1282 1303.000000
410 411 1299.000000
1505 1506 1298.000000
763 764 1289.000000
279 301 1288.000000
409 410 1285.000000
1072 1094 1284.000000
120 142 1265.000000
1095 1096 1261.000000
1306 1328 1250.000000
1504 1505 1244.000000
283 284 1242.000000
302 303 1234.000000
119 141 1230.000000
1395 1396 1221.000000
238 239 1214.000000
49 50 1211.000000
1064 1065 1211.000000
1065 1066 1211.000000
1066 1067 1211.000000
784 785 1209.000000
1171 1172 1209.000000
1463 1464 1202.000000
251 252 1198.000000
1438 1439 1196.000000
173 174 1193.000000
871 872 1181.000000
1085 1086 1177.000000
1086 1087 1177.000000
1087 1088 1177.000000
1088 1089 1177.000000
1419 1420 1177.000000
193 215 1175.000000
693 694 1175.000000
171 172 1170.000000
172 173 1170.000000
785 786 1169.000000
1002 10407 1149.000000
1439 1440 1140.000000
779 780 1137.000000
958 959 1136.000000
545 546 1130.000000
366 367 1115.000000
692 693 1115.000000
323 345 1108.000000
1025 10331 1105.000000
852 874 1100.000000
256 257 1089.000000
656 657 1088.000000
1026 10752 1088.000000
1111 1112 1081.000000
303 304 1079.000000
873 874 1065.000000
1094 1095 1061.000000
304 305 1058.000000
27 28 1045.000000
28 29 1045.000000
29 30 1045.000000
962 963 1044.000000
249 271 1032.000000
997 998 1017.000000
1237 1238 1016.000000
590 591 991.000000
715 716 991.000000
257 258 968.000000
1546 1547 966.000000
823 845 965.000000
611 612 961.000000
388 389 960.000000
170 171 953.000000
1334 1335 950.000000
1003 10811 949.000000
1042 1043 945.000000
1043 1044 945.000000
1044 1045 945.000000
1393 1394 944.000000
1025 10703 936.000000
192 214 934.000000
110 111 933.000000
110 131 933.000000
111 112 933.000000
112 113 933.000000
113 114 933.000000
114 115 933.000000
115 116 933.000000
116 117 933.000000
698 699 930.000000
1023 1045 930.000000
258 259 926.000000
546 547 926.000000
1503 1504 919.000000
217 218 916.000000
786 787 916.000000
325 326 896.000000
66 67 891.000000
67 68 891.000000
68 69 891.000000
69 70 891.000000
697 698 887.000000
119 120 881.000000
191 213 881.000000
239 240 872.000000
1045 1046 864.000000
148 149 862.000000
736 737 862.000000
1089 1090 857.000000
699 700 854.000000
248 249 837.000000
242 243 832.000000
242 263 832.000000
243 244 832.000000
244 245 832.000000
245 246 832.000000
246 247 832.000000
247 248 832.000000
262 263 832.000000
765 766 827.000000
672 673 819.000000
673 674 819.000000
674 675 819.000000
161 162 817.000000
1005 10199 817.000000
281 303 805.000000
1464 1465 805.000000
369 370 794.000000
1480 1481 789.000000
678 679 788.000000
606 607 766.000000
1029 1051 765.000000
1096 1097 764.000000
1097 1098 764.000000
142 164 755.000000
1204 1205 749.000000
1003 10280 747.000000
1258 1259 743.000000
547 548 736.000000
742 743 733.000000
741 742 725.000000
1067 1068 724.000000
205 227 721.000000
66 87 715.000000
649 650 712.000000
368 369 709.000000
1004 10953 708.000000
154 155 702.000000
154 175 702.000000
155 156 702.000000
156 157 702.000000
157 158 702.000000
158 159 702.000000
159 160 702.000000
160 161 702.000000
1084 1085 699.000000
635 636 695.000000
1019 1020 691.000000
316 317 688.000000
317 318 688.000000
318 319 688.000000
319 320 688.000000
320 321 688.000000
321 322 688.000000
1128 1129 686.000000
714 715 676.000000
1437 1438 676.000000
367 368 656.000000
1028 1050 654.000000
1002 10565 653.000000
675 676 645.000000
370 371 644.000000
1030 1052 642.000000
186 208 638.000000
1004 10487 637.000000
648 649 636.000000
1162 1163 636.000000
1163 1164 636.000000
301 302 627.000000
1149 1150 624.000000
1529 1530 616.000000
53 75 612.000000
1441 1442 611.000000
1349 1350 606.000000
176 177 605.000000
176 197 605.000000
177 178 605.000000
178 179 605.000000
179 180 605.000000
180 181 605.000000
181 182 605.000000
183 184 605.000000
1182 1183 604.000000
11 33 602.000000
1247 1269 598.000000
236 258 597.000000
1506 1507 597.000000
182 183 593.000000
628 629 593.000000
55 77 591.000000
326 327 590.000000
1161 1162 590.000000
696 697 587.000000
650 651 573.000000
651 652 573.000000
652 653 573.000000
941 963 552.000000
1107 1108 550.000000
1108 1109 550.000000
1109 1110 550.000000
76 98 541.000000
585 586 539.000000
586 587 539.000000
587 588 539.000000
588 589 539.000000
345 346 533.000000
1551 1552 530.000000
894 916 529.000000
1550 1551 529.000000
70 71 528.000000
743 744 528.000000
149 150 525.000000
150 151 525.000000
1026 10330 523.000000
612 613 522.000000
1139 1140 521.000000
1140 1141 521.000000
1141 1142 521.000000
605 606 517.000000
22 43 515.000000
22 23 513.000000
23 24 513.000000
24 25 513.000000
25 26 513.000000
591 592 512.000000
627 628 512.000000
671 672 510.000000
194 216 504.000000
389 390 499.000000
987 988 497.000000
988 989 497.000000
1005 10985 497.000000
896 918 496.000000
196 197 495.000000
240 262 492.000000
431 432 488.000000
830 831 488.000000
941 942 483.000000
1205 1206 483.000000
1206 1207 483.000000
1207 1208 483.000000
548 570 480.000000
1002 10136 479.000000
1160 1182 479.000000
1247 1248 477.000000
1025 10401 476.000000
259 260 470.000000
260 261 470.000000
1026 10421 468.000000
71 72 467.000000
72 73 467.000000
722 723 467.000000
127 128 464.000000
128 129 464.000000
129 130 464.000000
1568 1569 463.000000
1567 1568 458.000000
126 127 453.000000
1110 1111 453.000000
1019 10635 452.000000
740 741 450.000000
1549 1571 446.000000
365 366 442.000000
1009 1010 442.000000
162 184 440.000000
1008 1009 440.000000
118 119 435.000000
850 872 435.000000
635 657 431.000000
26 27 428.000000
968 989 428.000000
678 700 427.000000
1005 10143 426.000000
1118 1119 423.000000
1119 1120 423.000000
1120 1121 423.000000
1106 1107 422.000000
1485 1486 420.000000
88 89 419.000000
89 90 419.000000
90 91 419.000000
91 92 419.000000
92 93 419.000000
93 94 419.000000
94 95 419.000000
95 96 419.000000
1042 10932 419.000000
121 122 417.000000
122 123 417.000000
123 124 417.000000
124 125 417.000000
125 126 417.000000
33 55 415.000000
1049 10696 415.000000
1026 10415 412.000000
1214 1215 408.000000
1047 10493 407.000000
1003 10399 406.000000
226 227 402.000000
234 256 402.000000
250 272 401.000000
347 348 394.000000
1115 1137 393.000000
220 221 388.000000
220 241 388.000000
221 222 388.000000
222 223 388.000000
223 224 388.000000
224 225 388.000000
225 226 388.000000
852 853 388.000000
1047 10901 388.000000
390 391 387.000000
391 392 387.000000
1208 1209 387.000000
1117 1139 382.000000
1305 1306 380.000000
762 784 379.000000
1172 1194 378.000000
10 10398 376.000000
1053 1054 374.000000
1020 10944 373.000000
1302 1303 372.000000
1303 1304 372.000000
1304 1305 372.000000
1052 1053 371.000000
1019 10856 368.000000
1006 10600 366.000000
315 316 362.000000
1553 1554 362.000000
1554 1555 362.000000
1555 1556 362.000000
117 118 361.000000
73 74 359.000000
1041 1042 358.000000
32 54 357.000000
932 933 356.000000
1025 10256 356.000000
1028 10609 349.000000
348 349 347.000000
346 347 346.000000
1188 1189 342.000000
1188 1209 342.000000
1189 1190 342.000000
1190 1191 342.000000
1191 1192 342.000000
132 133 340.000000
132 153 340.000000
133 134 340.000000
134 135 340.000000
135 136 340.000000
136 137 340.000000
137 138 340.000000
138 139 340.000000
1074 1075 340.000000
1127 1128 340.000000
227 249 338.000000
31 53 337.000000
1026 10392 337.000000
1442 1443 332.000000
196 218 331.000000
545 567 330.000000
1008 10561 330.000000
1031 1032 330.000000
1032 1033 330.000000
1064 10731 330.000000
48 49 327.000000
327 349 326.000000
584 585 325.000000
10 10279 323.000000
1026 10413 323.000000
942 943 321.000000
171 193 319.000000
759 781 318.000000
1008 10844 315.000000
1024 10565 315.000000
1004 1026 314.000000
1026 10689 314.000000
10 10335 312.000000
1026 10953 312.000000
541 542 311.000000
264 265 310.000000
264 285 310.000000
265 266 310.000000
266 267 310.000000
267 268 310.000000
268 269 310.000000
284 285 310.000000
10 10763 309.000000
269 270 308.000000
270 271 308.000000
1026 10850 306.000000
151 152 304.000000
1002 10386 303.000000
1031 10436 303.000000
322 344 302.000000
1008 10327 299.000000
1031 10583 299.000000
1074 10751 297.000000
235 257 296.000000
1186 1187 296.000000
1069 1091 295.000000
559 560 294.000000
560 561 294.000000
30 52 293.000000
895 917 293.000000
1166 1167 292.000000
1166 1187 292.000000
1167 1168 292.000000
1168 1169 292.000000
1169 1170 292.000000
261 262 291.000000
139 140 290.000000
1027 10577 290.000000
10 10532 289.000000
1486 1487 289.000000
216 238 288.000000
326 348 288.000000
1420 1421 286.000000
1020 10852 285.000000
1040 1041 285.000000
1183 1184 285.000000
1184 1185 285.000000
1185 1186 285.000000
1375 1397 282.000000
1265 1287 281.000000
1030 10678 280.000000
1262 1284 280.000000
1196 1218 278.000000
163 185 277.000000
10 10619 276.000000
1020 10835 275.000000
1350 1372 275.000000
589 611 274.000000
1073 10981 274.000000
1462 1484 274.000000
183 205 272.000000
610 632 272.000000
1029 10997 266.000000
498 499 265.000000
499 500 265.000000
500 501 265.000000
1236 1237 265.000000
1005 10613 264.000000
1545 1546 262.000000
140 162 261.000000
1008 10431 260.000000
1240 1262 259.000000
10 10593 258.000000
548 549 256.000000
10 10879 255.000000
152 153 255.000000
766 767 255.000000
1027 10668 254.000000
1049 10613 253.000000
258 280 252.000000
1020 10731 252.000000
345 367 251.000000
1006 10818 251.000000
1020 10590 251.000000
1029 10481 251.000000
1006 10203 250.000000
1507 1508 249.000000
198 199 248.000000
198 219 248.000000
199 200 248.000000
200 201 248.000000
201 202 248.000000
202 203 248.000000
203 204 248.000000
204 205 248.000000
218 219 248.000000
1020 10391 248.000000
1072 10947 247.000000
1072 10762 246.000000
1072 10998 246.000000
808 830 245.000000
262 284 243.000000
962 984 242.000000
1008 10553 242.000000
1170 1171 242.000000
1569 1570 240.000000
1008 10340 239.000000
1523 1524 239.000000
10 10426 238.000000
75 97 238.000000
765 787 238.000000
1006 10310 238.000000
1006 10329 238.000000
1006 10375 238.000000
1052 10578 238.000000
700 701 237.000000
1006 10398 237.000000
10 10486 236.000000
1006 10358 235.000000
1006 10379 235.000000
1006 10863 235.000000
943 944 234.000000
944 945 234.000000
1052 10778 234.000000
1006 10363 231.000000
1050 10947 231.000000
581 582 230.000000
1052 10751 230.000000
1309 1331 230.000000
1074 10778 229.000000
1010 10255 228.000000
1002 10331 226.000000
1011 10378 226.000000
140 141 223.000000
335 336 222.000000
151 173 221.000000
1280 1281 220.000000
1028 10346 217.000000
1028 10428 217.000000
293 294 216.000000
294 295 216.000000
569 570 216.000000
1010 1011 214.000000
583 584 213.000000
963 964 213.000000
1312 1313 213.000000
1050 10762 212.000000
1050 10998 212.000000
1051 10607 209.000000
118 140 208.000000
1173 1195 206.000000
1436 1437 205.000000
1075 1076 204.000000
1076 1077 204.000000
1005 10279 203.000000
1008 10176 203.000000
547 569 202.000000
1164 1165 202.000000
1008 10643 200.000000
300 301 199.000000
301 323 199.000000
336 337 196.000000
511 512 196.000000
512 513 196.000000
513 514 196.000000
514 515 196.000000
515 516 196.000000
516 517 196.000000
784 806 196.000000
845 867 196.000000
1030 10327 196.000000
1525 1547 196.000000
613 614 195.000000
964 965 195.000000
1437 1459 195.000000
867 889 194.000000
66 88 192.000000
1006 10130 192.000000
1049 10868 192.000000
1051 10995 192.000000
965 966 191.000000
1005 10910 191.000000
1028 10550 191.000000
280 302 190.000000
1005 10265 190.000000
806 828 189.000000
1006 10696 188.000000
1006 10782 188.000000
1006 10948 188.000000
1094 10995 188.000000
620 642 186.000000
633 655 186.000000
1003 10277 186.000000
1502 1503 186.000000
1006 10142 185.000000
1072 10924 185.000000
1006 10976 184.000000
1063 1064 184.000000
10 10432 183.000000
501 523 181.000000
634 656 181.000000
1005 10246 180.000000
1005 10669 180.000000
1393 1415 180.000000
1232 1233 179.000000
1232 1253 179.000000
1233 1234 179.000000
1234 1235 179.000000
1235 1236 179.000000
259 281 178.000000
954 976 177.000000
174 196 174.000000
1052 10846 174.000000
1552 1553 174.000000
1052 10927 173.000000
1024 10407 172.000000
1290 1312 172.000000
1005 10550 171.000000
1027 10271 171.000000
1028 10347 171.000000
1051 10678 171.000000
1004 10669 170.000000
1027 10347 170.000000
1028 10351 170.000000
1028 10363 170.000000
721 743 169.000000
939 961 169.000000
1113 1135 169.000000
1002 10114 168.000000
1028 10358 167.000000
1028 10379 167.000000
1028 10863 167.000000
1028 10329 165.000000
1028 10375 165.000000
1028 10886 165.000000
1028 10996 165.000000
1050 10924 165.000000
1284 1306 165.000000
955 977 164.000000
1028 10310 164.000000
1028 10818 163.000000
1064 10711 162.000000
1074 10846 162.000000
1074 10927 162.000000
1121 1143 160.000000
561 562 159.000000
1051 10553 159.000000
240 241 158.000000
1033 10378 158.000000
1570 1571 158.000000
100 101 157.000000
101 102 157.000000
102 103 157.000000
103 104 157.000000
1421 1422 157.000000
1006 10269 156.000000
1006 10663 156.000000
1048 10668 156.000000
1006 10301 155.000000
1020 10449 155.000000
1048 10613 155.000000
1201 1223 154.000000
1508 1509 154.000000
1509 1510 154.000000
1510 1511 154.000000
1511 1512 154.000000
1512 1513 154.000000
335 357 153.000000
1005 10364 153.000000
1005 10977 153.000000
1030 10561 153.000000
349 371 152.000000
1004 10040 152.000000
1005 10372 152.000000
1330 1352 152.000000
1005 10218 150.000000
1005 10895 150.000000
1028 10398 150.000000
572 593 148.000000
1548 1570 148.000000
295 296 147.000000
296 297 147.000000
297 298 147.000000
298 299 147.000000
1073 10995 147.000000
540 541 145.000000
1005 10532 145.000000
1005 10702 145.000000
1177 1199 145.000000
1005 10113 144.000000
344 345 143.000000
1094 10981 143.000000
1003 10821 142.000000
1171 1193 142.000000
1005 10335 141.000000
1005 10426 141.000000
1005 10717 141.000000
411 412 140.000000
412 413 140.000000
413 414 140.000000
1003 10554 140.000000
1005 10763 140.000000
1050 10997 140.000000
1216 1238 140.000000
131 153 138.000000
302 324 138.000000
389 411 138.000000
591 613 138.000000
875 897 138.000000
937 959 137.000000
1002 10357 136.000000
1006 10586 136.000000
582 604 135.000000
568 569 134.000000
592 593 134.000000
1052 10583 134.000000
1062 1063 134.000000
1221 1243 134.000000
1048 10985 132.000000
1046 1068 131.000000
1048 1070 131.000000
1374 1396 131.000000
55 56 130.000000
1030 10844 129.000000
1352 1374 129.000000
1399 1400 129.000000
1002 10509 127.000000
911 933 126.000000
1046 10934 126.000000
1142 1143 126.000000
1283 1305 126.000000
786 808 125.000000
853 875 125.000000
1008 10455 125.000000
1008 10523 125.000000
214 236 124.000000
104 105 123.000000
824 846 123.000000
1192 1193 123.000000
308 309 122.000000
308 329 122.000000
309 310 122.000000
310 311 122.000000
311 312 122.000000
312 313 122.000000
328 329 122.000000
1028 10868 121.000000
1020 10932 120.000000
10 10917 119.000000
577 578 119.000000
578 579 119.000000
579 580 119.000000
580 581 119.000000
1005 10938 119.000000
1054 1055 119.000000
1095 1117 119.000000
1004 10618 117.000000
1006 10868 117.000000
228 250 116.000000
763 785 116.000000
959 981 116.000000
1006 10486 116.000000
1025 10270 116.000000
105 106 115.000000
106 107 115.000000
107 108 115.000000
108 109 115.000000
357 358 115.000000
590 612 115.000000
1006 10432 115.000000
722 744 114.000000
938 960 114.000000
1003 10982 114.000000
1020 10898 114.000000
1182 1204 114.000000
149 171 113.000000
1006 10244 113.000000
1006 10502 113.000000
1006 10740 113.000000
1029 10488 113.000000
1286 1308 113.000000
1025 10399 111.000000
1463 1485 111.000000
1180 1202 109.000000
631 653 108.000000
677 699 108.000000
679 680 107.000000
1100 1101 107.000000
1100 1121 107.000000
1101 1102 107.000000
1102 1103 107.000000
1103 1104 107.000000
550 551 106.000000
551 552 106.000000
552 553 106.000000
553 554 106.000000
572 573 106.000000
573 574 106.000000
574 575 106.000000
575 576 106.000000
1020 10474 106.000000
1069 10901 106.000000
461 483 105.000000
1104 1105 105.000000
313 314 104.000000
598 599 104.000000
599 600 104.000000
600 601 104.000000
601 602 104.000000
866 867 104.000000
1378 1379 104.000000
965 987 103.000000
1030 10431 103.000000
1138 1160 103.000000
1046 10509 101.000000
1089 1111 101.000000
562 563 100.000000
888 889 100.000000
1033 1055 100.000000
594 595 99.000000
595 596 99.000000
596 597 99.000000
1028 10486 98.000000
719 741 97.000000
1110 1132 97.000000
239 261 96.000000
337 338 96.000000
338 339 96.000000
339 340 96.000000
340 341 96.000000
341 342 96.000000
342 343 96.000000
1002 10831 96.000000
582 583 95.000000
1028 10895 95.000000
1047 10689 95.000000
1094 1116 95.000000
226 248 94.000000
1026 10982 94.000000
330 331 93.000000
330 351 93.000000
331 332 93.000000
332 333 93.000000
333 334 93.000000
334 335 93.000000
343 344 93.000000
349 350 93.000000
350 351 93.000000
1225 1226 93.000000
215 237 92.000000
501 502 92.000000
1027 10613 92.000000
1226 1227 92.000000
1227 1228 92.000000
1228 1229 92.000000
1229 1230 92.000000
752 753 91.000000
753 754 91.000000
754 755 91.000000
755 756 91.000000
756 757 91.000000
174 175 90.000000
741 763 90.000000
1002 10842 90.000000
1005 10081 90.000000
1034 1035 90.000000
1034 1055 90.000000
1035 1036 90.000000
1036 1037 90.000000
1037 1038 90.000000
1038 1039 90.000000
1039 1040 90.000000
567 568 89.000000
1005 10180 89.000000
1005 10347 89.000000
1025 10325 89.000000
602 603 88.000000
603 604 88.000000
1005 10271 88.000000
1026 10627 88.000000
1046 10718 88.000000
1218 1240 88.000000
1523 1545 88.000000
257 279 87.000000
654 676 87.000000
943 965 87.000000
1003 10659 87.000000
1003 10721 87.000000
1025 10951 87.000000
1025 10969 87.000000
1094 10947 87.000000
1175 1197 87.000000
1395 1417 87.000000
126 148 86.000000
960 982 86.000000
1002 10575 86.000000
1002 10788 86.000000
1025 10369 86.000000
1028 10372 86.000000
1028 10702 86.000000
1028 10837 86.000000
1028 10977 86.000000
1417 1439 86.000000
1027 10985 85.000000
1047 10850 85.000000
314 315 84.000000
1202 1224 84.000000
1291 1292 84.000000
594 615 83.000000
614 615 83.000000
1003 10955 83.000000
130 131 82.000000
1004 10979 82.000000
1012 1013 82.000000
1012 1033 82.000000
1013 1014 82.000000
1014 1015 82.000000
1015 1016 82.000000
1016 1017 82.000000
1017 1018 82.000000
1025 10745 82.000000
1248 1249 82.000000
1249 1250 82.000000
1250 1251 82.000000
1251 1252 82.000000
1252 1253 82.000000
1505 1527 82.000000
44 45 81.000000
45 46 81.000000
46 47 81.000000
47 48 81.000000
656 678 81.000000
1020 10207 81.000000
1224 1246 81.000000
1018 1019 80.000000
1025 10883 80.000000
1028 10432 80.000000
1070 10850 80.000000
299 300 78.000000
303 325 78.000000
785 807 78.000000
358 359 77.000000
359 360 77.000000
360 361 77.000000
361 362 77.000000
362 363 77.000000
363 364 77.000000
364 365 77.000000
489 490 77.000000
490 491 77.000000
491 492 77.000000
492 493 77.000000
493 494 77.000000
494 495 77.000000
495 496 77.000000
1193 1215 77.000000
1530 1531 77.000000
1531 1532 77.000000
1532 1533 77.000000
1533 1534 77.000000
4 5 76.000000
1020 10234 76.000000
1026 10529 76.000000
1026 10665 76.000000
1028 10696 76.000000
1371 1372 76.000000
1439 1461 76.000000
65 87 75.000000
616 637 75.000000
636 637 75.000000
964 986 75.000000
1020 10999 75.000000
1030 10340 75.000000
1030 10553 75.000000
52 74 74.000000
1004 10677 74.000000
1025 10946 74.000000
1090 10951 74.000000
1090 10969 74.000000
173 195 73.000000
568 590 73.000000
605 627 73.000000
715 737 73.000000
1046 10965 73.000000
1127 1149 73.000000
212 234 72.000000
1046 10664 72.000000
1105 1106 72.000000
1006 10346 71.000000
1006 10428 71.000000
1025 10357 71.000000
1025 10949 71.000000
1046 10505 71.000000
1046 10506 71.000000
1046 10775 71.000000
1046 10783 71.000000
185 207 70.000000
1068 10842 70.000000
968 969 69.000000
969 970 69.000000
970 971 69.000000
971 972 69.000000
972 973 69.000000
973 974 69.000000
1026 10446 69.000000
1026 10542 69.000000
1026 10554 69.000000
1089 10903 69.000000
873 895 68.000000
974 975 68.000000
1024 10386 68.000000
1046 10484 68.000000
293 315 67.000000
597 598 66.000000
613 635 66.000000
737 759 66.000000
44 65 65.000000
1006 10886 65.000000
1006 10996 65.000000
528 529 64.000000
528 549 64.000000
529 530 64.000000
530 531 64.000000
531 532 64.000000
550 571 64.000000
570 571 64.000000
670 671 64.000000
1004 10260 64.000000
1047 1069 64.000000
476 477 63.000000
477 478 63.000000
478 479 63.000000
555 556 63.000000
556 557 63.000000
557 558 63.000000
558 559 63.000000
1005 10857 63.000000
620 621 62.000000
621 622 62.000000
622 623 62.000000
623 624 62.000000
624 625 62.000000
625 626 62.000000
757 758 62.000000
781 803 62.000000
1004 10713 62.000000
1028 10335 62.000000
1028 10593 62.000000
1028 10763 62.000000
479 480 61.000000
480 481 61.000000
481 482 61.000000
482 483 61.000000
1046 10777 61.000000
1046 10810 61.000000
1046 10841 61.000000
1215 1237 61.000000
1373 1395 61.000000
975 976 60.000000
1396 1418 60.000000
616 617 59.000000
617 618 59.000000
618 619 59.000000
619 620 59.000000
924 945 59.000000
1056 1057 59.000000
1056 1077 59.000000
1057 1058 59.000000
1058 1059 59.000000
1059 1060 59.000000
1060 1061 59.000000
1061 1062 59.000000
1068 10738 59.000000
218 240 58.000000
1002 10025 58.000000
1006 10351 58.000000
1028 10349 58.000000
1028 10532 58.000000
1028 10733 58.000000
170 192 57.000000
942 964 57.000000
1005 10435 57.000000
455 456 56.000000
456 457 56.000000
518 519 56.000000
1334 1356 56.000000
1025 1047 55.000000
1046 10603 55.000000
1046 10877 55.000000
1069 10821 55.000000
626 648 54.000000
638 639 54.000000
639 640 54.000000
640 641 54.000000
1046 10808 54.000000
1046 10816 54.000000
1090 10946 54.000000
569 591 53.000000
1047 10694 53.000000
1069 10721 53.000000
1291 1313 53.000000
576 577 52.000000
1046 10476 52.000000
1046 10848 52.000000
1046 10902 52.000000
1046 10921 52.000000
1199 1221 52.000000
1524 1546 52.000000
638 659 51.000000
658 659 51.000000
1068 10788 51.000000
1068 10831 51.000000
139 161 50.000000
213 235 50.000000
457 458 50.000000
458 459 50.000000
459 460 50.000000
460 461 50.000000
657 658 50.000000
1372 1394 50.000000
1460 1482 50.000000
152 174 49.000000
502 503 49.000000
917 939 49.000000
1003 10446 49.000000
1006 10489 49.000000
1008 10204 49.000000
1019 10276 49.000000
1144 1145 49.000000
1144 1165 49.000000
1145 1146 49.000000
1146 1147 49.000000
1147 1148 49.000000
524 546 48.000000
675 697 48.000000
830 852 48.000000
1004 10305 48.000000
1004 10964 48.000000
1028 10619 48.000000
1071 10895 48.000000
282 304 47.000000
304 326 47.000000
371 372 47.000000
372 373 47.000000
592 614 47.000000
764 786 47.000000
1194 1216 47.000000
109 131 46.000000
352 353 46.000000
352 373 46.000000
353 354 46.000000
354 355 46.000000
355 356 46.000000
356 357 46.000000
417 439 46.000000
439 461 46.000000
744 745 46.000000
415 416 45.000000
416 417 45.000000
893 915 45.000000
1026 10469 45.000000
1028 10769 45.000000
1028 10789 45.000000
1028 10940 45.000000
1050 10609 45.000000
698 720 44.000000
1004 10190 44.000000
1028 10387 44.000000
1028 10414 44.000000
1028 10730 44.000000
1028 10894 44.000000
1071 10977 44.000000
260 282 43.000000
502 524 43.000000
1028 10717 43.000000
1327 1328 43.000000
1461 1483 43.000000
77 78 42.000000
78 79 42.000000
79 80 42.000000
80 81 42.000000
81 82 42.000000
82 83 42.000000
83 84 42.000000
84 85 42.000000
85 86 42.000000
86 87 42.000000
550 572 42.000000
1028 10308 42.000000
1028 10475 42.000000
1028 10879 42.000000
1028 10972 42.000000
1070 10979 42.000000
1071 10763 42.000000
1122 1123 42.000000
1122 1143 42.000000
1123 1124 42.000000
1124 1125 42.000000
1125 1126 42.000000
1126 1127 42.000000
327 328 41.000000
874 896 41.000000
1005 1027 41.000000
1027 10669 41.000000
1092 1114 41.000000
828 850 40.000000
946 968 40.000000
1006 10239 40.000000
1006 10387 40.000000
1006 10730 40.000000
1148 1149 40.000000
1264 1286 40.000000
33 34 39.000000
1067 1089 39.000000
74 96 38.000000
657 679 38.000000
1003 1025 38.000000
1046 10681 38.000000
1440 1462 38.000000
503 504 37.000000
504 505 37.000000
524 525 37.000000
525 526 37.000000
718 740 37.000000
554 555 36.000000
697 719 36.000000
990 991 36.000000
991 992 36.000000
992 993 36.000000
993 994 36.000000
994 995 36.000000
995 996 36.000000
996 997 36.000000
1006 10308 36.000000
1006 10475 36.000000
1006 10879 36.000000
1006 10972 36.000000
1024 10476 36.000000
1028 10426 36.000000
1070 10953 36.000000
533 534 35.000000
534 535 35.000000
535 536 35.000000
536 537 35.000000
537 538 35.000000
538 539 35.000000
539 540 35.000000
924 925 35.000000
925 926 35.000000
926 927 35.000000
927 928 35.000000
928 929 35.000000
929 930 35.000000
930 931 35.000000
931 932 35.000000
1006 10121 35.000000
1006 10414 35.000000
1006 10894 35.000000
1051 1073 35.000000
1071 10985 35.000000
1178 1200 35.000000
104 126 34.000000
165 187 34.000000
517 518 34.000000
701 723 34.000000
1006 10789 34.000000
1006 10920 34.000000
1025 10280 34.000000
1090 1112 34.000000
1198 1220 34.000000
367 389 33.000000
1025 10811 33.000000
1105 1127 33.000000
300 322 32.000000
523 524 32.000000
1004 10469 32.000000
1006 10221 32.000000
1028 10364 32.000000
1049 1071 32.000000
1090 10949 32.000000
261 283 31.000000
283 305 31.000000
305 327 31.000000
510 511 31.000000
736 758 31.000000
770 771 31.000000
770 791 31.000000
771 772 31.000000
772 773 31.000000
787 788 31.000000
788 789 31.000000
789 790 31.000000
790 791 31.000000
1050 10600 31.000000
1072 10740 31.000000
1091 10982 31.000000
1571 1572 31.000000
1004 10421 30.000000
1006 10062 30.000000
1006 10184 30.000000
1006 10237 30.000000
1006 10940 30.000000
1025 10955 30.000000
1090 10955 30.000000
523 545 29.000000
757 779 29.000000
780 802 29.000000
1004 10796 29.000000
1007 1029 29.000000
1026 10796 29.000000
1029 10502 29.000000
1029 10740 29.000000
1050 10863 29.000000
1050 10886 29.000000
1062 10856 29.000000
1064 10932 29.000000
1328 1350 29.000000
505 527 28.000000
506 507 28.000000
506 527 28.000000
507 508 28.000000
508 509 28.000000
509 510 28.000000
519 520 28.000000
520 521 28.000000
521 522 28.000000
522 523 28.000000
546 568 28.000000
604 605 28.000000
679 701 28.000000
1047 10627 28.000000
1050 10696 28.000000
1050 10818 28.000000
1050 10996 28.000000
77 99 27.000000
496 497 27.000000
497 498 27.000000
1006 10774 27.000000
1024 10831 27.000000
1356 1357 27.000000
21 43 26.000000
1006 10638 26.000000
1006 10865 26.000000
1006 10956 26.000000
1024 10640 26.000000
1062 10635 26.000000
1287 1309 26.000000
1438 1460 26.000000
532 533 25.000000
642 643 25.000000
643 644 25.000000
644 645 25.000000
645 646 25.000000
646 647 25.000000
647 648 25.000000
740 762 25.000000
1024 10568 25.000000
1070 1092 25.000000
161 183 24.000000
454 455 24.000000
924 946 24.000000
1003 10330 24.000000
1025 10694 24.000000
1416 1438 24.000000
1419 1441 24.000000
612 634 23.000000
872 894 22.000000
916 938 22.000000
1006 10364 22.000000
1071 1093 22.000000
1136 1158 22.000000
1353 1375 22.000000
127 149 21.000000
641 642 21.000000
967 989 21.000000
1026 10979 21.000000
1040 1062 21.000000
1052 10643 21.000000
1062 1084 21.000000
1063 10944 21.000000
1068 10777 21.000000
1068 10810 21.000000
1068 10841 21.000000
1418 1440 21.000000
313 335 20.000000
401 402 20.000000
402 403 20.000000
403 404 20.000000
404 405 20.000000
405 406 20.000000
406 407 20.000000
407 408 20.000000
408 409 20.000000
648 670 20.000000
743 765 20.000000
1024 10842 20.000000
1025 10659 20.000000
1025 10721 20.000000
1026 10487 20.000000
1026 10618 20.000000
1046 10821 20.000000
1046 10883 20.000000
1154 1176 20.000000
238 260 19.000000
606 628 19.000000
686 687 19.000000
687 688 19.000000
688 689 19.000000
689 690 19.000000
690 691 19.000000
691 692 19.000000
945 967 19.000000
1020 10272 19.000000
1020 10411 19.000000
1020 10711 19.000000
1024 10250 19.000000
1024 10575 19.000000
1024 10788 19.000000
1025 10277 19.000000
1025 10681 19.000000
1025 10821 19.000000
1052 10844 19.000000
1063 10835 19.000000
1243 1265 19.000000
169 191 18.000000
563 564 18.000000
564 565 18.000000
565 566 18.000000
649 671 18.000000
660 681 18.000000
680 681 18.000000
1006 10510 18.000000
1006 10862 18.000000
1024 1046 18.000000
1052 10523 18.000000
1068 10718 18.000000
1068 10965 18.000000
1069 10694 18.000000
1155 1177 18.000000
1503 1525 18.000000
1572 1573 18.000000
1575 1576 18.000000
1576 1577 18.000000
1577 1578 18.000000
0 1 17.000000
1 2 17.000000
2 3 17.000000
3 4 17.000000
699 721 17.000000
1002 10603 17.000000
1002 10955 17.000000
1006 10263 17.000000
1047 10979 17.000000
1308 1330 17.000000
1573 1574 17.000000
1574 1575 17.000000
44 66 16.000000
440 441 16.000000
441 442 16.000000
442 443 16.000000
443 444 16.000000
594 616 16.000000
932 954 16.000000
1072 10818 16.000000
1072 10863 16.000000
1094 10998 16.000000
1397 1419 16.000000
1528 1550 16.000000
0 21 15.000000
414 415 15.000000
660 661 15.000000
661 662 15.000000
662 663 15.000000
663 664 15.000000
726 727 15.000000
726 747 15.000000
727 728 15.000000
728 729 15.000000
745 746 15.000000
746 747 15.000000
1072 10886 15.000000
1072 10996 15.000000
1085 10932 15.000000
278 300 14.000000
566 567 14.000000
946 947 14.000000
947 948 14.000000
948 949 14.000000
949 950 14.000000
950 951 14.000000
951 952 14.000000
952 953 14.000000
961 983 14.000000
1002 10268 14.000000
1002 10808 14.000000
1002 10877 14.000000
1003 10493 14.000000
1003 10529 14.000000
1003 10542 14.000000
1003 10665 14.000000
1003 10752 14.000000
1006 10163 14.000000
1006 10349 14.000000
1006 10733 14.000000
1006 10837 14.000000
1024 10848 14.000000
1024 10902 14.000000
1024 10921 14.000000
1031 10643 14.000000
1047 10487 14.000000
1047 10618 14.000000
1049 10730 14.000000
1068 10811 14.000000
1068 10877 14.000000
1069 10752 14.000000
1096 1118 14.000000
1132 1154 14.000000
614 636 13.000000
874 875 13.000000
1002 10256 13.000000
1002 10298 13.000000
1002 10369 13.000000
1002 10380 13.000000
1002 10703 13.000000
1002 10816 13.000000
1002 10883 13.000000
1002 10934 13.000000
1002 10946 13.000000
1002 10949 13.000000
1002 10951 13.000000
1002 10969 13.000000
1006 10769 13.000000
1024 10450 13.000000
1024 10484 13.000000
1024 10505 13.000000
1024 10506 13.000000
1024 10664 13.000000
1024 10775 13.000000
1024 10783 13.000000
1024 10965 13.000000
1031 10455 13.000000
1031 10523 13.000000
1049 10894 13.000000
1068 10808 13.000000
1068 10816 13.000000
1068 10934 13.000000
1073 10997 13.000000
1094 10997 13.000000
1210 1211 13.000000
1210 1231 13.000000
1211 1212 13.000000
1212 1213 13.000000
1230 1231 13.000000
182 204 12.000000
204 226 12.000000
286 287 12.000000
286 307 12.000000
287 288 12.000000
288 289 12.000000
289 290 12.000000
290 291 12.000000
291 292 12.000000
305 306 12.000000
306 307 12.000000
503 525 12.000000
525 547 12.000000
567 589 12.000000
744 766 12.000000
787 809 12.000000
802 824 12.000000
829 851 12.000000
923 945 12.000000
1068 10703 12.000000
1068 10783 12.000000
1093 1115 12.000000
1129 1151 12.000000
1484 1506 12.000000
708 709 11.000000
709 710 11.000000
710 711 11.000000
711 712 11.000000
712 713 11.000000
713 714 11.000000
1049 10972 11.000000
1068 10775 11.000000
1068 10848 11.000000
1068 10902 11.000000
1068 10921 11.000000
1084 1106 11.000000
1089 10951 11.000000
1089 10969 11.000000
1091 10953 11.000000
1107 1129 11.000000
1148 1170 11.000000
1150 1172 11.000000
1225 1247 11.000000
1441 1463 11.000000
1552 1574 11.000000
511 533 10.000000
526 527 10.000000
1002 10476 10.000000
1002 10848 10.000000
1002 10902 10.000000
1002 10921 10.000000
1019 10835 10.000000
1019 10852 10.000000
1019 10944 10.000000
1040 10635 10.000000
1040 10856 10.000000
1049 10593 10.000000
1049 10879 10.000000
1092 10985 10.000000
1465 1466 10.000000
34 35 9.000000
35 36 9.000000
36 37 9.000000
37 38 9.000000
38 39 9.000000
39 40 9.000000
40 41 9.000000
41 42 9.000000
42 43 9.000000
100 10911 9.000000
440 461 9.000000
742 764 9.000000
902 903 9.000000
902 923 9.000000
903 904 9.000000
904 905 9.000000
905 906 9.000000
906 907 9.000000
907 908 9.000000
908 909 9.000000
909 910 9.000000
963 985 9.000000
1003 10254 9.000000
1049 10619 9.000000
1074 10844 9.000000
1091 1113 9.000000
105 127 8.000000
474 475 8.000000
475 476 8.000000
479 501 8.000000
583 605 8.000000
611 633 8.000000
626 627 8.000000
694 716 8.000000
758 780 8.000000
915 937 8.000000
975 997 8.000000
1002 10028 8.000000
1002 10225 8.000000
1002 10450 8.000000
1002 10484 8.000000
1002 10505 8.000000
1002 10506 8.000000
1002 10568 8.000000
1002 10640 8.000000
1002 10664 8.000000
1002 10775 8.000000
1002 10783 8.000000
1002 10965 8.000000
1003 10148 8.000000
1003 10249 8.000000
1003 10694 8.000000
1050 1072 8.000000
1069 10982 8.000000
1078 1079 8.000000
1078 1099 8.000000
1079 1080 8.000000
1080 1081 8.000000
1081 1082 8.000000
1082 1083 8.000000
1083 1084 8.000000
12 13 7.000000
20 21 7.000000
164 186 7.000000
175 197 7.000000
184 206 7.000000
206 228 7.000000
440 462 7.000000
462 483 7.000000
779 801 7.000000
1002 10167 7.000000
1002 10179 7.000000
1002 10250 7.000000
1002 10718 7.000000
1003 10681 7.000000
1024 10718 7.000000
1041 10449 7.000000
1041 10711 7.000000
1041 10932 7.000000
1041 10999 7.000000
1049 10550 7.000000
1091 10979 7.000000
1128 1150 7.000000
1151 1173 7.000000
1213 1214 7.000000
1226 1248 7.000000
13 14 6.000000
14 15 6.000000
15 16 6.000000
16 17 6.000000
17 18 6.000000
18 19 6.000000
19 20 6.000000
56 57 6.000000
57 58 6.000000
58 59 6.000000
59 60 6.000000
60 61 6.000000
61 62 6.000000
62 63 6.000000
63 64 6.000000
64 65 6.000000
271 293 6.000000
292 293 6.000000
457 479 6.000000
561 583 6.000000
598 620 6.000000
704 705 6.000000
704 725 6.000000
705 706 6.000000
706 707 6.000000
707 708 6.000000
723 724 6.000000
724 725 6.000000
918 940 6.000000
953 954 6.000000
1041 10411 6.000000
1041 10474 6.000000
1048 10669 6.000000
1049 10717 6.000000
1099 1121 6.000000
1133 1155 6.000000
1149 1171 6.000000
1192 1214 6.000000
1269 1291 6.000000
1506 1528 6.000000
1578 1579 6.000000
1579 1580 6.000000
1580 1581 6.000000
1581 1582 6.000000
10 1572 5.000000
11 1573 5.000000
576 598 5.000000
655 677 5.000000
700 722 5.000000
1008 1030 5.000000
1026 1048 5.000000
1045 10568 5.000000
1045 10664 5.000000
1045 10965 5.000000
1089 10902 5.000000
1089 10921 5.000000
1111 1133 5.000000
1134 1156 5.000000
1327 1349 5.000000
1458 1459 5.000000
1582 1583 5.000000
43 65 4.000000
217 239 4.000000
653 675 4.000000
692 714 4.000000
693 715 4.000000
966 967 4.000000
1045 10831 4.000000
1047 10542 4.000000
1047 10554 4.000000
1047 10982 4.000000
1049 10532 4.000000
1049 10702 4.000000
1049 10763 4.000000
1049 10895 4.000000
1049 10977 4.000000
1050 10502 4.000000
1050 10740 4.000000
1068 10883 4.000000
1089 10934 4.000000
1254 1255 4.000000
1254 1275 4.000000
1255 1256 4.000000
1256 1257 4.000000
1270 1271 4.000000
1271 1272 4.000000
1272 1273 4.000000
1273 1274 4.000000
1274 1275 4.000000
1371 1393 4.000000
1551 1573 4.000000
570 592 3.000000
628 650 3.000000
638 660 3.000000
682 683 3.000000
682 703 3.000000
683 684 3.000000
684 685 3.000000
685 686 3.000000
701 702 3.000000
702 703 3.000000
897 898 3.000000
898 899 3.000000
899 900 3.000000
900 901 3.000000
901 923 3.000000
976 998 3.000000
1018 1040 3.000000
1041 10590 3.000000
1041 10731 3.000000
1045 10575 3.000000
1045 10718 3.000000
1045 10788 3.000000
1045 10842 3.000000
1046 10659 3.000000
1046 10721 3.000000
1046 10955 3.000000
1047 10529 3.000000
1047 10665 3.000000
1053 1075 3.000000
1063 1085 3.000000
1068 10946 3.000000
1068 10949 3.000000
1068 10955 3.000000
1089 10965 3.000000
1106 1128 3.000000
1152 1174 3.000000
1156 1178 3.000000
1174 1196 3.000000
0 22 2.000000
143 165 2.000000
195 217 2.000000
269 291 2.000000
291 313 2.000000
664 665 2.000000
665 666 2.000000
666 667 2.000000
667 668 2.000000
668 669 2.000000
669 670 2.000000
910 932 2.000000
946 967 2.000000
1006 1028 2.000000
1009 1031 2.000000
1046 10745 2.000000
1046 10811 2.000000
1046 10946 2.000000
1046 10949 2.000000
1046 10951 2.000000
1046 10969 2.000000
1047 10752 2.000000
1068 10951 2.000000
1068 10969 2.000000
1098 1099 2.000000
1104 1126 2.000000
1126 1148 2.000000
1139 1161 2.000000
1269 1270 2.000000
1270 1292 2.000000
1487 1488 2.000000
1488 1489 2.000000
1489 1490 2.000000
1490 1491 2.000000
1491 1513 2.000000
1527 1549 2.000000
1550 1572 2.000000
13 1575 1.000000
373 395 1.000000
374 375 1.000000
374 395 1.000000
375 376 1.000000
376 377 1.000000
377 378 1.000000
392 393 1.000000
393 394 1.000000
394 395 1.000000
395 417 1.000000
467 468 1.000000
467 489 1.000000
468 469 1.000000
469 470 1.000000
470 471 1.000000
471 472 1.000000
472 473 1.000000
473 474 1.000000
658 680 1.000000
676 698 1.000000
720 742 1.000000
871 893 1.000000
974 996 1.000000
1041 10835 1.000000
1041 10852 1.000000
1041 10944 1.000000
1046 10703 1.000000
1153 1175 1.000000
1443 1444 1.000000
1459 1481 1.000000
1481 1503 1.000000
1562 1563 1.000000
1562 1583 1.000000
1563 1564 1.000000
1564 1565 1.000000
1565 1566 1.000000
