1197 1198 15679.000000
1021 1022 13786.000000
1196 1197 13050.000000
225 226 12770.000000
226 227 12770.000000
227 228 12770.000000
228 229 12733.000000
1218 1219 12684.000000
1240 1241 12597.000000
1217 1218 12530.000000
1195 1196 11727.000000
1239 1240 10677.000000
224 225 10590.000000
181 182 10563.000000
182 183 10563.000000
183 184 10563.000000
184 185 10563.000000
185 186 10393.000000
1153 1154 10342.000000
1216 1217 10287.000000
1235 1236 10062.000000
180 181 10024.000000
1233 1234 9894.000000
1236 1237 9720.000000
1020 1021 9707.000000
1234 1235 9594.000000
1238 1239 9211.000000
1174 1175 8994.000000
1215 1216 8937.000000
1237 1238 8618.000000
1019 1020 8562.000000
1194 1195 8470.000000
977 978 7402.000000
885 886 7380.000000
886 887 7380.000000
91 92 7328.000000
113 114 7324.000000
269 270 7323.000000
270 271 7323.000000
271 272 7323.000000
203 204 7194.000000
204 205 7194.000000
205 206 7194.000000
206 207 7194.000000
933 934 7156.000000
863 864 7150.000000
864 865 7150.000000
1173 1174 7074.000000
1232 1233 7052.000000
1152 1153 7039.000000
1022 1023 7017.000000
932 933 6997.000000
1284 1285 6737.000000
1042 1043 6670.000000
273 274 6608.000000
841 842 6593.000000
842 843 6593.000000
843 844 6593.000000
1344 1345 6509.000000
1211 1212 6424.000000
1212 1213 6424.000000
1109 1110 6363.000000
229 230 6322.000000
201 202 6259.000000
1043 1044 6244.000000
1213 1214 6222.000000
887 888 6166.000000
998 999 6126.000000
1175 1176 6107.000000
135 136 6096.000000
978 979 6068.000000
1108 1109 6012.000000
1241 1242 6006.000000
1151 1152 6001.000000
246 247 5975.000000
247 248 5975.000000
248 249 5975.000000
249 250 5975.000000
1410 1411 5943.000000
1214 1215 5933.000000
861 862 5902.000000
48 49 5858.000000
1345 1346 5855.000000
862 863 5846.000000
1411 1412 5846.000000
1346 1347 5832.000000
312 313 5800.000000
313 314 5800.000000
314 315 5800.000000
315 316 5800.000000
202 203 5649.000000
272 273 5638.000000
186 187 5583.000000
934 935 5509.000000
1260 1261 5448.000000
112 113 5367.000000
1261 1262 5317.000000
4 5 5257.000000
1041 1042 5240.000000
69 70 5191.000000
888 889 5166.000000
1172 1173 5165.000000
1150 1151 5082.000000
1366 1367 5071.000000
1367 1368 5071.000000
1262 1263 5045.000000
1412 1413 5003.000000
316 317 4990.000000
1283 1284 4976.000000
230 231 4929.000000
1347 1348 4912.000000
1282 1283 4875.000000
1064 1065 4791.000000
1368 1369 4771.000000
2 3 4722.000000
1 2 4718.000000
954 955 4705.000000
648 649 4668.000000
997 998 4663.000000
798 799 4625.000000
799 800 4625.000000
1023 1024 4504.000000
976 977 4477.000000
360 361 4444.000000
955 956 4407.000000
1348 1349 4396.000000
845 846 4392.000000
207 208 4330.000000
1036 1037 4303.000000
1037 1038 4303.000000
1038 1039 4303.000000
1039 1040 4303.000000
1065 1066 4280.000000
865 866 4261.000000
251 252 4259.000000
1171 1172 4254.000000
889 890 4211.000000
3 4 4206.000000
884 885 4177.000000
1110 1111 4174.000000
1369 1370 4167.000000
274 275 4149.000000
1063 1064 4143.000000
1259 1260 4118.000000
1066 1067 4111.000000
866 867 4110.000000
1301 1302 4103.000000
1193 1194 4014.000000
1434 1435 3946.000000
317 318 3901.000000
1087 1088 3895.000000
1300 1301 3889.000000
819 820 3855.000000
820 821 3855.000000
821 822 3855.000000
1349 1350 3805.000000
956 957 3772.000000
1277 1278 3769.000000
25 26 3767.000000
953 954 3759.000000
1084 1085 3725.000000
1210 1211 3718.000000
1370 1371 3688.000000
268 269 3666.000000
134 135 3663.000000
1371 1372 3653.000000
1521 1522 3621.000000
0 1 3618.000000
928 929 3594.000000
929 930 3594.000000
930 931 3594.000000
158 159 3560.000000
1107 1108 3556.000000
1154 1176 3537.000000
245 246 3521.000000
1456 1457 3516.000000
250 251 3514.000000
136 137 3502.000000
797 798 3488.000000
1154 1155 3480.000000
179 180 3472.000000
1281 1282 3382.000000
1044 1045 3369.000000
1040 1041 3339.000000
645 646 3315.000000
646 647 3315.000000
647 648 3315.000000
844 845 3312.000000
425 426 3265.000000
26 27 3246.000000
1520 1521 3243.000000
1302 1303 3241.000000
159 160 3197.000000
160 161 3197.000000
161 162 3197.000000
162 163 3197.000000
1067 1068 3157.000000
1170 1171 3150.000000
1278 1279 3095.000000
1279 1280 3095.000000
840 841 3065.000000
231 232 3061.000000
1058 1059 3051.000000
1059 1060 3051.000000
1060 1061 3051.000000
1477 1478 3047.000000
243 244 3044.000000
935 957 3002.000000
1086 1087 2920.000000
1129 1130 2907.000000
1085 1086 2894.000000
1304 1305 2887.000000
1015 1016 2885.000000
1016 1017 2885.000000
1017 1018 2885.000000
754 755 2861.000000
755 756 2861.000000
92 93 2854.000000
275 276 2835.000000
1305 1306 2830.000000
1413 1414 2828.000000
931 932 2819.000000
1388 1389 2817.000000
1024 1025 2816.000000
775 776 2778.000000
776 777 2778.000000
777 778 2778.000000
670 671 2765.000000
975 976 2750.000000
267 268 2747.000000
223 224 2740.000000
1280 1281 2718.000000
1045 1046 2716.000000
1276 1277 2715.000000
1519 1520 2693.000000
1241 1263 2690.000000
1303 1304 2687.000000
935 936 2666.000000
1478 1479 2654.000000
1131 1132 2629.000000
1389 1390 2621.000000
1088 1089 2618.000000
1110 1132 2617.000000
1433 1434 2612.000000
136 158 2605.000000
883 884 2599.000000
1130 1131 2582.000000
796 797 2564.000000
1043 10669 2550.000000
68 69 2539.000000
1018 1019 2538.000000
23 24 2536.000000
70 71 2520.000000
1219 1220 2513.000000
24 25 2509.000000
671 672 2499.000000
753 754 2496.000000
252 253 2489.000000
950 951 2489.000000
951 952 2489.000000
906 907 2439.000000
907 908 2439.000000
908 909 2439.000000
200 201 2435.000000
1106 1107 2425.000000
952 953 2411.000000
1128 1129 2332.000000
1432 1433 2327.000000
47 48 2319.000000
135 157 2318.000000
692 693 2315.000000
318 319 2284.000000
1258 1259 2281.000000
1476 1477 2272.000000
1564 1565 2272.000000
361 362 2265.000000
691 692 2255.000000
290 291 2251.000000
291 292 2251.000000
292 293 2251.000000
293 294 2251.000000
5 6 2225.000000
1167 1168 2221.000000
1168 1169 2221.000000
1169 1170 2221.000000
1176 1177 2190.000000
1021 10305 2163.000000
1323 1324 2162.000000
1061 1062 2139.000000
672 673 2131.000000
910 911 2124.000000
1565 1566 2122.000000
756 757 2114.000000
222 223 2103.000000
1256 1257 2102.000000
1414 1415 2092.000000
1192 1193 2075.000000
22 23 2070.000000
253 254 2063.000000
244 245 2040.000000
1257 1258 2026.000000
667 668 2021.000000
668 669 2021.000000
800 801 2001.000000
1326 1327 1995.000000
137 138 1973.000000
580 581 1965.000000
581 582 1965.000000
582 583 1965.000000
669 670 1965.000000
1189 1190 1953.000000
1190 1191 1947.000000
1191 1192 1942.000000
1327 1328 1941.000000
1089 1090 1933.000000
1475 1476 1928.000000
114 115 1922.000000
296 297 1915.000000
295 296 1900.000000
1325 1326 1895.000000
1328 1329 1889.000000
208 209 1875.000000
752 753 1872.000000
927 928 1871.000000
49 50 1861.000000
1455 1456 1849.000000
905 906 1832.000000
1014 1015 1827.000000
993 994 1825.000000
994 995 1825.000000
995 996 1825.000000
44 45 1823.000000
45 46 1823.000000
846 847 1816.000000
1566 1567 1813.000000
1188 1189 1812.000000
187 188 1810.000000
818 819 1798.000000
1320 1321 1792.000000
1320 1341 1792.000000
1321 1322 1792.000000
294 295 1786.000000
1254 1275 1777.000000
730 731 1765.000000
822 823 1760.000000
1298 1299 1748.000000
583 584 1742.000000
714 715 1741.000000
1479 1480 1738.000000
1390 1391 1735.000000
1322 1323 1734.000000
992 993 1731.000000
232 233 1714.000000
138 139 1684.000000
139 140 1684.000000
140 141 1684.000000
774 775 1670.000000
1324 1325 1659.000000
288 289 1655.000000
362 363 1650.000000
823 824 1623.000000
287 288 1611.000000
157 158 1610.000000
1155 1156 1606.000000
801 802 1603.000000
1431 1432 1603.000000
209 210 1591.000000
1457 1458 1587.000000
188 189 1577.000000
233 234 1576.000000
1197 1219 1549.000000
1299 1300 1546.000000
1298 1319 1538.000000
266 267 1537.000000
758 759 1536.000000
1254 1255 1530.000000
1255 1256 1530.000000
1435 1436 1513.000000
1563 1564 1503.000000
1022 1044 1484.000000
1372 1373 1478.000000
1499 1500 1468.000000
1500 1501 1467.000000
210 211 1466.000000
1542 1543 1466.000000
88 89 1459.000000
89 90 1459.000000
971 972 1442.000000
972 973 1442.000000
973 974 1442.000000
974 975 1442.000000
1232 1253 1437.000000
141 163 1424.000000
1111 1112 1421.000000
909 910 1401.000000
1454 1455 1389.000000
320 321 1387.000000
265 266 1379.000000
254 255 1378.000000
211 212 1370.000000
1123 1124 1355.000000
1124 1125 1355.000000
1125 1126 1355.000000
1126 1127 1355.000000
934 956 1351.000000
49 71 1347.000000
46 47 1343.000000
867 868 1338.000000
1391 1392 1338.000000
1543 1544 1330.000000
229 251 1329.000000
890 891 1323.000000
1198 1199 1313.000000
736 737 1309.000000
1415 1416 1306.000000
274 296 1296.000000
1166 1167 1292.000000
802 803 1291.000000
1306 1307 1287.000000
735 736 1284.000000
1562 1563 1262.000000
90 91 1260.000000
649 650 1258.000000
757 758 1251.000000
1541 1542 1251.000000
44 65 1246.000000
186 208 1244.000000
627 628 1233.000000
584 585 1229.000000
1024 1046 1222.000000
1022 10938 1213.000000
1210 1232 1206.000000
1392 1393 1204.000000
1080 1081 1199.000000
1081 1082 1199.000000
1082 1083 1199.000000
276 277 1197.000000
66 67 1187.000000
66 87 1187.000000
67 68 1187.000000
759 760 1182.000000
839 840 1180.000000
321 322 1176.000000
319 320 1172.000000
289 290 1161.000000
426 427 1150.000000
317 339 1144.000000
1062 1063 1144.000000
361 383 1143.000000
309 310 1135.000000
22 43 1134.000000
673 674 1116.000000
949 950 1112.000000
817 818 1111.000000
189 190 1109.000000
737 738 1109.000000
1127 1128 1099.000000
628 629 1078.000000
824 825 1069.000000
1020 10254 1069.000000
715 716 1065.000000
996 997 1060.000000
911 912 1057.000000
232 254 1047.000000
1149 1150 1033.000000
1019 10298 1031.000000
693 694 1012.000000
154 155 1011.000000
1436 1437 1010.000000
154 175 1008.000000
169 170 1008.000000
170 171 1008.000000
171 172 1008.000000
172 173 1008.000000
173 174 1008.000000
174 175 1008.000000
1276 1297 1003.000000
1122 1123 996.000000
585 586 972.000000
255 256 970.000000
1023 1045 970.000000
200 222 961.000000
687 688 946.000000
1210 1231 939.000000
310 311 936.000000
311 312 936.000000
688 689 932.000000
689 690 932.000000
690 691 932.000000
1113 1114 932.000000
231 253 924.000000
1068 1069 922.000000
1393 1394 919.000000
1061 1083 912.000000
1046 1047 910.000000
889 911 908.000000
340 341 899.000000
277 278 888.000000
1000 1001 888.000000
1042 10446 888.000000
732 733 882.000000
733 734 882.000000
734 735 882.000000
1112 1113 882.000000
47 69 880.000000
1188 1209 872.000000
1057 1058 870.000000
243 265 863.000000
404 405 861.000000
341 342 853.000000
230 252 846.000000
1522 1523 845.000000
179 201 841.000000
1035 1036 841.000000
644 645 839.000000
1480 1481 838.000000
780 781 835.000000
342 343 823.000000
364 365 823.000000
275 297 809.000000
180 202 808.000000
190 191 805.000000
114 136 794.000000
363 364 772.000000
1083 1084 768.000000
383 384 760.000000
1200 1201 755.000000
1201 1202 755.000000
756 778 749.000000
187 209 748.000000
845 867 744.000000
1501 1502 741.000000
1019 10575 736.000000
1322 1344 732.000000
1518 1519 730.000000
716 717 727.000000
1021 10421 718.000000
286 307 715.000000
300 301 715.000000
301 302 715.000000
302 303 715.000000
303 304 715.000000
304 305 715.000000
305 306 715.000000
306 307 715.000000
665 666 714.000000
1002 10561 707.000000
779 780 706.000000
1498 1499 706.000000
0 21 702.000000
234 235 699.000000
648 670 692.000000
1 10073 691.000000
586 587 687.000000
1199 1200 684.000000
1040 10407 682.000000
339 340 676.000000
626 627 676.000000
1278 1300 675.000000
46 68 665.000000
623 624 663.000000
624 625 663.000000
625 626 663.000000
27 28 659.000000
1047 1048 654.000000
126 127 652.000000
127 128 652.000000
128 129 652.000000
129 130 652.000000
1211 1233 651.000000
1042 10953 647.000000
731 732 645.000000
607 608 644.000000
1453 1454 644.000000
778 779 642.000000
278 300 633.000000
672 694 633.000000
1114 1136 633.000000
158 180 628.000000
198 199 621.000000
221 222 619.000000
666 667 617.000000
220 241 613.000000
235 236 613.000000
236 237 613.000000
237 238 613.000000
238 239 613.000000
239 240 613.000000
240 241 613.000000
297 298 609.000000
0 10790 602.000000
198 219 601.000000
213 214 601.000000
214 215 601.000000
215 216 601.000000
216 217 601.000000
217 218 601.000000
218 219 601.000000
60 61 595.000000
61 62 595.000000
62 63 595.000000
63 64 595.000000
1177 1178 595.000000
1178 1179 595.000000
1179 1180 595.000000
220 221 593.000000
650 651 591.000000
199 200 589.000000
0 10651 586.000000
298 299 582.000000
629 630 582.000000
781 782 580.000000
113 135 579.000000
622 623 578.000000
157 179 577.000000
584 606 576.000000
710 711 574.000000
711 712 574.000000
712 713 574.000000
890 912 574.000000
621 622 571.000000
1567 1568 567.000000
125 126 566.000000
156 157 563.000000
846 868 549.000000
1285 1286 545.000000
167 168 527.000000
48 70 524.000000
165 166 523.000000
166 167 523.000000
606 607 520.000000
70 92 505.000000
643 644 503.000000
1065 10669 503.000000
1220 1221 501.000000
155 156 499.000000
164 165 498.000000
427 428 497.000000
428 429 497.000000
429 430 497.000000
64 65 490.000000
1067 1089 490.000000
1145 1146 490.000000
1146 1147 490.000000
1147 1148 490.000000
130 131 483.000000
686 687 476.000000
1350 1351 475.000000
713 714 468.000000
1166 1187 467.000000
1001 1002 466.000000
163 164 464.000000
1085 10901 463.000000
1198 1220 462.000000
384 385 457.000000
0 10396 455.000000
178 179 455.000000
273 295 454.000000
1036 10411 452.000000
469 470 449.000000
1133 1134 449.000000
1090 1091 446.000000
1091 1092 446.000000
1413 1435 441.000000
287 309 434.000000
264 285 433.000000
279 280 433.000000
280 281 433.000000
281 282 433.000000
282 283 433.000000
283 284 433.000000
284 285 433.000000
558 559 433.000000
559 560 433.000000
560 561 433.000000
1015 10183 431.000000
1547 1548 431.000000
1548 1549 431.000000
1549 1550 431.000000
1550 1551 431.000000
385 386 429.000000
1544 1545 429.000000
25 47 426.000000
803 804 424.000000
694 695 422.000000
110 111 420.000000
844 866 420.000000
365 387 419.000000
110 131 416.000000
1021 10979 412.000000
1144 1145 412.000000
264 265 406.000000
1044 10600 405.000000
1044 10924 405.000000
1132 1133 403.000000
802 824 402.000000
1148 1149 401.000000
800 822 400.000000
1036 10474 398.000000
1044 10488 396.000000
1458 1459 396.000000
1057 10635 395.000000
1502 1503 395.000000
354 355 390.000000
355 356 390.000000
356 357 390.000000
357 358 390.000000
358 359 390.000000
359 360 390.000000
1159 1160 390.000000
619 620 386.000000
620 621 386.000000
86 87 383.000000
1014 10166 383.000000
1025 1026 381.000000
1026 1027 381.000000
1202 1203 376.000000
108 109 373.000000
1025 1047 372.000000
1134 1135 372.000000
1135 1136 372.000000
1 10097 369.000000
296 318 369.000000
71 93 363.000000
979 980 361.000000
1025 10293 361.000000
0 10212 360.000000
1018 10407 360.000000
1000 10351 358.000000
1020 10982 357.000000
1068 10927 353.000000
1048 1049 352.000000
1114 1115 352.000000
1069 1070 348.000000
948 949 342.000000
1043 10668 342.000000
0 10321 340.000000
597 598 339.000000
598 599 339.000000
1497 1498 338.000000
111 112 336.000000
1344 1366 336.000000
272 294 335.000000
803 825 335.000000
1036 10590 335.000000
1027 1028 334.000000
1274 1275 333.000000
234 256 332.000000
1043 10985 329.000000
1046 10846 328.000000
0 10228 326.000000
1021 1043 326.000000
221 243 325.000000
1022 10619 324.000000
0 10540 321.000000
1046 10553 320.000000
132 153 318.000000
148 149 318.000000
149 150 318.000000
150 151 318.000000
151 152 318.000000
152 153 318.000000
104 105 316.000000
105 106 316.000000
106 107 316.000000
107 108 316.000000
1013 1014 316.000000
1000 10002 315.000000
132 133 314.000000
133 134 314.000000
933 955 314.000000
1036 10731 314.000000
299 300 313.000000
1000 10868 312.000000
1036 10932 309.000000
716 738 306.000000
1064 10850 306.000000
1234 1256 306.000000
141 142 302.000000
1347 1369 302.000000
338 339 299.000000
1019 1041 299.000000
1070 1071 299.000000
888 910 297.000000
266 288 296.000000
868 869 294.000000
407 408 293.000000
1160 1161 292.000000
1161 1162 292.000000
1162 1163 292.000000
1163 1164 292.000000
1543 1565 292.000000
1080 10932 290.000000
1000 10142 289.000000
1 10441 288.000000
93 94 287.000000
1042 10689 287.000000
1 10914 285.000000
586 608 285.000000
738 739 285.000000
1318 1319 285.000000
904 905 284.000000
1068 1090 284.000000
276 298 282.000000
1156 1157 282.000000
1157 1158 282.000000
1158 1159 282.000000
1102 1103 281.000000
1103 1104 281.000000
1104 1105 281.000000
0 10872 278.000000
616 617 275.000000
616 637 275.000000
617 618 275.000000
618 619 275.000000
905 927 274.000000
1025 10523 272.000000
1089 10995 272.000000
134 156 270.000000
862 884 269.000000
1015 10186 268.000000
1025 10455 266.000000
1025 10643 266.000000
1044 10696 266.000000
386 387 265.000000
1105 1106 265.000000
585 607 264.000000
970 971 264.000000
861 883 261.000000
1022 10789 261.000000
1285 1307 261.000000
1020 10681 260.000000
1164 1165 259.000000
1036 10711 256.000000
579 580 253.000000
1023 10818 253.000000
1000 10774 252.000000
1043 10613 252.000000
1058 10835 252.000000
1058 10852 252.000000
104 10616 251.000000
1047 10583 250.000000
1086 1108 250.000000
142 143 247.000000
1044 10609 246.000000
1500 1522 246.000000
1086 10953 244.000000
1058 10944 243.000000
1043 10550 242.000000
1023 10886 241.000000
254 276 240.000000
797 819 238.000000
1089 10981 238.000000
1180 1181 238.000000
189 211 237.000000
1000 10059 237.000000
1023 10502 237.000000
1023 10740 236.000000
242 243 235.000000
265 287 235.000000
1000 10121 234.000000
1213 1235 234.000000
188 210 233.000000
1022 10335 233.000000
1022 10347 233.000000
1022 10763 233.000000
1022 10895 233.000000
1000 10956 231.000000
1023 10329 231.000000
1078 1079 231.000000
1022 10237 230.000000
1324 1346 230.000000
1000 10865 229.000000
1015 10898 229.000000
1225 1226 229.000000
1226 1227 229.000000
1227 1228 229.000000
1228 1229 229.000000
1229 1230 229.000000
405 406 228.000000
406 407 228.000000
1218 1240 228.000000
1000 10837 227.000000
1221 1222 226.000000
1222 1223 226.000000
1223 1224 226.000000
1224 1225 226.000000
176 197 223.000000
191 192 223.000000
192 193 223.000000
193 194 223.000000
194 195 223.000000
195 196 223.000000
196 197 223.000000
447 448 223.000000
448 449 223.000000
1003 1004 222.000000
331 332 221.000000
332 333 221.000000
801 823 221.000000
1004 10255 221.000000
1046 10678 221.000000
176 177 220.000000
536 537 220.000000
537 538 220.000000
538 539 220.000000
1013 10856 220.000000
1064 10953 220.000000
408 409 219.000000
1045 10997 219.000000
1000 10769 216.000000
1000 10062 215.000000
1000 10263 215.000000
1000 10349 215.000000
1002 1003 215.000000
1023 10310 215.000000
286 287 214.000000
1000 10221 214.000000
1301 1323 214.000000
403 404 213.000000
1000 10510 213.000000
1000 10862 213.000000
1022 10387 211.000000
1022 10940 210.000000
1035 1057 210.000000
6 7 208.000000
143 144 208.000000
144 145 208.000000
145 146 208.000000
146 147 208.000000
242 263 208.000000
256 257 208.000000
257 258 208.000000
258 259 208.000000
259 260 208.000000
260 261 208.000000
261 262 208.000000
262 263 208.000000
680 681 208.000000
1000 10163 208.000000
1000 10638 208.000000
1000 10733 208.000000
1022 10414 208.000000
631 632 207.000000
632 633 207.000000
633 634 207.000000
634 635 207.000000
635 636 207.000000
1000 10005 207.000000
499 521 206.000000
1000 10184 206.000000
1022 10239 206.000000
1022 10972 205.000000
1303 1325 205.000000
1025 10844 203.000000
1020 10618 202.000000
177 178 201.000000
1025 10327 201.000000
322 323 200.000000
323 324 200.000000
324 325 200.000000
325 326 200.000000
326 327 200.000000
327 328 200.000000
328 329 200.000000
1022 10894 200.000000
360 382 199.000000
1000 10717 199.000000
1021 10925 199.000000
757 779 198.000000
1000 10364 198.000000
1023 10346 198.000000
1023 10428 198.000000
190 212 196.000000
1020 10922 195.000000
1042 10713 195.000000
1022 10432 194.000000
1022 10486 194.000000
1067 10998 194.000000
308 329 193.000000
1014 10944 193.000000
753 775 192.000000
932 954 192.000000
1022 10475 192.000000
1022 10730 192.000000
1014 10835 190.000000
1014 10852 190.000000
1153 1175 190.000000
1057 10856 189.000000
1088 10997 189.000000
1014 10391 188.000000
1000 10308 187.000000
1000 10426 187.000000
1000 10593 187.000000
1000 10879 187.000000
1019 10325 185.000000
1340 1341 185.000000
333 334 184.000000
334 335 184.000000
335 336 184.000000
336 337 184.000000
1021 10796 184.000000
1044 10717 184.000000
1023 10358 183.000000
1023 10375 183.000000
1023 10379 183.000000
539 540 182.000000
1020 10487 182.000000
1022 10301 182.000000
1023 10863 182.000000
1042 1064 181.000000
1044 10886 181.000000
1046 10643 181.000000
252 274 180.000000
1044 10502 180.000000
1044 10740 180.000000
599 600 179.000000
1562 1583 179.000000
308 309 178.000000
1023 10638 178.000000
914 936 176.000000
1000 10702 176.000000
1043 10763 176.000000
1043 10895 176.000000
1000 10894 175.000000
1043 10702 173.000000
1043 10977 173.000000
1459 1460 173.000000
673 695 172.000000
1021 10253 172.000000
1079 1080 172.000000
24 46 171.000000
168 169 171.000000
253 275 171.000000
760 761 171.000000
1036 10999 171.000000
1044 10818 171.000000
185 207 170.000000
353 354 170.000000
1000 10039 170.000000
1387 1388 170.000000
1000 10972 168.000000
1022 10308 168.000000
1022 10364 168.000000
1022 10426 168.000000
1022 10593 168.000000
1022 10879 168.000000
1000 10239 167.000000
1000 10387 167.000000
1022 10271 167.000000
1022 10717 166.000000
1023 10996 166.000000
717 718 165.000000
1019 10277 165.000000
1066 10996 165.000000
178 200 164.000000
891 892 164.000000
1046 10523 164.000000
1437 1438 164.000000
892 914 162.000000
1571 1572 162.000000
630 631 160.000000
1000 10977 160.000000
1043 10857 160.000000
1569 1570 160.000000
1570 1571 160.000000
1043 10532 159.000000
1237 1259 159.000000
1000 10432 158.000000
1000 10486 158.000000
383 405 157.000000
343 365 156.000000
1000 10475 156.000000
1000 10730 156.000000
1412 1434 156.000000
1474 1475 156.000000
297 319 155.000000
629 651 155.000000
636 637 155.000000
1069 10751 155.000000
550 551 154.000000
550 571 154.000000
551 552 154.000000
552 553 154.000000
553 554 154.000000
554 555 154.000000
561 562 154.000000
1203 1204 154.000000
1204 1205 154.000000
1205 1206 154.000000
1206 1207 154.000000
1207 1208 154.000000
1208 1209 154.000000
340 362 153.000000
493 494 152.000000
494 495 152.000000
495 496 152.000000
782 783 152.000000
1066 10863 152.000000
156 178 151.000000
278 279 151.000000
496 497 151.000000
497 498 151.000000
498 499 151.000000
1000 10113 151.000000
1000 10246 151.000000
1089 1111 150.000000
298 320 149.000000
1046 10844 149.000000
1546 1547 149.000000
1000 10550 148.000000
1001 10244 148.000000
1085 10850 147.000000
1144 1165 147.000000
1523 1524 147.000000
1071 1093 146.000000
2 24 144.000000
1300 1322 143.000000
651 652 142.000000
1040 10842 141.000000
277 299 140.000000
1000 10532 140.000000
1186 1187 140.000000
1000 10279 139.000000
1568 1569 139.000000
1068 10844 137.000000
1092 1093 137.000000
1127 1149 137.000000
1540 1541 137.000000
1 10216 136.000000
1296 1297 136.000000
1000 10372 135.000000
1022 10372 135.000000
1023 10363 135.000000
1066 10702 135.000000
1066 10977 135.000000
980 981 133.000000
1066 10696 133.000000
1176 1198 133.000000
709 710 132.000000
1022 10532 131.000000
1101 1102 131.000000
1023 10244 130.000000
1085 10979 130.000000
1019 10268 129.000000
1022 10246 129.000000
1022 10977 129.000000
1022 10550 128.000000
1022 10702 128.000000
1044 10996 128.000000
1215 1237 128.000000
1545 1546 128.000000
578 579 127.000000
1107 1129 127.000000
949 971 125.000000
1000 10940 125.000000
562 563 124.000000
563 564 124.000000
1021 10469 124.000000
1021 10677 124.000000
1022 10279 124.000000
1171 1193 124.000000
1247 1248 122.000000
1248 1249 122.000000
1249 1250 122.000000
1250 1251 122.000000
1251 1252 122.000000
587 588 121.000000
588 589 121.000000
589 590 121.000000
590 591 121.000000
591 592 121.000000
913 935 121.000000
1068 10846 119.000000
1084 1106 119.000000
600 601 118.000000
1329 1330 118.000000
1477 1499 118.000000
759 781 117.000000
1027 1049 117.000000
1088 10998 117.000000
27 49 116.000000
365 366 116.000000
981 982 116.000000
982 983 116.000000
1019 10808 116.000000
594 595 115.000000
594 615 115.000000
595 596 115.000000
596 597 115.000000
1066 10763 114.000000
1066 10895 114.000000
1020 10249 113.000000
1067 10762 113.000000
344 345 112.000000
345 346 112.000000
346 347 112.000000
347 348 112.000000
348 349 112.000000
349 350 112.000000
350 351 112.000000
911 933 112.000000
1067 10947 112.000000
330 351 111.000000
824 846 111.000000
1013 10161 111.000000
1019 10386 111.000000
1043 10938 111.000000
1044 10863 111.000000
1476 1498 111.000000
1388 1410 110.000000
0 10784 109.000000
891 913 108.000000
1166 1188 107.000000
1000 10045 106.000000
1000 10237 106.000000
1042 10618 106.000000
643 665 105.000000
1000 10789 105.000000
1242 1243 104.000000
1243 1244 104.000000
1244 1245 104.000000
1245 1246 104.000000
1246 1247 104.000000
1019 10568 102.000000
1019 10934 102.000000
628 650 101.000000
796 818 101.000000
583 605 99.000000
337 338 98.000000
1000 10414 98.000000
1019 10509 98.000000
1455 1477 98.000000
1019 10640 97.000000
1411 1433 97.000000
1155 1177 96.000000
69 91 95.000000
1019 10250 95.000000
1019 10664 95.000000
1019 10718 95.000000
1019 10965 95.000000
1040 10565 95.000000
1065 10985 95.000000
1083 10831 95.000000
207 229 94.000000
660 661 94.000000
660 681 94.000000
661 662 94.000000
662 663 94.000000
663 664 94.000000
1019 10788 94.000000
1240 1262 94.000000
164 186 93.000000
1019 10484 93.000000
1064 10982 93.000000
212 213 92.000000
1000 10301 92.000000
1062 1084 92.000000
1088 10947 92.000000
0 10558 91.000000
0 10626 91.000000
126 148 89.000000
773 774 89.000000
847 848 89.000000
1148 1170 89.000000
1231 1253 89.000000
606 628 88.000000
1078 1099 88.000000
1088 10996 88.000000
1093 1094 88.000000
1094 1095 88.000000
1095 1096 88.000000
1096 1097 88.000000
1097 1098 88.000000
1098 1099 88.000000
209 231 87.000000
1041 10821 87.000000
319 341 86.000000
774 796 86.000000
1040 10831 86.000000
1236 1258 86.000000
704 705 85.000000
704 725 85.000000
705 706 85.000000
706 707 85.000000
707 708 85.000000
931 953 85.000000
1021 10393 85.000000
1256 1278 85.000000
449 450 84.000000
450 451 84.000000
451 452 84.000000
1042 10964 83.000000
1020 1042 82.000000
1041 10659 82.000000
1041 10721 82.000000
1041 10811 82.000000
1041 10955 82.000000
1042 10627 82.000000
115 116 81.000000
819 841 81.000000
1433 1455 81.000000
203 225 80.000000
224 246 80.000000
256 278 80.000000
779 801 80.000000
1133 1155 79.000000
1252 1253 79.000000
1014 10590 78.000000
1021 10260 78.000000
1042 10487 78.000000
116 117 77.000000
117 118 77.000000
118 119 77.000000
222 244 77.000000
1012 1033 76.000000
1028 1029 76.000000
1029 1030 76.000000
1030 1031 76.000000
1031 1032 76.000000
1032 1033 76.000000
1042 10469 76.000000
652 653 75.000000
653 654 75.000000
654 655 75.000000
655 656 75.000000
656 657 75.000000
694 716 75.000000
1042 10421 75.000000
1067 10997 75.000000
300 322 74.000000
650 672 74.000000
1021 10713 74.000000
1021 10964 73.000000
1023 10303 73.000000
1063 10848 73.000000
1063 10921 73.000000
528 529 72.000000
528 549 72.000000
529 530 72.000000
530 531 72.000000
531 532 72.000000
532 533 72.000000
533 534 72.000000
1012 1013 72.000000
540 562 70.000000
939 961 70.000000
1019 10603 70.000000
1019 10777 70.000000
1019 10810 70.000000
1019 10841 70.000000
1019 10877 70.000000
1023 10438 70.000000
1023 10687 70.000000
1034 1035 70.000000
1034 1055 70.000000
1049 1050 70.000000
1050 1051 70.000000
1051 1052 70.000000
1052 1053 70.000000
1053 1054 70.000000
1054 1055 70.000000
1066 1088 70.000000
1368 1390 70.000000
26 48 69.000000
165 187 68.000000
1019 10280 68.000000
1063 10745 68.000000
664 665 67.000000
1063 10703 67.000000
1063 10816 67.000000
1063 10902 67.000000
695 717 66.000000
936 937 66.000000
937 938 66.000000
938 939 66.000000
1041 10982 66.000000
1064 10689 66.000000
1084 10965 66.000000
1416 1417 66.000000
321 343 65.000000
1019 10380 65.000000
1023 10868 65.000000
1056 1077 65.000000
1063 10883 65.000000
1063 10951 65.000000
1063 10969 65.000000
1065 10668 65.000000
1072 1073 65.000000
1073 1074 65.000000
1074 1075 65.000000
1075 1076 65.000000
1076 1077 65.000000
1020 10493 64.000000
1064 10665 64.000000
1064 10752 64.000000
1431 1453 64.000000
38 39 63.000000
38 60 63.000000
39 40 63.000000
40 41 63.000000
41 42 63.000000
42 43 63.000000
674 675 63.000000
675 676 63.000000
676 677 63.000000
677 678 63.000000
678 679 63.000000
679 680 63.000000
1058 10590 63.000000
22 44 62.000000
103 104 62.000000
103 125 62.000000
119 120 62.000000
120 121 62.000000
121 122 62.000000
122 123 62.000000
123 124 62.000000
124 125 62.000000
592 593 62.000000
669 691 62.000000
692 714 62.000000
1023 10489 62.000000
405 427 61.000000
1063 10946 61.000000
1063 10949 61.000000
1022 10435 60.000000
71 72 59.000000
396 417 59.000000
614 615 59.000000
627 649 58.000000
1019 10775 58.000000
1122 1144 58.000000
1219 1241 58.000000
1130 1152 57.000000
374 395 56.000000
396 397 56.000000
397 398 56.000000
398 399 56.000000
399 400 56.000000
400 401 56.000000
401 402 56.000000
402 403 56.000000
954 976 56.000000
1014 10406 56.000000
1019 10225 56.000000
1019 10450 56.000000
1019 10505 56.000000
1019 10506 56.000000
1019 10783 56.000000
1056 1057 56.000000
1058 10999 56.000000
1063 1085 56.000000
1281 1303 56.000000
142 164 55.000000
477 499 55.000000
957 958 55.000000
1022 10824 55.000000
1045 1067 55.000000
1187 1209 55.000000
1459 1481 55.000000
1020 10694 54.000000
1023 10383 54.000000
1023 10453 54.000000
1023 10500 54.000000
1023 10586 54.000000
1023 10776 54.000000
1023 10871 54.000000
1023 10976 54.000000
366 367 53.000000
367 368 53.000000
368 369 53.000000
369 370 53.000000
370 371 53.000000
371 372 53.000000
372 373 53.000000
395 417 53.000000
562 584 53.000000
1092 1114 53.000000
1181 1182 53.000000
1182 1183 53.000000
1183 1184 53.000000
1184 1185 53.000000
1185 1186 53.000000
339 361 52.000000
455 477 52.000000
1023 10774 52.000000
1023 10865 52.000000
1023 10956 51.000000
1524 1525 51.000000
294 316 50.000000
1044 10619 50.000000
1044 10663 50.000000
1084 10841 50.000000
1084 10877 50.000000
1259 1281 50.000000
288 310 49.000000
732 754 49.000000
1070 1092 49.000000
1084 10934 49.000000
1152 1174 49.000000
1391 1413 49.000000
1432 1454 49.000000
382 383 48.000000
651 673 48.000000
958 959 48.000000
959 960 48.000000
960 961 48.000000
115 137 47.000000
778 800 47.000000
1014 10286 47.000000
453 454 46.000000
454 455 46.000000
1023 10269 46.000000
1023 10663 46.000000
1044 10894 46.000000
1090 10927 46.000000
758 780 45.000000
760 782 45.000000
601 602 44.000000
602 603 44.000000
603 604 44.000000
688 710 44.000000
1019 10331 44.000000
1019 10745 44.000000
1020 10554 44.000000
1023 10782 44.000000
1023 10948 44.000000
1044 10879 44.000000
1071 1072 44.000000
1260 1282 44.000000
147 148 43.000000
343 344 43.000000
607 629 43.000000
825 826 43.000000
1023 10510 43.000000
1023 10837 43.000000
1041 10554 43.000000
1044 10593 43.000000
119 141 42.000000
210 232 42.000000
387 409 42.000000
535 536 42.000000
608 609 42.000000
609 610 42.000000
610 611 42.000000
611 612 42.000000
612 613 42.000000
613 614 42.000000
868 890 42.000000
946 947 42.000000
946 967 42.000000
947 948 42.000000
961 962 42.000000
962 963 42.000000
963 964 42.000000
964 965 42.000000
965 966 42.000000
966 967 42.000000
975 997 42.000000
1019 10357 42.000000
1019 10949 42.000000
1044 10586 42.000000
1100 1101 42.000000
427 449 41.000000
1019 10256 41.000000
1019 10369 41.000000
1019 10703 41.000000
1019 10816 41.000000
1019 10883 41.000000
1019 10902 41.000000
1019 10951 41.000000
1019 10969 41.000000
1022 10265 41.000000
1023 10263 41.000000
1023 10349 41.000000
1023 10733 41.000000
1023 10769 41.000000
1044 10920 41.000000
352 373 40.000000
1020 10330 40.000000
1020 10529 40.000000
1020 10542 40.000000
1020 10665 40.000000
1020 10752 40.000000
1023 10862 40.000000
1172 1194 40.000000
143 165 39.000000
168 190 39.000000
250 272 39.000000
374 375 39.000000
604 605 39.000000
775 797 39.000000
867 889 39.000000
1019 10946 39.000000
1044 10730 39.000000
1044 10972 39.000000
1164 1186 39.000000
514 515 38.000000
515 516 38.000000
516 517 38.000000
517 518 38.000000
539 561 38.000000
735 757 38.000000
1022 10857 38.000000
1022 10910 38.000000
1044 10475 38.000000
1065 1087 38.000000
147 169 37.000000
228 250 37.000000
518 519 37.000000
519 520 37.000000
520 521 37.000000
556 557 37.000000
713 735 37.000000
1044 10486 37.000000
1325 1347 37.000000
211 233 36.000000
781 803 36.000000
1001 10715 36.000000
1108 1130 36.000000
657 658 35.000000
736 758 35.000000
1023 10920 35.000000
1043 10435 35.000000
1043 10910 35.000000
409 410 34.000000
410 411 34.000000
1019 10476 34.000000
1019 10848 34.000000
1019 10921 34.000000
1519 1541 34.000000
1540 1561 34.000000
1014 10449 33.000000
1023 10940 33.000000
1063 10694 33.000000
1087 10985 33.000000
1115 1116 33.000000
1116 1117 33.000000
1117 1118 33.000000
1118 1119 33.000000
1119 1120 33.000000
344 366 32.000000
570 571 32.000000
926 927 31.000000
1066 10868 31.000000
1067 10924 31.000000
1434 1456 31.000000
159 181 30.000000
411 412 30.000000
412 413 30.000000
413 414 30.000000
414 415 30.000000
415 416 30.000000
416 417 30.000000
440 441 30.000000
440 461 30.000000
441 442 30.000000
442 443 30.000000
443 444 30.000000
444 445 30.000000
445 446 30.000000
446 447 30.000000
718 719 30.000000
719 720 30.000000
720 721 30.000000
721 722 30.000000
722 723 30.000000
723 724 30.000000
1067 10886 30.000000
72 73 29.000000
73 74 29.000000
74 75 29.000000
75 76 29.000000
76 77 29.000000
77 78 29.000000
78 79 29.000000
79 80 29.000000
80 81 29.000000
818 840 29.000000
976 998 29.000000
1023 10351 29.000000
1044 10510 29.000000
1044 10837 29.000000
1044 10862 29.000000
1067 10740 29.000000
1067 10818 29.000000
1067 10863 29.000000
1100 1122 29.000000
1165 1187 29.000000
1410 1432 29.000000
28 50 28.000000
212 234 28.000000
817 839 28.000000
1120 1121 28.000000
1145 1167 28.000000
94 95 27.000000
95 96 27.000000
96 97 27.000000
242 264 27.000000
534 535 27.000000
605 606 27.000000
664 686 27.000000
912 913 27.000000
991 992 27.000000
1021 10669 27.000000
1046 10561 27.000000
557 558 26.000000
883 905 26.000000
1366 1388 26.000000
492 493 25.000000
1001 10037 25.000000
295 317 24.000000
330 352 24.000000
387 388 24.000000
388 389 24.000000
389 390 24.000000
390 391 24.000000
391 392 24.000000
392 393 24.000000
393 394 24.000000
394 395 24.000000
599 621 24.000000
1003 1025 24.000000
1020 10446 24.000000
1044 10733 24.000000
1044 10769 24.000000
1066 10717 24.000000
1066 10894 24.000000
1100 1121 24.000000
1128 1150 24.000000
1132 1154 24.000000
1280 1302 24.000000
1498 1520 24.000000
255 277 23.000000
708 709 23.000000
823 845 23.000000
955 977 23.000000
1001 10031 23.000000
1001 10269 23.000000
1001 10663 23.000000
1066 10879 23.000000
1087 10972 23.000000
1122 1143 23.000000
1188 1210 23.000000
169 191 22.000000
645 667 22.000000
731 753 22.000000
233 255 21.000000
330 331 21.000000
373 395 21.000000
540 541 21.000000
1001 10029 21.000000
1066 10730 21.000000
1066 10940 21.000000
1066 10972 21.000000
1193 1215 21.000000
1499 1521 21.000000
198 220 20.000000
244 266 20.000000
1001 1023 20.000000
1020 10627 20.000000
1064 10796 20.000000
1064 10979 20.000000
1209 1231 20.000000
1286 1287 20.000000
1287 1288 20.000000
1288 1289 20.000000
1289 1290 20.000000
1290 1291 20.000000
1291 1292 20.000000
1292 1293 20.000000
1293 1294 20.000000
1294 1295 20.000000
1295 1296 20.000000
177 199 19.000000
199 221 19.000000
213 235 19.000000
555 556 19.000000
565 566 19.000000
566 567 19.000000
567 568 19.000000
568 569 19.000000
569 570 19.000000
782 804 19.000000
1001 10240 19.000000
1014 1036 19.000000
1087 10879 19.000000
1230 1231 19.000000
1394 1395 19.000000
1518 1539 19.000000
1539 1561 19.000000
564 565 18.000000
748 749 18.000000
748 769 18.000000
749 750 18.000000
750 751 18.000000
768 769 18.000000
780 802 18.000000
983 984 18.000000
1044 10940 18.000000
1143 1165 18.000000
1 1563 17.000000
751 752 17.000000
958 980 17.000000
1000 10012 17.000000
1001 10182 17.000000
1001 10202 17.000000
1001 10215 17.000000
1001 10303 17.000000
1001 10337 17.000000
1001 10438 17.000000
1001 10453 17.000000
1001 10586 17.000000
1001 10687 17.000000
1001 10776 17.000000
1001 10864 17.000000
1001 10968 17.000000
1001 10970 17.000000
1001 10976 17.000000
1002 1024 17.000000
1006 1028 17.000000
1018 10842 17.000000
1019 10270 17.000000
1019 10659 17.000000
1019 10721 17.000000
1019 10811 17.000000
1019 10955 17.000000
1041 10493 17.000000
1041 10529 17.000000
1041 10542 17.000000
1041 10665 17.000000
1041 10752 17.000000
1044 10868 17.000000
1063 10681 17.000000
1063 10821 17.000000
1088 10886 17.000000
1089 10997 17.000000
1501 1523 17.000000
1520 1542 17.000000
322 344 16.000000
352 353 16.000000
761 762 16.000000
762 763 16.000000
763 764 16.000000
764 765 16.000000
765 766 16.000000
766 767 16.000000
767 768 16.000000
1001 10782 16.000000
1001 10948 16.000000
1040 10883 16.000000
1040 10949 16.000000
1046 1068 16.000000
1062 10831 16.000000
1109 1131 16.000000
1134 1156 16.000000
1518 1540 16.000000
68 90 15.000000
137 159 15.000000
181 203 15.000000
208 230 15.000000
286 308 15.000000
621 643 15.000000
1040 10703 15.000000
1040 10816 15.000000
1040 10902 15.000000
1040 10934 15.000000
1040 10946 15.000000
1040 10951 15.000000
1040 10969 15.000000
1042 10796 15.000000
1136 1137 15.000000
1220 1242 15.000000
1503 1504 15.000000
541 542 14.000000
542 543 14.000000
866 888 14.000000
913 914 14.000000
1137 1138 14.000000
1174 1196 14.000000
1390 1412 14.000000
1456 1478 14.000000
1475 1497 14.000000
1522 1544 14.000000
0 1562 13.000000
50 51 13.000000
51 52 13.000000
52 53 13.000000
53 54 13.000000
54 55 13.000000
55 56 13.000000
56 57 13.000000
57 58 13.000000
58 59 13.000000
59 60 13.000000
125 147 13.000000
626 648 13.000000
1000 10435 13.000000
1040 10476 13.000000
1040 10775 13.000000
1040 10848 13.000000
1040 10921 13.000000
1088 10924 13.000000
1129 1151 13.000000
1189 1211 13.000000
1435 1457 13.000000
715 737 12.000000
737 759 12.000000
956 978 12.000000
1001 10175 12.000000
1001 10188 12.000000
1001 10193 12.000000
1001 10383 12.000000
1001 10500 12.000000
1001 10871 12.000000
1041 10694 12.000000
1058 10711 12.000000
1062 10775 12.000000
1105 1127 12.000000
1138 1139 12.000000
1139 1140 12.000000
1140 1141 12.000000
1141 1142 12.000000
1177 1199 12.000000
251 273 11.000000
572 573 11.000000
572 593 11.000000
573 574 11.000000
574 575 11.000000
575 576 11.000000
576 577 11.000000
577 578 11.000000
738 760 11.000000
822 844 11.000000
840 862 11.000000
1001 10489 11.000000
1042 10979 11.000000
1062 10640 11.000000
1062 10664 11.000000
1062 10718 11.000000
1062 10783 11.000000
1062 10788 11.000000
1062 10965 11.000000
1142 1143 11.000000
1497 1519 11.000000
714 736 10.000000
936 958 10.000000
1000 1022 10.000000
1005 1027 10.000000
1014 10207 10.000000
1040 10450 10.000000
1040 10484 10.000000
1040 10505 10.000000
1040 10506 10.000000
1040 10640 10.000000
1040 10664 10.000000
1040 10718 10.000000
1040 10783 10.000000
1040 10965 10.000000
1056 1078 10.000000
1058 10731 10.000000
1062 10842 10.000000
1062 10848 10.000000
1062 10921 10.000000
1063 10811 10.000000
1063 10955 10.000000
1064 1086 10.000000
1078 10856 10.000000
1481 1482 10.000000
318 340 9.000000
652 674 9.000000
1014 10234 9.000000
1041 1063 9.000000
1041 10681 9.000000
1063 10659 9.000000
1063 10721 9.000000
1087 1109 9.000000
1087 10977 9.000000
21 43 8.000000
351 373 8.000000
430 431 8.000000
431 432 8.000000
432 433 8.000000
687 709 8.000000
909 931 8.000000
968 969 8.000000
968 989 8.000000
969 970 8.000000
984 985 8.000000
985 986 8.000000
986 987 8.000000
987 988 8.000000
988 989 8.000000
1014 10999 8.000000
1025 10561 8.000000
1036 10898 8.000000
1453 1475 8.000000
329 351 7.000000
541 563 7.000000
563 585 7.000000
659 681 7.000000
695 696 7.000000
696 697 7.000000
697 698 7.000000
698 699 7.000000
699 700 7.000000
700 701 7.000000
701 702 7.000000
1000 10824 7.000000
1001 10920 7.000000
1040 10568 7.000000
1040 10575 7.000000
1040 10788 7.000000
1043 1065 7.000000
1058 10932 7.000000
1087 10895 7.000000
1329 1351 7.000000
1529 1551 7.000000
167 189 6.000000
433 434 6.000000
433 455 6.000000
434 435 6.000000
435 436 6.000000
436 437 6.000000
437 438 6.000000
477 478 6.000000
478 479 6.000000
479 480 6.000000
480 481 6.000000
481 482 6.000000
512 513 6.000000
513 514 6.000000
561 583 6.000000
608 630 6.000000
638 639 6.000000
638 659 6.000000
639 640 6.000000
1000 10857 6.000000
1000 10910 6.000000
1035 10391 6.000000
1035 10590 6.000000
1035 10835 6.000000
1035 10852 6.000000
1035 10944 6.000000
1083 10842 6.000000
1142 1164 6.000000
1190 1212 6.000000
1212 1234 6.000000
1307 1329 6.000000
1392 1414 6.000000
1478 1500 6.000000
1504 1505 6.000000
1505 1506 6.000000
1506 1507 6.000000
1507 1529 6.000000
518 540 5.000000
637 659 5.000000
708 730 5.000000
730 752 5.000000
887 909 5.000000
1001 10862 5.000000
1085 10982 5.000000
1088 1110 5.000000
1120 1142 5.000000
1191 1213 5.000000
1194 1216 5.000000
1544 1566 5.000000
0 22 4.000000
110 132 4.000000
116 138 4.000000
411 433 4.000000
496 518 4.000000
658 659 4.000000
665 687 4.000000
953 975 4.000000
1084 10955 4.000000
1121 1143 4.000000
1138 1160 4.000000
1144 1166 4.000000
1149 1171 4.000000
1150 1172 4.000000
1496 1497 4.000000
104 126 3.000000
154 176 3.000000
374 396 3.000000
474 475 3.000000
474 496 3.000000
475 476 3.000000
476 477 3.000000
557 579 3.000000
630 652 3.000000
912 934 3.000000
990 991 3.000000
1000 10265 3.000000
1079 10835 3.000000
1079 10852 3.000000
1079 10944 3.000000
1084 10883 3.000000
1085 1107 3.000000
1253 1275 3.000000
7 8 2.000000
8 9 2.000000
72 94 2.000000
112 134 2.000000
452 453 2.000000
571 593 2.000000
670 692 2.000000
674 696 2.000000
696 718 2.000000
739 740 2.000000
740 741 2.000000
741 742 2.000000
742 743 2.000000
743 744 2.000000
744 745 2.000000
745 746 2.000000
869 891 2.000000
892 893 2.000000
893 894 2.000000
894 895 2.000000
895 917 2.000000
917 939 2.000000
924 925 2.000000
924 945 2.000000
925 926 2.000000
939 940 2.000000
940 941 2.000000
941 942 2.000000
942 943 2.000000
943 944 2.000000
944 945 2.000000
1018 1040 2.000000
1047 1069 2.000000
1170 1192 2.000000
1258 1280 2.000000
375 376 1.000000
376 377 1.000000
377 378 1.000000
378 379 1.000000
379 380 1.000000
380 381 1.000000
381 382 1.000000
425 447 1.000000
491 492 1.000000
605 627 1.000000
640 641 1.000000
641 642 1.000000
642 643 1.000000
709 731 1.000000
751 773 1.000000
752 774 1.000000
825 847 1.000000
1004 1005 1.000000
1005 1006 1.000000
1012 1034 1.000000
1013 1035 1.000000
1034 1056 1.000000
1084 10946 1.000000
1084 10949 1.000000
1084 10951 1.000000
1084 10969 1.000000
1131 1153 1.000000
1167 1189 1.000000
1196 1218 1.000000
1330 1331 1.000000
1331 1332 1.000000
1332 1333 1.000000
1333 1334 1.000000
1334 1335 1.000000
1335 1336 1.000000
1336 1337 1.000000
1337 1338 1.000000
1338 1339 1.000000
1339 1340 1.000000
1525 1526 1.000000
1526 1527 1.000000
1527 1528 1.000000
1528 1529 1.000000
1551 1552 1.000000
1552 1553 1.000000
1553 1554 1.000000
1554 1555 1.000000
1555 1556 1.000000
1556 1557 1.000000
1557 1558 1.000000
1558 1559 1.000000
1559 1560 1.000000
1560 1561 1.000000
