132 153 20871.000000
151 152 20871.000000
152 153 20871.000000
925 926 17657.000000
150 151 17603.000000
132 133 16509.000000
1100 1101 14069.000000
1101 1102 13800.000000
1144 1145 13284.000000
176 197 12311.000000
195 196 12311.000000
196 197 12311.000000
924 925 11720.000000
61 62 11110.000000
1100 1121 10495.000000
17 18 10419.000000
1144 1165 9903.000000
1188 1189 9786.000000
811 812 9728.000000
812 813 9728.000000
133 134 9051.000000
1164 1165 9029.000000
194 195 9007.000000
176 177 8993.000000
881 882 8881.000000
924 945 8799.000000
1188 1209 8462.000000
1163 1164 8378.000000
1166 1187 8253.000000
1208 1209 8198.000000
1292 1293 8016.000000
177 178 8002.000000
154 175 7925.000000
172 173 7925.000000
173 174 7925.000000
174 175 7925.000000
1186 1187 7861.000000
968 969 7781.000000
1166 1167 7596.000000
946 947 7510.000000
1078 1079 7368.000000
1293 1294 7208.000000
792 813 7154.000000
60 61 7153.000000
264 265 7022.000000
969 970 7012.000000
1336 1337 6940.000000
1122 1123 6925.000000
1120 1121 6841.000000
1013 1014 6828.000000
1182 1183 6767.000000
39 40 6756.000000
882 883 6723.000000
767 768 6700.000000
768 769 6700.000000
748 769 6673.000000
1012 1013 6652.000000
1145 1146 6623.000000
880 881 6552.000000
1180 1181 6523.000000
1181 1182 6523.000000
1122 1143 6507.000000
810 811 6498.000000
110 111 6494.000000
1337 1338 6465.000000
110 131 6441.000000
129 130 6441.000000
130 131 6441.000000
946 967 6357.000000
1142 1143 6356.000000
128 129 6327.000000
1207 1208 6322.000000
1162 1163 6240.000000
134 135 6170.000000
1057 1058 6167.000000
38 39 6161.000000
1183 1184 6155.000000
926 927 6115.000000
127 128 6087.000000
171 172 6079.000000
1159 1160 5982.000000
1078 1099 5850.000000
1161 1162 5849.000000
193 194 5800.000000
1185 1186 5721.000000
968 989 5690.000000
1294 1295 5683.000000
1160 1161 5582.000000
221 222 5572.000000
1226 1227 5568.000000
1447 1448 5526.000000
18 19 5502.000000
178 179 5461.000000
1184 1185 5459.000000
809 810 5353.000000
789 790 5297.000000
790 791 5297.000000
1224 1225 5194.000000
1141 1142 5088.000000
1056 1077 5078.000000
970 971 5043.000000
792 793 5042.000000
149 150 5039.000000
788 789 5009.000000
1056 1057 4864.000000
62 84 4856.000000
836 837 4843.000000
947 948 4816.000000
1296 1297 4803.000000
1276 1297 4788.000000
880 901 4778.000000
1295 1296 4736.000000
1179 1180 4666.000000
858 879 4638.000000
1227 1228 4598.000000
1491 1492 4504.000000
1225 1226 4455.000000
154 155 4430.000000
1076 1077 4428.000000
858 859 4421.000000
1210 1231 4399.000000
106 107 4381.000000
876 877 4363.000000
877 878 4363.000000
1098 1099 4353.000000
132 154 4309.000000
903 904 4308.000000
1446 1447 4307.000000
1014 1015 4270.000000
1032 1033 4260.000000
1579 1580 4252.000000
88 89 4212.000000
107 108 4212.000000
108 109 4212.000000
16 17 4154.000000
787 788 4122.000000
990 991 4110.000000
1204 1205 4097.000000
1314 1315 4095.000000
1205 1206 4080.000000
105 106 4065.000000
1206 1207 4028.000000
1223 1224 3978.000000
155 156 3962.000000
1203 1204 3956.000000
1490 1491 3953.000000
1230 1231 3939.000000
1012 1033 3917.000000
1119 1120 3911.000000
991 992 3885.000000
984 985 3881.000000
985 986 3881.000000
986 987 3881.000000
748 749 3879.000000
1097 1098 3878.000000
987 988 3874.000000
941 942 3860.000000
942 943 3860.000000
943 944 3860.000000
722 723 3849.000000
1338 1339 3815.000000
837 838 3814.000000
1315 1316 3812.000000
179 180 3782.000000
766 767 3752.000000
902 903 3711.000000
966 967 3711.000000
1079 1080 3698.000000
1232 1253 3656.000000
220 241 3646.000000
238 239 3646.000000
239 240 3646.000000
240 241 3646.000000
832 833 3623.000000
833 834 3623.000000
834 835 3623.000000
1252 1253 3605.000000
1010 1011 3580.000000
1158 1159 3573.000000
854 855 3503.000000
855 856 3503.000000
856 857 3503.000000
1101 1123 3491.000000
1254 1275 3486.000000
1229 1230 3483.000000
927 928 3473.000000
875 876 3471.000000
1274 1275 3471.000000
878 879 3457.000000
971 972 3450.000000
1316 1317 3441.000000
1228 1229 3406.000000
15 16 3405.000000
222 223 3391.000000
126 127 3389.000000
14 15 3368.000000
898 899 3362.000000
899 900 3362.000000
900 901 3362.000000
770 771 3345.000000
1273 1274 3332.000000
1339 1340 3329.000000
574 575 3274.000000
572 593 3262.000000
1445 1446 3245.000000
572 573 3241.000000
265 266 3203.000000
944 945 3161.000000
169 170 3154.000000
1489 1490 3088.000000
573 574 3065.000000
1426 1427 3059.000000
749 750 3053.000000
992 993 3050.000000
1250 1251 3050.000000
1248 1249 3035.000000
1249 1250 3035.000000
1202 1203 3024.000000
1512 1513 3024.000000
1118 1119 3017.000000
105 127 3010.000000
1340 1341 2962.000000
928 950 2955.000000
988 989 2954.000000
704 725 2942.000000
724 725 2942.000000
352 373 2922.000000
62 63 2909.000000
926 948 2890.000000
1251 1252 2890.000000
836 857 2842.000000
793 794 2823.000000
1058 1080 2818.000000
170 171 2814.000000
1140 1141 2785.000000
723 724 2749.000000
1360 1361 2708.000000
1028 1029 2678.000000
1029 1030 2678.000000
1030 1031 2678.000000
1270 1271 2676.000000
1403 1404 2674.000000
220 221 2654.000000
902 923 2648.000000
1015 1016 2633.000000
1115 1116 2595.000000
1116 1117 2594.000000
1117 1118 2593.000000
18 40 2589.000000
618 619 2579.000000
1232 1233 2551.000000
1382 1383 2532.000000
89 90 2507.000000
1448 1449 2501.000000
135 136 2481.000000
1361 1362 2470.000000
266 267 2449.000000
874 875 2449.000000
213 214 2384.000000
1511 1512 2383.000000
13 14 2379.000000
1488 1489 2366.000000
859 860 2346.000000
1034 1035 2320.000000
236 237 2315.000000
1272 1273 2307.000000
770 791 2283.000000
940 941 2279.000000
1271 1272 2270.000000
1246 1247 2268.000000
1358 1359 2261.000000
61 83 2234.000000
839 861 2229.000000
1058 1059 2202.000000
726 747 2185.000000
745 746 2185.000000
746 747 2185.000000
1362 1363 2181.000000
1317 1318 2180.000000
1034 1055 2171.000000
235 236 2163.000000
882 904 2162.000000
1513 1514 2136.000000
1318 1319 2128.000000
148 149 2119.000000
838 839 2118.000000
352 353 2116.000000
860 861 2116.000000
1102 1103 2064.000000
814 815 2052.000000
136 137 2034.000000
551 552 2017.000000
550 551 2015.000000
1427 1428 2008.000000
550 571 1994.000000
1380 1381 1990.000000
1114 1115 1985.000000
552 553 1973.000000
575 576 1968.000000
156 157 1961.000000
111 112 1959.000000
1555 1556 1903.000000
595 596 1901.000000
853 854 1901.000000
897 898 1901.000000
962 963 1897.000000
963 964 1897.000000
964 965 1897.000000
965 966 1897.000000
1298 1319 1897.000000
1557 1558 1886.000000
1054 1055 1883.000000
237 238 1881.000000
1558 1559 1876.000000
1247 1248 1873.000000
1425 1426 1862.000000
1449 1450 1854.000000
1320 1341 1820.000000
1468 1469 1781.000000
180 181 1765.000000
596 597 1763.000000
617 618 1752.000000
831 832 1742.000000
157 158 1729.000000
265 287 1723.000000
1031 1032 1710.000000
619 620 1705.000000
1423 1424 1696.000000
1554 1555 1691.000000
40 41 1686.000000
771 772 1678.000000
1357 1358 1648.000000
1556 1557 1641.000000
1424 1425 1640.000000
221 243 1632.000000
1313 1314 1631.000000
706 707 1619.000000
84 85 1618.000000
814 835 1618.000000
1245 1246 1617.000000
576 577 1612.000000
1469 1470 1599.000000
597 598 1586.000000
1035 1036 1575.000000
639 640 1558.000000
1532 1533 1550.000000
484 485 1546.000000
485 486 1546.000000
486 487 1546.000000
308 309 1540.000000
961 962 1524.000000
1012 10190 1508.000000
137 138 1507.000000
1381 1382 1505.000000
158 159 1463.000000
948 949 1461.000000
949 950 1461.000000
214 215 1460.000000
1080 1081 1458.000000
750 751 1434.000000
972 973 1429.000000
531 532 1428.000000
705 706 1426.000000
993 994 1426.000000
662 663 1413.000000
179 201 1396.000000
793 815 1387.000000
1580 1581 1386.000000
1359 1360 1385.000000
17 39 1384.000000
660 681 1382.000000
680 681 1382.000000
223 245 1377.000000
704 705 1376.000000
192 193 1371.000000
1078 10985 1370.000000
1533 1534 1368.000000
1014 1036 1352.000000
1059 1060 1348.000000
1123 1124 1346.000000
744 745 1345.000000
1402 1403 1339.000000
104 105 1325.000000
1006 1007 1321.000000
1007 1008 1321.000000
1008 1009 1321.000000
181 182 1305.000000
57 58 1286.000000
58 59 1286.000000
59 60 1286.000000
598 599 1284.000000
56 57 1268.000000
1492 1493 1268.000000
640 641 1263.000000
661 662 1262.000000
1467 1468 1261.000000
1075 1076 1253.000000
707 708 1246.000000
1444 1445 1246.000000
743 744 1239.000000
749 771 1237.000000
787 809 1234.000000
679 680 1232.000000
1005 1006 1222.000000
212 213 1211.000000
159 160 1209.000000
663 664 1208.000000
1531 1532 1203.000000
660 661 1202.000000
246 247 1197.000000
1210 1211 1191.000000
52 53 1190.000000
53 54 1190.000000
54 55 1190.000000
55 56 1190.000000
1139 1140 1187.000000
1137 1138 1176.000000
1138 1139 1176.000000
40 62 1174.000000
1071 1072 1171.000000
1072 1073 1171.000000
1073 1074 1171.000000
244 245 1161.000000
1031 10361 1157.000000
682 703 1156.000000
701 702 1156.000000
702 703 1156.000000
815 816 1151.000000
224 225 1147.000000
1379 1380 1147.000000
1534 1535 1144.000000
1074 1075 1135.000000
245 246 1129.000000
1145 1167 1124.000000
616 637 1123.000000
636 637 1123.000000
135 157 1120.000000
83 84 1095.000000
1096 1097 1091.000000
765 766 1087.000000
616 617 1081.000000
1510 1511 1058.000000
1222 1223 1057.000000
638 659 1056.000000
658 659 1056.000000
1553 1554 1035.000000
73 74 1030.000000
74 75 1030.000000
75 76 1030.000000
76 77 1030.000000
77 78 1030.000000
78 79 1030.000000
79 80 1030.000000
80 81 1030.000000
198 199 1029.000000
267 268 1017.000000
727 728 1010.000000
199 200 1005.000000
726 727 997.000000
1146 1147 994.000000
1136 1137 991.000000
1270 1292 978.000000
635 636 972.000000
200 201 970.000000
82 83 967.000000
198 219 963.000000
216 217 963.000000
217 218 963.000000
218 219 963.000000
225 226 959.000000
204 205 954.000000
205 206 954.000000
206 207 954.000000
207 208 954.000000
208 209 954.000000
209 210 954.000000
210 211 954.000000
211 212 954.000000
1012 10487 952.000000
311 312 950.000000
1135 1136 950.000000
1470 1471 949.000000
191 192 945.000000
1178 1179 925.000000
592 593 918.000000
1404 1405 910.000000
641 642 903.000000
223 224 896.000000
678 679 893.000000
487 488 892.000000
1201 1202 880.000000
1036 1037 871.000000
134 156 862.000000
213 235 857.000000
1383 1384 838.000000
728 729 836.000000
1093 1094 834.000000
1094 1095 834.000000
1095 1096 834.000000
1032 10386 832.000000
1027 1028 831.000000
215 216 826.000000
150 172 814.000000
113 114 810.000000
114 115 810.000000
983 984 805.000000
310 311 804.000000
613 614 804.000000
532 533 801.000000
1401 1402 800.000000
309 310 797.000000
553 554 793.000000
1157 1158 787.000000
594 595 785.000000
115 116 782.000000
1514 1515 776.000000
612 613 768.000000
700 701 768.000000
973 974 765.000000
1013 10199 764.000000
1189 1211 761.000000
1515 1516 761.000000
904 905 746.000000
594 615 743.000000
614 615 743.000000
19 41 742.000000
312 313 737.000000
112 113 732.000000
308 329 730.000000
1104 1105 717.000000
1105 1106 717.000000
133 155 713.000000
970 992 713.000000
1057 1079 710.000000
638 639 708.000000
1070 1071 701.000000
1276 1277 701.000000
1010 10484 700.000000
222 244 699.000000
684 685 699.000000
620 621 693.000000
1405 1406 693.000000
1014 10409 691.000000
127 149 683.000000
971 993 681.000000
243 244 678.000000
683 684 678.000000
1309 1310 671.000000
1310 1311 671.000000
1311 1312 671.000000
1312 1313 671.000000
657 658 667.000000
30 31 663.000000
31 32 663.000000
32 33 663.000000
33 34 663.000000
577 578 659.000000
794 816 659.000000
264 285 657.000000
280 281 657.000000
281 282 657.000000
282 283 657.000000
283 284 657.000000
284 285 657.000000
1428 1429 650.000000
531 553 649.000000
1037 1038 649.000000
1010 10225 647.000000
488 489 643.000000
928 929 636.000000
929 930 636.000000
1113 1114 635.000000
1513 1535 634.000000
1009 1010 630.000000
287 288 623.000000
1032 10565 620.000000
147 148 619.000000
1034 10661 619.000000
1493 1494 618.000000
1010 10136 596.000000
1103 1104 595.000000
1489 1511 595.000000
268 269 590.000000
591 592 574.000000
1124 1125 572.000000
177 199 571.000000
139 140 567.000000
140 141 567.000000
141 142 567.000000
142 143 567.000000
143 144 567.000000
144 145 567.000000
145 146 567.000000
1059 1081 565.000000
90 91 564.000000
146 147 563.000000
1147 1148 557.000000
1148 1149 557.000000
1149 1150 557.000000
974 975 549.000000
656 657 546.000000
1015 10481 544.000000
489 490 542.000000
91 92 534.000000
92 93 534.000000
1035 10470 532.000000
290 291 530.000000
1053 1054 528.000000
620 642 526.000000
642 643 520.000000
117 118 515.000000
118 119 515.000000
119 120 515.000000
120 121 515.000000
121 122 515.000000
122 123 515.000000
123 124 515.000000
124 125 515.000000
125 126 515.000000
1033 10392 513.000000
214 236 509.000000
1011 10493 507.000000
896 897 506.000000
29 30 502.000000
60 82 502.000000
511 512 501.000000
1102 1124 499.000000
201 202 494.000000
289 290 493.000000
202 203 489.000000
995 996 485.000000
904 926 484.000000
1012 10417 482.000000
994 995 478.000000
182 204 477.000000
103 104 476.000000
490 512 474.000000
1038 1039 472.000000
1039 1040 472.000000
331 332 469.000000
1535 1536 468.000000
528 549 466.000000
530 531 466.000000
528 529 465.000000
529 530 465.000000
837 859 464.000000
931 953 464.000000
883 905 462.000000
136 158 459.000000
12 13 457.000000
836 858 451.000000
332 333 444.000000
1013 10317 444.000000
972 994 439.000000
268 290 438.000000
1011 10901 438.000000
1081 1082 434.000000
1082 1083 434.000000
1083 1084 434.000000
288 289 432.000000
533 534 431.000000
1016 10578 428.000000
1122 1144 426.000000
1232 1254 424.000000
1269 1270 420.000000
510 511 419.000000
1400 1401 419.000000
930 931 418.000000
106 10929 417.000000
664 665 415.000000
1266 1267 414.000000
1267 1268 414.000000
1268 1269 414.000000
34 35 411.000000
106 128 406.000000
1575 1576 405.000000
1576 1577 405.000000
35 36 403.000000
36 37 403.000000
1509 1510 403.000000
1160 1182 401.000000
792 814 399.000000
1091 1092 399.000000
707 729 398.000000
554 555 397.000000
106 10750 395.000000
1247 1269 395.000000
1496 1497 393.000000
1496 1517 393.000000
1497 1498 393.000000
138 139 392.000000
1011 10148 392.000000
1011 10415 390.000000
51 52 387.000000
1577 1578 385.000000
1055 10819 383.000000
105 10899 382.000000
1092 1093 381.000000
331 353 377.000000
105 10503 376.000000
19 20 374.000000
484 505 371.000000
1015 10533 371.000000
95 96 370.000000
96 97 370.000000
97 98 370.000000
98 99 370.000000
100 101 370.000000
101 102 370.000000
102 103 370.000000
105 10981 367.000000
68 69 365.000000
69 70 365.000000
70 71 365.000000
71 72 365.000000
1150 1151 364.000000
106 10958 363.000000
1013 10577 363.000000
1406 1407 363.000000
1036 10456 361.000000
1036 10936 361.000000
919 920 359.000000
920 921 359.000000
921 922 359.000000
66 67 358.000000
66 87 358.000000
67 68 358.000000
85 86 358.000000
86 87 358.000000
106 10695 357.000000
106 10723 357.000000
575 597 357.000000
509 510 356.000000
106 10693 355.000000
106 10746 355.000000
106 10766 355.000000
106 10799 354.000000
106 10851 354.000000
106 10891 354.000000
106 10906 354.000000
106 10974 354.000000
106 10992 354.000000
1012 10459 352.000000
106 10973 351.000000
81 82 349.000000
104 126 349.000000
1016 1017 346.000000
106 10991 342.000000
1060 1061 342.000000
1061 1062 342.000000
946 968 340.000000
93 94 337.000000
183 184 334.000000
184 185 334.000000
185 186 334.000000
186 187 334.000000
187 188 334.000000
188 189 334.000000
189 190 334.000000
63 85 332.000000
1079 10918 331.000000
1013 10279 329.000000
1058 10632 329.000000
106 10666 328.000000
1471 1472 328.000000
1011 10392 327.000000
106 10749 326.000000
106 10764 326.000000
106 10797 326.000000
106 10803 326.000000
106 10907 325.000000
106 10915 325.000000
126 148 324.000000
1078 10917 324.000000
158 180 323.000000
178 200 321.000000
487 509 321.000000
160 161 319.000000
161 162 319.000000
162 163 319.000000
163 164 319.000000
164 165 319.000000
165 166 319.000000
166 167 319.000000
167 168 319.000000
168 169 319.000000
883 884 319.000000
682 683 318.000000
726 748 313.000000
634 635 311.000000
1028 10731 311.000000
257 258 307.000000
258 259 307.000000
1226 1248 306.000000
264 286 305.000000
279 280 305.000000
1151 1152 305.000000
1152 1153 305.000000
1153 1154 305.000000
1154 1155 305.000000
1155 1156 305.000000
203 204 304.000000
94 95 301.000000
198 220 300.000000
169 191 299.000000
1015 10503 299.000000
830 831 298.000000
190 191 296.000000
545 546 294.000000
1004 1005 294.000000
1015 10981 292.000000
269 291 288.000000
106 10707 287.000000
1016 10293 287.000000
105 10936 286.000000
577 599 286.000000
570 571 285.000000
925 947 283.000000
1248 1270 283.000000
137 159 282.000000
1028 10411 281.000000
1028 10711 281.000000
1028 10932 281.000000
1014 10142 280.000000
147 169 279.000000
1125 1126 279.000000
1126 1127 279.000000
1127 1128 279.000000
838 860 278.000000
1036 10625 278.000000
1049 1050 278.000000
1050 1051 278.000000
1051 1052 278.000000
1052 1053 278.000000
1578 1579 277.000000
106 10601 276.000000
1128 1129 275.000000
1129 1130 273.000000
1130 1131 273.000000
1131 1132 273.000000
1132 1133 273.000000
1133 1134 273.000000
287 309 272.000000
1079 10793 271.000000
1060 10828 270.000000
685 686 269.000000
105 10657 268.000000
1011 10413 265.000000
105 10998 264.000000
1556 1578 264.000000
105 10762 261.000000
226 227 260.000000
227 228 260.000000
228 229 260.000000
229 230 260.000000
230 231 260.000000
231 232 260.000000
232 233 260.000000
233 234 260.000000
1081 10931 256.000000
234 235 255.000000
1403 1425 255.000000
1425 1447 252.000000
1559 1560 252.000000
555 556 251.000000
1014 10947 250.000000
1035 10619 249.000000
1200 1201 249.000000
532 554 248.000000
105 10761 247.000000
951 952 246.000000
1013 10619 246.000000
950 951 245.000000
952 953 245.000000
200 222 244.000000
333 334 244.000000
918 919 244.000000
1015 10403 243.000000
396 417 239.000000
1014 10998 239.000000
191 213 238.000000
1059 10840 238.000000
37 38 237.000000
29 51 236.000000
204 226 235.000000
1015 10607 235.000000
1472 1473 235.000000
704 726 234.000000
1016 10778 232.000000
475 476 231.000000
476 477 231.000000
477 478 231.000000
478 479 231.000000
479 480 231.000000
480 481 231.000000
809 831 231.000000
902 924 231.000000
1033 1055 231.000000
1077 10953 231.000000
1054 10883 229.000000
573 595 228.000000
256 257 226.000000
1058 10649 226.000000
1058 10682 226.000000
1058 10620 224.000000
1058 10729 224.000000
1058 10809 224.000000
1058 10827 224.000000
1058 10834 224.000000
661 683 222.000000
259 260 221.000000
260 261 221.000000
261 262 221.000000
262 263 221.000000
1015 10273 221.000000
922 923 220.000000
1055 10796 220.000000
106 10754 219.000000
286 287 219.000000
1084 10874 219.000000
1314 1336 219.000000
106 10610 218.000000
106 10966 218.000000
106 10983 218.000000
440 441 218.000000
441 442 218.000000
442 443 218.000000
106 10793 217.000000
1016 10751 217.000000
1033 10618 217.000000
1210 1232 217.000000
1469 1491 217.000000
584 606 215.000000
1401 1423 215.000000
106 10755 214.000000
1032 10407 214.000000
1048 1049 213.000000
786 787 212.000000
1011 10694 212.000000
1026 1027 212.000000
1017 10324 210.000000
1081 10828 210.000000
1339 1361 210.000000
44 45 209.000000
44 65 209.000000
45 46 209.000000
64 65 209.000000
106 10918 209.000000
772 773 209.000000
201 223 208.000000
1005 10166 207.000000
1005 10835 206.000000
1005 10852 206.000000
1005 10944 206.000000
1026 10592 204.000000
1036 10923 204.000000
41 63 202.000000
708 709 202.000000
748 770 202.000000
1384 1385 200.000000
182 183 199.000000
548 549 199.000000
881 903 199.000000
353 354 197.000000
354 355 197.000000
355 356 197.000000
1134 1135 195.000000
1450 1451 195.000000
1080 10887 193.000000
1316 1338 193.000000
610 611 192.000000
611 612 192.000000
1058 10923 192.000000
506 507 189.000000
507 508 189.000000
1014 10488 189.000000
224 246 188.000000
506 527 188.000000
73 95 187.000000
556 557 187.000000
557 558 187.000000
558 559 187.000000
559 560 187.000000
560 561 187.000000
1338 1360 187.000000
300 301 186.000000
723 745 186.000000
1080 10845 186.000000
1294 1316 186.000000
1137 1159 185.000000
1189 1190 185.000000
1244 1245 185.000000
1033 10659 184.000000
1487 1488 184.000000
63 64 183.000000
1017 1018 183.000000
1018 1019 183.000000
1062 1084 183.000000
1035 10762 182.000000
103 10715 181.000000
270 271 181.000000
271 272 181.000000
272 273 181.000000
273 274 181.000000
274 275 181.000000
275 276 181.000000
276 277 181.000000
352 374 181.000000
1254 1255 181.000000
1195 1196 179.000000
1196 1197 179.000000
1197 1198 179.000000
1198 1199 179.000000
1199 1200 179.000000
1080 10812 178.000000
243 265 176.000000
1360 1382 175.000000
770 792 174.000000
1077 1099 174.000000
301 302 173.000000
302 303 173.000000
303 304 173.000000
304 305 173.000000
305 306 173.000000
306 307 173.000000
852 853 173.000000
1013 10593 173.000000
106 10926 172.000000
1013 10879 172.000000
1136 1158 172.000000
1012 10413 171.000000
1037 10927 171.000000
1106 1107 171.000000
1342 1363 171.000000
277 278 170.000000
30 52 169.000000
794 795 169.000000
286 307 168.000000
1032 10522 167.000000
1079 10809 167.000000
1079 10827 167.000000
1079 10834 167.000000
106 10653 166.000000
1016 10846 166.000000
1016 10927 164.000000
1062 1063 159.000000
107 10911 158.000000
546 568 158.000000
1058 10947 158.000000
1466 1467 157.000000
1357 1379 156.000000
403 425 155.000000
508 509 155.000000
1015 10259 155.000000
1015 10995 155.000000
1035 10486 155.000000
1037 10846 155.000000
1027 10276 154.000000
46 47 153.000000
47 48 153.000000
48 49 153.000000
49 50 153.000000
50 51 153.000000
107 10952 152.000000
660 682 150.000000
905 906 150.000000
1084 1085 150.000000
16 38 149.000000
199 221 149.000000
918 940 149.000000
1053 10539 149.000000
1058 10770 148.000000
1014 10470 147.000000
1488 1510 147.000000
1166 1188 146.000000
619 641 145.000000
1014 10762 145.000000
1033 10901 145.000000
961 983 144.000000
1077 10819 143.000000
1080 10899 143.000000
1445 1467 142.000000
299 300 140.000000
569 570 140.000000
621 643 140.000000
1381 1403 138.000000
576 598 137.000000
1014 10600 137.000000
1014 10924 137.000000
546 547 136.000000
1036 10995 136.000000
750 772 135.000000
1058 10625 134.000000
107 10836 133.000000
1059 10961 133.000000
1016 10643 132.000000
1035 10432 132.000000
138 160 131.000000
1016 10455 131.000000
1057 10917 131.000000
321 322 130.000000
1016 10176 130.000000
1204 1226 130.000000
1452 1453 130.000000
1452 1473 130.000000
1453 1454 130.000000
1454 1455 130.000000
1063 1085 129.000000
1516 1517 129.000000
39 61 128.000000
1010 10249 128.000000
1056 10577 128.000000
225 247 127.000000
242 243 127.000000
541 542 127.000000
542 543 127.000000
543 544 127.000000
544 545 127.000000
721 722 127.000000
884 885 127.000000
885 886 127.000000
886 887 127.000000
1059 10959 127.000000
1426 1448 127.000000
443 465 126.000000
1080 10990 125.000000
547 548 124.000000
728 750 123.000000
831 853 122.000000
906 907 122.000000
907 908 122.000000
1080 10847 122.000000
1080 10869 122.000000
1036 10770 121.000000
278 279 120.000000
1124 1146 120.000000
322 323 119.000000
400 401 119.000000
401 402 119.000000
402 403 119.000000
906 928 118.000000
967 989 118.000000
149 171 117.000000
155 177 115.000000
919 941 115.000000
1035 10600 115.000000
1035 10924 115.000000
106 10614 114.000000
242 263 114.000000
716 717 114.000000
717 718 114.000000
718 719 114.000000
719 720 114.000000
815 837 114.000000
996 997 114.000000
106 10642 113.000000
489 511 113.000000
1229 1251 113.000000
1250 1272 113.000000
720 721 112.000000
950 972 112.000000
962 984 112.000000
1011 10689 112.000000
1053 10726 112.000000
1080 10801 112.000000
1364 1385 112.000000
533 555 111.000000
817 839 111.000000
880 902 111.000000
1076 10783 111.000000
1156 1157 111.000000
1574 1575 111.000000
1036 10503 110.000000
1036 10981 109.000000
1080 10802 109.000000
113 135 108.000000
1233 1255 108.000000
1036 1058 107.000000
323 324 106.000000
324 325 106.000000
325 326 106.000000
326 327 106.000000
327 328 106.000000
328 329 106.000000
1185 1207 106.000000
1557 1579 106.000000
997 998 105.000000
998 999 105.000000
1000 1001 105.000000
1001 1002 105.000000
1002 1003 105.000000
1003 1004 105.000000
106 10686 103.000000
106 10734 103.000000
598 620 103.000000
861 883 103.000000
1006 10183 103.000000
595 617 102.000000
181 203 101.000000
291 313 101.000000
106 10873 100.000000
106 10930 100.000000
795 817 100.000000
106 10676 99.000000
106 10685 99.000000
106 10728 99.000000
106 10881 99.000000
562 563 99.000000
563 564 99.000000
564 565 99.000000
565 566 99.000000
975 976 99.000000
976 977 99.000000
977 978 99.000000
978 979 99.000000
979 980 99.000000
980 981 99.000000
981 982 99.000000
512 513 98.000000
513 514 98.000000
514 515 98.000000
515 516 98.000000
516 517 98.000000
517 518 98.000000
1209 1231 98.000000
1293 1315 98.000000
1404 1426 98.000000
1033 10487 97.000000
1078 1100 97.000000
1487 1509 97.000000
106 10727 96.000000
552 574 96.000000
1076 10775 96.000000
1076 10848 96.000000
1080 1102 96.000000
1077 10901 95.000000
504 505 94.000000
975 997 94.000000
1010 10509 94.000000
1012 10796 94.000000
1013 10668 94.000000
1076 10808 94.000000
1076 10877 94.000000
312 334 93.000000
643 665 93.000000
982 983 93.000000
1053 1075 93.000000
1144 1166 93.000000
106 10699 92.000000
330 351 92.000000
443 444 92.000000
857 879 92.000000
875 897 92.000000
68 90 91.000000
176 198 91.000000
106 10641 90.000000
106 10644 90.000000
106 10652 90.000000
106 10720 90.000000
106 10736 90.000000
106 10913 90.000000
192 214 90.000000
291 292 90.000000
292 293 90.000000
293 294 90.000000
294 295 90.000000
295 296 90.000000
296 297 90.000000
297 298 90.000000
298 299 90.000000
884 906 90.000000
106 10621 89.000000
106 10712 89.000000
727 749 89.000000
1536 1537 89.000000
639 661 88.000000
1060 10751 88.000000
106 10876 87.000000
106 10905 87.000000
510 532 87.000000
945 967 87.000000
1027 10835 87.000000
1027 10852 87.000000
1027 10944 87.000000
901 923 86.000000
244 266 85.000000
106 10804 84.000000
106 10909 84.000000
160 182 84.000000
561 562 84.000000
1053 10903 84.000000
1091 1113 84.000000
1139 1161 84.000000
1165 1187 84.000000
1168 1169 84.000000
1169 1170 84.000000
1170 1171 84.000000
1171 1172 84.000000
106 10820 83.000000
245 267 83.000000
566 567 83.000000
567 568 83.000000
257 279 82.000000
269 270 82.000000
1049 1071 82.000000
1559 1581 82.000000
51 73 81.000000
116 117 81.000000
1037 10607 81.000000
1076 10883 81.000000
1167 1168 81.000000
1180 1202 81.000000
248 249 80.000000
249 250 80.000000
250 251 80.000000
251 252 80.000000
252 253 80.000000
253 254 80.000000
254 255 80.000000
255 256 80.000000
1013 10985 80.000000
1056 10661 80.000000
106 10747 79.000000
107 10794 79.000000
453 454 79.000000
454 455 79.000000
455 456 79.000000
456 457 79.000000
457 458 79.000000
458 459 79.000000
459 460 79.000000
947 969 79.000000
1013 10613 79.000000
683 705 78.000000
1032 10842 78.000000
1076 10777 78.000000
1076 10810 78.000000
1076 10841 78.000000
1080 10959 78.000000
617 639 77.000000
953 954 77.000000
954 955 77.000000
955 956 77.000000
956 957 77.000000
957 958 77.000000
958 959 77.000000
959 960 77.000000
960 961 77.000000
1080 10961 77.000000
106 10756 76.000000
106 10853 76.000000
106 10980 76.000000
106 10989 76.000000
535 536 76.000000
536 537 76.000000
537 538 76.000000
538 539 76.000000
539 540 76.000000
1010 10450 76.000000
1010 10505 76.000000
1010 10506 76.000000
1010 10783 76.000000
1076 10816 76.000000
1076 10902 76.000000
1076 10921 76.000000
1190 1191 75.000000
1191 1192 75.000000
1192 1193 75.000000
1193 1194 75.000000
1194 1195 75.000000
1254 1276 75.000000
157 179 74.000000
679 701 74.000000
1011 10627 74.000000
1080 10840 74.000000
1141 1163 74.000000
705 727 73.000000
1033 10821 73.000000
1036 10998 73.000000
1537 1538 73.000000
1011 10850 72.000000
1035 1057 72.000000
171 193 71.000000
1076 10951 71.000000
1076 10969 71.000000
490 491 70.000000
772 794 70.000000
1010 10777 69.000000
1010 10810 69.000000
1010 10841 69.000000
1031 1053 69.000000
1032 10575 69.000000
156 178 68.000000
1530 1531 68.000000
105 10770 67.000000
105 10923 67.000000
578 579 67.000000
579 580 67.000000
580 581 67.000000
581 582 67.000000
582 583 67.000000
583 584 67.000000
816 838 67.000000
534 535 66.000000
1033 10721 66.000000
38 60 65.000000
107 10767 65.000000
107 10826 65.000000
107 10963 65.000000
299 321 65.000000
525 526 65.000000
1013 10246 65.000000
621 622 64.000000
1038 10436 64.000000
1063 1064 64.000000
1064 1065 64.000000
1065 1066 64.000000
1066 1067 64.000000
1067 1068 64.000000
106 10629 63.000000
106 10673 63.000000
106 10984 63.000000
106 10994 63.000000
247 248 63.000000
599 600 63.000000
771 793 63.000000
858 880 63.000000
1032 10568 63.000000
1032 10640 63.000000
1032 10718 63.000000
1032 10788 63.000000
1032 10831 63.000000
1068 1069 63.000000
1012 10618 62.000000
1012 10953 62.000000
1032 10645 62.000000
1182 1204 62.000000
526 527 61.000000
600 601 61.000000
601 602 61.000000
602 603 61.000000
603 604 61.000000
604 605 61.000000
1013 10218 61.000000
1013 10763 61.000000
1013 10895 61.000000
1013 10977 61.000000
1158 1180 61.000000
540 541 60.000000
1010 10808 60.000000
1010 10877 60.000000
1424 1446 60.000000
1010 10380 59.000000
1010 10603 59.000000
1010 10775 59.000000
1010 10816 59.000000
1010 10848 59.000000
1012 10689 59.000000
1032 10738 59.000000
1167 1189 59.000000
190 212 58.000000
466 467 58.000000
1010 10476 58.000000
1010 10703 58.000000
1010 10902 58.000000
1010 10921 58.000000
1011 10752 58.000000
1034 10577 58.000000
1492 1514 58.000000
313 314 57.000000
314 315 57.000000
315 316 57.000000
316 317 57.000000
317 318 57.000000
318 319 57.000000
319 320 57.000000
320 321 57.000000
465 466 57.000000
467 468 57.000000
1013 10372 57.000000
1013 10426 57.000000
1013 10532 57.000000
1032 10934 57.000000
1054 10946 57.000000
1075 10842 57.000000
1107 1108 57.000000
1108 1109 57.000000
1109 1110 57.000000
1110 1111 57.000000
1111 1112 57.000000
1335 1336 57.000000
46 68 56.000000
444 445 56.000000
584 585 56.000000
585 586 56.000000
586 587 56.000000
587 588 56.000000
588 589 56.000000
589 590 56.000000
701 723 56.000000
860 882 56.000000
1135 1157 56.000000
612 634 55.000000
107 10806 54.000000
107 10875 54.000000
110 132 53.000000
397 398 53.000000
398 399 53.000000
399 400 53.000000
640 662 53.000000
1033 10681 53.000000
1179 1201 53.000000
1298 1320 53.000000
72 73 52.000000
242 264 52.000000
418 419 52.000000
419 420 52.000000
420 421 52.000000
421 422 52.000000
422 423 52.000000
423 424 52.000000
424 425 52.000000
481 482 52.000000
555 577 52.000000
814 836 52.000000
1054 10949 52.000000
1358 1380 51.000000
1446 1468 51.000000
745 767 50.000000
1009 10831 50.000000
1027 10391 50.000000
874 896 49.000000
1011 10982 49.000000
590 612 48.000000
1276 1298 48.000000
1474 1475 48.000000
1474 1495 48.000000
1475 1476 48.000000
1494 1495 48.000000
482 483 47.000000
682 704 47.000000
534 556 46.000000
1085 1086 46.000000
1086 1087 46.000000
1087 1088 46.000000
1088 1089 46.000000
1089 1090 46.000000
1090 1091 46.000000
112 134 45.000000
445 446 45.000000
909 931 45.000000
1033 10627 45.000000
1055 10554 45.000000
1112 1113 45.000000
1012 10979 44.000000
1038 10578 44.000000
446 447 43.000000
466 488 43.000000
923 945 43.000000
1032 10664 43.000000
1032 10965 43.000000
1069 1070 43.000000
107 10988 42.000000
594 616 42.000000
1019 1020 42.000000
1020 1021 42.000000
1021 1022 42.000000
1022 1023 42.000000
1023 1024 42.000000
1024 1025 42.000000
1025 1026 42.000000
1273 1295 42.000000
1558 1580 42.000000
105 10755 41.000000
105 10918 41.000000
568 569 41.000000
1048 1070 41.000000
1157 1179 41.000000
8 9 40.000000
246 268 40.000000
497 498 40.000000
498 499 40.000000
499 500 40.000000
500 501 40.000000
501 502 40.000000
502 503 40.000000
503 504 40.000000
1320 1321 40.000000
105 10620 39.000000
105 10649 39.000000
105 10682 39.000000
105 10729 39.000000
105 10809 39.000000
105 10827 39.000000
105 10834 39.000000
247 269 39.000000
1038 10583 38.000000
1055 10982 38.000000
15 1577 37.000000
107 10904 37.000000
330 331 37.000000
465 487 37.000000
650 651 37.000000
651 652 37.000000
652 653 37.000000
653 654 37.000000
654 655 37.000000
896 918 37.000000
1033 10493 37.000000
10 11 36.000000
11 12 36.000000
105 10869 36.000000
444 466 36.000000
523 524 36.000000
524 525 36.000000
685 707 36.000000
887 909 36.000000
1037 1059 36.000000
1074 1096 36.000000
1211 1212 36.000000
1212 1213 36.000000
1213 1214 36.000000
1214 1215 36.000000
1215 1216 36.000000
107 10800 35.000000
887 888 35.000000
888 889 35.000000
889 890 35.000000
890 891 35.000000
891 892 35.000000
892 893 35.000000
893 894 35.000000
894 895 35.000000
895 896 35.000000
1162 1184 35.000000
1014 10502 34.000000
1060 10778 34.000000
1123 1145 34.000000
460 461 33.000000
474 475 33.000000
1206 1228 33.000000
7 8 32.000000
115 137 32.000000
554 576 32.000000
903 925 32.000000
1077 10979 32.000000
1380 1402 32.000000
248 270 31.000000
686 687 31.000000
1004 1026 31.000000
1075 10788 31.000000
1075 10965 31.000000
1079 10998 31.000000
1448 1470 31.000000
105 10632 30.000000
440 461 30.000000
638 660 30.000000
729 730 30.000000
730 731 30.000000
731 732 30.000000
732 733 30.000000
733 734 30.000000
734 735 30.000000
735 736 30.000000
736 737 30.000000
1037 10553 30.000000
128 150 29.000000
357 358 29.000000
358 359 29.000000
359 381 29.000000
381 403 29.000000
1014 10398 29.000000
1026 10635 29.000000
1034 1056 29.000000
1054 10955 29.000000
1427 1449 29.000000
116 138 28.000000
491 492 28.000000
492 493 28.000000
493 494 28.000000
494 495 28.000000
495 496 28.000000
1032 10509 28.000000
1054 10811 28.000000
1056 10668 28.000000
1058 10998 28.000000
107 10870 27.000000
462 463 27.000000
462 483 27.000000
463 464 27.000000
464 465 27.000000
600 622 27.000000
605 606 27.000000
769 791 27.000000
1026 10856 27.000000
1032 10721 27.000000
447 469 26.000000
518 519 26.000000
519 520 26.000000
520 521 26.000000
521 522 26.000000
522 523 26.000000
613 635 26.000000
700 722 26.000000
1013 10702 26.000000
1156 1178 26.000000
1336 1358 26.000000
569 591 25.000000
706 728 25.000000
1013 10271 25.000000
1014 10363 25.000000
1014 10696 25.000000
1055 10850 25.000000
105 10625 24.000000
684 706 24.000000
879 901 24.000000
1013 10180 24.000000
1013 10335 24.000000
1013 10347 24.000000
1035 10609 24.000000
1076 10811 24.000000
1076 10949 24.000000
1076 10955 24.000000
1382 1404 24.000000
234 256 23.000000
511 533 23.000000
1011 10330 23.000000
1012 1034 23.000000
1383 1405 23.000000
1009 10568 22.000000
1014 10428 22.000000
1032 10777 22.000000
1032 10810 22.000000
1059 10936 22.000000
1076 10821 22.000000
1097 1119 22.000000
154 176 21.000000
550 572 21.000000
663 685 21.000000
1014 10609 21.000000
1015 10997 21.000000
1035 10358 21.000000
1035 10379 21.000000
1035 10818 21.000000
1035 10863 21.000000
1076 10946 21.000000
1077 10982 21.000000
1540 1541 21.000000
1540 1561 21.000000
1541 1542 21.000000
1560 1561 21.000000
488 510 20.000000
948 970 20.000000
1014 10346 20.000000
1033 10330 20.000000
1033 10554 20.000000
1058 10762 20.000000
1069 1091 20.000000
1298 1299 20.000000
1535 1557 20.000000
309 331 19.000000
859 881 19.000000
1033 10982 19.000000
1098 1120 19.000000
1228 1250 19.000000
1291 1292 19.000000
1467 1489 19.000000
553 575 18.000000
729 751 18.000000
1014 10329 18.000000
1014 10375 18.000000
1014 10740 18.000000
1014 10886 18.000000
1014 10996 18.000000
1032 1054 18.000000
1032 10841 18.000000
1093 1115 18.000000
1518 1519 18.000000
1518 1539 18.000000
1519 1520 18.000000
1531 1553 18.000000
1538 1539 18.000000
203 225 17.000000
365 366 17.000000
366 367 17.000000
367 368 17.000000
368 369 17.000000
369 370 17.000000
370 371 17.000000
371 372 17.000000
372 373 17.000000
374 375 17.000000
375 376 17.000000
376 377 17.000000
377 378 17.000000
469 470 17.000000
470 471 17.000000
471 472 17.000000
472 473 17.000000
473 474 17.000000
496 497 17.000000
578 600 17.000000
606 607 17.000000
607 608 17.000000
608 609 17.000000
609 610 17.000000
655 656 17.000000
1032 10380 17.000000
1032 10603 17.000000
1032 10808 17.000000
1032 10816 17.000000
1032 10877 17.000000
1033 10529 17.000000
1033 10665 17.000000
1033 10694 17.000000
1555 1577 17.000000
721 743 16.000000
1014 10203 16.000000
1014 10358 16.000000
1014 10379 16.000000
1014 10818 16.000000
1014 10863 16.000000
1033 10446 16.000000
1035 10398 16.000000
1077 10850 16.000000
1080 10981 16.000000
1251 1273 16.000000
1359 1381 16.000000
111 133 15.000000
599 621 15.000000
1032 10331 15.000000
1032 10883 15.000000
1096 1118 15.000000
1118 1140 15.000000
226 248 14.000000
1011 10487 14.000000
1017 10436 14.000000
1035 10363 14.000000
1035 10696 14.000000
1059 10607 14.000000
1080 10923 14.000000
202 224 13.000000
686 708 13.000000
687 688 13.000000
688 689 13.000000
689 690 13.000000
690 691 13.000000
691 692 13.000000
692 693 13.000000
1004 10161 13.000000
1004 10276 13.000000
1005 10150 13.000000
1009 10386 13.000000
1011 10979 13.000000
1038 10751 13.000000
1038 10778 13.000000
1112 1134 13.000000
1405 1427 13.000000
1516 1538 13.000000
22 23 12.000000
22 43 12.000000
23 24 12.000000
24 25 12.000000
25 26 12.000000
26 27 12.000000
27 28 12.000000
28 29 12.000000
41 42 12.000000
42 43 12.000000
104 10997 12.000000
220 242 12.000000
467 489 12.000000
468 469 12.000000
475 497 12.000000
657 679 12.000000
1036 10997 12.000000
1056 10985 12.000000
1255 1256 12.000000
1256 1257 12.000000
1257 1258 12.000000
1258 1259 12.000000
1259 1260 12.000000
1260 1261 12.000000
1261 1262 12.000000
1262 1263 12.000000
1263 1264 12.000000
1264 1265 12.000000
277 299 11.000000
403 404 11.000000
404 405 11.000000
405 406 11.000000
406 407 11.000000
407 408 11.000000
445 467 11.000000
556 578 11.000000
664 686 11.000000
788 810 11.000000
816 817 11.000000
1010 10745 11.000000
1011 10446 11.000000
1016 10327 11.000000
1016 10523 11.000000
1033 10542 11.000000
1033 10752 11.000000
1034 10613 11.000000
1098 10982 11.000000
117 139 10.000000
509 531 10.000000
512 534 10.000000
523 545 10.000000
1005 10474 10.000000
1011 10618 10.000000
1032 10369 10.000000
1032 10450 10.000000
1032 10505 10.000000
1032 10506 10.000000
1032 10783 10.000000
1032 10811 10.000000
1032 10951 10.000000
1032 10955 10.000000
1032 10969 10.000000
1036 10409 10.000000
1055 10953 10.000000
1059 10981 10.000000
1211 1233 10.000000
1423 1445 10.000000
129 151 9.000000
622 623 9.000000
623 624 9.000000
624 625 9.000000
625 626 9.000000
626 627 9.000000
627 628 9.000000
743 765 9.000000
865 866 9.000000
865 887 9.000000
866 867 9.000000
867 868 9.000000
868 869 9.000000
869 870 9.000000
870 871 9.000000
871 872 9.000000
872 873 9.000000
873 874 9.000000
1005 10207 9.000000
1014 10310 9.000000
1032 10357 9.000000
1032 10476 9.000000
1032 10484 9.000000
1032 10703 9.000000
1032 10775 9.000000
1032 10848 9.000000
1032 10902 9.000000
1032 10921 9.000000
1032 10946 9.000000
1032 10949 9.000000
1075 1097 9.000000
1408 1429 9.000000
356 357 8.000000
590 591 8.000000
656 678 8.000000
924 946 8.000000
1004 10635 8.000000
1004 10856 8.000000
1005 10272 8.000000
1009 1031 8.000000
1009 10640 8.000000
1013 1035 8.000000
1071 1093 8.000000
1080 10936 8.000000
1172 1173 8.000000
1173 1174 8.000000
1174 1175 8.000000
1175 1176 8.000000
1176 1177 8.000000
103 125 7.000000
125 147 7.000000
148 170 7.000000
170 192 7.000000
290 312 7.000000
396 397 7.000000
635 657 7.000000
744 766 7.000000
1005 10411 7.000000
1005 10711 7.000000
1005 10932 7.000000
1009 10167 7.000000
1009 10179 7.000000
1009 10250 7.000000
1009 10407 7.000000
1009 10575 7.000000
1009 10664 7.000000
1009 10718 7.000000
1009 10788 7.000000
1009 10842 7.000000
1009 10965 7.000000
1010 10325 7.000000
1010 10821 7.000000
1016 10844 7.000000
1019 10378 7.000000
1034 10668 7.000000
1034 10985 7.000000
1036 10481 7.000000
1037 10403 7.000000
1038 1060 7.000000
1075 10831 7.000000
1337 1359 7.000000
13 1575 6.000000
180 202 6.000000
418 439 6.000000
597 619 6.000000
908 909 6.000000
1005 10731 6.000000
1010 10270 6.000000
1010 10277 6.000000
1010 10280 6.000000
1010 10659 6.000000
1010 10681 6.000000
1010 10721 6.000000
1055 10979 6.000000
1092 1114 6.000000
1119 1141 6.000000
1272 1294 6.000000
1292 1314 6.000000
438 439 5.000000
643 644 5.000000
644 645 5.000000
645 646 5.000000
646 647 5.000000
647 648 5.000000
648 649 5.000000
649 650 5.000000
665 666 5.000000
666 667 5.000000
667 668 5.000000
668 669 5.000000
669 670 5.000000
670 671 5.000000
671 672 5.000000
766 788 5.000000
1016 10340 5.000000
1016 10553 5.000000
1054 10752 5.000000
10 1572 4.000000
146 168 4.000000
159 181 4.000000
168 190 4.000000
658 680 4.000000
1011 10542 4.000000
1011 10554 4.000000
1011 10665 4.000000
1054 10821 4.000000
1470 1492 4.000000
1553 1575 4.000000
1572 1573 4.000000
1573 1574 4.000000
286 308 3.000000
334 335 3.000000
335 336 3.000000
336 337 3.000000
337 338 3.000000
338 339 3.000000
339 340 3.000000
340 341 3.000000
341 342 3.000000
431 453 3.000000
505 527 3.000000
662 684 3.000000
722 744 3.000000
909 910 3.000000
910 911 3.000000
911 912 3.000000
912 913 3.000000
913 914 3.000000
914 915 3.000000
915 916 3.000000
916 917 3.000000
927 949 3.000000
931 932 3.000000
932 933 3.000000
933 934 3.000000
934 935 3.000000
935 936 3.000000
936 937 3.000000
937 938 3.000000
938 939 3.000000
939 940 3.000000
949 971 3.000000
1005 10234 3.000000
1005 10449 3.000000
1005 10590 3.000000
1005 10999 3.000000
1010 1032 3.000000
1011 10529 3.000000
1049 10711 3.000000
1049 10731 3.000000
1049 10932 3.000000
1053 10603 3.000000
1053 10703 3.000000
1053 10775 3.000000
1053 10783 3.000000
1053 10808 3.000000
1053 10816 3.000000
1053 10848 3.000000
1053 10877 3.000000
1053 10902 3.000000
1053 10921 3.000000
1053 10951 3.000000
1053 10969 3.000000
1055 10618 3.000000
1055 10689 3.000000
1168 1190 3.000000
1430 1431 3.000000
1430 1451 3.000000
1431 1432 3.000000
1432 1433 3.000000
1433 1455 3.000000
212 234 2.000000
235 257 2.000000
431 432 2.000000
432 433 2.000000
433 434 2.000000
434 435 2.000000
435 436 2.000000
436 437 2.000000
437 438 2.000000
446 468 2.000000
468 490 2.000000
540 562 2.000000
551 573 2.000000
562 584 2.000000
672 673 2.000000
673 674 2.000000
674 675 2.000000
675 676 2.000000
676 677 2.000000
677 678 2.000000
720 742 2.000000
742 764 2.000000
764 786 2.000000
1005 10391 2.000000
1027 1049 2.000000
1053 10640 2.000000
1053 10934 2.000000
1054 10694 2.000000
1216 1217 2.000000
1217 1218 2.000000
1218 1219 2.000000
1219 1220 2.000000
1220 1221 2.000000
1335 1357 2.000000
1342 1364 2.000000
1362 1384 2.000000
1386 1407 2.000000
1491 1513 2.000000
1512 1534 2.000000
1534 1556 2.000000
5 6 1.000000
6 7 1.000000
408 409 1.000000
408 430 1.000000
409 431 1.000000
430 452 1.000000
452 474 1.000000
506 528 1.000000
530 552 1.000000
592 614 1.000000
628 629 1.000000
629 630 1.000000
630 631 1.000000
631 632 1.000000
632 633 1.000000
633 634 1.000000
951 973 1.000000
1005 10098 1.000000
1010 10114 1.000000
1010 10331 1.000000
1010 10357 1.000000
1010 10369 1.000000
1010 10811 1.000000
1010 10883 1.000000
1010 10946 1.000000
1010 10949 1.000000
1010 10955 1.000000
1053 10565 1.000000
1054 10721 1.000000
1056 1078 1.000000
1068 1090 1.000000
1090 1112 1.000000
1113 1135 1.000000
1116 1138 1.000000
1117 1139 1.000000
1138 1160 1.000000
1184 1206 1.000000
1361 1383 1.000000
1520 1521 1.000000
1521 1522 1.000000
1522 1523 1.000000
1523 1524 1.000000
1524 1525 1.000000
1525 1526 1.000000
1526 1527 1.000000
1527 1528 1.000000
1528 1529 1.000000
1529 1530 1.000000
1542 1543 1.000000
1543 1544 1.000000
1544 1545 1.000000
1545 1567 1.000000
