1105 1106 19005.000000
1104 1105 17497.000000
929 930 16426.000000
0 21 14243.000000
1103 1104 14084.000000
133 134 12364.000000
134 135 12364.000000
135 136 12364.000000
136 137 12105.000000
89 90 11546.000000
90 91 11546.000000
91 92 11546.000000
92 93 11537.000000
1126 1127 11061.000000
1124 1125 10891.000000
1125 1126 10824.000000
132 133 10573.000000
1144 1165 10134.000000
928 929 9772.000000
1163 1164 9760.000000
1148 1149 9713.000000
1164 1165 9672.000000
885 886 9645.000000
1147 1148 9582.000000
1061 1062 9522.000000
1123 1124 9343.000000
1144 1145 9246.000000
1102 1103 9243.000000
44 65 9077.000000
1145 1146 9014.000000
927 928 8944.000000
88 89 8894.000000
793 794 8727.000000
794 795 8727.000000
1146 1147 8723.000000
886 887 8660.000000
93 94 8101.000000
950 951 7893.000000
181 182 7881.000000
795 796 7625.000000
22 43 7533.000000
1276 1297 7386.000000
1296 1297 7386.000000
110 131 7304.000000
749 750 7272.000000
750 751 7272.000000
751 752 7272.000000
1162 1163 7125.000000
137 138 7052.000000
727 728 6906.000000
728 729 6906.000000
220 221 6668.000000
221 222 6668.000000
222 223 6668.000000
223 224 6668.000000
1192 1193 6518.000000
1017 1018 6496.000000
1082 1083 6467.000000
64 65 6415.000000
930 931 6411.000000
949 950 6400.000000
884 885 6394.000000
176 177 6371.000000
177 178 6371.000000
178 179 6371.000000
179 180 6371.000000
1060 1061 6367.000000
796 797 6336.000000
0 1 6298.000000
792 793 6280.000000
111 112 6251.000000
112 113 6251.000000
113 114 6251.000000
114 115 6250.000000
1340 1341 6219.000000
1320 1341 6172.000000
110 111 6145.000000
951 952 6076.000000
973 974 5993.000000
972 973 5975.000000
841 842 5898.000000
1059 1060 5823.000000
224 225 5816.000000
1276 1277 5791.000000
1122 1123 5726.000000
42 43 5651.000000
1081 1082 5602.000000
907 908 5431.000000
1169 1170 5364.000000
1430 1451 5289.000000
1016 1017 5287.000000
862 863 5278.000000
974 975 5245.000000
154 155 5211.000000
155 156 5211.000000
156 157 5211.000000
157 158 5211.000000
1058 1059 5080.000000
182 183 5076.000000
861 862 5062.000000
1101 1102 5040.000000
840 841 4882.000000
1450 1451 4874.000000
1170 1171 4872.000000
1080 1081 4841.000000
1141 1142 4766.000000
1142 1143 4766.000000
1320 1321 4766.000000
138 139 4738.000000
1191 1192 4702.000000
94 95 4690.000000
906 907 4685.000000
1122 1143 4656.000000
20 21 4645.000000
268 269 4623.000000
180 181 4610.000000
1168 1169 4568.000000
792 813 4486.000000
842 843 4464.000000
971 972 4460.000000
1277 1278 4454.000000
706 707 4448.000000
707 708 4448.000000
771 772 4429.000000
772 773 4429.000000
1190 1191 4400.000000
948 949 4326.000000
883 884 4311.000000
753 754 4308.000000
1278 1279 4304.000000
1279 1280 4284.000000
863 864 4157.000000
705 706 4149.000000
1321 1322 4144.000000
797 798 4138.000000
752 753 4137.000000
1079 1080 4124.000000
931 932 4068.000000
770 771 4002.000000
44 45 3982.000000
115 116 3975.000000
1230 1231 3925.000000
864 865 3900.000000
173 174 3892.000000
1494 1495 3870.000000
924 925 3857.000000
924 945 3857.000000
925 926 3857.000000
225 226 3824.000000
183 184 3797.000000
858 859 3784.000000
859 860 3784.000000
1140 1141 3737.000000
748 749 3714.000000
905 906 3714.000000
1167 1168 3708.000000
0 22 3693.000000
1493 1494 3686.000000
1274 1275 3645.000000
1014 1015 3641.000000
1015 1016 3638.000000
1083 1084 3622.000000
1213 1214 3582.000000
0 10042 3579.000000
729 730 3553.000000
1255 1256 3510.000000
774 775 3472.000000
1189 1190 3467.000000
952 953 3461.000000
159 160 3443.000000
158 159 3428.000000
946 947 3426.000000
947 948 3426.000000
946 967 3424.000000
966 967 3424.000000
1212 1213 3418.000000
1256 1257 3396.000000
1018 1019 3388.000000
1186 1187 3370.000000
975 976 3364.000000
1449 1450 3357.000000
67 68 3338.000000
68 69 3338.000000
69 70 3338.000000
70 71 3338.000000
18 19 3337.000000
19 20 3337.000000
1474 1495 3316.000000
704 705 3280.000000
130 131 3258.000000
1492 1493 3257.000000
535 536 3236.000000
1318 1319 3202.000000
1210 1231 3187.000000
843 865 3186.000000
1228 1229 3179.000000
132 153 3168.000000
1210 1211 3167.000000
1298 1299 3162.000000
726 727 3135.000000
1430 1431 3127.000000
154 175 3121.000000
1149 1150 3118.000000
66 67 3088.000000
1408 1409 3083.000000
1038 1039 3065.000000
1254 1275 3062.000000
1062 1063 3058.000000
1232 1253 3058.000000
1252 1253 3058.000000
1166 1187 3026.000000
65 87 3023.000000
1184 1185 3020.000000
1185 1186 3020.000000
1037 1038 3015.000000
1298 1319 3002.000000
993 994 3000.000000
1211 1212 2992.000000
578 579 2981.000000
44 66 2978.000000
660 661 2963.000000
1254 1255 2942.000000
770 791 2925.000000
1100 1101 2903.000000
1 10345 2889.000000
926 927 2889.000000
1018 1040 2889.000000
198 199 2873.000000
199 200 2873.000000
200 201 2873.000000
201 202 2873.000000
1039 1040 2819.000000
1409 1410 2800.000000
1322 1323 2779.000000
992 993 2771.000000
1229 1230 2765.000000
860 861 2761.000000
995 996 2758.000000
600 601 2757.000000
953 954 2751.000000
1207 1208 2740.000000
599 600 2734.000000
176 197 2706.000000
1386 1407 2694.000000
202 203 2681.000000
139 140 2648.000000
1166 1167 2642.000000
1257 1258 2642.000000
575 576 2641.000000
576 577 2641.000000
836 837 2634.000000
837 838 2634.000000
838 839 2634.000000
1408 1429 2633.000000
1232 1233 2603.000000
858 879 2590.000000
174 175 2586.000000
577 578 2584.000000
1342 1343 2577.000000
944 945 2565.000000
1078 1079 2551.000000
1119 1120 2536.000000
1120 1121 2534.000000
1100 1121 2530.000000
622 623 2508.000000
814 815 2446.000000
815 816 2446.000000
816 817 2446.000000
1431 1432 2439.000000
17 18 2414.000000
1208 1209 2413.000000
1188 1209 2412.000000
1235 1236 2400.000000
748 769 2394.000000
1062 1084 2378.000000
1234 1235 2369.000000
226 227 2366.000000
994 995 2341.000000
839 840 2319.000000
1227 1228 2302.000000
1206 1207 2295.000000
1364 1365 2279.000000
1149 1171 2231.000000
534 535 2217.000000
930 952 2216.000000
1362 1363 2213.000000
531 532 2208.000000
532 533 2208.000000
533 534 2208.000000
1233 1234 2196.000000
886 908 2188.000000
996 997 2187.000000
726 747 2171.000000
1188 1189 2150.000000
1386 1387 2131.000000
1105 1127 2106.000000
773 774 2096.000000
968 989 2078.000000
988 989 2078.000000
968 969 2076.000000
225 247 2073.000000
184 185 2068.000000
1183 1184 2066.000000
1562 1583 2065.000000
932 933 2047.000000
1428 1429 2043.000000
818 819 2030.000000
203 204 2019.000000
1342 1363 2005.000000
1118 1119 1985.000000
683 684 1978.000000
684 685 1978.000000
685 686 1978.000000
1364 1385 1977.000000
1 10054 1956.000000
1427 1428 1944.000000
204 205 1934.000000
579 580 1925.000000
1078 1099 1914.000000
1097 1098 1914.000000
1098 1099 1914.000000
160 161 1904.000000
1540 1561 1872.000000
66 87 1865.000000
708 709 1863.000000
1036 1037 1851.000000
1106 1107 1845.000000
1361 1362 1831.000000
556 557 1824.000000
662 663 1810.000000
663 664 1810.000000
1516 1517 1782.000000
536 537 1776.000000
902 903 1769.000000
902 923 1769.000000
903 904 1769.000000
1518 1539 1769.000000
22 44 1765.000000
488 489 1741.000000
489 490 1741.000000
623 624 1738.000000
490 491 1737.000000
730 731 1728.000000
217 218 1723.000000
1017 10917 1711.000000
312 313 1701.000000
1474 1475 1692.000000
922 923 1684.000000
161 162 1678.000000
46 47 1675.000000
47 48 1675.000000
48 49 1675.000000
997 998 1636.000000
185 186 1622.000000
22 23 1616.000000
709 710 1610.000000
1236 1237 1607.000000
1384 1385 1600.000000
754 755 1591.000000
1249 1250 1587.000000
1250 1251 1587.000000
1251 1252 1587.000000
661 662 1584.000000
140 141 1582.000000
45 46 1578.000000
1063 1064 1575.000000
141 142 1570.000000
1518 1519 1564.000000
1515 1516 1560.000000
195 196 1552.000000
969 970 1546.000000
218 219 1543.000000
880 901 1541.000000
117 118 1535.000000
880 881 1529.000000
881 882 1529.000000
882 883 1529.000000
976 977 1527.000000
731 732 1524.000000
152 153 1522.000000
95 96 1519.000000
116 117 1518.000000
270 271 1504.000000
196 197 1501.000000
239 240 1494.000000
638 639 1487.000000
1161 1162 1482.000000
970 971 1471.000000
1300 1301 1458.000000
1139 1140 1455.000000
1343 1344 1454.000000
710 711 1452.000000
1299 1300 1447.000000
843 844 1445.000000
666 667 1444.000000
269 291 1433.000000
269 270 1430.000000
1084 1085 1428.000000
1537 1538 1417.000000
878 879 1411.000000
580 581 1408.000000
1472 1473 1384.000000
1344 1345 1382.000000
814 835 1371.000000
1540 1541 1355.000000
537 538 1333.000000
1558 1559 1330.000000
1559 1560 1330.000000
1127 1128 1322.000000
49 71 1317.000000
162 163 1304.000000
1037 10446 1303.000000
96 97 1300.000000
1034 1035 1297.000000
1034 1055 1297.000000
1053 1054 1297.000000
1054 1055 1297.000000
1538 1539 1279.000000
753 775 1278.000000
1452 1473 1266.000000
118 119 1261.000000
38 39 1260.000000
682 683 1259.000000
664 665 1248.000000
775 776 1237.000000
1019 1020 1236.000000
836 857 1234.000000
1387 1388 1230.000000
491 492 1213.000000
182 204 1208.000000
1496 1517 1206.000000
667 668 1203.000000
227 228 1201.000000
1535 1536 1182.000000
39 40 1163.000000
40 41 1163.000000
842 864 1156.000000
1536 1537 1155.000000
665 666 1152.000000
220 241 1148.000000
240 241 1148.000000
601 602 1147.000000
798 820 1143.000000
624 625 1141.000000
817 818 1141.000000
661 683 1132.000000
1016 10487 1117.000000
119 120 1092.000000
932 954 1082.000000
1471 1472 1080.000000
1274 1296 1067.000000
183 205 1065.000000
1057 1058 1056.000000
138 160 1055.000000
1406 1407 1055.000000
1140 1162 1050.000000
492 493 1046.000000
173 195 1040.000000
137 159 1030.000000
1383 1384 1029.000000
732 733 1028.000000
904 905 1027.000000
640 641 1023.000000
641 642 1023.000000
596 597 1014.000000
597 598 1014.000000
598 599 1014.000000
1012 1013 1003.000000
1012 1033 1003.000000
1032 1033 1003.000000
644 645 995.000000
1496 1497 993.000000
1035 1036 992.000000
1560 1561 984.000000
198 219 961.000000
797 819 961.000000
129 130 960.000000
1018 10310 951.000000
643 644 949.000000
515 516 947.000000
228 229 944.000000
1514 1515 944.000000
140 162 937.000000
311 312 930.000000
1052 1053 925.000000
248 249 918.000000
1301 1302 911.000000
163 164 910.000000
1117 1118 905.000000
990 991 903.000000
1009 1010 903.000000
1010 1011 903.000000
1405 1406 898.000000
1205 1206 896.000000
77 78 889.000000
78 79 889.000000
79 80 889.000000
80 81 889.000000
81 82 889.000000
82 83 889.000000
83 84 889.000000
84 85 889.000000
1491 1492 887.000000
645 646 883.000000
34 35 881.000000
35 36 881.000000
36 37 881.000000
37 38 881.000000
1214 1215 879.000000
529 530 876.000000
1557 1558 871.000000
1448 1449 870.000000
595 596 866.000000
1013 1014 861.000000
552 553 858.000000
553 554 858.000000
554 555 858.000000
555 556 858.000000
530 531 849.000000
139 161 846.000000
819 820 840.000000
291 292 836.000000
639 640 836.000000
1096 1097 835.000000
618 619 832.000000
619 620 832.000000
620 621 832.000000
229 230 829.000000
1452 1453 825.000000
1108 1109 822.000000
1109 1110 822.000000
1280 1281 816.000000
181 203 811.000000
21 43 801.000000
1041 1042 800.000000
557 558 798.000000
41 42 795.000000
33 34 788.000000
493 494 788.000000
1014 10407 782.000000
954 955 781.000000
1040 1041 773.000000
965 966 772.000000
249 250 771.000000
1323 1324 771.000000
1107 1108 770.000000
271 272 766.000000
250 251 744.000000
1365 1366 742.000000
247 248 741.000000
86 87 739.000000
617 618 732.000000
1017 10199 731.000000
1475 1476 731.000000
975 997 730.000000
1226 1227 727.000000
151 152 723.000000
206 207 718.000000
955 956 717.000000
1042 1043 717.000000
1043 1044 717.000000
75 76 702.000000
43 65 701.000000
1060 10953 699.000000
205 206 697.000000
509 510 697.000000
510 511 697.000000
511 512 697.000000
514 515 693.000000
121 122 656.000000
122 123 656.000000
123 124 656.000000
124 125 656.000000
125 126 656.000000
126 127 656.000000
127 128 656.000000
128 129 656.000000
642 643 646.000000
1021 1022 645.000000
73 74 643.000000
74 75 643.000000
791 813 638.000000
513 514 632.000000
109 10997 631.000000
1497 1498 628.000000
272 273 624.000000
1540 1562 621.000000
551 552 620.000000
581 582 618.000000
1517 1539 617.000000
291 313 614.000000
208 209 613.000000
209 210 613.000000
210 211 613.000000
211 212 613.000000
212 213 613.000000
213 214 613.000000
214 215 613.000000
215 216 613.000000
931 953 613.000000
908 909 610.000000
594 595 607.000000
512 513 606.000000
1020 1021 598.000000
711 712 596.000000
290 291 595.000000
1 10302 592.000000
66 88 588.000000
143 144 583.000000
144 145 583.000000
145 146 583.000000
146 147 583.000000
147 148 583.000000
148 149 583.000000
149 150 583.000000
150 151 583.000000
987 988 572.000000
72 73 568.000000
293 294 565.000000
494 516 564.000000
664 686 562.000000
356 357 560.000000
885 907 560.000000
217 239 547.000000
292 293 545.000000
573 574 543.000000
97 98 542.000000
574 575 542.000000
1410 1411 541.000000
969 991 530.000000
1141 1163 527.000000
142 143 526.000000
841 863 523.000000
991 992 520.000000
686 687 518.000000
1 10086 513.000000
71 72 513.000000
977 978 513.000000
978 979 513.000000
355 356 511.000000
621 622 510.000000
1061 1083 508.000000
1182 1183 508.000000
1 10328 500.000000
558 559 500.000000
688 689 489.000000
687 688 485.000000
1095 1096 483.000000
1562 1563 483.000000
1453 1454 473.000000
109 10981 466.000000
1085 1086 465.000000
1086 1087 465.000000
1087 1088 465.000000
1022 1044 464.000000
689 690 459.000000
580 602 453.000000
1013 10152 452.000000
1037 10512 452.000000
1470 1471 451.000000
85 86 447.000000
602 603 443.000000
1 2 441.000000
109 131 441.000000
16 17 438.000000
711 733 437.000000
1015 1037 428.000000
710 732 427.000000
1366 1367 427.000000
98 99 426.000000
1 23 425.000000
187 188 419.000000
188 189 419.000000
189 190 419.000000
190 191 419.000000
191 192 419.000000
192 193 419.000000
193 194 419.000000
194 195 419.000000
922 944 419.000000
956 957 415.000000
1056 1077 411.000000
1075 1076 411.000000
1076 1077 411.000000
49 50 409.000000
1016 10417 408.000000
56 57 405.000000
57 58 405.000000
58 59 405.000000
59 60 405.000000
60 61 405.000000
61 62 405.000000
62 63 405.000000
63 64 405.000000
1110 1111 405.000000
998 999 404.000000
834 835 403.000000
770 792 400.000000
1067 1068 398.000000
1193 1215 398.000000
186 208 397.000000
1497 1519 397.000000
1044 10874 393.000000
1541 1563 391.000000
1038 10661 381.000000
1037 10796 379.000000
1513 1514 378.000000
754 776 374.000000
1252 1274 374.000000
1018 10409 373.000000
1560 1582 373.000000
264 265 372.000000
264 285 372.000000
265 266 372.000000
266 267 372.000000
267 268 372.000000
284 285 372.000000
796 818 372.000000
100 101 371.000000
101 102 371.000000
102 103 371.000000
103 104 371.000000
104 105 371.000000
105 106 371.000000
106 107 371.000000
151 173 370.000000
537 559 367.000000
1454 1455 365.000000
164 165 364.000000
165 166 364.000000
166 167 364.000000
167 168 364.000000
168 169 364.000000
169 170 364.000000
170 171 364.000000
171 172 364.000000
172 173 364.000000
335 336 359.000000
336 337 359.000000
337 338 359.000000
1230 1252 355.000000
1 10024 353.000000
708 730 353.000000
1037 10819 351.000000
1074 1075 350.000000
1255 1277 350.000000
64 86 349.000000
888 910 349.000000
887 888 346.000000
315 316 345.000000
1032 10731 345.000000
1064 10828 344.000000
1541 1542 344.000000
109 10961 343.000000
1040 10840 342.000000
1040 10420 341.000000
943 944 336.000000
625 626 335.000000
1008 1009 334.000000
108 109 332.000000
1276 1298 332.000000
646 647 329.000000
1499 1500 329.000000
1500 1501 329.000000
1501 1502 329.000000
50 51 328.000000
1056 1057 326.000000
294 295 322.000000
1211 1233 322.000000
313 314 321.000000
314 315 321.000000
1015 10659 318.000000
528 529 317.000000
528 549 317.000000
1040 10657 317.000000
1040 10761 317.000000
1040 10845 317.000000
1040 10899 317.000000
107 108 316.000000
976 998 316.000000
1128 1129 314.000000
556 578 310.000000
184 206 307.000000
909 910 307.000000
900 901 303.000000
1062 10869 301.000000
908 930 296.000000
1068 1069 296.000000
1069 1070 296.000000
1070 1071 296.000000
1071 1072 296.000000
204 226 293.000000
933 934 292.000000
934 935 292.000000
1000 10378 291.000000
1080 10850 291.000000
1388 1389 291.000000
1193 1194 289.000000
844 845 286.000000
845 846 286.000000
846 847 286.000000
1208 1230 286.000000
1317 1318 286.000000
316 317 284.000000
950 972 284.000000
752 774 282.000000
492 514 280.000000
493 515 280.000000
444 445 279.000000
445 446 279.000000
446 447 279.000000
1052 10592 279.000000
109 10959 277.000000
1081 10815 276.000000
1 10007 275.000000
624 646 275.000000
23 45 274.000000
273 295 273.000000
1 10292 272.000000
136 158 269.000000
1019 10961 267.000000
581 603 266.000000
1408 1430 266.000000
164 186 265.000000
1 10295 264.000000
506 507 264.000000
506 527 264.000000
1016 10413 264.000000
218 240 263.000000
1123 1145 262.000000
1014 10386 261.000000
1126 1148 259.000000
1057 10724 257.000000
1143 1165 257.000000
1 10101 256.000000
186 187 256.000000
491 513 256.000000
1 10720 255.000000
974 996 255.000000
1039 10398 255.000000
1552 1553 255.000000
1553 1554 255.000000
1554 1555 255.000000
1555 1556 255.000000
1019 10251 254.000000
927 949 253.000000
1015 10392 253.000000
1 10158 251.000000
1032 10711 250.000000
1 10673 249.000000
1084 10993 247.000000
487 488 245.000000
447 448 243.000000
1 10477 241.000000
1 10485 241.000000
1031 1032 241.000000
1 10307 240.000000
1 10641 240.000000
1 10642 240.000000
1 10686 240.000000
1 10734 240.000000
1 10362 239.000000
1 10458 239.000000
1062 10827 238.000000
1001 10085 235.000000
1064 1065 235.000000
1065 1066 235.000000
1066 1067 235.000000
1062 10918 234.000000
1057 10908 233.000000
1 10521 232.000000
1 10736 232.000000
1455 1456 232.000000
1456 1457 232.000000
1457 1458 232.000000
1458 1459 232.000000
709 731 231.000000
0 10160 230.000000
1 10434 229.000000
1 10119 228.000000
1 10126 228.000000
1 10727 228.000000
1 10820 228.000000
1 10836 228.000000
1 10980 228.000000
494 495 228.000000
514 536 228.000000
1232 1254 228.000000
51 52 226.000000
52 53 226.000000
53 54 226.000000
54 55 226.000000
230 231 226.000000
231 232 226.000000
232 233 226.000000
233 234 226.000000
234 235 226.000000
235 236 226.000000
236 237 226.000000
1019 10456 226.000000
1019 10936 226.000000
1 10952 225.000000
1062 10809 225.000000
205 227 222.000000
1204 1205 221.000000
237 238 218.000000
238 239 218.000000
935 936 217.000000
1020 10578 217.000000
1040 10923 217.000000
1088 1089 217.000000
142 164 216.000000
1059 10627 216.000000
195 217 215.000000
1018 10998 214.000000
1040 10471 214.000000
1 10853 213.000000
407 429 212.000000
1040 10625 212.000000
1084 1106 212.000000
206 228 211.000000
0 10809 210.000000
1498 1499 210.000000
0 10461 209.000000
180 202 209.000000
462 463 209.000000
1556 1557 209.000000
1 10314 208.000000
1 10439 208.000000
1 10989 208.000000
462 483 208.000000
479 480 208.000000
480 481 208.000000
481 482 208.000000
482 483 208.000000
1019 10273 208.000000
1019 10403 207.000000
1062 10923 207.000000
1020 10751 206.000000
1040 10632 206.000000
1019 10607 205.000000
1083 10930 204.000000
1561 1583 204.000000
162 184 203.000000
865 887 202.000000
1094 1095 201.000000
1 10747 200.000000
132 154 200.000000
1020 10778 200.000000
1039 10917 200.000000
1248 1249 199.000000
117 139 197.000000
246 247 196.000000
616 617 196.000000
1 10491 194.000000
1041 10927 194.000000
1404 1405 194.000000
108 130 193.000000
1062 10793 192.000000
1469 1470 192.000000
1432 1433 191.000000
545 546 189.000000
546 547 189.000000
547 548 189.000000
548 549 189.000000
1018 10762 189.000000
272 294 186.000000
1015 10401 185.000000
1 10511 183.000000
486 487 183.000000
1022 1023 183.000000
1009 10852 182.000000
579 601 181.000000
1122 1144 181.000000
1407 1429 181.000000
1080 10821 179.000000
508 509 178.000000
73 95 177.000000
251 273 177.000000
207 208 176.000000
1062 10625 176.000000
0 10793 175.000000
1072 1094 173.000000
559 560 171.000000
216 217 170.000000
690 691 170.000000
821 843 167.000000
1032 10932 167.000000
1062 10755 167.000000
399 400 166.000000
840 862 166.000000
1321 1343 166.000000
283 284 165.000000
1017 10613 165.000000
76 77 163.000000
535 557 162.000000
665 687 162.000000
1138 1139 162.000000
12 13 159.000000
13 14 159.000000
196 218 159.000000
507 508 159.000000
798 799 159.000000
1014 10270 159.000000
1040 10503 159.000000
1519 1520 159.000000
1 10930 158.000000
160 182 158.000000
247 269 158.000000
1062 10682 157.000000
536 558 156.000000
929 951 156.000000
1040 10682 156.000000
14 15 154.000000
15 16 154.000000
11 12 153.000000
1009 10835 153.000000
1133 1134 153.000000
1134 1135 153.000000
1135 1136 153.000000
1136 1137 153.000000
1137 1138 153.000000
1040 10649 152.000000
1040 10729 152.000000
1040 10834 152.000000
1084 10987 152.000000
268 290 151.000000
1014 10903 151.000000
1041 10533 151.000000
1073 1074 151.000000
130 152 149.000000
1014 10167 148.000000
577 599 147.000000
1009 10944 147.000000
1040 10533 147.000000
1039 10470 146.000000
1014 10539 145.000000
1106 1128 145.000000
1062 10632 144.000000
1079 10831 144.000000
1084 10986 144.000000
1059 10819 143.000000
1017 10317 142.000000
1030 1031 141.000000
185 207 140.000000
1019 10533 140.000000
911 912 139.000000
1079 10965 139.000000
1 10262 138.000000
1062 10770 138.000000
1405 1427 138.000000
0 10356 137.000000
964 965 137.000000
1014 10299 137.000000
72 94 136.000000
1040 10981 136.000000
623 645 135.000000
1014 10298 135.000000
1017 10347 135.000000
1017 10532 135.000000
1129 1130 135.000000
1130 1131 135.000000
1131 1132 135.000000
1132 1133 135.000000
1017 10180 134.000000
1 10241 133.000000
401 402 133.000000
402 403 133.000000
403 404 133.000000
1017 10271 133.000000
1367 1368 133.000000
910 911 132.000000
1072 1073 132.000000
1019 10503 131.000000
1019 10981 131.000000
404 405 130.000000
405 406 130.000000
406 407 130.000000
1062 10620 130.000000
799 821 129.000000
933 955 129.000000
1064 10931 129.000000
1017 10977 128.000000
1017 10218 127.000000
1017 10372 127.000000
1017 10763 127.000000
1017 10895 127.000000
1058 10783 127.000000
1062 10649 127.000000
1062 10729 127.000000
1062 10834 127.000000
1064 10743 127.000000
1040 10961 125.000000
0 10620 124.000000
1258 1259 124.000000
33 55 123.000000
1017 10702 123.000000
1 10873 122.000000
539 540 122.000000
540 541 122.000000
541 542 122.000000
542 543 122.000000
543 544 122.000000
1018 10470 122.000000
1035 10726 122.000000
1320 1342 122.000000
883 905 121.000000
1089 1090 120.000000
1090 1091 120.000000
1091 1092 120.000000
1092 1093 120.000000
1093 1094 120.000000
538 539 118.000000
1083 10834 118.000000
1111 1112 118.000000
1112 1113 118.000000
1113 1114 118.000000
1114 1115 118.000000
1115 1116 118.000000
682 703 117.000000
1015 10487 115.000000
1016 10979 114.000000
1058 10775 114.000000
1058 10934 114.000000
208 230 113.000000
516 517 113.000000
517 518 113.000000
518 519 113.000000
519 520 113.000000
520 521 113.000000
521 522 113.000000
879 901 112.000000
1036 10883 112.000000
1000 1001 111.000000
1035 1057 111.000000
667 689 110.000000
668 669 110.000000
203 225 109.000000
1017 10335 109.000000
1030 10592 108.000000
1060 10661 108.000000
1040 10770 107.000000
495 496 106.000000
496 497 106.000000
497 498 106.000000
498 499 106.000000
499 500 106.000000
835 857 105.000000
1014 10522 105.000000
1057 10624 105.000000
544 545 104.000000
560 561 103.000000
561 562 103.000000
562 563 103.000000
563 564 103.000000
564 565 103.000000
1041 1063 103.000000
1063 10737 103.000000
1063 10887 103.000000
1079 10903 103.000000
1473 1495 103.000000
51 73 102.000000
566 567 102.000000
567 568 102.000000
568 569 102.000000
569 570 102.000000
732 754 101.000000
949 971 101.000000
422 423 100.000000
423 424 100.000000
424 425 100.000000
425 426 100.000000
426 427 100.000000
427 428 100.000000
428 429 100.000000
705 727 100.000000
1015 10618 100.000000
1139 1161 100.000000
34 56 99.000000
1058 10738 99.000000
1340 1362 99.000000
23 24 98.000000
24 25 98.000000
25 26 98.000000
26 27 98.000000
55 56 98.000000
1040 10620 98.000000
1040 10936 98.000000
45 67 97.000000
334 335 97.000000
957 958 97.000000
958 959 97.000000
959 960 97.000000
960 961 97.000000
961 962 97.000000
962 963 97.000000
963 964 97.000000
1040 10456 97.000000
1084 10937 97.000000
550 571 96.000000
570 571 96.000000
906 928 96.000000
1063 10812 96.000000
1063 10959 96.000000
1081 10819 96.000000
1085 10931 96.000000
1189 1211 96.000000
109 10923 95.000000
120 121 95.000000
129 151 95.000000
242 243 94.000000
242 263 94.000000
243 244 94.000000
244 245 94.000000
261 262 94.000000
262 263 94.000000
819 841 94.000000
1036 10369 93.000000
1058 10725 93.000000
1084 10847 93.000000
1167 1189 93.000000
1083 10918 92.000000
1081 10850 91.000000
161 183 90.000000
1058 10645 90.000000
1164 1186 90.000000
1345 1346 89.000000
1474 1496 89.000000
727 749 88.000000
1014 10725 88.000000
1014 10738 88.000000
1018 10696 88.000000
1361 1383 88.000000
2 3 87.000000
3 4 87.000000
4 5 87.000000
1058 10603 87.000000
1058 10703 87.000000
1058 10808 87.000000
1058 10816 87.000000
1058 10848 87.000000
1058 10877 87.000000
1058 10883 87.000000
1058 10902 87.000000
1058 10921 87.000000
11 33 86.000000
820 842 86.000000
1530 1552 86.000000
923 945 85.000000
1056 1078 85.000000
1059 1081 85.000000
1150 1151 85.000000
1151 1152 85.000000
1152 1153 85.000000
1153 1154 85.000000
1154 1155 85.000000
1155 1156 85.000000
1156 1157 85.000000
1157 1158 85.000000
1158 1159 85.000000
1159 1160 85.000000
1530 1531 85.000000
1531 1532 85.000000
1532 1533 85.000000
1533 1534 85.000000
1534 1535 85.000000
1084 10907 84.000000
1084 10915 84.000000
1084 10990 84.000000
1084 10991 84.000000
1145 1167 84.000000
668 690 83.000000
936 937 83.000000
937 938 83.000000
938 939 83.000000
939 940 83.000000
940 941 83.000000
941 942 83.000000
1172 1173 83.000000
1173 1174 83.000000
1174 1175 83.000000
1175 1176 83.000000
1186 1208 83.000000
588 610 82.000000
1036 10946 82.000000
1036 10949 82.000000
1058 10777 82.000000
1058 10810 82.000000
1058 10841 82.000000
1116 1117 82.000000
1192 1214 82.000000
50 72 81.000000
76 98 81.000000
1059 10665 79.000000
1059 10752 79.000000
1016 10459 78.000000
1385 1407 78.000000
654 655 77.000000
655 656 77.000000
656 657 77.000000
657 658 77.000000
658 659 77.000000
1058 10951 77.000000
1280 1302 77.000000
308 309 76.000000
308 329 76.000000
309 310 76.000000
310 311 76.000000
325 326 76.000000
326 327 76.000000
327 328 76.000000
328 329 76.000000
704 726 76.000000
1058 10969 76.000000
152 174 75.000000
935 957 75.000000
942 943 75.000000
27 28 74.000000
28 29 74.000000
29 30 74.000000
30 31 74.000000
31 32 74.000000
32 33 74.000000
1037 10417 74.000000
1059 10953 73.000000
1171 1172 73.000000
776 798 72.000000
1015 10277 72.000000
1148 1170 71.000000
412 434 70.000000
295 317 69.000000
448 449 69.000000
603 625 69.000000
1014 10842 69.000000
55 77 68.000000
385 407 68.000000
248 270 67.000000
951 973 67.000000
1062 10998 67.000000
357 358 66.000000
358 359 66.000000
359 360 66.000000
731 753 66.000000
979 980 66.000000
980 981 66.000000
981 982 66.000000
982 983 66.000000
983 984 66.000000
984 985 66.000000
985 986 66.000000
107 129 65.000000
582 583 65.000000
583 584 65.000000
584 585 65.000000
585 586 65.000000
586 587 65.000000
587 588 65.000000
1014 10565 65.000000
115 137 64.000000
363 385 64.000000
440 441 64.000000
440 461 64.000000
441 442 64.000000
457 458 64.000000
458 459 64.000000
459 460 64.000000
460 461 64.000000
1024 1025 64.000000
1025 1026 64.000000
1026 1027 64.000000
1027 1028 64.000000
686 708 63.000000
1023 1024 63.000000
1539 1561 63.000000
245 246 62.000000
470 492 62.000000
1016 10689 62.000000
1160 1161 62.000000
500 501 61.000000
822 844 61.000000
1001 1002 61.000000
1002 1003 61.000000
1003 1004 61.000000
1004 1005 61.000000
1005 1006 61.000000
1006 1007 61.000000
1007 1008 61.000000
1016 10850 61.000000
1079 1101 61.000000
1082 1104 61.000000
5 6 60.000000
6 7 60.000000
7 8 60.000000
8 9 60.000000
10 11 60.000000
202 224 60.000000
464 465 60.000000
839 861 60.000000
1363 1385 60.000000
75 97 59.000000
687 709 59.000000
799 800 59.000000
1015 10721 59.000000
1017 10577 59.000000
888 889 58.000000
1042 10751 58.000000
361 362 57.000000
362 363 57.000000
448 470 57.000000
1028 1029 57.000000
1084 10923 57.000000
116 138 56.000000
515 537 56.000000
602 624 56.000000
644 666 56.000000
986 987 56.000000
1318 1340 56.000000
470 471 55.000000
471 472 55.000000
730 752 55.000000
928 950 55.000000
1016 1038 55.000000
1040 10998 55.000000
820 821 54.000000
1029 1030 54.000000
1064 10778 54.000000
1084 10959 54.000000
304 305 53.000000
646 668 53.000000
1014 10575 53.000000
1058 10745 53.000000
1084 10887 53.000000
559 581 52.000000
1014 10831 52.000000
1015 10821 52.000000
27 49 51.000000
109 10936 51.000000
889 890 51.000000
890 891 51.000000
1059 10901 51.000000
229 251 50.000000
469 470 50.000000
856 857 50.000000
1014 10640 50.000000
1042 1064 50.000000
120 142 49.000000
274 275 49.000000
275 276 49.000000
276 277 49.000000
277 278 49.000000
278 279 49.000000
279 280 49.000000
280 281 49.000000
1014 10645 49.000000
1016 10618 49.000000
1017 10668 49.000000
1017 10985 49.000000
1040 1062 48.000000
449 450 47.000000
501 502 47.000000
502 503 47.000000
503 504 47.000000
504 505 47.000000
800 822 47.000000
1015 10681 47.000000
1037 10554 47.000000
1080 1102 47.000000
1341 1363 47.000000
594 615 46.000000
610 611 46.000000
611 612 46.000000
612 613 46.000000
613 614 46.000000
614 615 46.000000
643 665 46.000000
1036 10399 46.000000
689 711 45.000000
1014 10179 45.000000
1014 10568 45.000000
1014 10788 45.000000
1039 10609 45.000000
313 335 44.000000
775 797 44.000000
887 909 44.000000
1015 10694 44.000000
1037 10392 44.000000
1037 10982 44.000000
1429 1451 44.000000
1476 1477 44.000000
1477 1478 44.000000
1478 1479 44.000000
1479 1480 44.000000
450 451 43.000000
1014 10250 43.000000
1014 10664 43.000000
1014 10718 43.000000
1014 10965 43.000000
1078 1100 43.000000
1144 1166 42.000000
1448 1470 42.000000
1036 10811 41.000000
1036 10955 41.000000
1428 1450 41.000000
400 401 40.000000
558 580 40.000000
1013 10361 40.000000
1015 10446 40.000000
1046 1047 40.000000
1047 1048 40.000000
1048 1049 40.000000
1049 1050 40.000000
1067 10874 40.000000
1254 1276 40.000000
1342 1364 40.000000
522 523 39.000000
523 524 39.000000
524 525 39.000000
525 526 39.000000
526 527 39.000000
774 796 39.000000
1449 1471 39.000000
303 304 38.000000
565 566 38.000000
813 835 38.000000
1018 10488 38.000000
1018 10947 38.000000
1030 1052 38.000000
1037 10415 38.000000
1050 1051 38.000000
251 252 37.000000
252 253 37.000000
253 254 37.000000
254 255 37.000000
255 256 37.000000
256 257 37.000000
257 258 37.000000
258 259 37.000000
259 260 37.000000
286 287 37.000000
286 307 37.000000
287 288 37.000000
288 289 37.000000
289 290 37.000000
305 306 37.000000
306 307 37.000000
691 692 37.000000
692 693 37.000000
693 694 37.000000
694 695 37.000000
695 696 37.000000
696 697 37.000000
1014 10268 37.000000
1059 10979 37.000000
1491 1513 37.000000
447 469 36.000000
463 464 36.000000
683 705 36.000000
77 99 35.000000
281 282 35.000000
776 777 35.000000
825 847 35.000000
1016 10953 35.000000
1021 10324 35.000000
1060 10985 35.000000
1127 1149 35.000000
443 444 34.000000
1060 10668 34.000000
121 143 33.000000
914 936 33.000000
1095 1117 33.000000
1430 1452 33.000000
249 271 32.000000
295 296 32.000000
296 297 32.000000
297 298 32.000000
298 299 32.000000
299 300 32.000000
300 301 32.000000
301 302 32.000000
302 303 32.000000
465 466 32.000000
466 467 32.000000
467 468 32.000000
468 469 32.000000
921 922 32.000000
1044 1045 32.000000
1045 1046 32.000000
317 318 31.000000
318 319 31.000000
442 443 31.000000
864 886 31.000000
1118 1140 31.000000
1296 1318 31.000000
1053 10932 30.000000
1210 1232 30.000000
910 932 29.000000
1015 10493 29.000000
1038 10613 29.000000
1061 10917 29.000000
1075 1097 29.000000
1426 1427 29.000000
303 325 28.000000
507 529 28.000000
638 659 28.000000
921 943 28.000000
1042 10578 28.000000
1042 10778 28.000000
1082 10917 28.000000
1386 1408 28.000000
1427 1449 28.000000
478 479 27.000000
1324 1325 27.000000
1538 1560 27.000000
603 604 26.000000
1030 10635 26.000000
1036 10529 26.000000
1058 10659 26.000000
1128 1150 26.000000
111 133 25.000000
273 274 25.000000
551 573 25.000000
604 626 25.000000
1014 10777 25.000000
1014 10810 25.000000
1014 10841 25.000000
1015 10249 25.000000
1018 10398 25.000000
1023 10378 25.000000
1051 1052 25.000000
1051 10592 25.000000
1058 10721 25.000000
1058 10811 25.000000
1058 10946 25.000000
1058 10949 25.000000
1058 10955 25.000000
1059 10618 25.000000
1059 10982 25.000000
1147 1169 25.000000
1162 1184 25.000000
335 357 24.000000
484 505 24.000000
600 622 24.000000
688 710 24.000000
944 966 24.000000
1014 10883 24.000000
1084 10869 24.000000
1194 1195 24.000000
1195 1196 24.000000
1196 1197 24.000000
1197 1198 24.000000
1198 1199 24.000000
1199 1200 24.000000
1200 1201 24.000000
1201 1202 24.000000
1202 1203 24.000000
1203 1204 24.000000
282 283 23.000000
319 320 23.000000
320 321 23.000000
321 322 23.000000
322 323 23.000000
323 324 23.000000
324 325 23.000000
484 485 23.000000
485 486 23.000000
1038 1060 23.000000
1057 10726 23.000000
281 303 22.000000
449 471 22.000000
471 493 22.000000
863 885 22.000000
1015 10542 22.000000
1015 10665 22.000000
1073 1095 22.000000
1237 1259 22.000000
1384 1406 22.000000
1409 1431 22.000000
360 361 21.000000
604 605 21.000000
605 606 21.000000
606 607 21.000000
607 608 21.000000
608 609 21.000000
609 610 21.000000
747 769 21.000000
847 848 21.000000
848 849 21.000000
849 850 21.000000
850 851 21.000000
851 852 21.000000
852 853 21.000000
853 854 21.000000
854 855 21.000000
855 856 21.000000
884 906 21.000000
966 988 21.000000
1015 10330 21.000000
1188 1210 21.000000
42 64 20.000000
407 408 20.000000
408 409 20.000000
409 410 20.000000
410 411 20.000000
411 412 20.000000
421 422 20.000000
429 430 20.000000
430 431 20.000000
431 432 20.000000
432 433 20.000000
433 434 20.000000
552 574 20.000000
582 604 20.000000
596 618 20.000000
726 748 20.000000
891 892 20.000000
1008 1030 20.000000
1015 10529 20.000000
1018 10203 20.000000
1018 10329 20.000000
1018 10358 20.000000
1018 10375 20.000000
1018 10379 20.000000
1018 10600 20.000000
1018 10818 20.000000
1018 10863 20.000000
1018 10886 20.000000
1018 10924 20.000000
1039 1061 20.000000
1059 10689 20.000000
1059 10850 20.000000
1582 1583 20.000000
163 185 19.000000
420 421 19.000000
825 826 19.000000
826 827 19.000000
827 828 19.000000
828 829 19.000000
829 830 19.000000
830 831 19.000000
831 832 19.000000
832 833 19.000000
833 834 19.000000
953 975 19.000000
1036 10821 19.000000
1101 1123 19.000000
250 272 18.000000
469 491 18.000000
909 931 18.000000
914 915 18.000000
915 916 18.000000
916 917 18.000000
917 918 18.000000
918 919 18.000000
919 920 18.000000
920 921 18.000000
1001 10090 18.000000
1013 1035 18.000000
1014 10380 18.000000
1014 10603 18.000000
1014 10721 18.000000
1014 10808 18.000000
1014 10816 18.000000
1014 10877 18.000000
1079 10811 18.000000
1447 1448 18.000000
1447 1469 18.000000
676 677 17.000000
677 678 17.000000
678 679 17.000000
679 680 17.000000
680 681 17.000000
1014 10225 17.000000
1014 10331 17.000000
1014 10450 17.000000
1014 10484 17.000000
1014 10505 17.000000
1014 10506 17.000000
1014 10775 17.000000
1014 10783 17.000000
1051 1073 17.000000
118 140 16.000000
560 582 16.000000
621 643 16.000000
666 688 16.000000
821 822 16.000000
1014 10476 16.000000
1014 10703 16.000000
1014 10848 16.000000
1014 10902 16.000000
1014 10921 16.000000
1014 10934 16.000000
1014 10951 16.000000
1014 10969 16.000000
1015 10752 16.000000
1019 10995 16.000000
1057 10965 16.000000
1079 10946 16.000000
1079 10949 16.000000
1084 10961 16.000000
1298 1320 16.000000
1495 1517 16.000000
1536 1558 16.000000
174 196 15.000000
512 534 15.000000
516 538 15.000000
529 551 15.000000
566 588 15.000000
660 681 15.000000
970 992 15.000000
1036 10401 15.000000
1036 10493 15.000000
1040 10481 15.000000
1041 10607 15.000000
1079 10955 15.000000
1080 10901 15.000000
1080 10982 15.000000
1450 1472 15.000000
1518 1540 15.000000
141 163 14.000000
645 667 14.000000
803 825 14.000000
911 933 14.000000
1015 10901 14.000000
1018 10609 14.000000
1019 10259 14.000000
1037 1059 14.000000
1037 10413 14.000000
1097 1119 14.000000
1233 1255 14.000000
158 180 13.000000
544 566 13.000000
818 840 13.000000
1009 10731 13.000000
1015 10982 13.000000
1040 10997 13.000000
1084 10845 13.000000
1084 10899 13.000000
1084 10936 13.000000
1096 1118 13.000000
228 250 12.000000
595 617 12.000000
800 801 12.000000
801 802 12.000000
802 803 12.000000
858 880 12.000000
1020 10927 12.000000
1021 10436 12.000000
1079 10951 12.000000
1084 10840 12.000000
1117 1139 12.000000
154 176 11.000000
426 448 11.000000
572 593 11.000000
588 589 11.000000
589 590 11.000000
590 591 11.000000
591 592 11.000000
592 593 11.000000
617 639 11.000000
626 627 11.000000
627 628 11.000000
628 629 11.000000
629 630 11.000000
630 631 11.000000
631 632 11.000000
892 893 11.000000
892 914 11.000000
893 894 11.000000
894 895 11.000000
895 896 11.000000
896 897 11.000000
897 898 11.000000
898 899 11.000000
899 900 11.000000
926 948 11.000000
1009 10711 11.000000
1020 10846 11.000000
1036 10752 11.000000
1037 10459 11.000000
1037 10689 11.000000
1037 10850 11.000000
1037 10953 11.000000
1037 10979 11.000000
1038 10577 11.000000
1038 10668 11.000000
1038 10985 11.000000
1040 10409 11.000000
1079 10808 11.000000
1079 10810 11.000000
1079 10816 11.000000
1079 10841 11.000000
1079 10848 11.000000
1079 10877 11.000000
1079 10902 11.000000
1079 10921 11.000000
1079 10969 11.000000
1302 1303 11.000000
0 1562 10.000000
114 136 10.000000
341 363 10.000000
538 560 10.000000
690 712 10.000000
704 725 10.000000
955 977 10.000000
1008 10161 10.000000
1019 10481 10.000000
1019 10997 10.000000
1035 10969 10.000000
1058 10681 10.000000
1058 10821 10.000000
1172 1194 10.000000
1498 1520 10.000000
20 42 9.000000
404 426 9.000000
473 474 9.000000
474 475 9.000000
475 476 9.000000
476 477 9.000000
477 478 9.000000
479 501 9.000000
572 594 9.000000
973 995 9.000000
1046 1068 9.000000
1050 1072 9.000000
1053 10731 9.000000
1063 10657 9.000000
1063 10761 9.000000
1063 10840 9.000000
1063 10845 9.000000
1063 10899 9.000000
108 10997 8.000000
227 249 8.000000
237 259 8.000000
259 281 8.000000
260 261 8.000000
319 341 8.000000
338 339 8.000000
339 340 8.000000
340 341 8.000000
352 353 8.000000
352 373 8.000000
353 354 8.000000
354 355 8.000000
369 370 8.000000
370 371 8.000000
371 372 8.000000
372 373 8.000000
622 644 8.000000
639 661 8.000000
669 670 8.000000
670 671 8.000000
671 672 8.000000
672 673 8.000000
673 674 8.000000
674 675 8.000000
675 676 8.000000
748 770 8.000000
942 964 8.000000
1009 10932 8.000000
1015 10554 8.000000
1035 10386 8.000000
1035 10640 8.000000
1037 10487 8.000000
1037 10618 8.000000
1176 1177 8.000000
1177 1178 8.000000
1178 1179 8.000000
1179 1180 8.000000
1180 1181 8.000000
1215 1237 8.000000
513 535 7.000000
638 660 7.000000
814 836 7.000000
861 883 7.000000
889 911 7.000000
1009 10150 7.000000
1009 10272 7.000000
1009 10411 7.000000
1028 1050 7.000000
1063 10936 7.000000
1063 10961 7.000000
12 34 6.000000
341 342 6.000000
342 343 6.000000
343 344 6.000000
344 345 6.000000
345 346 6.000000
472 473 6.000000
844 866 6.000000
866 888 6.000000
1009 10207 6.000000
1035 10380 6.000000
1035 10450 6.000000
1035 10476 6.000000
1035 10484 6.000000
1035 10505 6.000000
1035 10506 6.000000
1035 10603 6.000000
1035 10703 6.000000
1035 10775 6.000000
1035 10783 6.000000
1035 10808 6.000000
1035 10816 6.000000
1035 10842 6.000000
1035 10848 6.000000
1035 10877 6.000000
1035 10902 6.000000
1035 10921 6.000000
1035 10951 6.000000
1036 10681 6.000000
1036 10694 6.000000
1078 10908 6.000000
1171 1193 6.000000
1339 1340 6.000000
1364 1386 6.000000
1411 1412 6.000000
14 1576 5.000000
382 383 5.000000
383 384 5.000000
384 385 5.000000
878 900 5.000000
905 927 5.000000
972 994 5.000000
1014 10357 5.000000
1014 10369 5.000000
1014 10811 5.000000
1014 10946 5.000000
1014 10949 5.000000
1014 10955 5.000000
1035 10407 5.000000
1035 10575 5.000000
1035 10718 5.000000
1100 1122 5.000000
1576 1577 5.000000
1577 1578 5.000000
67 89 4.000000
390 412 4.000000
450 472 4.000000
472 494 4.000000
490 512 4.000000
601 623 4.000000
640 662 4.000000
912 913 4.000000
913 914 4.000000
1008 10635 4.000000
1008 10856 4.000000
1035 10522 4.000000
1035 10539 4.000000
1035 10565 4.000000
1035 10568 4.000000
1035 10664 4.000000
1035 10738 4.000000
1035 10788 4.000000
1035 10831 4.000000
1035 10903 4.000000
1035 10934 4.000000
1035 10965 4.000000
1036 10659 4.000000
1057 10788 4.000000
1057 10831 4.000000
1074 1096 4.000000
1081 10953 4.000000
1121 1143 4.000000
363 364 3.000000
364 365 3.000000
365 366 3.000000
366 367 3.000000
367 368 3.000000
368 390 3.000000
486 508 3.000000
550 551 3.000000
557 579 3.000000
660 682 3.000000
943 965 3.000000
1009 10474 3.000000
1014 10256 3.000000
1029 1051 3.000000
1052 1074 3.000000
1057 1079 3.000000
1079 10934 3.000000
1299 1321 3.000000
1300 1322 3.000000
16 38 2.000000
159 181 2.000000
378 379 2.000000
379 380 2.000000
380 381 2.000000
381 382 2.000000
572 573 2.000000
681 703 2.000000
756 757 2.000000
757 758 2.000000
758 759 2.000000
759 781 2.000000
781 803 2.000000
817 839 2.000000
822 823 2.000000
823 824 2.000000
824 825 2.000000
946 968 2.000000
954 976 2.000000
1000 1022 2.000000
1009 1031 2.000000
1017 1039 2.000000
1036 10721 2.000000
1120 1142 2.000000
1142 1164 2.000000
1238 1239 2.000000
1239 1240 2.000000
1240 1241 2.000000
1241 1242 2.000000
1242 1243 2.000000
1243 1244 2.000000
1244 1245 2.000000
1245 1246 2.000000
1246 1247 2.000000
1247 1248 2.000000
1343 1365 2.000000
1383 1405 2.000000
385 386 1.000000
386 387 1.000000
387 388 1.000000
388 389 1.000000
389 390 1.000000
418 419 1.000000
418 439 1.000000
419 420 1.000000
434 435 1.000000
435 436 1.000000
436 437 1.000000
437 438 1.000000
438 439 1.000000
451 452 1.000000
452 453 1.000000
453 454 1.000000
454 455 1.000000
455 456 1.000000
456 478 1.000000
457 479 1.000000
462 484 1.000000
573 595 1.000000
574 596 1.000000
578 600 1.000000
616 637 1.000000
632 633 1.000000
633 634 1.000000
634 635 1.000000
635 636 1.000000
636 637 1.000000
647 648 1.000000
648 649 1.000000
649 650 1.000000
650 651 1.000000
651 652 1.000000
652 653 1.000000
653 654 1.000000
755 756 1.000000
900 922 1.000000
1009 10391 1.000000
1009 10590 1.000000
1014 1036 1.000000
1024 1046 1.000000
1060 1082 1.000000
1160 1182 1.000000
1344 1366 1.000000
1389 1390 1.000000
1406 1428 1.000000
1433 1434 1.000000
1434 1435 1.000000
1435 1436 1.000000
1436 1437 1.000000
1437 1459 1.000000
1502 1503 1.000000
1503 1504 1.000000
1504 1505 1.000000
1505 1506 1.000000
1506 1507 1.000000
1507 1508 1.000000
1508 1530 1.000000
