1198 1199 19696.000000
1197 1198 17334.000000
1196 1197 14982.000000
182 183 14209.000000
183 184 14209.000000
184 185 14209.000000
185 186 14209.000000
1022 1023 13713.000000
226 227 12670.000000
227 228 12670.000000
228 229 12670.000000
229 230 12333.000000
1219 1220 12022.000000
1218 1219 11352.000000
1217 1218 11300.000000
225 226 11026.000000
978 979 10962.000000
181 182 10536.000000
1234 1235 10500.000000
1236 1237 10427.000000
1154 1155 10231.000000
1195 1196 10060.000000
186 187 9971.000000
1237 1238 9655.000000
1216 1217 9636.000000
1021 1022 9576.000000
1235 1236 9371.000000
1043 1044 9171.000000
1020 1021 9048.000000
886 887 8690.000000
887 888 8690.000000
1241 1242 8483.000000
1240 1241 8383.000000
136 137 8064.000000
1238 1239 7720.000000
979 980 7663.000000
92 93 7606.000000
820 821 7597.000000
821 822 7597.000000
204 205 7545.000000
205 206 7545.000000
206 207 7545.000000
207 208 7541.000000
1239 1240 7512.000000
203 204 7446.000000
888 889 7319.000000
977 978 7288.000000
202 203 7256.000000
842 843 7100.000000
843 844 7100.000000
844 845 7100.000000
1233 1234 7018.000000
274 275 6986.000000
1110 1111 6710.000000
1175 1176 6678.000000
889 890 6486.000000
1066 1067 6470.000000
187 188 6465.000000
934 935 6391.000000
1367 1368 6363.000000
1368 1369 6363.000000
1152 1153 6343.000000
1042 1043 6240.000000
1153 1154 6224.000000
230 231 6160.000000
70 71 6067.000000
1345 1346 6054.000000
1065 1066 5959.000000
885 886 5942.000000
1215 1216 5923.000000
1212 1213 5885.000000
1213 1214 5834.000000
1174 1175 5760.000000
1023 1024 5722.000000
1044 1045 5583.000000
1000 1001 5564.000000
1214 1215 5551.000000
135 136 5498.000000
1346 1347 5435.000000
1109 1110 5393.000000
1194 1195 5381.000000
935 936 5354.000000
933 934 5301.000000
114 115 5199.000000
955 956 5158.000000
1151 1152 5147.000000
1067 1068 5086.000000
1285 1286 5070.000000
318 319 5030.000000
269 270 5019.000000
270 271 5019.000000
271 272 5019.000000
272 273 5019.000000
954 955 4933.000000
1369 1370 4924.000000
1522 1523 4885.000000
1111 1112 4866.000000
1173 1174 4862.000000
275 276 4849.000000
313 314 4762.000000
314 315 4762.000000
315 316 4762.000000
316 317 4762.000000
1348 1349 4758.000000
26 27 4756.000000
1347 1348 4718.000000
864 865 4669.000000
865 866 4669.000000
1411 1412 4658.000000
1412 1413 4563.000000
956 957 4532.000000
1211 1212 4517.000000
1041 1042 4501.000000
208 209 4474.000000
863 864 4380.000000
799 800 4373.000000
800 801 4373.000000
1262 1263 4366.000000
1349 1350 4360.000000
1016 1017 4355.000000
1017 1018 4355.000000
1018 1019 4355.000000
976 977 4348.000000
1172 1173 4305.000000
160 161 4281.000000
161 162 4281.000000
162 163 4281.000000
163 164 4281.000000
884 885 4272.000000
846 847 4270.000000
890 891 4249.000000
1064 1065 4225.000000
1261 1262 4136.000000
1024 1025 4105.000000
27 28 4096.000000
231 232 4077.000000
1108 1109 4074.000000
798 799 4068.000000
5 6 4060.000000
998 999 4051.000000
822 823 4041.000000
957 958 4032.000000
1176 1177 3969.000000
201 202 3958.000000
2 3 3921.000000
48 49 3917.000000
1521 1522 3910.000000
113 114 3884.000000
273 274 3884.000000
1263 1264 3860.000000
3 4 3832.000000
1413 1414 3829.000000
361 362 3827.000000
159 160 3813.000000
841 842 3804.000000
1257 1258 3763.000000
1414 1415 3754.000000
317 318 3749.000000
1284 1285 3709.000000
1260 1261 3707.000000
247 248 3645.000000
248 249 3645.000000
249 250 3645.000000
250 251 3645.000000
1370 1371 3640.000000
1045 1046 3627.000000
845 846 3626.000000
1306 1307 3610.000000
1107 1108 3607.000000
1371 1372 3598.000000
1305 1306 3595.000000
1283 1284 3559.000000
276 277 3472.000000
1372 1373 3453.000000
1258 1259 3435.000000
819 820 3425.000000
49 50 3387.000000
1193 1194 3378.000000
1190 1191 3368.000000
180 181 3361.000000
1068 1069 3324.000000
1301 1302 3313.000000
867 868 3289.000000
1037 1038 3283.000000
1038 1039 3283.000000
1039 1040 3283.000000
1040 1041 3283.000000
1132 1133 3277.000000
671 672 3268.000000
252 253 3239.000000
1304 1305 3233.000000
1130 1131 3232.000000
1191 1192 3230.000000
1192 1193 3230.000000
1303 1304 3219.000000
1479 1480 3205.000000
137 138 3172.000000
628 629 3160.000000
1131 1132 3153.000000
1015 1016 3152.000000
232 233 3151.000000
1435 1436 3140.000000
1019 1020 3117.000000
1 2 3046.000000
224 225 3006.000000
45 46 2997.000000
46 47 2997.000000
1171 1172 2987.000000
1389 1390 2976.000000
71 72 2961.000000
1155 1177 2960.000000
1259 1260 2952.000000
1478 1479 2950.000000
24 25 2924.000000
25 26 2899.000000
244 245 2884.000000
1391 1392 2876.000000
862 863 2827.000000
6 7 2817.000000
818 819 2793.000000
929 930 2791.000000
930 931 2791.000000
931 932 2791.000000
1390 1391 2756.000000
1046 1047 2748.000000
936 958 2708.000000
93 94 2703.000000
1189 1190 2695.000000
1457 1458 2694.000000
319 320 2685.000000
1302 1303 2682.000000
1523 1524 2671.000000
1282 1283 2670.000000
1086 1087 2669.000000
1255 1256 2669.000000
1256 1257 2669.000000
753 754 2667.000000
1350 1351 2664.000000
4 5 2633.000000
1155 1156 2632.000000
1434 1435 2618.000000
1323 1324 2570.000000
1324 1325 2570.000000
668 669 2568.000000
669 670 2568.000000
1564 1565 2557.000000
136 158 2535.000000
295 296 2532.000000
824 825 2525.000000
1433 1434 2517.000000
670 671 2478.000000
291 292 2470.000000
292 293 2470.000000
293 294 2470.000000
294 295 2470.000000
1502 1503 2461.000000
1501 1502 2459.000000
1111 1133 2439.000000
866 867 2438.000000
1085 1086 2435.000000
23 24 2432.000000
932 933 2428.000000
1415 1416 2426.000000
936 937 2415.000000
840 841 2399.000000
1328 1329 2399.000000
1327 1328 2387.000000
907 908 2376.000000
908 909 2376.000000
909 910 2376.000000
158 159 2364.000000
1242 1243 2361.000000
672 673 2346.000000
755 756 2329.000000
756 757 2329.000000
994 995 2325.000000
995 996 2325.000000
996 997 2325.000000
624 625 2319.000000
625 626 2319.000000
626 627 2318.000000
137 159 2307.000000
1325 1326 2300.000000
1520 1521 2290.000000
47 48 2281.000000
1326 1327 2281.000000
627 628 2265.000000
246 247 2262.000000
797 798 2260.000000
22 23 2257.000000
251 252 2250.000000
268 269 2237.000000
1565 1566 2235.000000
69 70 2225.000000
1087 1088 2220.000000
993 994 2217.000000
1563 1564 2201.000000
823 824 2154.000000
693 694 2138.000000
1566 1567 2126.000000
139 140 2125.000000
140 141 2125.000000
141 142 2125.000000
692 693 2116.000000
754 755 2115.000000
318 340 2114.000000
801 802 2109.000000
581 582 2098.000000
582 583 2098.000000
583 584 2098.000000
649 650 2086.000000
1500 1501 2080.000000
253 254 2063.000000
1524 1525 2053.000000
715 716 2050.000000
1088 1089 2047.000000
223 224 2042.000000
1025 1026 2030.000000
138 139 1988.000000
44 45 1968.000000
1129 1130 1961.000000
584 585 1949.000000
1277 1278 1921.000000
1278 1279 1921.000000
950 951 1915.000000
951 952 1915.000000
952 953 1915.000000
1432 1433 1910.000000
297 298 1908.000000
776 777 1906.000000
777 778 1906.000000
778 779 1906.000000
1168 1169 1901.000000
1169 1170 1901.000000
1170 1171 1901.000000
1254 1255 1887.000000
1059 1060 1867.000000
1060 1061 1867.000000
1061 1062 1867.000000
48 70 1836.000000
673 674 1818.000000
296 297 1804.000000
1232 1233 1804.000000
277 278 1798.000000
825 826 1786.000000
1456 1457 1785.000000
210 211 1780.000000
209 210 1778.000000
1477 1478 1771.000000
1210 1211 1770.000000
245 246 1756.000000
911 912 1750.000000
1242 1264 1744.000000
188 189 1717.000000
868 869 1692.000000
1199 1200 1688.000000
142 164 1677.000000
1023 1045 1674.000000
1198 1220 1668.000000
1476 1477 1658.000000
759 760 1655.000000
1498 1499 1655.000000
1124 1125 1646.000000
1125 1126 1646.000000
1126 1127 1646.000000
906 907 1627.000000
1279 1280 1626.000000
1280 1281 1626.000000
254 255 1616.000000
972 973 1603.000000
973 974 1603.000000
974 975 1603.000000
975 976 1603.000000
716 717 1600.000000
1177 1178 1596.000000
1090 1091 1594.000000
288 289 1557.000000
1499 1500 1538.000000
267 268 1533.000000
1089 1090 1531.000000
757 758 1529.000000
1436 1437 1525.000000
233 234 1519.000000
187 209 1509.000000
211 212 1478.000000
731 732 1470.000000
1281 1282 1467.000000
1127 1128 1449.000000
802 803 1447.000000
1329 1330 1440.000000
189 190 1436.000000
289 290 1434.000000
1069 1070 1420.000000
1156 1157 1411.000000
91 92 1402.000000
928 929 1399.000000
847 848 1395.000000
200 201 1377.000000
278 279 1369.000000
362 384 1359.000000
997 998 1359.000000
1062 1063 1358.000000
710 711 1353.000000
212 213 1352.000000
629 630 1339.000000
234 235 1333.000000
1298 1299 1319.000000
1299 1300 1319.000000
405 406 1314.000000
266 267 1307.000000
1345 1367 1292.000000
1567 1568 1285.000000
1123 1124 1281.000000
758 759 1271.000000
1211 1233 1269.000000
1063 1064 1267.000000
760 761 1261.000000
953 954 1255.000000
1543 1544 1246.000000
1455 1456 1242.000000
1112 1113 1228.000000
1437 1438 1224.000000
1480 1481 1223.000000
0 1 1216.000000
255 256 1215.000000
310 311 1208.000000
275 297 1206.000000
186 208 1204.000000
891 892 1203.000000
274 296 1189.000000
276 298 1174.000000
320 321 1167.000000
711 712 1146.000000
712 713 1146.000000
713 714 1146.000000
1022 10713 1146.000000
1128 1129 1140.000000
1300 1301 1140.000000
50 72 1139.000000
733 734 1131.000000
734 735 1131.000000
1235 1257 1129.000000
1042 10659 1125.000000
910 911 1117.000000
1150 1151 1116.000000
935 957 1115.000000
674 675 1101.000000
846 868 1096.000000
311 312 1092.000000
312 313 1092.000000
803 804 1086.000000
717 718 1077.000000
1022 10796 1058.000000
1393 1394 1057.000000
1392 1393 1056.000000
157 158 1053.000000
585 586 1052.000000
384 385 1051.000000
115 137 1049.000000
50 51 1040.000000
737 738 1040.000000
736 737 1026.000000
1188 1189 1025.000000
1458 1459 1022.000000
949 950 1017.000000
1544 1566 1012.000000
321 322 1007.000000
1045 10894 995.000000
362 363 982.000000
645 646 976.000000
646 647 976.000000
647 648 976.000000
648 649 976.000000
694 695 970.000000
168 169 952.000000
342 343 948.000000
341 342 943.000000
1320 1321 936.000000
1321 1322 936.000000
1322 1323 936.000000
738 739 917.000000
233 255 916.000000
630 631 915.000000
1133 1134 907.000000
1001 1002 903.000000
732 733 891.000000
256 257 890.000000
167 168 887.000000
47 69 881.000000
154 175 881.000000
170 171 881.000000
171 172 881.000000
172 173 881.000000
173 174 881.000000
174 175 881.000000
244 266 880.000000
166 167 879.000000
154 155 873.000000
155 156 873.000000
179 180 873.000000
290 291 871.000000
1167 1168 868.000000
1088 10917 864.000000
890 912 863.000000
735 736 858.000000
343 344 846.000000
44 65 829.000000
1454 1455 819.000000
1058 1059 816.000000
1002 1003 814.000000
757 779 812.000000
61 62 807.000000
62 63 807.000000
63 64 807.000000
64 65 807.000000
115 116 793.000000
363 364 792.000000
110 131 789.000000
127 128 789.000000
128 129 789.000000
129 130 789.000000
130 131 789.000000
623 624 782.000000
754 776 781.000000
1220 1221 779.000000
1212 1234 777.000000
586 587 776.000000
912 913 758.000000
1064 10951 756.000000
340 341 755.000000
1298 1319 751.000000
110 111 741.000000
111 112 741.000000
847 869 741.000000
322 323 739.000000
159 181 729.000000
1200 1201 729.000000
1201 1202 729.000000
1202 1203 729.000000
164 165 726.000000
1307 1308 712.000000
126 127 711.000000
1373 1374 705.000000
644 645 702.000000
622 623 697.000000
71 93 696.000000
689 690 695.000000
690 691 695.000000
691 692 695.000000
1134 1135 695.000000
165 166 688.000000
89 90 680.000000
90 91 680.000000
607 608 671.000000
298 299 663.000000
714 715 660.000000
1003 1004 655.000000
1146 1147 655.000000
1025 1047 653.000000
1147 1148 652.000000
1148 1149 652.000000
1004 1005 650.000000
688 689 643.000000
1114 1115 642.000000
1115 1116 642.000000
1519 1520 641.000000
181 203 640.000000
299 300 640.000000
49 71 639.000000
649 671 639.000000
608 609 638.000000
1103 1104 634.000000
1104 1105 634.000000
1105 1106 634.000000
384 406 631.000000
1459 1460 628.000000
222 223 622.000000
667 668 621.000000
1 10790 617.000000
1135 1136 617.000000
1136 1137 617.000000
1416 1417 615.000000
190 191 614.000000
158 180 609.000000
198 199 607.000000
199 200 607.000000
364 365 606.000000
905 906 602.000000
980 981 601.000000
1113 1114 598.000000
198 219 596.000000
214 215 596.000000
215 216 596.000000
216 217 596.000000
217 218 596.000000
218 219 596.000000
1145 1146 593.000000
779 780 592.000000
1043 10487 591.000000
650 651 587.000000
188 210 582.000000
386 387 578.000000
404 405 578.000000
1084 1085 573.000000
1149 1150 571.000000
1021 10689 570.000000
1544 1545 568.000000
585 607 566.000000
235 257 563.000000
220 241 561.000000
236 237 561.000000
237 238 561.000000
238 239 561.000000
239 240 561.000000
240 241 561.000000
781 782 561.000000
1003 10204 558.000000
1024 1046 557.000000
782 783 556.000000
1016 10183 554.000000
1542 1543 552.000000
220 221 550.000000
221 222 550.000000
385 386 550.000000
780 781 550.000000
1080 1081 541.000000
1081 1082 541.000000
1082 1083 541.000000
1083 1084 541.000000
0 10106 538.000000
28 29 536.000000
606 607 535.000000
132 153 531.000000
149 150 531.000000
150 151 531.000000
151 152 531.000000
152 153 531.000000
156 157 531.000000
1394 1395 531.000000
365 366 530.000000
891 913 530.000000
695 696 528.000000
288 310 521.000000
687 688 521.000000
775 776 518.000000
1066 10669 516.000000
242 243 515.000000
243 244 515.000000
135 157 514.000000
1106 1107 513.000000
1178 1179 513.000000
1179 1180 513.000000
1180 1181 513.000000
1 10212 509.000000
1062 1084 509.000000
242 263 494.000000
257 258 494.000000
258 259 494.000000
259 260 494.000000
260 261 494.000000
261 262 494.000000
262 263 494.000000
862 884 491.000000
132 133 490.000000
133 134 490.000000
134 135 490.000000
191 192 486.000000
7 8 485.000000
286 287 485.000000
230 252 484.000000
666 667 482.000000
112 113 478.000000
286 307 477.000000
301 302 477.000000
302 303 477.000000
303 304 477.000000
304 305 477.000000
305 306 477.000000
306 307 477.000000
1047 1048 475.000000
142 143 473.000000
1323 1345 467.000000
114 136 466.000000
1070 1071 466.000000
1071 1072 466.000000
201 223 464.000000
1014 1015 462.000000
1042 10901 458.000000
1320 1341 454.000000
279 301 451.000000
1036 1037 451.000000
992 993 450.000000
1112 1134 448.000000
537 538 447.000000
538 539 447.000000
539 540 447.000000
72 94 442.000000
1025 10678 440.000000
26 48 438.000000
1276 1277 429.000000
1005 10255 428.000000
1279 1301 428.000000
1037 10731 424.000000
1045 10470 417.000000
587 609 414.000000
176 197 411.000000
192 193 411.000000
193 194 411.000000
194 195 411.000000
195 196 411.000000
196 197 411.000000
1003 10431 410.000000
1020 10718 410.000000
1021 10850 410.000000
176 177 409.000000
177 178 409.000000
1021 10392 409.000000
1388 1389 408.000000
1501 1523 406.000000
1045 10762 405.000000
180 202 403.000000
1006 10378 401.000000
1304 1326 400.000000
1015 10166 399.000000
1015 10835 399.000000
1015 10852 399.000000
1037 10711 399.000000
1037 10932 399.000000
1160 1161 399.000000
1091 1092 397.000000
1092 1093 397.000000
1045 10947 396.000000
1301 1323 393.000000
889 911 388.000000
264 285 386.000000
280 281 386.000000
281 282 386.000000
282 283 386.000000
283 284 386.000000
284 285 386.000000
178 179 385.000000
383 384 384.000000
804 805 379.000000
934 956 377.000000
8 9 370.000000
10 11 370.000000
1000 10081 367.000000
264 265 365.000000
265 266 365.000000
587 588 362.000000
602 603 362.000000
603 604 362.000000
604 605 362.000000
1001 10346 355.000000
1001 10996 355.000000
1021 10982 354.000000
235 236 347.000000
673 695 346.000000
190 212 345.000000
1001 10363 344.000000
1348 1370 344.000000
1166 1167 343.000000
1203 1204 343.000000
229 251 341.000000
605 606 341.000000
1001 10351 341.000000
1043 10953 339.000000
651 652 337.000000
971 972 337.000000
1020 10268 334.000000
231 253 331.000000
1503 1504 325.000000
1015 10944 322.000000
143 144 321.000000
297 319 321.000000
1478 1500 320.000000
222 244 319.000000
1037 10411 316.000000
1037 10474 316.000000
1254 1275 313.000000
1210 1231 311.000000
1286 1308 310.000000
339 340 308.000000
586 608 307.000000
1000 10253 306.000000
620 621 305.000000
1069 1091 304.000000
804 826 303.000000
0 10402 301.000000
1157 1158 299.000000
1158 1159 299.000000
1159 1160 299.000000
277 299 298.000000
709 710 298.000000
1047 10846 297.000000
540 541 296.000000
937 938 296.000000
938 939 296.000000
939 940 296.000000
144 145 294.000000
145 146 294.000000
146 147 294.000000
1024 10488 294.000000
266 288 293.000000
1021 10922 291.000000
189 211 289.000000
1413 1435 288.000000
1000 10613 287.000000
1046 10995 285.000000
406 407 284.000000
407 408 284.000000
408 409 284.000000
1047 10927 280.000000
1286 1287 280.000000
1000 10435 277.000000
317 339 274.000000
1568 1569 270.000000
428 429 269.000000
429 430 269.000000
430 431 269.000000
1161 1162 269.000000
1162 1163 269.000000
1163 1164 269.000000
1164 1165 269.000000
1181 1182 269.000000
1166 1187 268.000000
598 599 267.000000
599 600 267.000000
779 801 263.000000
803 825 263.000000
387 388 262.000000
1003 10561 260.000000
1562 1563 260.000000
1016 10186 259.000000
1016 10898 259.000000
322 344 258.000000
1048 10583 256.000000
1144 1145 256.000000
1048 1049 254.000000
1049 1050 254.000000
1 10558 249.000000
1044 10668 249.000000
1177 1199 249.000000
279 280 247.000000
28 50 246.000000
1020 1042 245.000000
273 295 244.000000
845 867 242.000000
1045 10600 241.000000
1045 10924 241.000000
1014 10635 240.000000
1414 1436 240.000000
601 602 239.000000
1023 10702 239.000000
147 148 238.000000
1000 10040 237.000000
1059 10590 237.000000
1014 10856 236.000000
801 823 235.000000
1481 1482 233.000000
1 10321 232.000000
409 410 232.000000
802 824 232.000000
232 254 231.000000
366 388 231.000000
1023 10868 231.000000
1024 10502 231.000000
1024 10740 231.000000
1026 10523 229.000000
1047 10523 225.000000
1026 10293 224.000000
1026 10455 224.000000
1026 10643 224.000000
1087 1109 223.000000
166 188 222.000000
607 629 222.000000
1001 10364 222.000000
1005 1006 222.000000
1026 1048 221.000000
1047 10643 221.000000
1067 1089 221.000000
1144 1165 221.000000
758 780 220.000000
1023 10387 220.000000
257 279 219.000000
1021 10421 219.000000
1023 10372 219.000000
1023 10532 219.000000
739 740 218.000000
1023 10432 218.000000
1023 10475 218.000000
1023 10486 218.000000
1023 10730 218.000000
1023 10972 218.000000
1047 10553 218.000000
1079 1080 218.000000
1475 1476 218.000000
1 10228 217.000000
1 10872 217.000000
1023 10239 217.000000
1067 10924 217.000000
1023 10940 216.000000
1046 10997 216.000000
1023 10414 215.000000
1023 10977 215.000000
1045 10769 215.000000
1351 1352 215.000000
1541 1542 215.000000
1023 10763 214.000000
1023 10895 214.000000
355 356 213.000000
356 357 213.000000
357 358 213.000000
358 359 213.000000
359 360 213.000000
360 361 213.000000
1067 10818 212.000000
1067 10863 212.000000
1067 10977 212.000000
580 581 211.000000
179 201 208.000000
255 277 207.000000
1026 1027 206.000000
1027 1028 206.000000
1028 1029 206.000000
1001 10920 204.000000
1015 10391 204.000000
1015 10590 204.000000
1025 10431 203.000000
1025 10561 203.000000
783 784 201.000000
981 982 201.000000
88 89 200.000000
1545 1546 200.000000
1001 10121 199.000000
1045 10609 199.000000
1067 10886 198.000000
1001 10894 196.000000
1044 10879 196.000000
1041 10811 195.000000
1067 10717 195.000000
298 320 194.000000
1001 10037 193.000000
1023 10364 193.000000
1044 10593 193.000000
1044 10619 193.000000
289 311 192.000000
1044 10717 192.000000
1216 1238 192.000000
267 289 191.000000
1526 1527 190.000000
1527 1528 190.000000
1528 1529 190.000000
982 983 189.000000
983 984 189.000000
1064 10752 189.000000
1001 10414 186.000000
1023 10237 186.000000
1044 10985 186.000000
1042 10554 184.000000
1044 10977 184.000000
1045 10502 184.000000
1045 10740 184.000000
1001 10113 183.000000
863 885 182.000000
1024 10244 182.000000
1020 10681 181.000000
1021 10493 180.000000
1044 10532 180.000000
148 170 178.000000
550 551 177.000000
551 552 177.000000
552 553 177.000000
553 554 177.000000
554 555 177.000000
555 556 177.000000
600 601 177.000000
616 617 177.000000
617 618 177.000000
618 619 177.000000
619 620 177.000000
1045 10488 177.000000
321 343 176.000000
1070 10751 174.000000
308 329 173.000000
323 324 173.000000
324 325 173.000000
325 326 173.000000
326 327 173.000000
327 328 173.000000
328 329 173.000000
1044 10763 173.000000
1044 10895 173.000000
621 643 171.000000
933 955 171.000000
1044 10702 171.000000
278 300 170.000000
1001 10868 170.000000
1058 10856 170.000000
1069 10846 168.000000
148 149 167.000000
1001 10489 167.000000
1023 10894 167.000000
1068 10995 167.000000
448 449 166.000000
449 450 166.000000
1026 10327 166.000000
1026 10844 166.000000
308 309 165.000000
309 310 165.000000
1020 10325 165.000000
1226 1227 165.000000
1227 1228 165.000000
1228 1229 165.000000
1229 1230 165.000000
1230 1231 165.000000
157 179 164.000000
1069 10844 164.000000
1058 10635 162.000000
1411 1433 162.000000
630 652 160.000000
1000 10393 160.000000
1001 10956 160.000000
492 493 159.000000
540 562 159.000000
1001 10774 159.000000
1001 10865 159.000000
1154 1176 159.000000
245 267 157.000000
1022 10393 157.000000
1024 10329 157.000000
1024 10358 157.000000
1024 10375 157.000000
1024 10379 157.000000
1024 10886 157.000000
320 342 156.000000
1001 10059 156.000000
1023 10271 156.000000
1023 10347 156.000000
1024 10818 156.000000
1024 10863 156.000000
143 165 155.000000
1047 10844 153.000000
300 301 152.000000
579 580 152.000000
906 928 152.000000
1001 10279 152.000000
1001 10349 152.000000
1064 10883 152.000000
912 934 151.000000
1001 10769 151.000000
1022 10964 151.000000
1001 10586 150.000000
1001 10837 150.000000
717 739 149.000000
1002 10244 149.000000
1325 1347 149.000000
253 275 145.000000
500 522 145.000000
1001 10130 145.000000
1001 10142 145.000000
1001 10239 145.000000
1001 10263 145.000000
1001 10387 145.000000
1001 10432 145.000000
1001 10475 145.000000
1001 10486 145.000000
1001 10730 145.000000
1001 10972 145.000000
718 719 144.000000
1182 1183 144.000000
1183 1184 144.000000
1184 1185 144.000000
1185 1186 144.000000
1186 1187 144.000000
1001 10510 143.000000
1001 10862 143.000000
1043 10469 143.000000
213 214 142.000000
1067 10763 142.000000
1067 10895 142.000000
1069 10927 142.000000
1068 10997 141.000000
1191 1213 141.000000
1001 10733 140.000000
1214 1236 140.000000
1042 10627 138.000000
1219 1241 138.000000
588 589 137.000000
589 590 137.000000
590 591 137.000000
591 592 137.000000
592 593 137.000000
1369 1391 137.000000
1020 10841 136.000000
1410 1411 136.000000
1108 1130 135.000000
1221 1222 135.000000
1222 1223 135.000000
1223 1224 135.000000
1224 1225 135.000000
1225 1226 135.000000
621 622 134.000000
1043 1065 134.000000
1059 10999 134.000000
1023 10335 133.000000
210 232 132.000000
1001 10163 132.000000
1023 10426 132.000000
126 148 131.000000
1015 10406 131.000000
1021 10618 131.000000
1087 10985 131.000000
1000 10260 130.000000
1023 10593 130.000000
1023 10619 130.000000
287 288 129.000000
299 321 129.000000
1001 10428 129.000000
1525 1526 129.000000
1020 10821 128.000000
1116 1117 128.000000
1117 1118 128.000000
1118 1119 128.000000
1119 1120 128.000000
1120 1121 128.000000
296 318 127.000000
1021 10249 127.000000
1232 1253 127.000000
1476 1498 126.000000
340 362 125.000000
638 639 125.000000
639 640 125.000000
640 641 125.000000
670 692 125.000000
138 160 124.000000
365 387 124.000000
1001 10717 124.000000
1020 10645 124.000000
780 802 123.000000
1023 10879 123.000000
1045 10886 123.000000
1089 10997 123.000000
1100 1121 123.000000
354 355 122.000000
1021 10979 122.000000
1023 10308 122.000000
169 170 121.000000
1068 10998 121.000000
641 642 120.000000
642 643 120.000000
1001 10426 120.000000
1045 10696 120.000000
1128 1150 120.000000
225 247 119.000000
1023 10279 119.000000
609 610 118.000000
610 611 118.000000
611 612 118.000000
612 613 118.000000
613 614 118.000000
614 615 118.000000
1432 1454 118.000000
25 47 117.000000
1042 10955 117.000000
1065 1087 117.000000
94 95 116.000000
914 936 116.000000
774 775 115.000000
1020 10509 115.000000
0 10151 114.000000
165 187 114.000000
1204 1205 112.000000
1205 1206 112.000000
1206 1207 112.000000
1207 1208 112.000000
1208 1209 112.000000
584 606 111.000000
638 659 111.000000
820 842 111.000000
1020 10664 111.000000
1020 10965 111.000000
1023 10717 111.000000
1036 1058 111.000000
208 230 110.000000
332 333 110.000000
333 334 110.000000
334 335 110.000000
335 336 110.000000
336 337 110.000000
337 338 110.000000
1022 1044 110.000000
1020 10380 109.000000
1020 10603 109.000000
1020 10808 109.000000
1020 10877 109.000000
714 736 107.000000
825 847 106.000000
1043 10713 105.000000
1080 10944 105.000000
1001 10593 104.000000
1001 10619 104.000000
1001 10638 104.000000
1021 10694 104.000000
660 681 103.000000
1001 10308 103.000000
1020 10934 103.000000
1210 1232 103.000000
1001 10879 102.000000
70 92 101.000000
515 516 101.000000
516 517 101.000000
517 518 101.000000
519 520 101.000000
520 521 101.000000
521 522 101.000000
1438 1439 101.000000
494 495 100.000000
495 496 100.000000
518 519 100.000000
632 633 100.000000
633 634 100.000000
634 635 100.000000
635 636 100.000000
636 637 100.000000
1085 1107 100.000000
1068 1090 99.000000
1100 1101 98.000000
341 363 97.000000
1000 10669 97.000000
1042 10982 97.000000
105 106 96.000000
106 107 96.000000
107 108 96.000000
108 109 96.000000
344 366 96.000000
892 914 96.000000
1020 10225 96.000000
1020 10450 96.000000
1020 10484 96.000000
1020 10505 96.000000
1020 10506 96.000000
1020 10783 96.000000
1041 10842 96.000000
1066 10668 96.000000
1460 1461 96.000000
104 126 95.000000
761 762 95.000000
1020 10476 95.000000
1020 10775 95.000000
1020 10848 95.000000
1412 1434 95.000000
1042 1064 94.000000
1066 10985 94.000000
1237 1259 94.000000
127 149 93.000000
496 497 93.000000
631 632 93.000000
1072 1094 93.000000
1498 1520 93.000000
169 191 92.000000
672 694 92.000000
915 937 92.000000
1167 1189 92.000000
1065 10689 91.000000
1458 1480 91.000000
1 10626 90.000000
330 331 90.000000
1015 10411 90.000000
1015 10474 90.000000
39 61 89.000000
497 498 89.000000
498 499 89.000000
499 500 89.000000
950 972 89.000000
1015 10272 89.000000
1022 10971 89.000000
1065 10982 89.000000
0 10035 88.000000
39 40 88.000000
40 41 88.000000
41 42 88.000000
42 43 88.000000
254 276 88.000000
1043 10618 88.000000
1065 10850 88.000000
1188 1209 88.000000
191 213 86.000000
892 893 86.000000
1041 10831 86.000000
541 542 85.000000
1045 10818 85.000000
1045 10863 85.000000
652 653 84.000000
1101 1102 84.000000
0 10224 83.000000
0 10651 83.000000
104 105 83.000000
1024 10349 83.000000
1085 10934 83.000000
1012 1033 82.000000
1029 1030 82.000000
1030 1031 82.000000
1031 1032 82.000000
1032 1033 82.000000
1093 1094 82.000000
1238 1260 82.000000
563 585 81.000000
1042 10821 81.000000
1149 1171 81.000000
0 10418 80.000000
396 397 80.000000
397 398 80.000000
398 399 80.000000
399 400 80.000000
400 401 80.000000
401 402 80.000000
402 403 80.000000
403 404 80.000000
1041 10568 80.000000
1041 10575 80.000000
1041 10640 80.000000
1041 10788 80.000000
1042 10681 80.000000
1012 1013 79.000000
1013 1014 79.000000
1043 10979 79.000000
1090 10981 79.000000
1102 1103 79.000000
178 200 78.000000
869 891 78.000000
893 915 78.000000
1022 10260 78.000000
1042 10721 78.000000
1065 10953 78.000000
1034 1035 77.000000
1043 10669 76.000000
1078 1079 76.000000
1090 1112 76.000000
330 351 75.000000
344 345 75.000000
345 346 75.000000
346 347 75.000000
347 348 75.000000
348 349 75.000000
349 350 75.000000
350 351 75.000000
1021 1043 75.000000
1034 1055 75.000000
1050 1051 75.000000
1051 1052 75.000000
1052 1053 75.000000
1053 1054 75.000000
1054 1055 75.000000
541 563 74.000000
776 798 74.000000
1020 10777 74.000000
1020 10810 74.000000
1265 1266 74.000000
1266 1267 74.000000
1267 1268 74.000000
1268 1269 74.000000
1546 1547 74.000000
1547 1548 74.000000
1 10784 73.000000
116 117 72.000000
117 118 72.000000
118 119 72.000000
119 120 72.000000
1042 10446 72.000000
1064 10969 72.000000
616 637 71.000000
976 998 71.000000
484 485 70.000000
485 486 70.000000
486 487 70.000000
487 488 70.000000
488 489 70.000000
489 490 70.000000
490 491 70.000000
696 718 70.000000
168 190 69.000000
1001 10184 69.000000
1001 10221 69.000000
1001 10940 69.000000
1086 10901 69.000000
1020 10816 68.000000
1172 1194 68.000000
1175 1197 68.000000
1015 10449 67.000000
1064 10946 67.000000
1064 10949 67.000000
1066 1088 67.000000
213 235 66.000000
1067 10696 66.000000
1264 1265 66.000000
223 245 65.000000
782 804 65.000000
1064 10745 65.000000
1134 1156 65.000000
338 339 64.000000
726 727 64.000000
726 747 64.000000
727 728 64.000000
728 729 64.000000
729 730 64.000000
798 820 64.000000
1020 10703 64.000000
1044 10613 64.000000
29 51 63.000000
572 593 63.000000
674 696 63.000000
410 411 62.000000
411 412 62.000000
652 674 62.000000
1021 10752 62.000000
1044 1066 62.000000
1065 10665 62.000000
1261 1283 62.000000
1064 10811 61.000000
1078 1099 61.000000
1094 1095 61.000000
1095 1096 61.000000
1096 1097 61.000000
1097 1098 61.000000
1098 1099 61.000000
1505 1506 61.000000
1506 1507 61.000000
1507 1529 61.000000
209 231 60.000000
628 650 60.000000
1089 10998 60.000000
493 494 59.000000
1002 10715 59.000000
1019 10386 59.000000
1248 1249 59.000000
1249 1250 59.000000
1250 1251 59.000000
1251 1252 59.000000
1252 1253 59.000000
22 43 58.000000
542 543 58.000000
543 544 58.000000
557 558 58.000000
660 661 58.000000
661 662 58.000000
662 663 58.000000
663 664 58.000000
664 665 58.000000
689 711 58.000000
1015 10878 58.000000
1241 1263 58.000000
1456 1478 58.000000
1540 1541 58.000000
120 121 57.000000
675 676 57.000000
676 677 57.000000
677 678 57.000000
678 679 57.000000
679 680 57.000000
680 681 57.000000
1001 10045 57.000000
1001 10062 57.000000
1001 10237 57.000000
1003 1025 57.000000
1020 10902 57.000000
1020 10921 57.000000
1023 10435 57.000000
147 169 56.000000
388 410 56.000000
653 654 56.000000
654 655 56.000000
655 656 56.000000
656 657 56.000000
657 658 56.000000
818 840 56.000000
1020 10270 56.000000
1123 1145 56.000000
1500 1522 56.000000
22 44 55.000000
932 954 55.000000
1056 1077 55.000000
1072 1073 55.000000
1073 1074 55.000000
1074 1075 55.000000
1075 1076 55.000000
1076 1077 55.000000
1133 1155 55.000000
121 122 54.000000
122 123 54.000000
123 124 54.000000
124 125 54.000000
125 126 54.000000
211 233 54.000000
300 322 54.000000
427 428 54.000000
1523 1545 54.000000
72 73 53.000000
295 317 53.000000
651 673 53.000000
1024 10303 53.000000
1056 1057 53.000000
1165 1187 53.000000
484 505 52.000000
563 564 52.000000
564 565 52.000000
1023 10824 52.000000
1024 10383 52.000000
1024 10438 52.000000
1024 10453 52.000000
1024 10500 52.000000
1024 10687 52.000000
1024 10782 52.000000
1024 10871 52.000000
1024 10948 52.000000
1024 10976 52.000000
110 132 51.000000
95 96 50.000000
96 97 50.000000
97 98 50.000000
1131 1153 50.000000
1243 1244 50.000000
1244 1245 50.000000
1245 1246 50.000000
1246 1247 50.000000
1247 1248 50.000000
736 758 49.000000
1057 1058 49.000000
1330 1352 49.000000
1435 1457 49.000000
760 782 48.000000
1015 10286 48.000000
1023 10789 48.000000
1065 10796 48.000000
1260 1282 48.000000
665 666 47.000000
1020 10745 47.000000
1504 1505 47.000000
396 417 46.000000
412 413 46.000000
413 414 46.000000
414 415 46.000000
415 416 46.000000
416 417 46.000000
1020 10280 46.000000
1023 10301 46.000000
1257 1279 46.000000
27 49 45.000000
562 563 45.000000
1045 10510 45.000000
695 717 44.000000
1004 1026 43.000000
1020 10811 43.000000
1058 10835 43.000000
1058 10852 43.000000
450 451 42.000000
451 452 42.000000
452 453 42.000000
824 846 42.000000
1002 10182 42.000000
1002 10188 42.000000
1002 10193 42.000000
1002 10202 42.000000
1002 10215 42.000000
1002 10337 42.000000
1002 10864 42.000000
1002 10968 42.000000
1166 1188 42.000000
301 323 41.000000
927 928 41.000000
1020 10331 41.000000
1023 10246 41.000000
1023 10550 41.000000
1024 10269 41.000000
1024 10663 41.000000
1044 10857 41.000000
1044 10910 41.000000
98 99 40.000000
100 101 40.000000
101 102 40.000000
102 103 40.000000
103 104 40.000000
352 373 40.000000
367 368 40.000000
368 369 40.000000
369 370 40.000000
370 371 40.000000
371 372 40.000000
372 373 40.000000
456 478 40.000000
478 500 40.000000
1020 10256 40.000000
1020 10357 40.000000
1020 10369 40.000000
1020 10883 40.000000
1020 10946 40.000000
1020 10949 40.000000
1021 10330 40.000000
1021 10446 40.000000
1021 10529 40.000000
1021 10542 40.000000
1021 10554 40.000000
1021 10627 40.000000
1021 10665 40.000000
1035 1036 40.000000
23 45 39.000000
536 537 39.000000
594 595 39.000000
594 615 39.000000
595 596 39.000000
596 597 39.000000
597 598 39.000000
629 651 39.000000
781 803 39.000000
1023 10265 39.000000
1023 10857 39.000000
1023 10910 39.000000
1024 10489 39.000000
1024 10510 39.000000
1024 10862 39.000000
528 529 38.000000
529 530 38.000000
530 531 38.000000
531 532 38.000000
532 533 38.000000
533 534 38.000000
534 535 38.000000
784 785 38.000000
785 786 38.000000
786 787 38.000000
787 788 38.000000
788 789 38.000000
789 790 38.000000
1015 10234 38.000000
1015 10999 38.000000
1020 10277 38.000000
1024 10586 38.000000
1024 10733 38.000000
1024 10837 38.000000
1067 10996 38.000000
104 10616 37.000000
608 630 37.000000
867 889 37.000000
1020 10951 37.000000
1020 10969 37.000000
600 622 36.000000
1022 10669 36.000000
1045 10940 36.000000
1499 1521 36.000000
913 914 35.000000
558 559 34.000000
559 560 34.000000
560 561 34.000000
561 562 34.000000
955 977 34.000000
957 979 34.000000
1044 10550 34.000000
1045 10663 34.000000
1045 10868 34.000000
1047 10678 34.000000
1085 10877 34.000000
1520 1542 34.000000
761 783 33.000000
1067 10894 33.000000
1068 10740 33.000000
69 91 32.000000
550 571 32.000000
556 557 32.000000
884 906 32.000000
1045 10862 32.000000
1045 10920 32.000000
1543 1565 32.000000
375 376 31.000000
376 377 31.000000
377 378 31.000000
378 379 31.000000
379 380 31.000000
380 381 31.000000
381 382 31.000000
382 383 31.000000
572 573 31.000000
573 574 31.000000
574 575 31.000000
575 576 31.000000
1019 10407 31.000000
1045 10730 31.000000
1045 10972 31.000000
1068 10762 31.000000
1085 10902 31.000000
1085 10921 31.000000
1088 10977 31.000000
374 396 30.000000
638 660 30.000000
643 644 30.000000
823 845 30.000000
1045 10475 30.000000
1045 10486 30.000000
1220 1242 30.000000
1367 1389 30.000000
1059 10731 29.000000
1088 10895 29.000000
609 631 28.000000
644 666 28.000000
759 781 28.000000
1000 10938 28.000000
1122 1144 28.000000
1497 1498 28.000000
144 166 27.000000
542 564 27.000000
564 586 27.000000
968 969 27.000000
968 989 27.000000
969 970 27.000000
985 986 27.000000
986 987 27.000000
987 988 27.000000
988 989 27.000000
1001 1023 27.000000
1021 10487 27.000000
1276 1297 27.000000
535 536 26.000000
984 985 26.000000
1024 10346 26.000000
1024 10351 26.000000
1024 10428 26.000000
1024 10996 26.000000
1068 10947 26.000000
120 142 25.000000
366 367 25.000000
1002 10029 25.000000
1046 1068 25.000000
1417 1418 25.000000
1519 1541 25.000000
331 332 24.000000
1024 10920 24.000000
1047 10561 24.000000
1059 10711 24.000000
1287 1288 24.000000
1288 1289 24.000000
1289 1290 24.000000
1290 1291 24.000000
1291 1292 24.000000
1292 1293 24.000000
1293 1294 24.000000
1294 1295 24.000000
1295 1296 24.000000
1296 1297 24.000000
693 715 23.000000
1045 10879 23.000000
1059 10932 23.000000
1088 1110 23.000000
1153 1175 23.000000
1455 1477 23.000000
453 454 22.000000
454 455 22.000000
455 456 22.000000
500 501 22.000000
501 502 22.000000
502 503 22.000000
503 504 22.000000
504 505 22.000000
522 523 22.000000
523 524 22.000000
524 525 22.000000
525 526 22.000000
526 527 22.000000
868 890 22.000000
990 991 22.000000
991 992 22.000000
1002 10031 22.000000
1002 10438 22.000000
1002 10453 22.000000
1002 10500 22.000000
1002 10687 22.000000
1002 10782 22.000000
1002 10871 22.000000
1002 10948 22.000000
1002 10970 22.000000
1002 10976 22.000000
1089 10924 22.000000
113 135 21.000000
242 264 21.000000
783 805 21.000000
797 819 21.000000
937 959 21.000000
959 981 21.000000
1000 10287 21.000000
1002 10175 21.000000
1002 10383 21.000000
1019 10842 21.000000
1020 10659 21.000000
1020 10721 21.000000
1045 10586 21.000000
1045 10837 21.000000
214 236 20.000000
374 375 20.000000
645 667 20.000000
732 754 20.000000
918 940 20.000000
1002 10269 20.000000
1015 1037 20.000000
1019 10568 20.000000
1019 10640 20.000000
1064 10955 20.000000
1067 10879 20.000000
1067 10940 20.000000
1091 10927 20.000000
1193 1215 20.000000
73 74 19.000000
74 75 19.000000
75 76 19.000000
76 77 19.000000
77 78 19.000000
78 79 19.000000
79 80 19.000000
80 81 19.000000
81 82 19.000000
251 273 19.000000
256 278 19.000000
566 567 19.000000
567 568 19.000000
568 569 19.000000
569 570 19.000000
570 571 19.000000
796 797 19.000000
1007 1008 19.000000
1008 1009 19.000000
1009 1010 19.000000
1010 1011 19.000000
1014 10276 19.000000
1019 10250 19.000000
1019 10575 19.000000
1019 10788 19.000000
1035 10856 19.000000
1067 10868 19.000000
352 374 18.000000
434 456 18.000000
737 759 18.000000
924 945 18.000000
940 941 18.000000
941 942 18.000000
942 943 18.000000
943 944 18.000000
944 945 18.000000
1000 10950 18.000000
1014 10161 18.000000
1019 10664 18.000000
1019 10965 18.000000
1035 10635 18.000000
1043 10964 18.000000
1067 10730 18.000000
1067 10972 18.000000
1088 10972 18.000000
1199 1221 18.000000
1518 1519 18.000000
1518 1540 18.000000
1521 1543 18.000000
352 353 17.000000
748 749 17.000000
748 769 17.000000
749 750 17.000000
750 751 17.000000
751 752 17.000000
902 903 17.000000
903 904 17.000000
904 905 17.000000
970 971 17.000000
1019 10718 17.000000
1045 10733 17.000000
1101 1123 17.000000
1122 1123 17.000000
1130 1152 17.000000
1135 1157 17.000000
1168 1190 17.000000
1194 1216 17.000000
1282 1304 17.000000
1434 1456 17.000000
234 256 16.000000
412 434 16.000000
491 492 16.000000
565 566 16.000000
576 577 16.000000
577 578 16.000000
578 579 16.000000
733 755 16.000000
752 753 16.000000
977 999 16.000000
1002 10663 16.000000
1020 10955 16.000000
1058 10944 16.000000
1146 1168 16.000000
1171 1193 16.000000
1189 1211 16.000000
105 127 15.000000
200 222 15.000000
330 352 15.000000
719 720 15.000000
720 721 15.000000
721 722 15.000000
722 723 15.000000
723 724 15.000000
724 725 15.000000
730 731 15.000000
911 933 15.000000
914 915 15.000000
956 978 15.000000
1001 10246 15.000000
1001 10550 15.000000
1002 10240 15.000000
1041 10509 15.000000
1043 10796 15.000000
1045 10996 15.000000
1063 10831 15.000000
1078 1100 15.000000
1122 1143 15.000000
1139 1140 15.000000
1140 1141 15.000000
1141 1142 15.000000
1142 1143 15.000000
616 638 14.000000
946 947 14.000000
946 967 14.000000
947 948 14.000000
948 949 14.000000
962 963 14.000000
963 964 14.000000
964 965 14.000000
965 966 14.000000
966 967 14.000000
1002 10303 14.000000
1063 10703 14.000000
1064 10694 14.000000
1086 10979 14.000000
1173 1195 14.000000
1389 1411 14.000000
519 541 13.000000
958 959 13.000000
959 960 13.000000
960 961 13.000000
961 962 13.000000
1006 1007 13.000000
1042 10529 13.000000
1042 10542 13.000000
1042 10665 13.000000
1090 10995 13.000000
1106 1128 13.000000
1144 1166 13.000000
1479 1501 13.000000
0 22 12.000000
374 395 12.000000
388 389 12.000000
389 390 12.000000
390 391 12.000000
391 392 12.000000
392 393 12.000000
393 394 12.000000
394 395 12.000000
606 628 12.000000
622 644 12.000000
688 710 12.000000
924 925 12.000000
925 926 12.000000
926 927 12.000000
1019 1041 12.000000
1042 10752 12.000000
1063 10842 12.000000
1064 10659 12.000000
1064 10721 12.000000
1065 10979 12.000000
83 84 11.000000
84 85 11.000000
85 86 11.000000
86 87 11.000000
198 220 11.000000
428 450 11.000000
665 687 11.000000
696 697 11.000000
697 698 11.000000
698 699 11.000000
699 700 11.000000
700 701 11.000000
701 702 11.000000
702 703 11.000000
739 761 11.000000
902 923 11.000000
918 919 11.000000
919 920 11.000000
920 921 11.000000
921 922 11.000000
922 923 11.000000
1001 10012 11.000000
1001 10265 11.000000
1002 1024 11.000000
1015 10207 11.000000
1041 10603 11.000000
1041 10808 11.000000
1041 10816 11.000000
1041 10877 11.000000
1041 10883 11.000000
1041 10946 11.000000
1041 10949 11.000000
1041 10955 11.000000
1063 10640 11.000000
1064 10821 11.000000
1326 1348 11.000000
116 138 10.000000
132 154 10.000000
497 519 10.000000
605 627 10.000000
731 753 10.000000
970 992 10.000000
1000 10143 10.000000
1000 10971 10.000000
1001 10857 10.000000
1001 10910 10.000000
1041 10703 10.000000
1041 10934 10.000000
1041 10951 10.000000
1041 10969 10.000000
1063 10664 10.000000
1063 10718 10.000000
1063 10788 10.000000
1063 10965 10.000000
1064 10681 10.000000
1085 10883 10.000000
1100 1122 10.000000
1150 1172 10.000000
1188 1210 10.000000
1391 1413 10.000000
1 1563 9.000000
82 83 9.000000
353 354 9.000000
550 572 9.000000
658 659 9.000000
1001 10301 9.000000
1001 10789 9.000000
1001 10824 9.000000
1042 10493 9.000000
1042 10694 9.000000
1063 10934 9.000000
1139 1161 9.000000
1281 1303 9.000000
160 182 8.000000
167 189 8.000000
286 308 8.000000
518 540 8.000000
819 841 8.000000
893 894 8.000000
894 895 8.000000
895 896 8.000000
896 918 8.000000
954 976 8.000000
1002 10920 8.000000
1063 1085 8.000000
1265 1287 8.000000
1522 1544 8.000000
252 274 7.000000
343 365 7.000000
406 428 7.000000
496 518 7.000000
562 584 7.000000
653 675 7.000000
738 760 7.000000
841 863 7.000000
913 935 7.000000
1007 1029 7.000000
1041 10450 7.000000
1041 10476 7.000000
1041 10484 7.000000
1041 10505 7.000000
1041 10506 7.000000
1041 10775 7.000000
1041 10783 7.000000
1041 10848 7.000000
1041 10902 7.000000
1041 10921 7.000000
1063 10775 7.000000
1063 10783 7.000000
1063 10848 7.000000
1063 10902 7.000000
1063 10921 7.000000
1063 10951 7.000000
1063 10969 7.000000
1079 1101 7.000000
1079 10856 7.000000
1080 10932 7.000000
1094 1116 7.000000
1264 1286 7.000000
51 52 6.000000
52 53 6.000000
53 54 6.000000
54 55 6.000000
55 56 6.000000
56 57 6.000000
57 58 6.000000
58 59 6.000000
59 60 6.000000
60 61 6.000000
440 441 6.000000
441 442 6.000000
442 443 6.000000
443 444 6.000000
444 445 6.000000
445 446 6.000000
446 447 6.000000
447 448 6.000000
514 515 6.000000
710 732 6.000000
762 763 6.000000
763 764 6.000000
764 765 6.000000
765 766 6.000000
766 767 6.000000
767 768 6.000000
768 769 6.000000
902 924 6.000000
1047 1069 6.000000
1137 1138 6.000000
1138 1139 6.000000
1393 1415 6.000000
549 571 5.000000
716 738 5.000000
826 848 5.000000
949 971 5.000000
1089 10947 5.000000
1121 1143 5.000000
1143 1165 5.000000
156 178 4.000000
207 229 4.000000
431 432 4.000000
432 433 4.000000
433 434 4.000000
513 514 4.000000
775 797 4.000000
971 993 4.000000
1036 10391 4.000000
1036 10590 4.000000
1041 10664 4.000000
1041 10718 4.000000
1041 10965 4.000000
1048 1070 4.000000
1057 1079 4.000000
1058 1080 4.000000
1084 1106 4.000000
1084 10842 4.000000
1269 1270 4.000000
1270 1271 4.000000
1271 1272 4.000000
1272 1273 4.000000
1273 1274 4.000000
1347 1369 4.000000
1454 1476 4.000000
0 1562 3.000000
1 23 3.000000
121 143 3.000000
505 527 3.000000
527 549 3.000000
579 601 3.000000
667 689 3.000000
753 775 3.000000
1036 10835 3.000000
1036 10852 3.000000
1036 10944 3.000000
1085 10946 3.000000
1085 10949 3.000000
1085 10955 3.000000
1086 10982 3.000000
1145 1167 3.000000
1147 1169 3.000000
1169 1191 3.000000
1308 1330 3.000000
1395 1396 3.000000
154 176 2.000000
434 435 2.000000
435 436 2.000000
436 437 2.000000
437 438 2.000000
438 439 2.000000
528 550 2.000000
544 545 2.000000
545 546 2.000000
546 547 2.000000
547 548 2.000000
548 549 2.000000
666 688 2.000000
675 697 2.000000
697 719 2.000000
704 705 2.000000
704 725 2.000000
705 706 2.000000
706 707 2.000000
707 708 2.000000
708 709 2.000000
715 737 2.000000
1034 1056 2.000000
1036 10449 2.000000
1036 10999 2.000000
1037 10898 2.000000
1084 10965 2.000000
1221 1243 2.000000
1526 1548 2.000000
11 12 1.000000
12 13 1.000000
13 14 1.000000
14 15 1.000000
15 16 1.000000
16 17 1.000000
17 39 1.000000
319 341 1.000000
626 648 1.000000
627 649 1.000000
648 670 1.000000
650 672 1.000000
671 693 1.000000
740 741 1.000000
741 742 1.000000
742 743 1.000000
743 744 1.000000
744 745 1.000000
745 746 1.000000
746 747 1.000000
752 774 1.000000
915 916 1.000000
916 917 1.000000
917 918 1.000000
1041 1063 1.000000
1085 10951 1.000000
1124 1146 1.000000
1253 1275 1.000000
1331 1332 1.000000
1332 1333 1.000000
1333 1334 1.000000
1334 1335 1.000000
1335 1336 1.000000
1336 1337 1.000000
1337 1338 1.000000
1338 1339 1.000000
1339 1340 1.000000
1340 1341 1.000000
1569 1570 1.000000
1570 1571 1.000000
1571 1572 1.000000
1572 1573 1.000000
