275 276 19082.000000
276 277 19082.000000
277 278 19082.000000
274 275 17289.000000
318 319 15263.000000
319 320 15263.000000
320 321 15263.000000
321 322 15263.000000
278 279 14799.000000
1246 1247 12950.000000
1290 1291 12737.000000
185 186 10874.000000
1114 1115 10793.000000
296 297 10452.000000
297 298 10452.000000
298 299 10452.000000
299 300 10452.000000
1247 1248 10015.000000
317 318 9835.000000
1071 1072 9796.000000
1311 1312 9779.000000
1070 1071 9668.000000
1027 1028 9659.000000
322 323 9549.000000
1310 1311 9410.000000
1289 1290 9324.000000
1245 1246 9170.000000
1115 1116 9068.000000
1355 1356 8926.000000
184 185 8631.000000
1334 1335 8572.000000
1288 1289 8542.000000
1306 1307 8437.000000
1268 1269 8430.000000
323 324 8422.000000
1312 1313 8374.000000
1354 1355 8289.000000
1026 1027 8181.000000
1113 1114 7733.000000
1307 1308 7700.000000
1304 1305 7621.000000
1305 1306 7621.000000
141 142 7618.000000
1092 1093 7600.000000
1353 1354 7559.000000
410 411 7493.000000
935 936 7472.000000
936 937 7472.000000
1287 1288 7460.000000
1350 1351 7390.000000
1266 1267 7366.000000
1348 1349 7335.000000
1351 1352 7330.000000
279 280 7295.000000
295 296 7241.000000
8 9 7232.000000
1028 1029 7202.000000
1309 1310 7098.000000
1158 1159 7033.000000
1159 1160 7016.000000
1025 1026 6939.000000
1069 1070 6928.000000
1332 1333 6885.000000
273 274 6838.000000
1349 1350 6771.000000
1308 1309 6761.000000
1267 1268 6738.000000
1333 1334 6582.000000
913 914 6536.000000
914 915 6536.000000
1438 1439 6503.000000
1352 1353 6282.000000
1224 1225 6216.000000
1439 1440 6207.000000
912 913 6204.000000
1091 1092 6038.000000
1437 1438 5885.000000
1482 1483 5841.000000
1481 1482 5805.000000
1244 1245 5698.000000
1135 1136 5649.000000
1265 1266 5611.000000
1347 1348 5569.000000
1331 1332 5500.000000
1090 1091 5473.000000
300 301 5431.000000
119 120 5420.000000
911 912 5382.000000
1303 1304 5364.000000
956 957 5344.000000
957 958 5344.000000
958 959 5344.000000
934 935 5252.000000
1440 1441 5197.000000
1000 1001 5142.000000
1001 1002 5142.000000
1156 1157 5140.000000
1160 1161 5087.000000
933 934 5017.000000
1291 1292 4956.000000
7 8 4953.000000
937 938 4926.000000
1157 1158 4869.000000
324 325 4866.000000
891 892 4853.000000
892 893 4853.000000
1441 1442 4822.000000
893 894 4770.000000
1136 1137 4730.000000
1203 1204 4726.000000
1442 1443 4724.000000
1460 1461 4685.000000
53 54 4652.000000
1223 1224 4649.000000
1201 1202 4534.000000
1093 1094 4529.000000
1483 1484 4481.000000
52 53 4458.000000
938 939 4442.000000
1461 1462 4430.000000
1484 1485 4367.000000
1202 1203 4338.000000
1134 1135 4324.000000
278 300 4287.000000
411 412 4247.000000
301 302 4239.000000
1485 1486 4199.000000
1286 1287 4194.000000
1283 1284 4154.000000
367 368 4139.000000
720 721 4124.000000
982 983 4112.000000
362 363 4080.000000
363 364 4080.000000
364 365 4080.000000
365 366 4080.000000
97 98 4027.000000
1108 1109 3999.000000
1109 1110 3999.000000
1110 1111 3999.000000
1111 1112 3999.000000
1372 1373 3949.000000
1225 1226 3948.000000
1373 1374 3941.000000
10 11 3934.000000
1022 1023 3926.000000
1023 1024 3926.000000
1024 1025 3926.000000
1243 1244 3882.000000
1003 1004 3874.000000
1112 1113 3868.000000
1072 1073 3862.000000
1222 1223 3831.000000
1200 1201 3830.000000
1137 1138 3821.000000
497 498 3786.000000
1376 1377 3782.000000
1377 1378 3781.000000
229 230 3769.000000
717 718 3696.000000
718 719 3696.000000
1397 1398 3685.000000
916 917 3657.000000
1002 1003 3646.000000
1284 1285 3645.000000
1285 1286 3645.000000
1398 1399 3632.000000
98 99 3624.000000
186 187 3619.000000
1399 1400 3596.000000
719 720 3545.000000
1374 1375 3545.000000
1375 1376 3542.000000
1117 1118 3531.000000
228 229 3528.000000
368 369 3513.000000
28 29 3502.000000
54 55 3439.000000
785 786 3429.000000
1116 1117 3406.000000
1221 1222 3358.000000
1179 1180 3312.000000
978 979 3259.000000
979 980 3259.000000
980 981 3259.000000
280 281 3173.000000
251 252 3141.000000
955 956 3140.000000
55 56 3101.000000
162 163 3100.000000
30 31 3090.000000
366 367 3077.000000
1264 1265 3055.000000
29 30 3047.000000
71 72 3045.000000
869 870 3045.000000
870 871 3045.000000
163 164 3044.000000
1161 1162 3032.000000
1138 1139 2988.000000
1370 1371 2948.000000
361 362 2938.000000
1462 1463 2932.000000
31 32 2916.000000
1049 1050 2904.000000
229 251 2887.000000
917 918 2864.000000
1180 1181 2857.000000
293 294 2854.000000
890 891 2836.000000
51 52 2830.000000
1004 10446 2822.000000
72 73 2821.000000
1327 1328 2819.000000
998 999 2815.000000
1330 1331 2812.000000
272 273 2804.000000
1004 1005 2785.000000
1048 1049 2763.000000
1416 1417 2717.000000
186 208 2716.000000
915 916 2713.000000
981 982 2693.000000
1028 1050 2686.000000
412 413 2662.000000
1328 1329 2652.000000
294 295 2628.000000
340 341 2601.000000
341 342 2601.000000
342 343 2601.000000
343 344 2601.000000
1329 1330 2592.000000
1086 1087 2578.000000
1087 1088 2578.000000
1088 1089 2578.000000
1089 1090 2578.000000
252 253 2550.000000
253 254 2550.000000
254 255 2550.000000
255 256 2550.000000
256 257 2546.000000
95 96 2540.000000
140 141 2528.000000
959 960 2516.000000
325 326 2505.000000
894 895 2500.000000
250 251 2486.000000
73 74 2470.000000
1047 1048 2463.000000
1417 1418 2461.000000
316 317 2430.000000
498 499 2426.000000
1463 1464 2417.000000
1247 1269 2406.000000
1378 1379 2400.000000
1071 1093 2396.000000
94 95 2379.000000
1396 1397 2378.000000
1130 1131 2357.000000
1131 1132 2357.000000
1132 1133 2357.000000
1421 1422 2334.000000
1326 1327 2319.000000
280 302 2313.000000
359 360 2301.000000
1486 1487 2298.000000
1371 1372 2282.000000
96 97 2280.000000
185 207 2278.000000
1527 1528 2276.000000
1506 1507 2274.000000
848 849 2269.000000
868 869 2254.000000
454 455 2252.000000
1282 1283 2206.000000
960 961 2203.000000
1504 1505 2195.000000
983 984 2190.000000
721 722 2187.000000
1065 1066 2181.000000
1066 1067 2181.000000
1067 1068 2181.000000
846 847 2170.000000
1464 1465 2157.000000
1181 1182 2140.000000
1550 1551 2139.000000
120 121 2102.000000
1239 1240 2096.000000
1240 1241 2094.000000
1242 1243 2080.000000
1418 1419 2075.000000
1443 1444 2055.000000
1420 1421 2052.000000
1369 1370 2040.000000
142 143 2029.000000
1129 1130 2027.000000
1152 1153 2022.000000
1153 1154 2016.000000
1154 1155 2016.000000
849 850 2014.000000
847 848 2009.000000
230 231 2000.000000
1241 1242 1983.000000
337 338 1979.000000
344 345 1979.000000
867 868 1969.000000
10 10199 1968.000000
302 303 1955.000000
1263 1264 1955.000000
1505 1506 1925.000000
1068 1069 1907.000000
1248 1249 1905.000000
977 978 1902.000000
829 830 1894.000000
281 282 1877.000000
939 940 1856.000000
303 304 1847.000000
74 75 1812.000000
1325 1326 1800.000000
138 139 1779.000000
32 33 1774.000000
1073 1074 1763.000000
1571 1572 1761.000000
1021 1022 1754.000000
139 140 1744.000000
782 783 1715.000000
783 784 1715.000000
453 454 1710.000000
11 12 1709.000000
10 10985 1704.000000
1269 1270 1700.000000
1419 1420 1696.000000
1261 1262 1683.000000
1262 1263 1683.000000
360 361 1672.000000
1549 1550 1669.000000
1072 1094 1665.000000
6 7 1660.000000
227 228 1656.000000
345 346 1649.000000
1064 1065 1648.000000
677 699 1646.000000
231 232 1635.000000
232 233 1635.000000
233 234 1635.000000
234 235 1635.000000
282 283 1630.000000
251 273 1621.000000
380 381 1613.000000
142 164 1612.000000
1178 1179 1610.000000
381 382 1591.000000
1260 1261 1587.000000
326 327 1580.000000
741 742 1580.000000
830 831 1580.000000
1465 1466 1556.000000
1548 1549 1555.000000
784 785 1543.000000
786 787 1534.000000
763 764 1529.000000
764 765 1529.000000
825 826 1529.000000
826 827 1529.000000
827 828 1529.000000
939 961 1521.000000
895 896 1520.000000
911 933 1519.000000
1155 1156 1517.000000
1394 1395 1514.000000
1226 1227 1513.000000
1048 10487 1511.000000
1238 1239 1510.000000
338 339 1490.000000
1204 1226 1477.000000
370 371 1459.000000
304 305 1449.000000
325 347 1449.000000
346 347 1449.000000
1048 10979 1449.000000
673 674 1441.000000
674 675 1441.000000
675 676 1441.000000
676 677 1432.000000
889 890 1432.000000
1204 1205 1418.000000
1085 1086 1382.000000
33 34 1377.000000
1356 1357 1377.000000
1259 1260 1369.000000
118 119 1360.000000
1118 1119 1352.000000
137 138 1346.000000
207 208 1344.000000
1139 1140 1344.000000
455 456 1330.000000
411 433 1328.000000
1195 1196 1321.000000
1196 1197 1321.000000
1197 1198 1312.000000
677 678 1306.000000
1074 1096 1305.000000
391 392 1299.000000
1116 1138 1290.000000
208 230 1287.000000
895 917 1279.000000
1503 1504 1274.000000
235 257 1258.000000
871 872 1253.000000
315 316 1251.000000
678 679 1251.000000
742 743 1251.000000
457 458 1249.000000
1002 10028 1240.000000
1302 1303 1239.000000
787 788 1227.000000
50 51 1225.000000
1203 1225 1223.000000
53 75 1220.000000
369 370 1218.000000
1198 1199 1211.000000
369 391 1207.000000
1199 1200 1197.000000
1570 1571 1192.000000
765 766 1191.000000
1395 1396 1191.000000
1547 1548 1187.000000
327 328 1174.000000
75 76 1167.000000
433 434 1162.000000
954 955 1162.000000
339 340 1150.000000
828 829 1138.000000
630 631 1130.000000
631 632 1130.000000
632 633 1130.000000
1413 1414 1124.000000
1414 1415 1124.000000
206 207 1115.000000
743 744 1114.000000
392 393 1107.000000
873 874 1105.000000
1133 1134 1104.000000
1094 1095 1099.000000
1095 1096 1099.000000
896 897 1086.000000
1026 10270 1085.000000
283 284 1076.000000
1551 1552 1066.000000
10 10081 1048.000000
371 372 1048.000000
405 406 1043.000000
406 407 1043.000000
407 408 1043.000000
408 409 1043.000000
1291 1313 1017.000000
1526 1527 1009.000000
1346 1347 1000.000000
367 389 985.000000
1020 1021 974.000000
93 94 973.000000
336 337 962.000000
1525 1526 959.000000
1107 1108 958.000000
1022 10326 950.000000
1270 1271 947.000000
1569 1570 946.000000
12 13 945.000000
404 405 942.000000
456 457 930.000000
1507 1508 913.000000
409 410 900.000000
961 962 893.000000
1271 1272 893.000000
1272 1273 893.000000
872 873 891.000000
390 391 880.000000
744 745 880.000000
759 760 878.000000
1508 1509 876.000000
760 761 859.000000
761 762 859.000000
762 763 859.000000
181 182 858.000000
182 183 858.000000
183 184 858.000000
207 229 858.000000
1182 1183 856.000000
220 221 852.000000
220 241 852.000000
221 222 852.000000
222 223 852.000000
223 224 852.000000
224 225 852.000000
225 226 852.000000
226 227 852.000000
184 206 851.000000
1281 1282 851.000000
330 331 847.000000
330 351 847.000000
331 332 847.000000
332 333 847.000000
333 334 847.000000
334 335 847.000000
335 336 847.000000
350 351 847.000000
804 805 847.000000
805 806 847.000000
679 680 842.000000
154 155 839.000000
155 156 839.000000
156 157 839.000000
541 542 835.000000
716 717 835.000000
1000 10095 833.000000
115 116 831.000000
413 414 815.000000
803 804 813.000000
736 737 808.000000
874 875 807.000000
802 803 803.000000
154 175 801.000000
389 390 801.000000
737 738 801.000000
1043 1044 801.000000
1044 1045 801.000000
1045 1046 801.000000
1194 1195 801.000000
1205 1206 797.000000
722 723 790.000000
435 436 780.000000
257 258 779.000000
116 117 772.000000
117 118 767.000000
1568 1569 767.000000
305 306 760.000000
1093 10950 760.000000
382 383 755.000000
852 853 748.000000
347 348 744.000000
781 782 742.000000
1415 1437 739.000000
1258 1259 734.000000
180 181 733.000000
208 209 727.000000
1042 1043 726.000000
230 252 723.000000
1029 1051 716.000000
1119 1120 713.000000
164 186 709.000000
851 852 701.000000
1071 10938 695.000000
368 390 690.000000
76 77 684.000000
1050 1051 671.000000
824 825 668.000000
1025 10407 667.000000
1371 1393 666.000000
271 272 663.000000
264 265 662.000000
264 285 662.000000
265 266 662.000000
266 267 662.000000
267 268 662.000000
268 269 662.000000
269 270 662.000000
270 271 662.000000
414 415 661.000000
279 301 660.000000
1292 1293 658.000000
1572 1573 658.000000
434 435 657.000000
458 459 656.000000
806 807 656.000000
323 345 649.000000
161 162 646.000000
410 432 640.000000
158 159 639.000000
383 384 638.000000
384 385 638.000000
385 386 638.000000
386 387 638.000000
853 854 638.000000
1027 10796 635.000000
261 262 633.000000
228 250 632.000000
808 809 632.000000
274 296 631.000000
807 808 631.000000
1046 1047 628.000000
159 160 625.000000
160 161 625.000000
164 165 622.000000
1065 10898 621.000000
1573 1574 621.000000
1438 1460 618.000000
850 851 603.000000
1071 10781 603.000000
722 744 602.000000
1205 1227 600.000000
562 563 596.000000
1552 1553 593.000000
259 260 591.000000
260 261 591.000000
1249 1250 588.000000
1250 1251 588.000000
1251 1252 588.000000
1177 1178 580.000000
176 197 570.000000
831 832 567.000000
1025 10539 565.000000
738 739 564.000000
739 740 564.000000
740 741 564.000000
198 199 563.000000
198 219 563.000000
199 200 563.000000
200 201 563.000000
201 202 563.000000
202 203 563.000000
203 204 563.000000
204 205 563.000000
70 71 549.000000
477 478 547.000000
1005 10971 544.000000
1004 10138 542.000000
293 315 533.000000
176 177 532.000000
177 178 532.000000
178 179 532.000000
179 180 532.000000
258 259 531.000000
1393 1394 525.000000
436 437 520.000000
478 479 519.000000
1026 10446 519.000000
1378 1400 519.000000
28 50 512.000000
1284 1306 511.000000
1227 1228 508.000000
1228 1229 508.000000
1229 1230 508.000000
1092 10979 505.000000
403 404 501.000000
1412 1413 499.000000
1128 1129 498.000000
1118 1140 497.000000
1074 1075 490.000000
1075 1076 490.000000
723 724 489.000000
338 360 488.000000
1324 1325 486.000000
348 349 485.000000
387 388 485.000000
157 158 483.000000
1549 1571 474.000000
809 810 473.000000
1003 10277 466.000000
498 520 460.000000
1422 1423 459.000000
499 500 458.000000
1173 1174 452.000000
1174 1175 452.000000
1175 1176 451.000000
1335 1357 446.000000
458 480 445.000000
1176 1177 442.000000
1296 1297 442.000000
1183 1184 441.000000
475 476 438.000000
57 58 431.000000
58 59 431.000000
59 60 431.000000
1157 1179 427.000000
388 389 424.000000
433 455 423.000000
283 305 419.000000
114 115 418.000000
1206 1207 417.000000
1207 1208 417.000000
766 767 416.000000
1120 1121 416.000000
29 51 410.000000
788 789 410.000000
324 346 409.000000
1394 1416 408.000000
1029 10383 406.000000
1029 10871 406.000000
1027 10559 405.000000
1026 10330 402.000000
1047 10816 400.000000
1091 10982 400.000000
162 184 398.000000
77 78 397.000000
1029 10968 394.000000
1047 10777 394.000000
337 359 389.000000
1029 10864 385.000000
1276 1277 382.000000
1276 1297 382.000000
1277 1278 382.000000
1278 1279 382.000000
1279 1280 382.000000
1029 10453 381.000000
1050 10510 380.000000
1050 10837 380.000000
1050 10862 380.000000
1028 10672 379.000000
1003 10883 378.000000
235 236 377.000000
10 10180 376.000000
678 700 372.000000
633 634 369.000000
1415 1416 368.000000
633 655 360.000000
1160 1182 358.000000
350 372 357.000000
669 670 355.000000
670 671 355.000000
715 716 355.000000
723 745 355.000000
850 872 354.000000
1293 1294 350.000000
1294 1295 350.000000
1295 1296 350.000000
281 303 346.000000
1390 1391 343.000000
1391 1392 343.000000
1392 1393 343.000000
1005 10423 342.000000
1027 10421 338.000000
371 393 336.000000
1007 10337 336.000000
479 480 335.000000
984 985 335.000000
1047 10821 335.000000
1077 1099 333.000000
141 163 332.000000
352 353 332.000000
352 373 332.000000
353 354 332.000000
354 355 332.000000
355 356 332.000000
356 357 332.000000
357 358 332.000000
372 373 332.000000
1459 1460 332.000000
432 433 331.000000
219 241 329.000000
976 977 327.000000
1528 1529 325.000000
758 759 324.000000
1004 10174 321.000000
1248 1270 318.000000
1151 1152 317.000000
1076 1077 313.000000
1350 1372 313.000000
10 10143 311.000000
672 673 309.000000
1005 10287 309.000000
273 295 308.000000
699 700 308.000000
477 499 307.000000
1374 1396 307.000000
10 10669 304.000000
780 781 303.000000
1220 1221 303.000000
75 97 302.000000
425 426 300.000000
426 427 300.000000
427 428 300.000000
428 429 300.000000
429 430 300.000000
430 431 300.000000
358 359 299.000000
1184 1185 296.000000
1185 1186 296.000000
1172 1173 293.000000
431 432 291.000000
1140 1141 291.000000
1141 1142 291.000000
1440 1462 290.000000
303 325 289.000000
1086 1108 286.000000
500 501 283.000000
501 502 283.000000
1003 10369 283.000000
1353 1375 283.000000
415 416 281.000000
187 209 280.000000
286 287 280.000000
286 307 280.000000
287 288 280.000000
288 289 280.000000
289 290 280.000000
290 291 280.000000
291 292 280.000000
292 293 280.000000
306 307 280.000000
1000 10089 277.000000
1005 1006 276.000000
396 397 275.000000
396 417 275.000000
397 398 275.000000
398 399 275.000000
399 400 275.000000
416 417 275.000000
634 635 275.000000
1313 1314 274.000000
1004 10201 273.000000
1289 1311 267.000000
209 210 265.000000
210 211 265.000000
211 212 265.000000
212 213 265.000000
213 214 265.000000
282 304 265.000000
400 401 263.000000
401 402 263.000000
910 911 263.000000
214 215 262.000000
215 216 262.000000
216 217 262.000000
217 218 262.000000
1047 10529 261.000000
1093 10977 257.000000
1372 1394 257.000000
1433 1434 257.000000
1434 1435 257.000000
1435 1436 257.000000
1436 1437 257.000000
250 272 256.000000
635 636 256.000000
849 871 255.000000
1163 1164 254.000000
1164 1165 254.000000
349 350 253.000000
1029 10776 252.000000
1025 10811 250.000000
1004 10445 249.000000
1042 10460 249.000000
1049 10938 248.000000
1005 10305 247.000000
1237 1238 247.000000
1529 1530 247.000000
872 894 246.000000
894 916 244.000000
1005 10935 244.000000
1094 10996 242.000000
1162 1163 240.000000
1004 10529 239.000000
1004 10752 239.000000
1027 10469 239.000000
1029 10489 239.000000
1029 10774 238.000000
1029 10865 238.000000
1029 10956 238.000000
1254 1255 238.000000
1254 1275 238.000000
1255 1256 238.000000
1256 1257 238.000000
1257 1258 238.000000
308 309 232.000000
308 329 232.000000
309 310 232.000000
310 311 232.000000
311 312 232.000000
312 313 232.000000
313 314 232.000000
328 329 232.000000
1096 1097 232.000000
1097 1098 232.000000
1004 10384 230.000000
938 960 228.000000
1048 10665 226.000000
71 93 224.000000
240 241 224.000000
751 752 222.000000
1073 10970 222.000000
1070 10796 221.000000
1005 10253 220.000000
1005 10393 220.000000
1273 1274 219.000000
1274 1275 219.000000
1352 1374 219.000000
1368 1369 219.000000
586 587 218.000000
587 588 218.000000
588 589 218.000000
1260 1282 217.000000
1094 10948 216.000000
236 237 215.000000
237 238 215.000000
238 239 215.000000
239 240 215.000000
896 918 215.000000
118 140 214.000000
1073 10782 213.000000
1073 10948 213.000000
206 228 211.000000
389 411 211.000000
1005 10260 209.000000
1314 1315 209.000000
1315 1316 209.000000
1316 1317 209.000000
1004 10665 208.000000
1004 10859 208.000000
1050 10789 208.000000
1004 10290 207.000000
1004 10542 207.000000
1004 10115 206.000000
314 315 205.000000
1085 1107 205.000000
1050 10940 204.000000
766 788 202.000000
1025 10565 202.000000
1072 10894 202.000000
1020 10406 201.000000
412 434 200.000000
374 375 199.000000
374 395 199.000000
375 376 199.000000
376 377 199.000000
377 378 199.000000
378 379 199.000000
379 380 199.000000
394 395 199.000000
719 741 199.000000
1004 10935 199.000000
1050 10638 199.000000
1050 10769 199.000000
1070 10719 199.000000
100 10911 197.000000
143 165 197.000000
424 425 197.000000
665 666 197.000000
666 667 197.000000
667 668 197.000000
668 669 197.000000
1003 10681 197.000000
940 962 196.000000
1004 10627 196.000000
1005 10713 196.000000
1005 10964 196.000000
205 206 195.000000
806 828 195.000000
1027 10419 195.000000
1162 1184 195.000000
347 369 194.000000
1004 10382 194.000000
1004 10680 194.000000
1005 10462 193.000000
1418 1440 193.000000
1004 10646 192.000000
1245 1267 192.000000
175 197 191.000000
1025 10270 191.000000
1051 10715 191.000000
1072 10769 191.000000
1400 1401 191.000000
328 350 190.000000
1004 10941 190.000000
1051 10970 190.000000
1070 10839 190.000000
1004 10315 189.000000
1005 10053 189.000000
1005 10283 189.000000
1094 10976 189.000000
1021 10217 188.000000
1230 1231 187.000000
1072 10940 186.000000
1098 1099 186.000000
1320 1321 186.000000
1320 1341 186.000000
1321 1322 186.000000
1322 1323 186.000000
1323 1324 186.000000
734 735 185.000000
735 736 185.000000
1455 1456 185.000000
1456 1457 185.000000
1457 1458 185.000000
1458 1459 185.000000
344 366 184.000000
476 477 184.000000
1020 10531 184.000000
1072 10789 184.000000
1027 10490 183.000000
1379 1401 183.000000
1048 10781 182.000000
1064 10999 182.000000
1007 1029 180.000000
916 938 179.000000
1004 10544 179.000000
636 658 178.000000
1006 1007 178.000000
393 394 177.000000
1086 10878 176.000000
242 243 175.000000
242 263 175.000000
243 244 175.000000
244 245 175.000000
245 246 175.000000
246 247 175.000000
247 248 175.000000
248 249 175.000000
249 250 175.000000
381 403 175.000000
390 412 175.000000
1005 10698 175.000000
1005 10758 175.000000
1049 10669 175.000000
1085 10944 175.000000
656 657 173.000000
1004 10679 173.000000
655 656 172.000000
1027 10713 172.000000
1027 10964 172.000000
1072 10910 172.000000
163 185 171.000000
1027 10390 171.000000
1085 10852 171.000000
657 658 170.000000
1092 1114 170.000000
682 683 169.000000
683 684 169.000000
684 685 169.000000
402 403 168.000000
1073 10920 168.000000
1201 1223 168.000000
1252 1253 168.000000
56 57 166.000000
315 337 166.000000
869 891 166.000000
1005 10672 166.000000
1050 10776 166.000000
1071 10950 166.000000
119 141 165.000000
236 258 165.000000
700 701 165.000000
1005 10365 165.000000
1025 10386 165.000000
1025 10842 165.000000
1027 10563 165.000000
1003 10104 164.000000
1005 10925 164.000000
1027 10393 164.000000
1069 10725 164.000000
136 137 163.000000
1048 10964 163.000000
651 652 162.000000
652 653 162.000000
653 654 162.000000
1028 10938 162.000000
1048 10713 162.000000
671 672 161.000000
679 701 161.000000
1005 10563 161.000000
1029 1030 161.000000
682 703 160.000000
702 703 160.000000
1050 10824 160.000000
1113 1135 160.000000
1264 1286 159.000000
589 590 158.000000
1004 10254 158.000000
1530 1531 156.000000
1048 10542 155.000000
721 743 154.000000
1303 1325 154.000000
933 955 152.000000
1042 10878 152.000000
10 10347 151.000000
295 317 151.000000
1048 10925 151.000000
1051 1052 151.000000
1052 1053 151.000000
1053 1054 151.000000
846 868 150.000000
1004 10559 150.000000
1027 10925 150.000000
1209 1231 150.000000
140 162 149.000000
1050 10774 149.000000
1069 10883 148.000000
358 380 147.000000
654 655 147.000000
1029 10337 147.000000
1091 1113 147.000000
1524 1525 147.000000
629 630 146.000000
10 10271 145.000000
322 344 145.000000
1022 10706 145.000000
590 591 144.000000
591 592 144.000000
592 593 144.000000
1027 10585 144.000000
1226 1248 144.000000
825 847 142.000000
1048 10922 142.000000
1050 10865 142.000000
1050 10956 142.000000
1027 10646 141.000000
1028 10950 140.000000
1071 10713 140.000000
1071 10964 140.000000
1048 10677 139.000000
271 293 138.000000
1027 10382 138.000000
1027 10680 138.000000
1048 10563 138.000000
1051 10976 138.000000
1487 1488 138.000000
1026 1048 137.000000
1265 1287 137.000000
1317 1318 137.000000
1027 1049 136.000000
359 381 135.000000
918 919 135.000000
1004 10457 135.000000
1027 10859 134.000000
1051 10687 134.000000
1069 1091 134.000000
1004 10933 133.000000
1026 10745 133.000000
741 763 132.000000
1026 10721 132.000000
1027 10290 132.000000
1028 10605 132.000000
1208 1209 132.000000
1270 1292 132.000000
10 10613 131.000000
447 448 131.000000
448 449 131.000000
449 450 131.000000
450 451 131.000000
451 452 131.000000
452 453 131.000000
1069 10775 131.000000
1026 10277 130.000000
13 14 129.000000
14 15 129.000000
15 16 129.000000
16 38 129.000000
829 851 129.000000
1030 1031 129.000000
1031 1032 129.000000
1032 1033 129.000000
1072 10857 129.000000
1048 10859 128.000000
1004 10922 127.000000
1049 10605 127.000000
1071 10900 127.000000
1241 1263 127.000000
1003 10903 126.000000
1047 1069 125.000000
1073 10976 125.000000
1048 10499 124.000000
1117 1139 124.000000
187 188 123.000000
188 189 123.000000
189 190 123.000000
190 191 123.000000
191 192 123.000000
192 193 123.000000
193 194 123.000000
194 195 123.000000
195 196 123.000000
196 197 123.000000
701 702 123.000000
1155 1177 123.000000
1004 10141 122.000000
854 855 121.000000
1042 1064 121.000000
1072 10938 121.000000
1484 1506 121.000000
1028 10423 119.000000
1005 10490 118.000000
1048 10585 117.000000
1069 10848 117.000000
1069 10921 117.000000
1422 1444 117.000000
686 687 116.000000
687 688 116.000000
688 689 116.000000
689 690 116.000000
1048 10559 116.000000
785 807 115.000000
807 829 115.000000
955 977 115.000000
1000 10628 115.000000
1005 10390 115.000000
1025 1047 115.000000
780 802 114.000000
1005 10157 114.000000
1027 10305 114.000000
1327 1349 114.000000
454 476 113.000000
1172 1194 113.000000
1025 10640 112.000000
1025 10664 112.000000
1025 10965 112.000000
1027 10315 112.000000
1027 10544 112.000000
1027 10941 112.000000
1069 10783 112.000000
1069 10902 112.000000
840 841 111.000000
841 842 111.000000
842 843 111.000000
843 844 111.000000
1025 10250 111.000000
1025 10575 111.000000
1025 10718 111.000000
1025 10788 111.000000
1069 10951 111.000000
844 845 110.000000
1198 1220 110.000000
767 789 109.000000
845 846 109.000000
1004 10395 109.000000
1025 10883 109.000000
1100 1101 109.000000
1100 1121 109.000000
1101 1102 109.000000
1102 1103 109.000000
1103 1104 109.000000
1104 1105 109.000000
1105 1106 109.000000
370 392 108.000000
912 934 108.000000
1026 10922 108.000000
599 600 107.000000
600 601 107.000000
601 602 107.000000
602 603 107.000000
603 604 107.000000
604 605 107.000000
1004 10585 107.000000
1004 10257 106.000000
284 285 105.000000
810 811 105.000000
1069 10738 105.000000
1217 1218 105.000000
1218 1219 105.000000
1219 1220 105.000000
139 161 104.000000
690 691 104.000000
691 692 104.000000
698 699 104.000000
917 939 104.000000
1028 10462 104.000000
1069 10808 104.000000
1069 10877 104.000000
1072 10824 104.000000
1509 1510 104.000000
346 368 103.000000
628 629 103.000000
748 769 103.000000
768 769 103.000000
1177 1199 102.000000
1026 10659 101.000000
1069 10934 101.000000
414 436 100.000000
647 648 100.000000
648 649 100.000000
748 749 100.000000
749 750 100.000000
750 751 100.000000
1026 10681 100.000000
1106 1107 100.000000
1282 1304 100.000000
1417 1439 100.000000
32 54 99.000000
391 413 99.000000
650 651 98.000000
655 677 98.000000
1003 10299 98.000000
1026 10399 98.000000
302 324 97.000000
1261 1283 96.000000
520 521 95.000000
521 522 95.000000
522 523 95.000000
1134 1156 95.000000
642 643 94.000000
643 644 94.000000
644 645 94.000000
645 646 94.000000
646 647 94.000000
272 294 93.000000
1022 10538 93.000000
284 306 91.000000
1208 1230 91.000000
120 142 90.000000
327 349 90.000000
1022 10833 90.000000
1026 10529 90.000000
1026 10752 90.000000
440 441 89.000000
440 461 89.000000
441 442 89.000000
442 443 89.000000
443 444 89.000000
459 460 89.000000
460 461 89.000000
1026 10665 88.000000
1069 10821 88.000000
1096 1118 88.000000
606 607 87.000000
1026 10542 87.000000
767 768 86.000000
1026 10627 86.000000
1280 1281 86.000000
704 725 84.000000
724 725 84.000000
890 912 84.000000
893 915 84.000000
1070 10752 84.000000
388 410 83.000000
345 367 82.000000
1026 10280 82.000000
1048 10680 82.000000
1048 10935 82.000000
1070 10979 82.000000
197 219 81.000000
415 437 81.000000
598 599 81.000000
1027 10935 81.000000
121 143 80.000000
1048 10941 80.000000
1070 10941 80.000000
100 10069 79.000000
1216 1217 79.000000
1333 1355 79.000000
1462 1484 79.000000
446 447 78.000000
636 637 78.000000
726 727 78.000000
727 728 78.000000
728 729 78.000000
1048 10646 78.000000
1215 1216 78.000000
301 323 77.000000
708 709 77.000000
709 710 77.000000
710 711 77.000000
711 712 77.000000
1003 10659 77.000000
1003 10721 77.000000
1025 10831 77.000000
259 281 76.000000
413 435 76.000000
1000 10394 76.000000
1006 10605 76.000000
1043 1065 76.000000
704 705 75.000000
705 706 75.000000
706 707 75.000000
707 708 75.000000
726 747 75.000000
745 746 75.000000
746 747 75.000000
1000 10525 75.000000
1000 10792 75.000000
1000 10897 75.000000
1000 11000 75.000000
1004 10493 75.000000
1025 10299 75.000000
1048 10627 75.000000
1459 1481 75.000000
1481 1503 75.000000
31 53 74.000000
1505 1527 74.000000
1027 10744 73.000000
1047 10703 73.000000
1047 10969 73.000000
1090 10965 73.000000
1334 1356 73.000000
316 338 72.000000
685 686 72.000000
1004 10694 72.000000
1027 10567 72.000000
1048 10796 72.000000
576 598 71.000000
712 713 71.000000
713 714 71.000000
1004 10080 71.000000
1004 10245 71.000000
1004 10719 71.000000
1025 10568 71.000000
1027 10412 71.000000
1027 10499 71.000000
1181 1203 71.000000
10 10668 70.000000
100 10591 70.000000
638 639 70.000000
639 640 70.000000
640 641 70.000000
810 832 70.000000
1003 10955 70.000000
1093 1115 70.000000
117 139 69.000000
314 336 69.000000
1026 10395 69.000000
1047 10841 69.000000
1071 10925 69.000000
1150 1151 69.000000
1290 1312 69.000000
1025 10369 68.000000
1049 10490 68.000000
1173 1195 68.000000
873 895 67.000000
1026 10384 67.000000
1026 10679 67.000000
1144 1145 67.000000
1144 1165 67.000000
1145 1146 67.000000
1146 1147 67.000000
1147 1148 67.000000
1148 1149 67.000000
1149 1150 67.000000
1281 1303 67.000000
258 280 66.000000
874 896 66.000000
1004 1026 66.000000
1025 10955 66.000000
304 326 65.000000
736 758 65.000000
960 982 65.000000
1047 10949 65.000000
1525 1547 65.000000
72 94 64.000000
1047 10810 64.000000
1047 10946 64.000000
1336 1337 64.000000
1337 1338 64.000000
1338 1339 64.000000
1339 1340 64.000000
1340 1341 64.000000
824 846 63.000000
853 875 63.000000
1005 1027 63.000000
1027 10900 63.000000
1070 10922 63.000000
589 611 62.000000
1047 10955 62.000000
1049 10925 62.000000
1005 10499 61.000000
1047 10811 61.000000
1048 10744 61.000000
1210 1211 61.000000
1210 1231 61.000000
1211 1212 61.000000
1212 1213 61.000000
1213 1214 61.000000
1214 1215 61.000000
52 74 60.000000
74 96 60.000000
571 593 60.000000
638 659 60.000000
658 659 60.000000
694 695 60.000000
695 696 60.000000
696 697 60.000000
697 698 60.000000
1003 10951 60.000000
1022 10394 60.000000
1022 10897 60.000000
1027 10283 60.000000
698 720 59.000000
1020 10570 59.000000
1020 10945 59.000000
1022 10525 59.000000
1022 10792 59.000000
1022 11000 59.000000
1028 10971 59.000000
1042 10598 59.000000
1069 10777 59.000000
1069 10810 59.000000
1069 10841 59.000000
1309 1331 59.000000
444 466 58.000000
489 490 58.000000
490 491 58.000000
491 492 58.000000
492 493 58.000000
493 494 58.000000
494 495 58.000000
495 496 58.000000
496 497 58.000000
549 571 58.000000
1003 10298 58.000000
1020 10688 58.000000
1020 10768 58.000000
1020 10962 58.000000
1005 10677 57.000000
1027 10781 57.000000
1028 10366 57.000000
1048 10544 57.000000
1268 1290 57.000000
1527 1549 57.000000
444 445 56.000000
445 446 56.000000
1020 10599 56.000000
1020 10648 56.000000
1069 10816 56.000000
1504 1526 56.000000
546 547 55.000000
547 548 55.000000
548 549 55.000000
1003 10225 55.000000
1003 10450 55.000000
1003 10476 55.000000
1003 10484 55.000000
1003 10505 55.000000
1003 10506 55.000000
1003 10775 55.000000
1003 10783 55.000000
1003 10902 55.000000
1003 10848 54.000000
1003 10921 54.000000
1004 10839 54.000000
1069 10703 54.000000
1069 10969 54.000000
1122 1123 54.000000
1122 1143 54.000000
1123 1124 54.000000
1124 1125 54.000000
1125 1126 54.000000
1126 1127 54.000000
1127 1128 54.000000
165 187 53.000000
1397 1419 53.000000
803 825 52.000000
823 824 52.000000
1021 10274 52.000000
1021 10741 52.000000
1021 10757 52.000000
1078 1079 52.000000
1078 1099 52.000000
1079 1080 52.000000
1080 1081 52.000000
1081 1082 52.000000
1082 1083 52.000000
1083 1084 52.000000
1084 1085 52.000000
1259 1281 52.000000
418 419 51.000000
418 439 51.000000
419 420 51.000000
420 421 51.000000
421 422 51.000000
437 438 51.000000
438 439 51.000000
523 524 51.000000
1003 10399 51.000000
1021 10405 51.000000
1025 10522 51.000000
422 423 50.000000
423 424 50.000000
1025 10298 50.000000
1049 10950 50.000000
1313 1335 50.000000
227 249 49.000000
249 271 49.000000
763 785 48.000000
1003 10256 48.000000
1006 1028 48.000000
1028 10698 48.000000
1028 10758 48.000000
1021 10297 47.000000
1238 1260 47.000000
394 416 46.000000
572 573 46.000000
572 593 46.000000
573 574 46.000000
574 575 46.000000
575 576 46.000000
1094 1116 46.000000
605 606 45.000000
830 852 45.000000
1028 10287 45.000000
1188 1189 45.000000
1188 1209 45.000000
1189 1190 45.000000
1190 1191 45.000000
1191 1192 45.000000
1021 10425 44.000000
1021 10807 44.000000
1021 10814 44.000000
1192 1193 44.000000
1232 1233 44.000000
1232 1253 44.000000
1233 1234 44.000000
1234 1235 44.000000
1235 1236 44.000000
656 678 43.000000
1330 1352 43.000000
261 283 42.000000
649 650 42.000000
714 736 42.000000
774 775 42.000000
775 776 42.000000
776 777 42.000000
777 778 42.000000
778 779 42.000000
940 941 42.000000
1026 10933 42.000000
1357 1358 42.000000
1358 1359 42.000000
1359 1360 42.000000
1360 1361 42.000000
1361 1362 42.000000
1012 1013 41.000000
1012 1033 41.000000
1013 1014 41.000000
1014 1015 41.000000
1015 1016 41.000000
1016 1017 41.000000
1017 1018 41.000000
1018 1019 41.000000
1019 1020 41.000000
306 328 40.000000
641 642 40.000000
693 694 40.000000
1003 10270 40.000000
1047 10752 40.000000
1482 1504 40.000000
832 833 39.000000
1048 1070 39.000000
1182 1204 39.000000
154 176 38.000000
1280 1302 38.000000
1286 1308 38.000000
1298 1299 38.000000
1298 1319 38.000000
1299 1300 38.000000
1300 1301 38.000000
1318 1319 38.000000
143 144 37.000000
262 263 37.000000
1071 10971 37.000000
1242 1264 37.000000
432 454 36.000000
680 702 36.000000
961 983 36.000000
1137 1159 36.000000
1180 1202 36.000000
1221 1243 36.000000
1506 1528 36.000000
100 10566 35.000000
1005 10781 35.000000
1027 10677 35.000000
34 35 34.000000
35 36 34.000000
36 37 34.000000
37 38 34.000000
1005 10412 34.000000
1269 1291 34.000000
1461 1483 34.000000
611 633 33.000000
1002 10568 33.000000
1002 10664 33.000000
1002 10965 33.000000
1026 10493 33.000000
1026 10719 33.000000
1026 10839 33.000000
1193 1194 33.000000
1236 1237 33.000000
1507 1529 33.000000
1546 1547 33.000000
296 318 32.000000
366 388 32.000000
1020 10430 32.000000
1020 10444 32.000000
1020 10589 32.000000
1030 1052 32.000000
1052 1074 32.000000
1073 10864 32.000000
1073 10871 32.000000
1073 10968 32.000000
1266 1288 32.000000
744 766 31.000000
1002 10640 31.000000
55 77 30.000000
77 99 30.000000
634 656 30.000000
700 722 30.000000
1107 1129 30.000000
1142 1143 30.000000
660 681 29.000000
680 681 29.000000
714 715 29.000000
868 890 29.000000
1069 10745 29.000000
1094 10940 29.000000
1312 1334 29.000000
1574 1575 29.000000
599 621 28.000000
621 622 28.000000
622 623 28.000000
623 624 28.000000
624 625 28.000000
625 626 28.000000
626 627 28.000000
627 628 28.000000
1005 10928 28.000000
1025 10268 28.000000
1025 10738 28.000000
1025 10808 28.000000
1025 10877 28.000000
1025 10934 28.000000
1026 10694 28.000000
1441 1463 28.000000
462 463 27.000000
462 483 27.000000
463 464 27.000000
464 465 27.000000
465 466 27.000000
480 481 27.000000
481 482 27.000000
482 483 27.000000
616 617 27.000000
616 637 27.000000
617 618 27.000000
618 619 27.000000
619 620 27.000000
1025 10380 27.000000
1025 10484 27.000000
1025 10603 27.000000
1025 10951 27.000000
1046 10703 27.000000
1069 10946 27.000000
1217 1239 27.000000
100 10963 26.000000
240 262 26.000000
257 279 26.000000
466 467 26.000000
467 468 26.000000
468 469 26.000000
469 470 26.000000
470 471 26.000000
471 472 26.000000
472 473 26.000000
473 474 26.000000
607 608 26.000000
608 609 26.000000
609 610 26.000000
610 611 26.000000
752 753 26.000000
753 754 26.000000
754 755 26.000000
755 756 26.000000
756 757 26.000000
757 758 26.000000
1025 10450 26.000000
1025 10476 26.000000
1025 10505 26.000000
1025 10506 26.000000
1025 10775 26.000000
1025 10783 26.000000
1025 10848 26.000000
1025 10902 26.000000
1025 10921 26.000000
1073 10774 26.000000
436 458 25.000000
437 459 25.000000
49 50 24.000000
100 10767 24.000000
100 10826 24.000000
336 358 24.000000
372 394 24.000000
851 873 24.000000
1006 10189 24.000000
1069 10811 24.000000
1069 10949 24.000000
1069 10955 24.000000
393 415 23.000000
1047 10493 23.000000
1073 10776 23.000000
262 284 22.000000
300 322 22.000000
455 477 22.000000
657 679 22.000000
658 680 22.000000
1223 1245 22.000000
1550 1572 22.000000
104 10594 21.000000
699 721 21.000000
781 803 21.000000
1091 10922 21.000000
1302 1324 21.000000
100 10794 20.000000
349 371 20.000000
694 716 20.000000
1548 1570 20.000000
153 175 19.000000
474 475 19.000000
635 657 19.000000
660 661 19.000000
661 662 19.000000
662 663 19.000000
663 664 19.000000
1005 10900 19.000000
1055 1077 19.000000
611 612 18.000000
612 613 18.000000
612 634 18.000000
613 614 18.000000
814 815 18.000000
815 816 18.000000
816 817 18.000000
1025 10645 18.000000
100 101 17.000000
101 102 17.000000
102 103 17.000000
103 104 17.000000
814 835 17.000000
833 834 17.000000
834 835 17.000000
1025 10256 17.000000
1025 10331 17.000000
1025 10703 17.000000
1025 10777 17.000000
1025 10810 17.000000
1025 10816 17.000000
1025 10841 17.000000
1025 10969 17.000000
1033 1055 17.000000
1199 1221 17.000000
1408 1409 17.000000
1408 1429 17.000000
1409 1410 17.000000
1410 1411 17.000000
1423 1424 17.000000
1424 1425 17.000000
1425 1426 17.000000
1426 1427 17.000000
1427 1428 17.000000
1428 1429 17.000000
590 612 16.000000
779 780 16.000000
858 859 16.000000
859 860 16.000000
860 861 16.000000
1003 10206 16.000000
1003 10280 16.000000
1003 10745 16.000000
1003 10811 16.000000
1020 10460 16.000000
1025 10357 16.000000
1025 10946 16.000000
1025 10949 16.000000
1073 10837 16.000000
1073 10862 16.000000
1073 10865 16.000000
1073 10956 16.000000
1090 10949 16.000000
1090 10955 16.000000
1092 10925 16.000000
1166 1167 16.000000
1166 1187 16.000000
1167 1168 16.000000
1168 1169 16.000000
1169 1170 16.000000
1170 1171 16.000000
1186 1187 16.000000
1197 1219 16.000000
1219 1241 16.000000
1222 1244 16.000000
1357 1379 16.000000
11 33 15.000000
100 10295 15.000000
100 10328 15.000000
132 133 15.000000
132 153 15.000000
133 134 15.000000
134 135 15.000000
135 136 15.000000
218 219 15.000000
1005 10567 15.000000
1006 10366 15.000000
1020 10598 15.000000
1049 10672 15.000000
1090 1112 15.000000
1090 10946 15.000000
1225 1247 15.000000
737 759 14.000000
802 824 14.000000
1002 10167 14.000000
1002 10179 14.000000
1002 10250 14.000000
1002 10386 14.000000
1002 10407 14.000000
1002 10575 14.000000
1002 10718 14.000000
1002 10788 14.000000
1002 10842 14.000000
1050 1072 14.000000
13 1575 13.000000
252 274 13.000000
422 444 13.000000
889 911 13.000000
1049 10698 13.000000
1049 10758 13.000000
1375 1397 13.000000
48 49 12.000000
48 70 12.000000
49 71 12.000000
400 422 12.000000
620 621 12.000000
858 879 12.000000
875 876 12.000000
876 877 12.000000
877 878 12.000000
878 879 12.000000
1064 1086 12.000000
1069 10721 12.000000
1094 10956 12.000000
1138 1160 12.000000
1236 1258 12.000000
1005 10050 11.000000
1005 10744 11.000000
1051 10968 11.000000
1193 1215 11.000000
1325 1347 11.000000
1553 1554 11.000000
638 660 10.000000
1003 10114 10.000000
1011 1033 10.000000
1068 10718 10.000000
1068 10788 10.000000
1068 10842 10.000000
1068 10965 10.000000
1090 10934 10.000000
1092 10964 10.000000
1143 1165 10.000000
1220 1242 10.000000
1551 1573 10.000000
682 704 9.000000
759 781 9.000000
1106 1128 9.000000
1176 1198 9.000000
1547 1569 9.000000
165 166 8.000000
166 167 8.000000
167 168 8.000000
168 169 8.000000
169 170 8.000000
170 171 8.000000
171 172 8.000000
172 173 8.000000
173 174 8.000000
174 175 8.000000
743 765 8.000000
990 991 8.000000
991 992 8.000000
992 993 8.000000
993 994 8.000000
994 995 8.000000
995 996 8.000000
996 997 8.000000
1003 1025 8.000000
1047 10694 8.000000
1051 10864 8.000000
1051 10871 8.000000
1064 10878 8.000000
1090 10902 8.000000
1090 10921 8.000000
1090 10951 8.000000
1090 10969 8.000000
1183 1205 8.000000
1215 1237 8.000000
10 1572 7.000000
692 693 7.000000
997 998 7.000000
1003 10136 7.000000
1003 10268 7.000000
1003 10331 7.000000
1003 10357 7.000000
1003 10380 7.000000
1003 10522 7.000000
1003 10603 7.000000
1003 10645 7.000000
1003 10703 7.000000
1003 10725 7.000000
1003 10738 7.000000
1003 10777 7.000000
1003 10808 7.000000
1003 10810 7.000000
1003 10816 7.000000
1003 10841 7.000000
1003 10877 7.000000
1003 10934 7.000000
1003 10946 7.000000
1003 10949 7.000000
1003 10969 7.000000
1099 1121 7.000000
1175 1197 7.000000
1179 1201 7.000000
1386 1387 7.000000
1386 1407 7.000000
1387 1388 7.000000
1388 1389 7.000000
1401 1402 7.000000
1402 1403 7.000000
1403 1404 7.000000
1404 1405 7.000000
1405 1406 7.000000
1406 1407 7.000000
392 414 6.000000
503 504 6.000000
504 505 6.000000
505 527 6.000000
527 549 6.000000
585 586 6.000000
647 669 6.000000
693 715 6.000000
1046 10565 6.000000
1046 10951 6.000000
1046 10969 6.000000
1085 10999 6.000000
1153 1175 6.000000
1216 1238 6.000000
12 1574 5.000000
92 93 5.000000
218 240 5.000000
782 804 5.000000
831 853 5.000000
941 963 5.000000
963 985 5.000000
1049 10971 5.000000
1139 1161 5.000000
11 1573 4.000000
73 95 4.000000
78 79 4.000000
79 80 4.000000
80 81 4.000000
81 82 4.000000
104 105 4.000000
105 106 4.000000
106 107 4.000000
107 108 4.000000
108 109 4.000000
109 131 4.000000
131 153 4.000000
256 278 4.000000
294 316 4.000000
348 370 4.000000
584 585 4.000000
620 642 4.000000
770 771 4.000000
770 791 4.000000
771 772 4.000000
772 773 4.000000
773 774 4.000000
787 809 4.000000
789 790 4.000000
790 791 4.000000
796 797 4.000000
797 798 4.000000
798 799 4.000000
799 800 4.000000
800 801 4.000000
801 802 4.000000
847 869 4.000000
858 880 4.000000
867 889 4.000000
880 901 4.000000
897 898 4.000000
898 899 4.000000
899 900 4.000000
900 901 4.000000
1020 1042 4.000000
1046 10476 4.000000
1046 10505 4.000000
1046 10506 4.000000
1046 10775 4.000000
1046 10783 4.000000
1046 10848 4.000000
1046 10902 4.000000
1046 10921 4.000000
1070 1092 4.000000
1093 10938 4.000000
1243 1265 4.000000
1528 1550 4.000000
214 236 3.000000
326 348 3.000000
528 529 3.000000
528 549 3.000000
529 530 3.000000
530 531 3.000000
531 532 3.000000
532 554 3.000000
542 543 3.000000
543 544 3.000000
544 545 3.000000
545 546 3.000000
554 576 3.000000
598 620 3.000000
726 748 3.000000
730 752 3.000000
1046 10484 3.000000
1046 10831 3.000000
1047 10659 3.000000
1047 10681 3.000000
1047 10745 3.000000
1342 1343 3.000000
1342 1363 3.000000
1343 1344 3.000000
1344 1345 3.000000
1362 1363 3.000000
1529 1551 3.000000
66 67 2.000000
66 87 2.000000
67 68 2.000000
68 69 2.000000
69 70 2.000000
82 83 2.000000
83 84 2.000000
84 85 2.000000
85 86 2.000000
86 87 2.000000
305 327 2.000000
502 503 2.000000
564 565 2.000000
565 566 2.000000
566 567 2.000000
567 568 2.000000
568 569 2.000000
569 570 2.000000
570 571 2.000000
576 577 2.000000
577 599 2.000000
628 650 2.000000
765 787 2.000000
792 793 2.000000
792 813 2.000000
793 794 2.000000
794 795 2.000000
795 796 2.000000
811 812 2.000000
812 813 2.000000
845 867 2.000000
918 940 2.000000
985 986 2.000000
986 987 2.000000
987 988 2.000000
988 989 2.000000
1034 1035 2.000000
1034 1055 2.000000
1035 1036 2.000000
1036 1037 2.000000
1037 1038 2.000000
1038 1039 2.000000
1039 1040 2.000000
1040 1041 2.000000
1042 10741 2.000000
1042 10757 2.000000
1046 10568 2.000000
1046 10575 2.000000
1046 10640 2.000000
1046 10664 2.000000
1046 10718 2.000000
1046 10788 2.000000
1046 10842 2.000000
1046 10965 2.000000
1068 1090 2.000000
1086 10898 2.000000
1135 1157 2.000000
1237 1259 2.000000
1240 1262 2.000000
1262 1284 2.000000
1460 1482 2.000000
1524 1546 2.000000
121 122 1.000000
664 665 1.000000
708 730 1.000000
729 730 1.000000
730 731 1.000000
731 732 1.000000
732 733 1.000000
733 734 1.000000
758 780 1.000000
789 811 1.000000
808 830 1.000000
814 836 1.000000
836 857 1.000000
844 866 1.000000
855 856 1.000000
856 857 1.000000
866 888 1.000000
871 893 1.000000
875 897 1.000000
888 910 1.000000
1006 10423 1.000000
1041 10444 1.000000
1041 10589 1.000000
1047 10721 1.000000
1056 1057 1.000000
1056 1077 1.000000
1057 1058 1.000000
1058 1059 1.000000
1059 1060 1.000000
1060 1061 1.000000
1061 1062 1.000000
1062 1063 1.000000
1063 1064 1.000000
1140 1162 1.000000
1171 1172 1.000000
1192 1214 1.000000
1194 1216 1.000000
1195 1217 1.000000
1214 1236 1.000000
1227 1249 1.000000
1437 1459 1.000000
1503 1525 1.000000
1531 1532 1.000000
