185 186 19972.000000
186 187 19972.000000
187 188 19972.000000
184 185 16437.000000
981 982 15328.000000
1200 1201 13855.000000
188 189 13403.000000
1244 1245 13027.000000
229 230 11525.000000
230 231 11525.000000
231 232 11525.000000
1157 1158 11253.000000
189 190 10729.000000
206 207 10233.000000
207 208 10233.000000
208 209 10233.000000
209 210 10233.000000
1156 1157 10127.000000
980 981 9880.000000
1199 1200 9633.000000
51 52 9317.000000
1221 1222 9299.000000
1243 1244 9149.000000
1242 1243 9105.000000
1370 1371 9074.000000
1198 1199 8707.000000
1371 1372 8573.000000
845 846 8505.000000
846 847 8505.000000
1155 1156 8483.000000
1220 1221 8478.000000
95 96 8399.000000
1222 1223 8399.000000
232 233 8311.000000
228 229 8089.000000
937 938 8007.000000
1178 1179 8000.000000
29 30 7978.000000
320 321 7967.000000
1177 1178 7871.000000
1002 1003 7858.000000
1176 1177 7756.000000
205 206 7725.000000
1024 1025 7679.000000
1046 1047 7507.000000
1201 1202 7435.000000
233 234 7408.000000
1241 1242 7334.000000
1197 1198 7274.000000
979 980 7207.000000
1113 1114 7052.000000
1216 1217 7024.000000
190 191 6961.000000
1134 1135 6906.000000
1025 1026 6798.000000
1214 1215 6625.000000
1215 1216 6625.000000
188 210 6569.000000
1219 1220 6561.000000
1001 1002 6546.000000
847 848 6516.000000
1217 1218 6337.000000
1372 1373 6244.000000
801 802 6111.000000
802 803 6111.000000
936 937 6066.000000
803 804 6065.000000
938 939 5976.000000
1154 1155 5902.000000
5 6 5866.000000
7 8 5818.000000
982 983 5818.000000
1237 1238 5805.000000
1045 1046 5710.000000
1326 1327 5706.000000
4 5 5684.000000
1175 1176 5668.000000
227 228 5652.000000
1068 1069 5609.000000
1238 1239 5601.000000
844 845 5587.000000
1218 1219 5577.000000
1047 1048 5564.000000
1133 1134 5564.000000
8 9 5529.000000
6 7 5512.000000
1240 1241 5464.000000
1239 1240 5449.000000
94 95 5404.000000
234 235 5374.000000
1112 1113 5355.000000
163 164 5291.000000
164 165 5291.000000
165 166 5291.000000
166 167 5291.000000
1069 1070 5256.000000
1023 1024 5225.000000
959 960 5221.000000
1196 1197 5182.000000
1327 1328 5170.000000
73 74 5135.000000
892 893 5130.000000
889 890 5108.000000
890 891 5108.000000
1193 1194 5102.000000
1195 1196 5100.000000
1003 1004 5085.000000
210 211 5075.000000
1373 1374 5057.000000
183 184 4983.000000
1111 1112 4926.000000
1213 1214 4907.000000
1481 1482 4906.000000
843 844 4881.000000
910 911 4799.000000
911 912 4799.000000
1194 1195 4720.000000
1260 1261 4651.000000
321 322 4615.000000
823 824 4610.000000
824 825 4610.000000
1044 1045 4590.000000
1328 1329 4513.000000
162 163 4509.000000
958 959 4492.000000
935 936 4479.000000
1525 1526 4469.000000
1000 1001 4459.000000
211 212 4430.000000
848 849 4360.000000
161 162 4345.000000
1110 1111 4344.000000
1258 1259 4321.000000
822 823 4226.000000
1265 1266 4214.000000
888 889 4192.000000
1261 1262 4158.000000
1019 1020 4124.000000
1020 1021 4124.000000
1021 1022 4124.000000
1309 1310 4109.000000
139 140 4066.000000
1048 1049 4044.000000
1287 1288 4024.000000
893 894 4010.000000
385 386 3959.000000
1264 1265 3938.000000
1286 1287 3935.000000
912 913 3931.000000
1330 1331 3930.000000
1135 1136 3927.000000
909 910 3907.000000
72 73 3879.000000
1331 1332 3866.000000
913 914 3861.000000
1329 1330 3851.000000
1026 1027 3842.000000
1018 1019 3807.000000
272 273 3788.000000
273 274 3788.000000
274 275 3788.000000
275 276 3788.000000
1259 1260 3751.000000
957 958 3722.000000
1480 1481 3716.000000
1524 1525 3705.000000
1263 1264 3667.000000
821 822 3662.000000
1132 1133 3632.000000
1236 1237 3629.000000
1348 1349 3608.000000
891 892 3589.000000
1307 1308 3585.000000
1257 1258 3579.000000
30 31 3537.000000
932 933 3509.000000
933 934 3509.000000
934 935 3509.000000
1067 1068 3497.000000
1308 1309 3491.000000
1066 1067 3467.000000
1285 1286 3466.000000
235 236 3465.000000
804 805 3449.000000
1282 1283 3436.000000
1283 1284 3436.000000
914 915 3435.000000
140 141 3429.000000
322 323 3414.000000
1070 1071 3393.000000
800 801 3376.000000
1288 1289 3360.000000
866 867 3357.000000
867 868 3357.000000
868 869 3357.000000
627 628 3284.000000
628 629 3284.000000
1416 1417 3226.000000
1304 1305 3212.000000
141 142 3205.000000
142 143 3205.000000
143 144 3205.000000
144 145 3205.000000
826 827 3198.000000
1027 1028 3188.000000
204 205 3168.000000
1349 1350 3140.000000
277 278 3129.000000
630 631 3128.000000
1153 1154 3104.000000
1192 1193 3094.000000
1280 1281 3089.000000
52 53 3087.000000
50 51 3079.000000
1284 1285 3075.000000
629 630 3069.000000
1262 1263 3067.000000
3 4 3056.000000
983 984 3052.000000
1523 1524 3013.000000
996 997 3011.000000
997 998 3011.000000
998 999 3011.000000
247 248 2918.000000
1374 1375 2901.000000
1114 1115 2884.000000
1022 1023 2879.000000
1114 1136 2877.000000
758 759 2862.000000
759 760 2861.000000
1174 1175 2843.000000
191 192 2841.000000
1131 1132 2820.000000
674 675 2778.000000
975 976 2753.000000
976 977 2753.000000
977 978 2753.000000
1305 1306 2736.000000
1460 1461 2663.000000
203 204 2628.000000
276 277 2622.000000
805 806 2617.000000
1281 1282 2611.000000
1071 1072 2558.000000
1479 1480 2529.000000
96 97 2512.000000
757 758 2495.000000
1502 1503 2461.000000
1394 1395 2417.000000
182 183 2399.000000
192 193 2393.000000
825 826 2382.000000
1350 1351 2379.000000
887 888 2357.000000
908 909 2325.000000
1306 1307 2292.000000
849 850 2269.000000
1089 1090 2265.000000
978 979 2256.000000
1503 1504 2252.000000
779 780 2248.000000
780 781 2248.000000
781 782 2248.000000
278 279 2233.000000
1090 1091 2210.000000
1279 1280 2205.000000
1395 1396 2199.000000
271 272 2171.000000
269 270 2169.000000
139 161 2150.000000
1392 1393 2150.000000
1152 1153 2148.000000
48 49 2136.000000
607 608 2131.000000
605 606 2129.000000
606 607 2129.000000
270 271 2128.000000
756 757 2127.000000
1351 1352 2117.000000
49 50 2103.000000
52 74 2097.000000
870 871 2092.000000
1062 1063 2089.000000
1063 1064 2089.000000
1522 1523 2079.000000
631 632 2077.000000
1064 1065 2065.000000
608 609 2056.000000
212 213 2054.000000
407 408 2045.000000
1352 1353 2023.000000
895 917 2022.000000
160 161 2005.000000
1157 1179 1992.000000
1546 1547 1958.000000
408 409 1954.000000
865 866 1940.000000
762 763 1935.000000
145 146 1927.000000
894 895 1916.000000
1149 1150 1899.000000
1150 1151 1898.000000
1151 1152 1897.000000
1396 1397 1897.000000
1091 1092 1889.000000
213 214 1880.000000
1414 1415 1868.000000
695 696 1851.000000
1065 1066 1848.000000
1438 1439 1818.000000
675 676 1812.000000
1501 1502 1812.000000
248 249 1804.000000
849 871 1802.000000
761 762 1800.000000
915 916 1789.000000
1375 1376 1781.000000
1353 1354 1771.000000
916 917 1763.000000
1179 1180 1756.000000
1459 1460 1754.000000
1049 1050 1753.000000
1136 1137 1747.000000
364 365 1726.000000
250 251 1699.000000
251 252 1699.000000
252 253 1699.000000
253 254 1699.000000
632 633 1687.000000
827 828 1662.000000
1457 1458 1659.000000
995 996 1648.000000
226 227 1646.000000
214 215 1616.000000
1415 1416 1616.000000
938 960 1607.000000
118 119 1606.000000
1547 1548 1602.000000
321 343 1593.000000
1148 1149 1563.000000
193 194 1555.000000
1458 1459 1555.000000
931 932 1554.000000
763 764 1548.000000
236 237 1547.000000
74 75 1535.000000
28 29 1517.000000
869 870 1500.000000
760 761 1497.000000
249 250 1487.000000
1482 1483 1482.000000
673 674 1477.000000
806 807 1472.000000
254 255 1465.000000
651 652 1456.000000
1158 1159 1446.000000
47 48 1442.000000
138 139 1437.000000
1545 1546 1411.000000
1000 10407 1402.000000
718 719 1400.000000
1171 1172 1400.000000
1172 1173 1400.000000
235 257 1398.000000
1088 1089 1398.000000
1173 1174 1398.000000
108 109 1395.000000
1028 1029 1393.000000
1109 1110 1369.000000
1201 1223 1366.000000
974 975 1354.000000
1115 1116 1351.000000
1391 1392 1346.000000
1393 1394 1346.000000
960 961 1343.000000
821 843 1341.000000
1170 1171 1332.000000
652 653 1331.000000
540 541 1328.000000
541 542 1328.000000
542 543 1328.000000
88 89 1322.000000
89 90 1322.000000
300 301 1321.000000
1437 1438 1317.000000
1026 1048 1311.000000
1436 1437 1311.000000
653 654 1307.000000
1266 1267 1305.000000
280 281 1299.000000
255 256 1291.000000
696 697 1281.000000
145 167 1278.000000
717 718 1277.000000
1504 1505 1271.000000
714 715 1268.000000
715 716 1268.000000
215 216 1263.000000
1105 1106 1254.000000
1106 1107 1254.000000
1107 1108 1254.000000
692 693 1252.000000
693 694 1252.000000
293 294 1239.000000
294 295 1239.000000
295 296 1239.000000
296 297 1239.000000
777 778 1235.000000
1108 1109 1225.000000
719 720 1223.000000
778 779 1223.000000
1169 1170 1209.000000
190 212 1206.000000
302 303 1200.000000
1202 1203 1197.000000
871 872 1194.000000
805 827 1193.000000
247 269 1191.000000
256 257 1191.000000
713 714 1181.000000
716 717 1179.000000
670 671 1177.000000
671 672 1177.000000
672 673 1177.000000
237 238 1165.000000
301 302 1158.000000
735 736 1154.000000
736 737 1154.000000
737 738 1154.000000
297 298 1148.000000
225 226 1131.000000
246 247 1130.000000
1004 1005 1116.000000
167 168 1114.000000
1304 1326 1114.000000
1526 1527 1112.000000
1005 1006 1109.000000
298 299 1104.000000
1417 1418 1098.000000
117 139 1097.000000
953 954 1081.000000
954 955 1081.000000
955 956 1081.000000
367 368 1061.000000
1461 1462 1058.000000
654 655 1047.000000
191 213 1041.000000
90 91 1039.000000
1026 10265 1030.000000
118 140 1028.000000
281 282 1027.000000
697 698 1027.000000
91 92 1015.000000
92 93 1015.000000
93 94 1015.000000
587 588 1013.000000
25 26 1000.000000
26 27 1000.000000
27 28 1000.000000
1000 10565 994.000000
1256 1257 993.000000
783 784 991.000000
1003 10335 988.000000
782 783 983.000000
1070 1092 980.000000
1191 1192 977.000000
323 324 974.000000
1245 1267 967.000000
117 118 966.000000
299 300 964.000000
365 366 961.000000
314 315 958.000000
315 316 958.000000
316 317 958.000000
317 318 958.000000
318 319 958.000000
319 320 958.000000
242 243 956.000000
243 244 956.000000
244 245 956.000000
245 246 956.000000
242 263 950.000000
260 261 950.000000
261 262 950.000000
262 263 950.000000
1040 1041 948.000000
1041 1042 948.000000
1042 1043 948.000000
1347 1348 941.000000
161 183 939.000000
669 670 936.000000
279 301 923.000000
279 280 915.000000
1024 10752 914.000000
952 953 909.000000
1130 1131 908.000000
694 695 902.000000
366 367 894.000000
691 692 893.000000
543 544 887.000000
626 627 882.000000
1001 10811 881.000000
1413 1414 877.000000
233 255 873.000000
893 915 873.000000
140 162 872.000000
1002 10627 872.000000
1115 1137 872.000000
1039 1040 863.000000
1092 1093 847.000000
799 800 841.000000
1478 1479 836.000000
1435 1436 835.000000
1212 1213 833.000000
116 117 831.000000
690 691 827.000000
633 634 819.000000
1104 1105 807.000000
544 545 803.000000
939 961 797.000000
278 300 795.000000
676 677 795.000000
1027 1049 795.000000
784 785 791.000000
277 299 789.000000
1001 10280 788.000000
1137 1138 768.000000
1138 1139 768.000000
1139 1140 768.000000
1002 10487 765.000000
1566 1567 762.000000
189 211 760.000000
587 609 752.000000
248 270 747.000000
1332 1333 745.000000
1462 1463 744.000000
712 713 732.000000
1023 10256 731.000000
1235 1236 731.000000
956 957 722.000000
1343 1344 715.000000
1344 1345 715.000000
1345 1346 715.000000
1346 1347 715.000000
1017 1018 711.000000
184 206 710.000000
588 589 709.000000
984 985 709.000000
985 986 709.000000
171 172 705.000000
647 648 699.000000
734 735 693.000000
368 369 688.000000
625 626 684.000000
146 168 683.000000
343 344 680.000000
850 872 679.000000
154 155 674.000000
154 175 674.000000
155 156 674.000000
156 157 674.000000
157 158 674.000000
158 159 674.000000
159 160 674.000000
173 174 674.000000
174 175 674.000000
740 741 673.000000
739 740 663.000000
1068 10796 658.000000
110 131 656.000000
129 130 656.000000
130 131 656.000000
545 546 653.000000
110 111 652.000000
111 112 652.000000
112 113 652.000000
113 114 652.000000
114 115 652.000000
345 346 650.000000
1009 10090 645.000000
1439 1440 638.000000
1024 10330 637.000000
1127 1128 625.000000
1128 1129 625.000000
1129 1130 625.000000
646 647 616.000000
1565 1566 615.000000
1203 1204 607.000000
1204 1205 607.000000
1205 1206 607.000000
1022 10565 605.000000
257 258 597.000000
546 568 596.000000
169 170 593.000000
170 171 593.000000
324 325 590.000000
1045 10493 585.000000
66 67 584.000000
67 68 584.000000
176 177 582.000000
176 197 582.000000
177 178 582.000000
178 179 582.000000
179 180 582.000000
195 196 582.000000
196 197 582.000000
1548 1549 580.000000
180 181 579.000000
346 347 578.000000
181 182 575.000000
631 653 567.000000
429 430 566.000000
892 914 557.000000
258 259 543.000000
1029 1030 540.000000
363 364 537.000000
1072 1073 537.000000
609 610 535.000000
1180 1181 535.000000
1062 10731 533.000000
1158 1180 531.000000
1023 10401 529.000000
313 314 526.000000
168 169 522.000000
1087 1088 521.000000
66 87 511.000000
86 87 511.000000
1000 10136 508.000000
238 260 504.000000
53 75 501.000000
193 215 501.000000
1001 10399 499.000000
1547 1569 499.000000
1282 1304 498.000000
676 698 497.000000
386 387 496.000000
1549 1550 496.000000
1147 1148 494.000000
194 195 491.000000
986 987 490.000000
10 10911 487.000000
1116 1117 484.000000
1117 1118 484.000000
1281 1303 478.000000
648 649 473.000000
649 650 473.000000
650 651 473.000000
203 225 472.000000
344 345 472.000000
698 699 470.000000
589 590 467.000000
1093 1094 467.000000
1288 1310 466.000000
1003 10143 465.000000
604 605 464.000000
930 931 462.000000
192 214 460.000000
1544 1545 460.000000
1043 1044 457.000000
1001 10022 445.000000
220 221 438.000000
220 241 438.000000
221 222 438.000000
222 223 438.000000
223 224 438.000000
239 240 438.000000
240 241 438.000000
1003 10763 438.000000
137 138 436.000000
1003 10950 436.000000
1051 1052 432.000000
1072 10778 432.000000
51 73 431.000000
1004 10203 430.000000
1018 10590 430.000000
1050 1051 430.000000
1045 10901 427.000000
1073 1074 427.000000
1074 1075 427.000000
387 388 425.000000
1527 1528 425.000000
74 96 421.000000
1000 10386 419.000000
1017 10635 416.000000
10 10069 414.000000
1006 10176 412.000000
1006 10455 412.000000
1006 10523 411.000000
1048 10481 410.000000
1083 1084 410.000000
1084 1085 410.000000
1085 1086 410.000000
1505 1506 410.000000
85 86 409.000000
1086 1087 407.000000
324 346 406.000000
388 389 405.000000
389 390 405.000000
738 739 405.000000
1017 10856 405.000000
29 51 394.000000
107 108 393.000000
1206 1207 393.000000
1028 1050 391.000000
633 655 388.000000
1022 10225 383.000000
1194 1216 383.000000
848 870 381.000000
1567 1568 378.000000
259 260 375.000000
224 225 374.000000
1004 10740 370.000000
1024 10953 367.000000
160 182 366.000000
146 147 363.000000
1004 10502 363.000000
1018 10944 360.000000
214 236 359.000000
1082 1083 359.000000
10 10566 358.000000
1024 10413 352.000000
132 133 350.000000
132 153 350.000000
133 134 350.000000
134 135 350.000000
135 136 350.000000
136 137 350.000000
151 152 350.000000
152 153 350.000000
1160 1161 348.000000
1161 1162 348.000000
1004 10358 347.000000
1027 10997 347.000000
720 721 345.000000
24 25 344.000000
1023 10331 341.000000
147 148 340.000000
148 149 340.000000
763 785 338.000000
1348 1370 338.000000
1440 1441 337.000000
864 865 335.000000
1025 10668 332.000000
1026 10398 332.000000
1018 10391 329.000000
1181 1182 327.000000
1182 1183 327.000000
1183 1184 327.000000
1047 10696 318.000000
68 69 316.000000
1024 10665 316.000000
1263 1285 315.000000
1048 10488 314.000000
387 409 312.000000
69 70 310.000000
70 71 310.000000
760 782 309.000000
149 150 308.000000
1188 1189 308.000000
1188 1209 308.000000
1189 1190 308.000000
1207 1208 308.000000
1208 1209 308.000000
1159 1160 307.000000
124 125 306.000000
125 126 306.000000
126 127 306.000000
127 128 306.000000
1006 10327 306.000000
1006 10844 306.000000
1050 10751 305.000000
1506 1507 305.000000
1184 1185 304.000000
31 53 302.000000
1166 1167 301.000000
1166 1187 301.000000
1167 1168 301.000000
1185 1186 301.000000
1186 1187 301.000000
119 120 300.000000
120 121 300.000000
121 122 300.000000
122 123 300.000000
123 124 300.000000
291 292 297.000000
292 293 297.000000
588 610 297.000000
320 342 296.000000
225 247 294.000000
71 72 292.000000
1067 1089 292.000000
1551 1552 292.000000
1552 1553 292.000000
1553 1554 292.000000
1024 10689 290.000000
1373 1395 290.000000
10 10101 289.000000
264 285 289.000000
282 283 289.000000
283 284 289.000000
284 285 289.000000
1303 1304 289.000000
1483 1484 289.000000
1004 10329 288.000000
1004 10886 288.000000
1004 10996 288.000000
1434 1435 287.000000
623 624 285.000000
1025 10985 285.000000
1372 1394 284.000000
264 265 283.000000
265 266 283.000000
266 267 283.000000
267 268 283.000000
828 829 282.000000
1049 10607 281.000000
603 604 280.000000
518 519 276.000000
519 520 276.000000
520 521 276.000000
1007 1008 275.000000
1006 1007 274.000000
1118 1119 274.000000
343 365 273.000000
268 269 272.000000
782 804 272.000000
1004 10375 272.000000
28 50 271.000000
1004 10310 271.000000
1071 10981 271.000000
1301 1302 271.000000
1302 1303 271.000000
150 151 270.000000
1022 10407 269.000000
539 540 268.000000
1168 1169 266.000000
939 940 264.000000
1030 1031 264.000000
1004 10379 262.000000
1004 10863 261.000000
1024 10850 260.000000
1003 10613 257.000000
409 410 255.000000
410 411 255.000000
411 412 255.000000
629 651 255.000000
1048 10947 255.000000
1048 10762 254.000000
579 580 253.000000
580 581 253.000000
459 481 252.000000
1004 10351 250.000000
1006 10064 250.000000
1028 10553 250.000000
1029 10436 250.000000
129 151 249.000000
183 205 249.000000
260 282 249.000000
1038 1039 249.000000
1260 1282 249.000000
1523 1545 247.000000
342 343 246.000000
586 587 246.000000
1113 1135 246.000000
583 584 245.000000
584 585 245.000000
585 586 245.000000
757 779 244.000000
1050 10927 244.000000
741 742 243.000000
1003 10039 243.000000
1018 10272 243.000000
1018 10411 243.000000
1018 10711 243.000000
1018 10932 243.000000
1048 10998 243.000000
1050 10846 243.000000
115 116 242.000000
543 565 242.000000
308 309 239.000000
309 310 239.000000
368 390 238.000000
1029 10583 238.000000
1046 10613 237.000000
1062 10932 237.000000
308 329 236.000000
326 327 236.000000
327 328 236.000000
328 329 236.000000
1025 10435 236.000000
1062 10711 235.000000
1245 1246 235.000000
10 11 233.000000
11 12 233.000000
12 13 233.000000
13 14 233.000000
850 851 232.000000
1397 1398 232.000000
1049 10678 230.000000
1238 1260 228.000000
1004 10130 225.000000
1310 1311 225.000000
1094 1095 223.000000
1095 1096 223.000000
1234 1235 223.000000
310 311 221.000000
311 312 221.000000
1039 10835 221.000000
1039 10852 221.000000
1065 1087 217.000000
1008 1009 213.000000
1026 10486 213.000000
1004 10221 212.000000
1018 10474 212.000000
1023 10270 211.000000
1031 10378 211.000000
1049 10553 211.000000
1018 10449 210.000000
1118 1140 210.000000
1050 10583 207.000000
1026 10586 204.000000
1459 1481 203.000000
1028 10678 202.000000
1070 10947 202.000000
1048 10997 200.000000
1125 1126 200.000000
213 235 199.000000
1046 10985 199.000000
1136 1158 199.000000
761 783 198.000000
1006 10561 197.000000
1009 10378 197.000000
1006 10431 196.000000
1049 10995 196.000000
1023 1045 195.000000
1023 10399 195.000000
1024 10469 195.000000
1092 10923 195.000000
325 347 194.000000
496 497 194.000000
497 498 194.000000
498 499 194.000000
1026 10308 194.000000
1119 1141 194.000000
1126 1127 192.000000
1004 10687 191.000000
1004 10948 191.000000
1004 10976 191.000000
1002 10669 190.000000
1003 10265 190.000000
1004 10500 190.000000
1006 10340 190.000000
764 765 189.000000
1484 1485 189.000000
238 239 188.000000
624 625 188.000000
1003 10669 188.000000
1004 10782 188.000000
1004 10920 188.000000
1048 10818 188.000000
98 99 185.000000
100 101 185.000000
101 102 185.000000
299 321 185.000000
618 640 184.000000
1047 10486 184.000000
1003 10857 182.000000
1003 10910 182.000000
953 975 181.000000
1049 10561 181.000000
1004 10663 180.000000
46 47 179.000000
198 199 179.000000
198 219 179.000000
199 200 179.000000
200 201 179.000000
201 202 179.000000
202 203 179.000000
216 217 179.000000
217 218 179.000000
218 219 179.000000
611 612 178.000000
1001 10627 178.000000
1111 1133 178.000000
1328 1350 178.000000
594 595 177.000000
1070 10762 177.000000
456 457 176.000000
457 458 176.000000
458 459 176.000000
1061 1062 176.000000
280 302 175.000000
1070 10998 175.000000
1350 1372 175.000000
1278 1279 174.000000
677 699 173.000000
1003 10279 173.000000
1003 10550 173.000000
1003 10717 173.000000
1004 10432 173.000000
582 583 172.000000
1029 10643 172.000000
1026 10879 170.000000
1029 10293 170.000000
1232 1233 170.000000
1232 1253 170.000000
1233 1234 170.000000
1251 1252 170.000000
1252 1253 170.000000
668 669 169.000000
804 826 168.000000
1003 10364 168.000000
567 568 167.000000
1003 10113 167.000000
1003 10218 167.000000
1003 10246 167.000000
610 611 166.000000
1003 10702 166.000000
97 98 165.000000
1418 1419 165.000000
1002 1024 164.000000
1004 10696 164.000000
1004 10972 164.000000
545 567 163.000000
1047 10868 163.000000
1092 10995 163.000000
1047 10972 162.000000
1170 1192 162.000000
30 52 161.000000
961 962 160.000000
1001 10821 160.000000
1004 10475 160.000000
102 103 159.000000
103 104 159.000000
104 105 159.000000
105 106 159.000000
106 107 159.000000
53 54 158.000000
1004 10142 158.000000
138 160 157.000000
843 865 157.000000
1003 10372 157.000000
1003 10977 157.000000
1140 1141 157.000000
717 739 156.000000
1003 10895 156.000000
325 326 155.000000
1072 10751 155.000000
1023 10325 154.000000
937 959 153.000000
1047 10730 153.000000
72 94 150.000000
1026 10428 150.000000
1026 10857 150.000000
1026 10910 150.000000
1070 10818 150.000000
1178 1200 149.000000
1224 1225 149.000000
1225 1226 149.000000
1226 1227 149.000000
1227 1228 149.000000
1435 1457 149.000000
257 279 148.000000
408 430 148.000000
1026 10351 148.000000
1004 10363 147.000000
1047 10475 147.000000
1391 1413 147.000000
1223 1224 146.000000
784 806 145.000000
1199 1221 145.000000
1003 10532 144.000000
509 510 143.000000
510 511 143.000000
511 512 143.000000
512 513 143.000000
513 514 143.000000
514 515 143.000000
865 887 143.000000
1028 10844 142.000000
894 916 141.000000
1026 10329 141.000000
1026 10886 141.000000
1026 10996 141.000000
1028 10327 141.000000
1092 10981 141.000000
50 72 140.000000
1001 10554 140.000000
1050 10643 140.000000
1070 10730 140.000000
1070 10868 140.000000
1289 1311 140.000000
1419 1420 140.000000
1568 1569 140.000000
1026 10346 139.000000
1047 10879 139.000000
1025 10271 138.000000
1045 10627 138.000000
1004 10239 136.000000
254 276 135.000000
1437 1459 135.000000
1004 10730 134.000000
1025 10347 134.000000
1376 1377 134.000000
1004 10868 133.000000
1048 10600 133.000000
1048 10924 133.000000
675 697 132.000000
1004 10269 132.000000
1004 10387 132.000000
1091 10924 132.000000
334 335 131.000000
1002 10979 131.000000
1503 1525 131.000000
10 10591 130.000000
1026 10863 130.000000
616 637 129.000000
634 635 129.000000
635 636 129.000000
636 637 129.000000
886 887 129.000000
936 958 129.000000
1026 10379 129.000000
575 576 128.000000
576 577 128.000000
577 578 128.000000
578 579 128.000000
594 615 128.000000
612 613 128.000000
613 614 128.000000
614 615 128.000000
952 974 128.000000
1000 10509 128.000000
1003 10271 128.000000
1087 1109 128.000000
962 963 127.000000
963 964 127.000000
1026 10375 125.000000
1046 10668 125.000000
1543 1544 125.000000
256 278 124.000000
695 717 124.000000
1004 10244 124.000000
499 521 122.000000
783 805 122.000000
1088 10883 122.000000
1190 1191 122.000000
1045 10689 121.000000
1082 1104 121.000000
162 184 120.000000
1026 10310 120.000000
1067 10901 120.000000
1550 1551 120.000000
1003 10435 119.000000
522 523 118.000000
538 539 118.000000
1004 10824 118.000000
1262 1284 118.000000
1479 1501 118.000000
521 522 117.000000
523 524 117.000000
1003 10081 117.000000
1092 1114 117.000000
1284 1306 117.000000
1026 10619 116.000000
566 567 115.000000
1004 10301 115.000000
181 203 114.000000
1216 1238 114.000000
1001 10277 112.000000
1090 1112 110.000000
1022 10386 109.000000
1214 1236 109.000000
1394 1416 109.000000
1001 10982 108.000000
1026 10426 108.000000
1026 10593 108.000000
1458 1480 108.000000
281 303 107.000000
290 291 107.000000
873 895 107.000000
1000 10114 107.000000
301 323 106.000000
330 331 106.000000
331 332 106.000000
940 941 106.000000
941 942 106.000000
942 943 106.000000
1175 1197 106.000000
1003 10180 105.000000
330 351 104.000000
332 333 104.000000
333 334 104.000000
335 336 104.000000
336 337 104.000000
337 338 104.000000
338 339 104.000000
339 340 104.000000
340 341 104.000000
347 348 104.000000
348 349 104.000000
349 350 104.000000
350 351 104.000000
960 982 104.000000
1003 10347 104.000000
1047 10619 103.000000
1500 1501 103.000000
581 582 102.000000
958 980 102.000000
1004 10346 102.000000
1004 10428 102.000000
255 277 101.000000
341 342 101.000000
487 488 101.000000
488 489 101.000000
489 490 101.000000
490 491 101.000000
491 492 101.000000
492 493 101.000000
493 494 101.000000
1026 10972 101.000000
10 10318 100.000000
237 259 100.000000
1071 10995 100.000000
596 597 99.000000
597 598 99.000000
598 599 99.000000
599 600 99.000000
1024 10554 99.000000
1023 10703 98.000000
1024 10982 98.000000
1025 10613 98.000000
1026 10475 98.000000
1072 10846 98.000000
1461 1483 98.000000
624 646 97.000000
654 676 97.000000
962 984 97.000000
1023 10745 97.000000
1028 10431 97.000000
1028 10561 97.000000
312 313 96.000000
1003 10938 96.000000
1026 10432 96.000000
212 234 95.000000
1004 10586 95.000000
1045 10850 95.000000
1048 10609 95.000000
1072 10927 95.000000
169 191 94.000000
957 979 94.000000
1070 10924 94.000000
232 254 93.000000
750 751 93.000000
751 752 93.000000
752 753 93.000000
753 754 93.000000
754 755 93.000000
1004 10163 93.000000
1024 10618 93.000000
550 551 91.000000
551 552 91.000000
572 593 91.000000
591 592 91.000000
592 593 91.000000
851 873 91.000000
1024 10529 91.000000
1028 10340 91.000000
1243 1265 91.000000
10 10963 90.000000
1026 10387 90.000000
1026 10730 90.000000
1026 10868 90.000000
1043 10831 90.000000
73 95 89.000000
300 322 89.000000
673 695 89.000000
716 738 89.000000
909 931 89.000000
1047 10593 89.000000
1246 1247 89.000000
1247 1248 89.000000
1248 1249 89.000000
1249 1250 89.000000
1250 1251 89.000000
600 601 88.000000
601 602 88.000000
871 893 88.000000
1180 1202 88.000000
1307 1329 88.000000
990 991 87.000000
991 992 87.000000
992 993 87.000000
993 994 87.000000
994 995 87.000000
1000 10831 87.000000
1000 10842 87.000000
1009 1010 87.000000
1010 1011 87.000000
1088 10951 87.000000
1040 1062 86.000000
1546 1568 86.000000
10 10767 85.000000
10 10826 85.000000
565 566 85.000000
1001 10659 85.000000
1001 10721 85.000000
1023 10369 85.000000
1023 10883 85.000000
1023 10951 85.000000
1023 10969 85.000000
891 913 84.000000
1001 10955 84.000000
1023 10946 84.000000
1023 10949 84.000000
1088 10969 84.000000
1223 1245 84.000000
1000 10575 83.000000
1000 10788 83.000000
453 454 82.000000
454 455 82.000000
455 456 82.000000
806 828 82.000000
1023 10357 82.000000
1024 10446 82.000000
1024 10542 82.000000
172 173 81.000000
1022 10476 81.000000
1026 10335 81.000000
1083 1105 81.000000
1192 1214 81.000000
116 138 80.000000
616 617 80.000000
617 618 80.000000
1044 10777 80.000000
1044 10810 80.000000
1044 10841 80.000000
595 596 78.000000
935 957 78.000000
1026 10301 78.000000
1069 10985 78.000000
1369 1370 78.000000
66 88 77.000000
1026 10824 77.000000
1056 1077 76.000000
1075 1076 76.000000
1076 1077 76.000000
1173 1195 76.000000
1522 1544 76.000000
1219 1241 75.000000
755 756 74.000000
779 801 74.000000
1003 1025 74.000000
1026 10363 74.000000
1026 10696 74.000000
224 246 73.000000
1034 1035 73.000000
1035 1036 73.000000
1036 1037 73.000000
1037 1038 73.000000
1056 1057 73.000000
1057 1058 73.000000
1058 1059 73.000000
1059 1060 73.000000
499 500 72.000000
590 591 72.000000
1002 10040 72.000000
1025 10669 72.000000
399 400 71.000000
400 401 71.000000
401 402 71.000000
402 403 71.000000
403 404 71.000000
404 405 71.000000
405 406 71.000000
406 407 71.000000
566 588 71.000000
917 939 71.000000
1047 1069 71.000000
1125 1147 71.000000
1018 10878 70.000000
1034 1055 70.000000
1053 1054 70.000000
1054 1055 70.000000
1191 1213 70.000000
2 3 69.000000
550 571 69.000000
568 569 69.000000
569 570 69.000000
570 571 69.000000
572 573 69.000000
573 574 69.000000
1002 10925 69.000000
1044 10509 69.000000
1044 10603 69.000000
1044 10808 69.000000
1044 10877 69.000000
1068 10689 69.000000
1068 10850 69.000000
1200 1222 69.000000
437 459 68.000000
618 619 68.000000
619 620 68.000000
620 621 68.000000
621 622 68.000000
622 623 68.000000
1044 10816 68.000000
1044 10934 68.000000
1066 10738 68.000000
1171 1193 68.000000
10 10295 67.000000
168 190 67.000000
1012 1013 67.000000
1012 1033 67.000000
1013 1014 67.000000
1014 1015 67.000000
1015 1016 67.000000
1023 10493 67.000000
1026 10763 67.000000
1027 10663 67.000000
1031 1032 67.000000
1032 1033 67.000000
1044 10450 67.000000
1044 10476 67.000000
1044 10484 67.000000
1044 10505 67.000000
1044 10506 67.000000
1044 10664 67.000000
1044 10775 67.000000
1044 10783 67.000000
1044 10848 67.000000
1044 10902 67.000000
1044 10921 67.000000
1044 10965 67.000000
1045 10694 67.000000
1066 10842 67.000000
1067 10821 67.000000
1068 10953 67.000000
286 287 66.000000
286 307 66.000000
287 288 66.000000
288 289 66.000000
289 290 66.000000
304 305 66.000000
305 306 66.000000
306 307 66.000000
347 369 66.000000
713 735 66.000000
1100 1101 66.000000
1100 1121 66.000000
1101 1102 66.000000
1119 1120 66.000000
1120 1121 66.000000
1169 1191 66.000000
1000 10357 65.000000
1327 1349 65.000000
216 238 64.000000
940 962 64.000000
1001 1023 64.000000
1016 1017 64.000000
1024 10421 64.000000
1046 1068 64.000000
1102 1103 64.000000
1392 1414 64.000000
10 10328 63.000000
211 233 63.000000
415 437 63.000000
735 757 63.000000
1001 10446 62.000000
1004 1026 62.000000
1008 10255 62.000000
1521 1522 62.000000
1521 1543 62.000000
608 630 61.000000
1026 10837 61.000000
413 414 60.000000
414 415 60.000000
557 558 60.000000
558 559 60.000000
1024 10796 60.000000
699 721 59.000000
908 930 59.000000
1026 10733 59.000000
10 10794 58.000000
646 668 58.000000
826 848 58.000000
1029 10523 58.000000
1332 1354 58.000000
182 204 57.000000
369 370 57.000000
370 371 57.000000
546 547 57.000000
552 553 57.000000
553 554 57.000000
554 555 57.000000
555 556 57.000000
556 557 57.000000
1002 10260 57.000000
1002 10393 57.000000
1002 10713 57.000000
1023 10280 57.000000
1045 1067 57.000000
1122 1123 57.000000
1123 1124 57.000000
1124 1125 57.000000
827 849 56.000000
1108 1130 56.000000
638 639 55.000000
1004 10453 55.000000
1067 10721 55.000000
352 373 54.000000
371 372 54.000000
372 373 54.000000
1026 10347 54.000000
1026 10349 54.000000
303 304 53.000000
872 894 53.000000
1122 1143 53.000000
1141 1142 53.000000
1142 1143 53.000000
302 324 52.000000
354 376 51.000000
1091 1113 51.000000
632 654 50.000000
1006 1028 50.000000
1026 10702 50.000000
1196 1218 50.000000
352 353 49.000000
353 354 49.000000
357 358 49.000000
358 359 49.000000
359 360 49.000000
360 361 49.000000
361 362 49.000000
362 363 49.000000
594 616 49.000000
1103 1104 49.000000
107 129 48.000000
124 146 48.000000
638 659 48.000000
655 656 48.000000
656 657 48.000000
657 658 48.000000
658 659 48.000000
734 756 48.000000
1018 10207 48.000000
1023 10811 48.000000
1026 10895 48.000000
1131 1153 48.000000
291 313 47.000000
762 784 47.000000
803 825 47.000000
1026 10263 47.000000
1026 10638 47.000000
1026 10769 47.000000
1026 10789 47.000000
1026 10940 47.000000
1060 1061 47.000000
1507 1508 47.000000
1508 1509 47.000000
1509 1510 47.000000
1510 1511 47.000000
150 172 46.000000
500 501 46.000000
651 673 46.000000
778 800 46.000000
1004 10776 46.000000
1066 10718 46.000000
1066 10788 46.000000
1066 10831 46.000000
1067 10681 46.000000
684 685 45.000000
685 686 45.000000
686 687 45.000000
687 688 45.000000
688 689 45.000000
1048 10696 45.000000
1415 1437 45.000000
49 71 44.000000
739 761 44.000000
1024 10627 44.000000
1134 1156 44.000000
603 625 43.000000
828 850 43.000000
1026 10414 43.000000
1026 10894 43.000000
1210 1211 43.000000
1210 1231 43.000000
1228 1229 43.000000
1229 1230 43.000000
1230 1231 43.000000
1460 1482 43.000000
298 320 42.000000
516 517 42.000000
1018 10898 42.000000
1023 10955 42.000000
531 532 41.000000
532 533 41.000000
533 534 41.000000
534 535 41.000000
535 536 41.000000
536 537 41.000000
537 538 41.000000
544 566 41.000000
1004 10121 41.000000
1018 10186 41.000000
1068 10979 41.000000
1093 1115 41.000000
1289 1290 41.000000
1480 1502 41.000000
474 475 40.000000
475 476 40.000000
476 477 40.000000
477 478 40.000000
478 479 40.000000
479 480 40.000000
480 481 40.000000
517 518 40.000000
611 633 40.000000
1001 10254 40.000000
1213 1235 40.000000
1268 1269 40.000000
1269 1270 40.000000
1270 1271 40.000000
1271 1272 40.000000
1000 10025 39.000000
1022 10831 39.000000
1069 10977 39.000000
870 892 38.000000
1022 10568 38.000000
1026 10279 38.000000
1069 10702 38.000000
1190 1212 38.000000
1267 1268 38.000000
1285 1307 38.000000
194 216 37.000000
698 720 37.000000
777 799 37.000000
1000 10955 37.000000
1018 10234 37.000000
1052 1053 37.000000
63 85 36.000000
365 387 36.000000
610 632 36.000000
1004 10894 36.000000
1022 10842 36.000000
1023 10659 36.000000
1023 10721 36.000000
1354 1355 36.000000
44 45 35.000000
45 46 35.000000
303 325 35.000000
647 669 35.000000
1004 10489 35.000000
1004 10774 35.000000
1004 10865 35.000000
1004 10956 35.000000
1017 10276 35.000000
1022 10250 35.000000
1022 10575 35.000000
1022 10640 35.000000
1022 10788 35.000000
1023 10277 35.000000
1023 10821 35.000000
1024 10979 35.000000
1069 10895 35.000000
1144 1165 35.000000
1162 1163 35.000000
1163 1164 35.000000
1164 1165 35.000000
149 171 34.000000
356 357 34.000000
501 502 34.000000
502 503 34.000000
742 743 34.000000
1022 10718 34.000000
1023 10681 34.000000
1024 10487 34.000000
1044 1066 34.000000
1069 10763 34.000000
528 529 33.000000
528 549 33.000000
529 530 33.000000
547 548 33.000000
548 549 33.000000
924 925 33.000000
924 945 33.000000
925 926 33.000000
926 927 33.000000
927 928 33.000000
928 929 33.000000
929 930 33.000000
943 944 33.000000
944 945 33.000000
965 987 33.000000
1528 1529 33.000000
1529 1530 33.000000
1530 1531 33.000000
1531 1532 33.000000
770 771 32.000000
770 791 32.000000
785 786 32.000000
786 787 32.000000
787 788 32.000000
788 789 32.000000
789 790 32.000000
790 791 32.000000
1026 10372 32.000000
1026 10532 32.000000
1026 10550 32.000000
1026 10717 32.000000
1026 10977 32.000000
1044 10681 32.000000
1068 1090 32.000000
1070 10740 32.000000
1414 1436 32.000000
44 65 31.000000
64 65 31.000000
226 248 31.000000
522 544 31.000000
733 734 31.000000
915 937 31.000000
1001 10330 31.000000
1004 10364 31.000000
1027 10502 31.000000
1144 1145 31.000000
1145 1146 31.000000
589 611 30.000000
741 763 30.000000
916 938 30.000000
1018 10999 30.000000
1211 1212 30.000000
63 64 29.000000
304 326 29.000000
494 495 29.000000
495 496 29.000000
515 516 29.000000
1027 10740 29.000000
1048 10886 29.000000
1048 10996 29.000000
690 712 28.000000
1088 10946 28.000000
1088 10949 28.000000
1351 1373 28.000000
128 129 27.000000
524 525 27.000000
914 936 27.000000
1048 10863 27.000000
1086 1108 27.000000
1179 1201 27.000000
1438 1460 27.000000
102 124 26.000000
500 522 26.000000
590 612 26.000000
639 640 26.000000
1060 10856 26.000000
1088 10955 26.000000
1089 10982 26.000000
1298 1299 26.000000
1298 1319 26.000000
1311 1312 26.000000
1312 1313 26.000000
1313 1314 26.000000
1314 1315 26.000000
1315 1316 26.000000
1316 1317 26.000000
1317 1318 26.000000
1318 1319 26.000000
75 97 25.000000
167 189 25.000000
171 193 25.000000
521 543 25.000000
567 589 25.000000
1501 1523 25.000000
530 531 24.000000
943 965 24.000000
1022 1044 24.000000
1064 1086 24.000000
1066 10811 24.000000
1146 1147 24.000000
1417 1439 24.000000
31 32 23.000000
147 169 23.000000
1026 10364 23.000000
1066 10810 23.000000
163 185 22.000000
354 355 22.000000
355 356 22.000000
550 572 22.000000
696 718 22.000000
785 807 22.000000
1050 10844 22.000000
1066 10777 22.000000
1066 10841 22.000000
1071 10997 22.000000
1370 1392 22.000000
503 525 21.000000
565 587 21.000000
719 741 21.000000
1061 10944 21.000000
1395 1417 21.000000
1457 1479 21.000000
332 354 20.000000
430 431 20.000000
431 432 20.000000
432 433 20.000000
433 434 20.000000
968 969 20.000000
968 989 20.000000
969 970 20.000000
970 971 20.000000
971 972 20.000000
972 973 20.000000
987 988 20.000000
988 989 20.000000
1004 10789 20.000000
1004 10940 20.000000
1045 10979 20.000000
1061 10835 20.000000
1061 10852 20.000000
1004 10045 19.000000
1004 10062 19.000000
1004 10184 19.000000
1004 10237 19.000000
1023 10694 19.000000
258 280 18.000000
310 332 18.000000
509 531 18.000000
689 690 18.000000
1004 10414 18.000000
1022 10664 18.000000
1022 10965 18.000000
1023 10249 18.000000
1066 10808 18.000000
1066 10816 18.000000
1066 10877 18.000000
1066 10934 18.000000
1067 10694 18.000000
1067 10752 18.000000
1088 1110 18.000000
1241 1263 18.000000
1439 1461 18.000000
376 377 17.000000
377 378 17.000000
378 379 17.000000
379 380 17.000000
380 381 17.000000
381 382 17.000000
382 383 17.000000
383 384 17.000000
384 385 17.000000
609 631 17.000000
640 641 17.000000
641 642 17.000000
642 643 17.000000
643 644 17.000000
930 952 17.000000
1002 10305 17.000000
1022 10450 17.000000
1022 10484 17.000000
1022 10505 17.000000
1022 10506 17.000000
1022 10775 17.000000
1022 10783 17.000000
1022 10848 17.000000
1022 10902 17.000000
1022 10921 17.000000
1050 10523 17.000000
1066 10664 17.000000
1066 10703 17.000000
1066 10965 17.000000
1152 1174 17.000000
644 645 16.000000
645 646 16.000000
872 873 16.000000
1001 10529 16.000000
1001 10542 16.000000
1001 10665 16.000000
1004 10510 16.000000
1004 10862 16.000000
1148 1170 16.000000
440 441 15.000000
441 442 15.000000
1000 10603 15.000000
1001 10752 15.000000
1002 10412 15.000000
1002 10499 15.000000
1002 10677 15.000000
1070 10886 15.000000
1070 10996 15.000000
1103 1125 15.000000
1482 1504 15.000000
276 298 14.000000
282 304 14.000000
412 413 14.000000
1000 10256 14.000000
1000 10331 14.000000
1000 10369 14.000000
1000 10808 14.000000
1000 10877 14.000000
1000 10883 14.000000
1000 10946 14.000000
1000 10949 14.000000
1018 10183 14.000000
1047 10894 14.000000
1072 10844 14.000000
1267 1289 14.000000
1441 1442 14.000000
259 281 13.000000
268 290 13.000000
523 545 13.000000
604 626 13.000000
726 727 13.000000
1000 10268 13.000000
1000 10298 13.000000
1000 10380 13.000000
1000 10703 13.000000
1000 10816 13.000000
1000 10934 13.000000
1000 10951 13.000000
1000 10969 13.000000
1017 10835 13.000000
1017 10852 13.000000
1053 1075 13.000000
1070 10863 13.000000
346 368 12.000000
501 523 12.000000
559 560 12.000000
574 575 12.000000
691 713 12.000000
726 747 12.000000
742 764 12.000000
743 744 12.000000
744 745 12.000000
745 746 12.000000
746 747 12.000000
755 777 12.000000
921 943 12.000000
959 981 12.000000
973 974 12.000000
1060 10635 12.000000
1067 10982 12.000000
1092 10947 12.000000
27 49 11.000000
75 76 11.000000
76 77 11.000000
77 78 11.000000
78 79 11.000000
79 80 11.000000
80 81 11.000000
81 82 11.000000
82 83 11.000000
83 84 11.000000
84 85 11.000000
506 507 11.000000
506 527 11.000000
507 508 11.000000
525 526 11.000000
526 527 11.000000
720 742 11.000000
902 903 11.000000
902 923 11.000000
903 904 11.000000
904 905 11.000000
905 906 11.000000
906 907 11.000000
907 908 11.000000
921 922 11.000000
922 923 11.000000
1002 10964 11.000000
1005 1027 11.000000
1029 10455 11.000000
1066 10775 11.000000
1066 10783 11.000000
1066 10848 11.000000
1066 10902 11.000000
1066 10921 11.000000
1109 1131 11.000000
1153 1175 11.000000
1222 1244 11.000000
1416 1438 11.000000
1463 1464 11.000000
1526 1548 11.000000
440 461 10.000000
459 460 10.000000
460 461 10.000000
560 561 10.000000
740 762 10.000000
1004 10733 10.000000
1004 10837 10.000000
1066 10883 10.000000
1066 10946 10.000000
1066 10949 10.000000
1066 10951 10.000000
1066 10955 10.000000
1066 10969 10.000000
1092 10997 10.000000
1325 1326 10.000000
1326 1348 10.000000
173 195 9.000000
800 822 9.000000
1001 10148 9.000000
1001 10249 9.000000
1001 10493 9.000000
1001 10694 9.000000
1002 10190 9.000000
1002 10469 9.000000
1004 10059 9.000000
1004 10349 9.000000
1045 10487 9.000000
1045 10618 9.000000
1049 1071 9.000000
1105 1127 9.000000
1127 1149 9.000000
1146 1168 9.000000
1564 1565 9.000000
172 194 8.000000
452 453 8.000000
822 844 8.000000
973 995 8.000000
1000 10225 8.000000
1000 10450 8.000000
1000 10476 8.000000
1000 10484 8.000000
1000 10505 8.000000
1000 10506 8.000000
1000 10775 8.000000
1000 10783 8.000000
1000 10848 8.000000
1000 10902 8.000000
1000 10921 8.000000
1002 10796 8.000000
1047 10857 8.000000
1047 10910 8.000000
1089 10953 8.000000
1126 1148 8.000000
1130 1152 8.000000
1550 1572 8.000000
234 256 7.000000
374 375 7.000000
374 395 7.000000
375 376 7.000000
390 391 7.000000
391 392 7.000000
392 393 7.000000
393 394 7.000000
394 395 7.000000
612 634 7.000000
638 660 7.000000
660 681 7.000000
677 678 7.000000
678 679 7.000000
679 680 7.000000
680 681 7.000000
682 683 7.000000
682 703 7.000000
683 684 7.000000
699 700 7.000000
700 701 7.000000
701 702 7.000000
702 703 7.000000
706 707 7.000000
707 708 7.000000
708 709 7.000000
709 710 7.000000
710 711 7.000000
756 778 7.000000
964 965 7.000000
1038 10856 7.000000
1047 10550 7.000000
1047 10717 7.000000
1069 1091 7.000000
242 264 6.000000
711 712 6.000000
738 760 6.000000
1039 10411 6.000000
1039 10474 6.000000
1039 10711 6.000000
1043 10575 6.000000
1043 10640 6.000000
1043 10664 6.000000
1043 10718 6.000000
1043 10788 6.000000
1043 10842 6.000000
1043 10965 6.000000
1083 10932 6.000000
1087 10951 6.000000
1087 10969 6.000000
1089 1111 6.000000
1090 10985 6.000000
1092 10998 6.000000
1413 1435 6.000000
14 15 5.000000
15 16 5.000000
16 17 5.000000
17 18 5.000000
18 19 5.000000
41 63 5.000000
236 258 5.000000
330 352 5.000000
434 435 5.000000
435 436 5.000000
436 437 5.000000
440 462 5.000000
462 483 5.000000
472 473 5.000000
481 482 5.000000
482 483 5.000000
508 509 5.000000
704 705 5.000000
704 725 5.000000
705 706 5.000000
722 723 5.000000
723 724 5.000000
724 725 5.000000
1000 10028 5.000000
1000 10568 5.000000
1000 10664 5.000000
1000 10965 5.000000
1004 10638 5.000000
1004 10769 5.000000
1038 10635 5.000000
1043 10568 5.000000
1044 10659 5.000000
1044 10721 5.000000
1044 10745 5.000000
1044 10821 5.000000
1046 10669 5.000000
1087 10902 5.000000
1224 1246 5.000000
19 41 4.000000
44 66 4.000000
473 474 4.000000
574 596 4.000000
596 618 4.000000
653 675 4.000000
692 714 4.000000
721 722 4.000000
913 935 4.000000
1001 10681 4.000000
1004 10263 4.000000
1039 10590 4.000000
1039 10999 4.000000
1044 10811 4.000000
1045 10529 4.000000
1045 10542 4.000000
1045 10554 4.000000
1045 10665 4.000000
1045 10982 4.000000
1047 10532 4.000000
1047 10702 4.000000
1047 10763 4.000000
1047 10895 4.000000
1047 10977 4.000000
1048 10502 4.000000
1048 10740 4.000000
1087 10934 4.000000
1089 10979 4.000000
1094 1116 4.000000
1122 1144 4.000000
1132 1154 4.000000
1456 1457 4.000000
180 202 3.000000
202 224 3.000000
269 291 3.000000
308 330 3.000000
371 393 3.000000
393 415 3.000000
465 487 3.000000
530 552 3.000000
557 579 3.000000
561 562 3.000000
562 563 3.000000
563 564 3.000000
581 603 3.000000
887 909 3.000000
1000 10167 3.000000
1000 10179 3.000000
1000 10250 3.000000
1000 10640 3.000000
1000 10718 3.000000
1002 10421 3.000000
1016 1038 3.000000
1034 1056 3.000000
1045 10752 3.000000
1087 10921 3.000000
1147 1169 3.000000
1154 1176 3.000000
1254 1255 3.000000
1254 1275 3.000000
1272 1273 3.000000
1273 1274 3.000000
1274 1275 3.000000
54 55 2.000000
55 56 2.000000
56 57 2.000000
57 58 2.000000
58 59 2.000000
59 60 2.000000
60 61 2.000000
61 62 2.000000
62 63 2.000000
64 86 2.000000
137 159 2.000000
159 181 2.000000
204 226 2.000000
246 268 2.000000
465 466 2.000000
466 467 2.000000
467 468 2.000000
468 469 2.000000
469 470 2.000000
470 471 2.000000
471 472 2.000000
607 629 2.000000
946 947 2.000000
946 967 2.000000
947 948 2.000000
948 949 2.000000
949 950 2.000000
950 951 2.000000
965 966 2.000000
966 967 2.000000
1051 1073 2.000000
1102 1124 2.000000
1124 1146 2.000000
1268 1290 2.000000
1306 1328 2.000000
1369 1391 2.000000
1481 1503 2.000000
1504 1526 2.000000
1548 1570 2.000000
1569 1570 2.000000
1570 1571 2.000000
1571 1572 2.000000
1572 1573 2.000000
1573 1574 2.000000
1574 1575 2.000000
1575 1576 2.000000
0 1 1.000000
0 21 1.000000
1 2 1.000000
22 23 1.000000
22 43 1.000000
23 24 1.000000
19 20 1.000000
20 21 1.000000
41 42 1.000000
42 43 1.000000
141 163 1.000000
151 173 1.000000
215 237 1.000000
442 443 1.000000
443 465 1.000000
564 565 1.000000
586 608 1.000000
602 603 1.000000
669 691 1.000000
711 733 1.000000
726 748 1.000000
748 769 1.000000
759 781 1.000000
765 766 1.000000
766 767 1.000000
767 768 1.000000
768 769 1.000000
781 803 1.000000
886 908 1.000000
895 896 1.000000
896 897 1.000000
897 898 1.000000
898 899 1.000000
899 921 1.000000
974 996 1.000000
1007 1029 1.000000
1039 10449 1.000000
1044 10883 1.000000
1044 10946 1.000000
1044 10949 1.000000
1044 10955 1.000000
1066 1088 1.000000
1078 1079 1.000000
1078 1099 1.000000
1079 1080 1.000000
1080 1081 1.000000
1081 1082 1.000000
1096 1097 1.000000
1097 1098 1.000000
1098 1099 1.000000
1112 1134 1.000000
1150 1172 1.000000
1151 1173 1.000000
1172 1194 1.000000
1549 1571 1.000000
