1252 1253 19222.000000
281 282 15958.000000
282 283 15958.000000
283 284 15958.000000
1232 1253 15093.000000
1251 1252 14026.000000
284 285 13582.000000
1056 1077 13462.000000
280 281 13300.000000
1274 1275 12061.000000
1230 1231 10721.000000
237 238 10424.000000
238 239 10424.000000
239 240 10424.000000
240 241 10418.000000
1296 1297 10349.000000
15 16 10336.000000
941 942 10313.000000
942 943 10313.000000
1422 1423 10237.000000
1098 1099 10110.000000
1295 1296 10043.000000
1250 1251 9959.000000
1076 1077 9786.000000
1423 1424 9739.000000
1272 1273 9737.000000
1012 1033 9649.000000
1273 1274 9517.000000
147 148 9291.000000
191 192 8727.000000
1424 1425 8725.000000
1294 1295 8587.000000
236 237 8546.000000
1289 1290 8492.000000
1290 1291 8426.000000
1291 1292 8323.000000
1075 1076 8284.000000
1293 1294 8211.000000
308 329 8153.000000
14 15 8133.000000
1292 1293 8092.000000
1229 1230 7883.000000
1012 1013 7762.000000
1097 1098 7741.000000
943 944 7636.000000
940 941 7611.000000
264 285 7446.000000
1271 1272 7445.000000
1032 1033 7421.000000
944 945 7416.000000
257 258 7363.000000
1317 1318 7144.000000
1100 1121 7025.000000
324 325 7009.000000
325 326 7009.000000
326 327 7009.000000
327 328 7009.000000
220 241 6725.000000
190 191 6601.000000
1100 1101 6590.000000
1120 1121 6475.000000
1316 1317 6449.000000
125 126 6415.000000
1144 1165 6394.000000
1207 1208 6318.000000
1096 1097 6310.000000
259 260 6284.000000
260 261 6284.000000
261 262 6284.000000
262 263 6282.000000
897 898 6277.000000
898 899 6277.000000
899 900 6277.000000
1188 1209 6271.000000
258 259 6269.000000
368 369 6199.000000
369 370 6199.000000
370 371 6199.000000
371 372 6199.000000
1208 1209 6031.000000
13 14 6030.000000
875 876 5986.000000
876 877 5986.000000
939 940 5953.000000
103 104 5853.000000
1249 1250 5783.000000
968 989 5775.000000
1288 1289 5762.000000
1318 1319 5719.000000
1312 1313 5709.000000
1228 1229 5678.000000
1210 1231 5571.000000
1425 1426 5512.000000
1227 1228 5499.000000
302 303 5472.000000
303 304 5472.000000
304 305 5472.000000
305 306 5472.000000
372 373 5451.000000
308 309 5401.000000
1426 1427 5334.000000
1427 1428 5311.000000
1315 1316 5278.000000
1031 1032 5209.000000
1310 1311 5188.000000
1311 1312 5188.000000
1338 1339 5148.000000
1339 1340 5100.000000
328 329 5094.000000
1313 1314 5062.000000
104 105 5028.000000
988 989 5004.000000
1164 1165 4995.000000
1010 1011 4991.000000
1206 1207 4939.000000
1056 1057 4916.000000
16 17 4874.000000
1340 1341 4814.000000
919 920 4785.000000
920 921 4785.000000
1078 1099 4736.000000
264 265 4731.000000
34 35 4508.000000
1057 1058 4500.000000
352 373 4489.000000
1071 1072 4483.000000
1072 1073 4483.000000
1073 1074 4483.000000
169 170 4467.000000
918 919 4380.000000
1009 1010 4377.000000
1314 1315 4335.000000
416 417 4327.000000
299 300 4243.000000
279 280 4203.000000
1337 1338 4201.000000
1119 1120 4164.000000
168 169 4163.000000
1400 1401 4033.000000
309 310 3980.000000
1270 1271 3914.000000
968 969 3882.000000
242 263 3838.000000
1034 1055 3812.000000
924 945 3784.000000
1101 1102 3777.000000
900 901 3753.000000
1361 1362 3742.000000
1356 1357 3710.000000
1162 1163 3684.000000
1403 1404 3683.000000
17 18 3661.000000
854 855 3595.000000
855 856 3595.000000
1466 1467 3579.000000
35 36 3577.000000
704 705 3541.000000
1054 1055 3540.000000
852 853 3537.000000
1309 1310 3529.000000
1467 1468 3510.000000
191 213 3506.000000
1163 1164 3502.000000
256 257 3497.000000
1402 1403 3482.000000
1360 1361 3465.000000
808 809 3455.000000
1144 1145 3450.000000
1404 1405 3426.000000
726 747 3417.000000
1253 1275 3410.000000
301 302 3366.000000
306 307 3341.000000
220 221 3336.000000
896 897 3324.000000
235 236 3314.000000
962 963 3311.000000
963 964 3311.000000
964 965 3311.000000
1248 1249 3306.000000
1401 1402 3301.000000
874 875 3238.000000
853 854 3221.000000
1512 1513 3220.000000
192 193 3217.000000
880 901 3207.000000
1006 1007 3192.000000
1007 1008 3192.000000
352 353 3164.000000
1074 1075 3133.000000
1070 1071 3090.000000
1144 1166 3088.000000
1092 1093 3084.000000
1093 1094 3084.000000
1094 1095 3084.000000
1095 1096 3084.000000
148 170 3061.000000
126 127 3036.000000
1357 1358 3029.000000
726 727 3027.000000
969 991 3014.000000
1359 1360 3004.000000
1267 1268 3002.000000
1268 1269 3002.000000
990 991 2983.000000
922 923 2952.000000
1269 1270 2951.000000
1245 1246 2948.000000
1246 1247 2946.000000
1247 1248 2946.000000
1140 1141 2921.000000
1468 1469 2890.000000
1511 1512 2878.000000
36 37 2875.000000
323 324 2871.000000
1141 1142 2858.000000
1033 10979 2848.000000
1186 1187 2839.000000
1405 1406 2832.000000
661 662 2824.000000
1332 1333 2823.000000
1333 1334 2823.000000
101 102 2800.000000
1226 1227 2792.000000
286 307 2777.000000
877 878 2773.000000
1378 1379 2754.000000
1379 1380 2754.000000
1185 1186 2751.000000
1354 1355 2724.000000
373 395 2713.000000
310 311 2682.000000
1114 1115 2678.000000
1115 1116 2678.000000
1116 1117 2678.000000
146 147 2651.000000
723 724 2640.000000
724 725 2640.000000
704 725 2613.000000
1556 1557 2610.000000
1053 1054 2604.000000
148 149 2596.000000
1444 1445 2592.000000
1078 1079 2590.000000
58 59 2585.000000
350 351 2566.000000
1008 1009 2564.000000
1266 1267 2551.000000
215 216 2520.000000
216 217 2520.000000
217 218 2520.000000
218 219 2520.000000
1005 1006 2507.000000
214 215 2491.000000
100 101 2490.000000
984 985 2483.000000
985 986 2483.000000
986 987 2483.000000
346 347 2468.000000
347 348 2468.000000
348 349 2468.000000
349 350 2468.000000
300 301 2462.000000
917 918 2461.000000
1335 1336 2444.000000
37 38 2436.000000
1334 1335 2431.000000
1446 1447 2427.000000
1510 1511 2425.000000
1232 1233 2414.000000
1336 1337 2410.000000
284 306 2384.000000
987 988 2349.000000
1166 1187 2343.000000
1142 1143 2297.000000
1380 1381 2236.000000
1358 1359 2225.000000
1056 1078 2222.000000
1555 1556 2218.000000
1223 1224 2202.000000
1224 1225 2202.000000
1225 1226 2202.000000
1244 1245 2198.000000
1445 1446 2191.000000
1118 1119 2186.000000
57 58 2183.000000
1287 1288 2182.000000
1557 1558 2182.000000
1058 1059 2170.000000
102 103 2139.000000
1122 1143 2131.000000
1079 1080 2118.000000
311 312 2112.000000
343 344 2109.000000
1469 1470 2097.000000
61 62 2090.000000
33 34 2048.000000
265 266 2039.000000
1355 1356 2037.000000
921 922 2016.000000
966 967 2015.000000
1297 1319 2000.000000
1276 1297 1994.000000
1117 1118 1976.000000
1470 1471 1952.000000
60 61 1946.000000
878 879 1933.000000
895 896 1925.000000
858 879 1909.000000
679 680 1908.000000
680 681 1908.000000
660 661 1904.000000
660 681 1904.000000
831 832 1891.000000
832 833 1891.000000
833 834 1891.000000
1188 1189 1861.000000
38 39 1859.000000
330 331 1804.000000
902 923 1804.000000
278 279 1797.000000
836 857 1795.000000
1553 1554 1793.000000
1554 1555 1782.000000
1353 1354 1780.000000
1027 1028 1779.000000
1028 1029 1779.000000
1029 1030 1779.000000
1030 1031 1779.000000
1381 1382 1766.000000
12 13 1759.000000
124 125 1754.000000
810 811 1740.000000
811 812 1740.000000
1382 1383 1738.000000
1383 1384 1733.000000
873 874 1726.000000
286 287 1722.000000
59 60 1714.000000
144 145 1706.000000
145 146 1706.000000
856 857 1698.000000
727 728 1697.000000
1011 10143 1682.000000
213 214 1665.000000
766 767 1665.000000
767 768 1665.000000
768 769 1665.000000
1577 1578 1659.000000
192 214 1652.000000
1331 1332 1648.000000
705 706 1636.000000
330 351 1631.000000
1122 1123 1622.000000
1509 1510 1613.000000
1448 1449 1591.000000
809 810 1589.000000
1447 1448 1578.000000
1210 1211 1571.000000
1012 1034 1539.000000
220 242 1534.000000
1004 1005 1534.000000
965 966 1532.000000
1488 1489 1520.000000
1184 1185 1518.000000
243 244 1495.000000
344 345 1492.000000
322 323 1469.000000
1375 1376 1459.000000
1376 1377 1459.000000
1490 1491 1459.000000
170 192 1454.000000
242 243 1447.000000
309 331 1430.000000
1188 1210 1426.000000
662 663 1410.000000
945 967 1408.000000
1102 1103 1405.000000
396 397 1394.000000
682 683 1387.000000
321 322 1380.000000
961 962 1356.000000
1077 10925 1355.000000
221 222 1354.000000
1400 1422 1350.000000
366 367 1346.000000
367 368 1346.000000
287 288 1342.000000
266 267 1340.000000
1377 1378 1328.000000
79 80 1323.000000
836 837 1323.000000
147 169 1308.000000
143 144 1297.000000
765 766 1279.000000
1576 1577 1273.000000
792 793 1267.000000
1205 1206 1261.000000
56 57 1258.000000
267 268 1250.000000
396 417 1248.000000
1145 1146 1235.000000
365 366 1234.000000
417 439 1234.000000
1513 1514 1232.000000
748 769 1229.000000
222 223 1222.000000
308 330 1215.000000
748 749 1211.000000
1031 10407 1206.000000
59 81 1203.000000
164 165 1201.000000
18 19 1191.000000
460 461 1182.000000
1049 1050 1175.000000
1050 1051 1175.000000
1051 1052 1175.000000
1265 1266 1170.000000
1222 1223 1162.000000
901 923 1161.000000
78 79 1154.000000
792 813 1150.000000
1123 1124 1148.000000
1487 1488 1142.000000
880 881 1140.000000
165 166 1134.000000
166 167 1134.000000
638 659 1134.000000
657 658 1134.000000
658 659 1134.000000
1010 10330 1124.000000
244 245 1121.000000
1158 1159 1102.000000
1159 1160 1102.000000
1160 1161 1102.000000
39 40 1100.000000
1489 1490 1100.000000
770 771 1099.000000
1384 1385 1097.000000
160 161 1096.000000
161 162 1096.000000
162 163 1096.000000
163 164 1096.000000
288 289 1089.000000
744 745 1089.000000
745 746 1089.000000
746 747 1089.000000
245 246 1081.000000
968 990 1078.000000
1048 1049 1078.000000
376 377 1074.000000
375 376 1073.000000
812 813 1053.000000
170 171 1048.000000
749 750 1044.000000
1492 1493 1041.000000
770 791 1016.000000
793 794 1000.000000
969 970 997.000000
459 460 995.000000
1533 1534 986.000000
638 639 982.000000
924 946 982.000000
374 375 981.000000
1491 1492 969.000000
983 984 960.000000
105 106 958.000000
80 81 955.000000
616 617 951.000000
616 637 951.000000
636 637 951.000000
1189 1190 951.000000
345 346 935.000000
1161 1162 926.000000
299 321 921.000000
1514 1515 913.000000
1575 1576 906.000000
1201 1202 904.000000
1202 1203 904.000000
1203 1204 904.000000
193 194 902.000000
194 195 902.000000
195 196 902.000000
196 197 902.000000
277 278 902.000000
1243 1244 902.000000
706 707 901.000000
1010 10254 900.000000
830 831 887.000000
858 859 876.000000
203 204 875.000000
204 205 875.000000
205 206 875.000000
206 207 875.000000
207 208 875.000000
208 209 875.000000
209 210 875.000000
210 211 875.000000
353 354 871.000000
1443 1444 869.000000
213 235 868.000000
678 679 864.000000
1179 1180 862.000000
1180 1181 862.000000
1181 1182 862.000000
1266 1288 861.000000
77 78 857.000000
255 256 856.000000
169 191 853.000000
159 160 850.000000
1204 1205 839.000000
329 351 834.000000
1135 1136 827.000000
1136 1137 827.000000
1137 1138 827.000000
1138 1139 827.000000
105 127 826.000000
1578 1579 826.000000
15 37 824.000000
343 365 822.000000
265 287 819.000000
663 664 817.000000
1200 1201 816.000000
103 125 812.000000
1166 1167 796.000000
1183 1184 795.000000
814 815 793.000000
212 213 784.000000
677 678 784.000000
728 729 773.000000
264 286 771.000000
332 333 770.000000
1167 1168 767.000000
814 835 766.000000
743 744 765.000000
1113 1114 756.000000
1428 1429 756.000000
683 684 753.000000
1168 1169 752.000000
1169 1170 752.000000
331 332 751.000000
102 124 747.000000
397 398 746.000000
1058 1080 746.000000
1059 1060 740.000000
1091 1092 738.000000
771 772 736.000000
639 640 722.000000
1182 1183 722.000000
640 641 719.000000
504 505 718.000000
788 789 716.000000
789 790 716.000000
1233 1234 715.000000
1234 1235 715.000000
1235 1236 715.000000
289 290 710.000000
1579 1580 706.000000
1006 10089 703.000000
1117 1139 702.000000
809 831 701.000000
946 967 701.000000
374 395 698.000000
197 219 693.000000
742 743 689.000000
812 834 689.000000
167 168 683.000000
353 375 683.000000
1052 1053 683.000000
834 835 682.000000
1362 1363 672.000000
214 236 669.000000
641 642 668.000000
269 270 665.000000
270 271 665.000000
271 272 665.000000
272 273 665.000000
273 274 665.000000
274 275 665.000000
275 276 665.000000
1449 1450 662.000000
276 277 660.000000
334 335 659.000000
335 336 659.000000
336 337 659.000000
337 338 659.000000
338 339 659.000000
339 340 659.000000
340 341 659.000000
341 342 659.000000
722 723 654.000000
503 504 652.000000
1352 1353 648.000000
1254 1275 647.000000
1033 10669 637.000000
917 939 633.000000
1221 1222 633.000000
1031 10565 631.000000
1147 1148 617.000000
1031 10509 613.000000
201 202 610.000000
440 461 608.000000
960 961 604.000000
354 355 598.000000
1101 1123 592.000000
418 439 589.000000
1033 1055 589.000000
81 82 587.000000
1211 1212 586.000000
1212 1213 586.000000
1213 1214 586.000000
103 10310 581.000000
617 618 580.000000
1102 1124 576.000000
126 148 572.000000
104 126 566.000000
1146 1147 566.000000
100 10626 553.000000
116 117 542.000000
117 118 542.000000
118 119 542.000000
119 120 542.000000
200 201 541.000000
115 116 538.000000
199 200 535.000000
1077 10964 535.000000
398 399 532.000000
1139 1140 531.000000
790 791 522.000000
706 728 517.000000
1471 1472 516.000000
675 676 509.000000
44 65 507.000000
63 64 507.000000
64 65 507.000000
836 858 507.000000
676 677 504.000000
290 291 497.000000
291 292 497.000000
292 293 497.000000
293 294 497.000000
294 295 497.000000
295 296 497.000000
296 297 497.000000
297 298 497.000000
298 299 496.000000
682 703 495.000000
355 356 492.000000
1103 1104 492.000000
1104 1105 492.000000
700 701 490.000000
701 702 490.000000
702 703 490.000000
342 343 489.000000
699 700 485.000000
1209 1231 482.000000
1026 1027 480.000000
1330 1331 477.000000
277 299 475.000000
750 751 473.000000
721 722 472.000000
101 10216 470.000000
1074 10831 461.000000
344 366 460.000000
223 224 459.000000
438 439 459.000000
1148 1170 458.000000
103 10865 455.000000
211 212 455.000000
1178 1179 454.000000
1267 1289 451.000000
1027 10878 450.000000
55 56 443.000000
225 226 441.000000
226 227 441.000000
227 228 441.000000
228 229 441.000000
229 230 441.000000
230 231 441.000000
231 232 441.000000
232 233 441.000000
236 258 437.000000
441 442 437.000000
1009 10883 436.000000
439 461 435.000000
481 482 433.000000
1163 1185 432.000000
198 199 430.000000
419 420 430.000000
618 619 428.000000
1070 10852 427.000000
182 183 425.000000
183 184 425.000000
184 185 425.000000
185 186 425.000000
186 187 425.000000
187 188 425.000000
188 189 425.000000
189 190 425.000000
285 307 421.000000
103 10638 420.000000
1012 10287 419.000000
106 10911 416.000000
247 248 416.000000
248 249 416.000000
249 250 416.000000
250 251 416.000000
251 252 416.000000
252 253 416.000000
253 254 416.000000
254 255 416.000000
234 235 410.000000
1356 1378 409.000000
707 708 402.000000
462 463 401.000000
463 464 401.000000
233 234 399.000000
1532 1533 395.000000
837 838 394.000000
103 10301 392.000000
103 10789 392.000000
103 10824 392.000000
440 441 392.000000
787 788 391.000000
311 333 389.000000
418 419 383.000000
1011 10190 380.000000
1531 1532 380.000000
1004 10531 378.000000
198 219 376.000000
1060 1061 375.000000
223 245 371.000000
190 212 367.000000
1134 1135 367.000000
1558 1559 365.000000
547 548 364.000000
1341 1363 362.000000
1012 10910 361.000000
1032 10554 358.000000
1053 10810 358.000000
224 225 355.000000
1124 1125 353.000000
1125 1126 353.000000
321 343 351.000000
37 59 350.000000
1034 10346 350.000000
1034 10428 350.000000
462 483 349.000000
1236 1237 347.000000
1034 1035 346.000000
1036 10561 346.000000
331 353 344.000000
1076 10982 343.000000
103 10769 340.000000
1534 1535 337.000000
916 917 335.000000
442 443 334.000000
619 620 334.000000
1070 10835 331.000000
410 411 330.000000
411 412 330.000000
412 413 330.000000
413 414 330.000000
414 415 330.000000
764 765 329.000000
1078 10947 329.000000
1048 1070 326.000000
38 60 325.000000
1013 10782 324.000000
1070 10944 324.000000
105 10889 323.000000
1011 10672 323.000000
1013 10269 323.000000
1013 10663 323.000000
243 265 322.000000
572 573 320.000000
572 593 320.000000
592 593 320.000000
1082 1083 320.000000
312 334 318.000000
684 685 318.000000
786 787 318.000000
1157 1158 317.000000
813 835 311.000000
1081 1082 311.000000
663 685 309.000000
944 966 309.000000
1005 10058 309.000000
1080 10844 309.000000
1380 1402 309.000000
1004 10430 308.000000
1033 10941 307.000000
1214 1215 307.000000
1033 10680 303.000000
1080 1081 302.000000
235 257 301.000000
1061 1062 298.000000
1080 10846 295.000000
1033 10421 291.000000
1098 1120 291.000000
1071 10898 286.000000
1334 1356 286.000000
320 321 285.000000
1053 10821 282.000000
82 83 281.000000
312 313 280.000000
313 314 280.000000
314 315 280.000000
315 316 280.000000
316 317 280.000000
317 318 280.000000
318 319 280.000000
319 320 280.000000
1058 10678 279.000000
1012 10435 278.000000
1011 10669 277.000000
1254 1255 277.000000
328 350 276.000000
1033 10796 275.000000
160 182 274.000000
103 10956 273.000000
856 878 272.000000
1048 10999 272.000000
330 352 271.000000
573 574 271.000000
1033 10544 271.000000
1469 1491 271.000000
620 642 270.000000
815 816 270.000000
280 302 268.000000
970 971 265.000000
971 972 265.000000
972 973 265.000000
1013 1014 265.000000
1032 10679 265.000000
1010 10446 264.000000
682 704 260.000000
1059 10643 259.000000
100 10168 253.000000
398 420 253.000000
1078 10818 253.000000
1014 1036 252.000000
1078 10863 251.000000
1574 1575 251.000000
1220 1221 250.000000
16 38 249.000000
420 421 249.000000
1010 10384 249.000000
1010 10542 249.000000
1078 10924 248.000000
62 63 246.000000
103 10510 244.000000
1156 1157 244.000000
1374 1375 244.000000
290 312 243.000000
241 263 242.000000
268 269 242.000000
1378 1400 242.000000
1013 10862 241.000000
1010 10665 240.000000
409 410 239.000000
1069 1070 239.000000
415 416 238.000000
1013 10586 238.000000
103 10774 237.000000
609 610 237.000000
610 611 237.000000
1013 10920 237.000000
1004 10406 236.000000
1013 10163 233.000000
103 10996 232.000000
1399 1400 232.000000
605 606 231.000000
606 607 231.000000
607 608 231.000000
608 609 231.000000
617 639 231.000000
1308 1309 231.000000
1008 10167 230.000000
310 332 227.000000
1056 10638 226.000000
1011 10713 225.000000
176 197 224.000000
1033 10390 222.000000
103 10349 221.000000
127 149 221.000000
1010 10529 221.000000
1013 10837 221.000000
103 10862 218.000000
1315 1337 218.000000
32 33 217.000000
1033 10393 217.000000
1033 10713 217.000000
234 256 214.000000
837 859 214.000000
533 555 213.000000
1013 10510 213.000000
1013 10956 213.000000
1090 1091 213.000000
1005 10165 211.000000
1054 10618 210.000000
1264 1265 210.000000
1535 1536 210.000000
142 143 209.000000
918 940 208.000000
705 727 207.000000
1056 10733 207.000000
1054 10559 206.000000
1056 10940 202.000000
103 10857 201.000000
880 902 201.000000
1033 10935 201.000000
103 10910 200.000000
1035 1036 199.000000
1034 10776 198.000000
1056 10730 198.000000
1056 10868 198.000000
900 922 197.000000
103 10837 196.000000
266 288 196.000000
395 417 196.000000
1005 10757 196.000000
103 10586 195.000000
356 357 194.000000
357 358 194.000000
358 359 194.000000
359 360 194.000000
360 361 194.000000
361 362 194.000000
362 363 194.000000
1027 10898 194.000000
1032 10330 194.000000
1033 10567 194.000000
1033 10744 194.000000
1487 1509 194.000000
794 795 193.000000
1056 10769 192.000000
1033 10781 191.000000
1193 1194 190.000000
1194 1195 190.000000
1195 1196 190.000000
1196 1197 190.000000
1197 1198 190.000000
1010 10421 189.000000
83 84 188.000000
363 364 187.000000
364 365 187.000000
1012 10265 187.000000
1057 10740 187.000000
1271 1293 186.000000
1010 10148 185.000000
1034 10414 185.000000
1008 10568 184.000000
33 55 183.000000
1034 10387 183.000000
1034 10730 183.000000
1034 10868 183.000000
1034 10940 183.000000
1281 1282 183.000000
1282 1283 183.000000
1283 1284 183.000000
1284 1285 183.000000
1285 1286 183.000000
656 657 182.000000
671 672 182.000000
672 673 182.000000
673 674 182.000000
674 675 182.000000
982 983 182.000000
1190 1191 182.000000
1191 1192 182.000000
1192 1193 182.000000
1276 1277 182.000000
1277 1278 182.000000
1278 1279 182.000000
1279 1280 182.000000
1280 1281 182.000000
103 10346 180.000000
103 10428 180.000000
1034 10351 179.000000
1100 1122 179.000000
125 147 177.000000
333 334 177.000000
1215 1216 176.000000
1216 1217 176.000000
1217 1218 176.000000
1218 1219 176.000000
1219 1220 176.000000
176 177 175.000000
268 290 174.000000
288 310 172.000000
1057 10886 172.000000
1424 1446 172.000000
1056 10789 171.000000
1033 10412 170.000000
1033 10499 170.000000
1189 1211 170.000000
149 171 169.000000
351 373 169.000000
1531 1553 169.000000
1556 1578 169.000000
1033 10900 167.000000
1077 10950 167.000000
1259 1260 166.000000
1260 1261 166.000000
1261 1262 166.000000
1262 1263 166.000000
1263 1264 166.000000
1011 10287 164.000000
1054 10713 164.000000
177 178 163.000000
178 179 163.000000
179 180 163.000000
180 181 163.000000
1026 10286 163.000000
1075 10883 163.000000
1148 1149 163.000000
552 553 162.000000
553 554 162.000000
554 555 162.000000
1011 10698 162.000000
1011 10758 162.000000
1011 10971 162.000000
1034 10489 162.000000
550 551 160.000000
550 571 160.000000
551 552 160.000000
570 571 160.000000
1013 10303 160.000000
1004 10149 159.000000
1013 10240 159.000000
1013 10337 159.000000
1013 10968 159.000000
1013 10970 159.000000
100 10784 158.000000
707 729 158.000000
1013 10769 157.000000
212 234 156.000000
484 505 156.000000
857 879 156.000000
875 897 156.000000
1012 10857 156.000000
1004 10589 155.000000
1004 10444 154.000000
1274 1296 154.000000
1530 1531 154.000000
1010 10680 153.000000
1034 10920 153.000000
221 243 152.000000
286 308 152.000000
103 10733 151.000000
484 485 151.000000
485 486 151.000000
1097 1119 151.000000
858 880 150.000000
1340 1362 149.000000
1403 1425 149.000000
1406 1407 149.000000
256 278 148.000000
1034 10894 148.000000
1056 10879 146.000000
103 10894 145.000000
105 10930 145.000000
1011 10950 145.000000
1013 10237 144.000000
105 10873 143.000000
246 247 143.000000
1011 10253 143.000000
1011 10393 143.000000
793 815 142.000000
1034 1056 142.000000
1054 10752 142.000000
1054 10922 142.000000
1056 10593 142.000000
1056 10619 142.000000
1010 10469 141.000000
1010 10544 141.000000
640 662 140.000000
1255 1256 140.000000
1256 1257 140.000000
1257 1258 140.000000
1258 1259 140.000000
1359 1381 140.000000
1011 10260 139.000000
1056 10763 139.000000
222 244 138.000000
635 636 138.000000
1013 10349 138.000000
1034 10956 138.000000
1097 10982 137.000000
1265 1287 137.000000
14 1576 136.000000
618 640 136.000000
1034 10510 136.000000
1034 10837 136.000000
1312 1334 136.000000
103 10364 135.000000
851 852 135.000000
1013 10638 135.000000
1052 10703 135.000000
1011 10935 134.000000
1013 10263 134.000000
1013 10438 134.000000
1056 10702 134.000000
98 99 133.000000
642 643 133.000000
643 644 133.000000
644 645 133.000000
645 646 133.000000
646 647 133.000000
647 648 133.000000
1032 10446 133.000000
725 747 132.000000
1011 10283 132.000000
1011 10412 132.000000
1011 10499 132.000000
1011 10677 132.000000
1032 10384 132.000000
902 924 131.000000
1033 10469 131.000000
1269 1291 131.000000
1377 1399 131.000000
662 684 130.000000
1033 10964 130.000000
1034 10865 130.000000
1056 10895 130.000000
1056 10977 130.000000
1076 10979 130.000000
947 969 129.000000
1033 10563 129.000000
1075 10777 129.000000
1013 10175 128.000000
1013 10182 128.000000
1013 10193 128.000000
1013 10202 128.000000
1013 10215 128.000000
1013 10188 127.000000
1013 10383 127.000000
1013 10864 127.000000
322 344 125.000000
1012 10971 125.000000
1031 10357 125.000000
1057 10996 125.000000
1075 10783 125.000000
665 666 124.000000
666 667 124.000000
667 668 124.000000
668 669 124.000000
669 670 124.000000
1013 10733 124.000000
1295 1317 124.000000
1033 10925 123.000000
1320 1341 123.000000
103 10550 122.000000
661 683 122.000000
664 665 122.000000
399 421 121.000000
1033 10677 121.000000
1009 10277 120.000000
1011 10781 120.000000
1078 10996 120.000000
852 874 119.000000
1032 10811 119.000000
278 300 118.000000
685 686 118.000000
120 121 117.000000
159 181 117.000000
199 221 117.000000
1013 10184 117.000000
1011 10928 116.000000
1034 10774 116.000000
1075 10934 116.000000
1198 1220 116.000000
1210 1232 116.000000
1199 1200 115.000000
193 215 114.000000
1010 10115 114.000000
1013 10453 114.000000
1013 10976 114.000000
1032 10721 113.000000
1013 10687 112.000000
1013 10500 111.000000
1013 10871 111.000000
1075 1097 111.000000
1075 10821 111.000000
528 529 110.000000
528 549 110.000000
529 530 110.000000
692 693 110.000000
693 694 110.000000
694 695 110.000000
695 696 110.000000
772 773 110.000000
924 925 110.000000
1013 10948 110.000000
1075 10808 110.000000
1105 1127 110.000000
1034 10586 109.000000
257 279 108.000000
1008 10179 108.000000
1010 10941 108.000000
377 399 107.000000
925 947 107.000000
1075 10841 106.000000
1075 10877 106.000000
1237 1238 105.000000
1238 1239 105.000000
1239 1240 105.000000
1240 1241 105.000000
1241 1242 105.000000
224 246 104.000000
530 531 104.000000
531 532 104.000000
532 533 104.000000
1005 1027 104.000000
198 220 103.000000
696 697 103.000000
697 698 103.000000
1034 10862 103.000000
1298 1299 103.000000
1299 1300 103.000000
1300 1301 103.000000
1301 1302 103.000000
1489 1511 103.000000
103 10702 102.000000
655 656 102.000000
686 687 102.000000
687 688 102.000000
688 689 102.000000
689 690 102.000000
690 691 102.000000
103 10717 101.000000
1031 10841 101.000000
1075 10816 101.000000
1286 1287 101.000000
1032 10399 100.000000
1126 1127 100.000000
1193 1215 100.000000
834 856 98.000000
1027 10405 98.000000
1078 10886 98.000000
750 772 97.000000
1034 10475 97.000000
1049 1071 97.000000
1075 10775 97.000000
1468 1490 97.000000
670 671 96.000000
922 944 96.000000
1010 10315 96.000000
1054 1076 96.000000
104 10917 94.000000
124 146 94.000000
619 641 94.000000
1013 10789 94.000000
1056 10894 94.000000
1075 10848 94.000000
1075 10902 94.000000
1075 10921 94.000000
511 533 93.000000
1009 10681 93.000000
1036 1037 93.000000
1037 1038 93.000000
1056 10717 92.000000
1031 10386 91.000000
1031 10575 91.000000
1031 10640 91.000000
1031 10718 91.000000
1031 10842 91.000000
1056 10972 91.000000
1013 10776 90.000000
1034 10550 90.000000
1 10594 89.000000
202 203 89.000000
1031 10883 89.000000
1034 10972 89.000000
0 1 88.000000
0 21 88.000000
12 34 88.000000
19 20 88.000000
20 21 88.000000
1009 10522 88.000000
1010 10627 88.000000
1012 10189 88.000000
1033 10490 88.000000
489 511 87.000000
1031 10831 87.000000
1140 1162 87.000000
255 277 86.000000
400 401 86.000000
401 402 86.000000
402 403 86.000000
403 404 86.000000
404 405 86.000000
405 406 86.000000
406 407 86.000000
1005 10405 86.000000
1166 1188 86.000000
816 817 85.000000
1013 10489 85.000000
1032 10659 85.000000
1062 1063 85.000000
1063 1064 85.000000
1064 1065 85.000000
1065 1066 85.000000
1066 1067 85.000000
1067 1068 85.000000
1402 1424 85.000000
103 10372 84.000000
103 10895 84.000000
103 10977 84.000000
138 139 84.000000
139 140 84.000000
140 141 84.000000
141 142 84.000000
878 900 84.000000
1005 10274 84.000000
1005 10741 84.000000
1010 10457 84.000000
1031 10568 84.000000
1031 10788 84.000000
1057 10715 84.000000
1493 1494 84.000000
121 122 83.000000
122 123 83.000000
123 124 83.000000
714 736 83.000000
770 792 83.000000
780 781 83.000000
781 782 83.000000
782 783 83.000000
783 784 83.000000
784 785 83.000000
1010 10585 83.000000
1010 10646 83.000000
1011 10469 83.000000
1032 10681 83.000000
1054 10781 83.000000
1075 10810 83.000000
1076 10922 83.000000
1077 1099 83.000000
1207 1229 83.000000
1511 1533 83.000000
1515 1516 83.000000
1096 10965 82.000000
1298 1319 82.000000
1004 10599 81.000000
1010 10257 81.000000
1013 10865 81.000000
1034 10717 81.000000
1083 1084 81.000000
1084 1085 81.000000
1085 1086 81.000000
1086 1087 81.000000
1087 1088 81.000000
1088 1089 81.000000
1089 1090 81.000000
749 771 80.000000
1010 10752 80.000000
1032 10627 80.000000
1198 1199 80.000000
407 408 78.000000
34 56 77.000000
1061 1083 77.000000
137 159 76.000000
634 635 76.000000
829 830 75.000000
835 857 75.000000
1010 10395 75.000000
1032 10542 75.000000
1077 10971 75.000000
1536 1537 75.000000
431 432 74.000000
432 433 74.000000
433 434 74.000000
434 435 74.000000
435 436 74.000000
436 437 74.000000
437 438 74.000000
853 875 74.000000
1076 10796 74.000000
1183 1205 74.000000
1222 1244 74.000000
181 182 73.000000
374 396 73.000000
1011 10305 73.000000
487 488 72.000000
488 489 72.000000
1011 10964 72.000000
1149 1150 72.000000
1150 1151 72.000000
1151 1152 72.000000
1152 1153 72.000000
1153 1154 72.000000
1296 1318 72.000000
15 1577 71.000000
1013 10774 71.000000
1068 1069 71.000000
61 83 70.000000
574 575 70.000000
575 576 70.000000
576 577 70.000000
583 584 70.000000
584 585 70.000000
585 586 70.000000
586 587 70.000000
587 588 70.000000
588 589 70.000000
589 590 70.000000
1031 1053 70.000000
1054 10542 70.000000
1178 1200 70.000000
1384 1406 70.000000
201 223 69.000000
242 264 69.000000
332 354 69.000000
421 443 69.000000
1032 10665 69.000000
1034 10733 69.000000
1057 10968 69.000000
1057 10970 69.000000
1127 1128 69.000000
1128 1129 69.000000
1129 1130 69.000000
1130 1131 69.000000
1131 1132 69.000000
1132 1133 69.000000
1133 1134 69.000000
1465 1466 69.000000
1467 1489 69.000000
708 709 68.000000
709 710 68.000000
710 711 68.000000
711 712 68.000000
712 713 68.000000
713 714 68.000000
1010 10559 68.000000
1054 10665 68.000000
1290 1312 68.000000
482 483 67.000000
1034 10349 67.000000
1034 10638 67.000000
1034 10769 67.000000
1053 10946 67.000000
1053 10949 67.000000
451 452 66.000000
452 453 66.000000
453 454 66.000000
454 455 66.000000
455 456 66.000000
456 457 66.000000
457 458 66.000000
458 459 66.000000
1154 1155 66.000000
429 430 65.000000
612 613 65.000000
831 853 65.000000
1053 10951 65.000000
1053 10969 65.000000
1204 1226 65.000000
620 621 64.000000
967 989 64.000000
1004 10648 64.000000
1009 10664 64.000000
1009 10965 64.000000
149 150 63.000000
203 225 63.000000
334 356 63.000000
1011 10157 63.000000
1075 10951 63.000000
1075 10969 63.000000
350 372 62.000000
387 388 62.000000
388 389 62.000000
389 390 62.000000
390 391 62.000000
391 392 62.000000
392 393 62.000000
408 409 62.000000
483 505 62.000000
596 618 62.000000
1009 10225 62.000000
1009 10450 62.000000
1009 10484 62.000000
1009 10505 62.000000
1009 10506 62.000000
1009 10775 62.000000
1009 10783 62.000000
1012 10950 62.000000
1057 10864 62.000000
1155 1156 62.000000
1167 1189 62.000000
377 378 61.000000
378 379 61.000000
379 380 61.000000
380 381 61.000000
381 382 61.000000
382 383 61.000000
383 384 61.000000
384 385 61.000000
430 431 61.000000
1009 10298 61.000000
1009 10934 61.000000
1011 10567 61.000000
1011 10744 61.000000
1011 10900 61.000000
1026 10531 61.000000
1053 10955 61.000000
1105 1106 61.000000
1106 1107 61.000000
1107 1108 61.000000
1108 1109 61.000000
1109 1110 61.000000
1110 1111 61.000000
1111 1112 61.000000
13 35 60.000000
137 138 60.000000
385 386 60.000000
961 983 60.000000
1010 10493 60.000000
1010 10694 60.000000
1011 10563 60.000000
1078 10782 60.000000
1078 10948 60.000000
11 12 59.000000
1054 10979 59.000000
1055 10669 59.000000
1012 10423 58.000000
1034 10364 58.000000
1337 1359 58.000000
1580 1581 58.000000
574 596 57.000000
1032 10529 57.000000
1053 10745 57.000000
1057 10663 57.000000
1057 10782 57.000000
1057 10976 57.000000
538 560 56.000000
1011 10462 56.000000
1056 10824 56.000000
1057 10687 56.000000
1057 10871 56.000000
1242 1243 56.000000
1026 10430 55.000000
1057 10948 55.000000
246 268 54.000000
604 605 54.000000
621 622 54.000000
622 623 54.000000
623 624 54.000000
624 625 54.000000
625 626 54.000000
1054 10627 54.000000
1142 1164 54.000000
1230 1252 54.000000
171 172 53.000000
172 173 53.000000
173 174 53.000000
174 175 53.000000
486 487 53.000000
1009 10369 53.000000
11 33 52.000000
1009 10399 52.000000
1010 10141 52.000000
1026 10589 52.000000
769 791 51.000000
1026 10648 51.000000
1034 10789 51.000000
1112 1113 51.000000
1292 1314 51.000000
233 255 50.000000
1070 10878 50.000000
77 99 49.000000
176 198 49.000000
443 444 49.000000
444 445 49.000000
573 595 49.000000
1026 10444 49.000000
1490 1512 48.000000
263 285 47.000000
591 592 47.000000
814 836 47.000000
287 309 46.000000
548 549 46.000000
691 692 46.000000
1010 10922 46.000000
1032 10922 46.000000
1036 1058 46.000000
1078 1100 46.000000
429 451 45.000000
590 591 45.000000
611 612 45.000000
736 737 45.000000
737 738 45.000000
738 739 45.000000
739 740 45.000000
740 741 45.000000
741 742 45.000000
751 752 45.000000
1027 10757 45.000000
1078 10920 45.000000
355 377 44.000000
418 440 44.000000
698 699 44.000000
1009 1031 44.000000
1027 10274 44.000000
1027 10741 44.000000
1055 10971 42.000000
1555 1577 42.000000
1031 10664 41.000000
1031 10965 41.000000
1052 10565 41.000000
1070 10999 41.000000
1272 1294 41.000000
1293 1315 41.000000
1009 10270 40.000000
103 10414 39.000000
103 10940 39.000000
399 400 39.000000
765 787 39.000000
1092 1114 39.000000
1123 1145 39.000000
1228 1250 39.000000
154 155 38.000000
154 175 38.000000
155 156 38.000000
156 157 38.000000
157 158 38.000000
158 159 38.000000
1010 10933 38.000000
219 241 37.000000
445 446 37.000000
446 447 37.000000
447 448 37.000000
448 449 37.000000
449 450 37.000000
450 451 37.000000
743 765 37.000000
1075 10946 37.000000
1075 10949 37.000000
1075 10955 37.000000
103 10363 36.000000
421 422 36.000000
422 423 36.000000
423 424 36.000000
424 425 36.000000
425 426 36.000000
426 427 36.000000
427 428 36.000000
428 429 36.000000
817 818 36.000000
818 819 36.000000
819 820 36.000000
820 821 36.000000
821 822 36.000000
822 823 36.000000
1056 10910 36.000000
1057 10776 36.000000
1119 1141 36.000000
1385 1407 36.000000
1554 1576 36.000000
103 10432 35.000000
320 342 35.000000
923 945 35.000000
925 926 35.000000
1010 10245 35.000000
1010 10719 35.000000
60 82 34.000000
103 10308 34.000000
103 10426 34.000000
103 10486 34.000000
103 10593 34.000000
103 10619 34.000000
103 10879 34.000000
181 203 34.000000
596 597 34.000000
597 598 34.000000
948 970 34.000000
1005 10482 34.000000
1012 10366 34.000000
1012 10605 34.000000
1056 10857 34.000000
1161 1183 34.000000
1221 1243 34.000000
103 10730 33.000000
103 10868 33.000000
106 10767 33.000000
106 10826 33.000000
106 10963 33.000000
168 190 33.000000
306 328 33.000000
375 397 33.000000
631 632 33.000000
632 633 33.000000
633 634 33.000000
1012 10938 33.000000
1075 10811 33.000000
103 10387 32.000000
103 10475 32.000000
103 10972 32.000000
699 721 32.000000
1053 1075 32.000000
1164 1186 32.000000
103 10351 31.000000
393 394 31.000000
973 974 31.000000
974 975 31.000000
975 976 31.000000
976 977 31.000000
977 978 31.000000
978 979 31.000000
979 980 31.000000
980 981 31.000000
981 982 31.000000
1057 10920 31.000000
1079 1101 31.000000
18 40 30.000000
103 10532 30.000000
626 627 30.000000
794 816 30.000000
874 896 30.000000
1013 10301 30.000000
1032 10719 30.000000
1032 10839 30.000000
1057 10774 30.000000
1057 10837 30.000000
1057 10956 30.000000
1078 10868 30.000000
106 10794 29.000000
132 133 29.000000
132 153 29.000000
133 134 29.000000
134 135 29.000000
135 136 29.000000
136 137 29.000000
150 151 29.000000
151 152 29.000000
152 153 29.000000
595 596 29.000000
595 617 29.000000
747 769 29.000000
926 948 29.000000
1005 10297 29.000000
1055 10938 29.000000
138 160 28.000000
594 595 28.000000
594 615 28.000000
613 614 28.000000
614 615 28.000000
946 947 28.000000
1054 10677 28.000000
1054 10935 28.000000
1057 10586 28.000000
1057 10862 28.000000
1186 1208 28.000000
1223 1245 28.000000
1510 1532 28.000000
17 39 27.000000
394 395 27.000000
684 706 27.000000
685 707 27.000000
1009 10136 27.000000
1078 10940 27.000000
171 193 26.000000
641 663 26.000000
729 730 26.000000
730 731 26.000000
731 732 26.000000
732 733 26.000000
733 734 26.000000
734 735 26.000000
735 736 26.000000
1078 10862 26.000000
93 94 25.000000
94 95 25.000000
95 96 25.000000
96 97 25.000000
97 98 25.000000
259 281 25.000000
785 786 25.000000
1011 10490 25.000000
1017 10255 25.000000
1054 10964 25.000000
1168 1190 25.000000
1177 1178 25.000000
1552 1553 25.000000
22 43 24.000000
40 41 24.000000
41 42 24.000000
42 43 24.000000
627 628 24.000000
628 629 24.000000
629 630 24.000000
630 631 24.000000
1011 10390 24.000000
1031 10380 24.000000
1031 10450 24.000000
1031 10476 24.000000
1031 10484 24.000000
1031 10505 24.000000
1031 10506 24.000000
1031 10603 24.000000
1031 10703 24.000000
1031 10775 24.000000
1031 10783 24.000000
1031 10808 24.000000
1031 10816 24.000000
1031 10848 24.000000
1031 10877 24.000000
1031 10902 24.000000
1031 10921 24.000000
1031 10934 24.000000
1032 1054 24.000000
1032 10493 24.000000
1032 10694 24.000000
1040 1062 24.000000
1134 1156 24.000000
951 973 23.000000
1011 10925 23.000000
1053 10752 23.000000
1057 10733 23.000000
1074 10788 23.000000
1074 10842 23.000000
1074 10965 23.000000
1170 1171 23.000000
1171 1172 23.000000
1172 1173 23.000000
1173 1174 23.000000
1174 1175 23.000000
1175 1176 23.000000
1176 1177 23.000000
1232 1254 23.000000
1466 1488 23.000000
58 80 22.000000
247 269 22.000000
533 534 22.000000
534 535 22.000000
535 536 22.000000
536 537 22.000000
537 538 22.000000
1026 10406 22.000000
1031 10955 22.000000
1428 1450 22.000000
1446 1468 22.000000
1040 1041 21.000000
1041 1042 21.000000
1042 1043 21.000000
1043 1044 21.000000
1044 1045 21.000000
1045 1046 21.000000
1046 1047 21.000000
1078 10972 21.000000
1139 1161 21.000000
1254 1276 21.000000
1298 1320 21.000000
1472 1473 21.000000
376 398 20.000000
677 699 20.000000
791 813 20.000000
792 814 20.000000
1010 1032 20.000000
1177 1199 20.000000
1199 1221 20.000000
1226 1248 20.000000
1287 1309 20.000000
289 311 19.000000
638 660 19.000000
1074 1096 19.000000
1078 10837 19.000000
13 1575 18.000000
115 137 18.000000
354 376 18.000000
655 677 18.000000
726 748 18.000000
896 918 18.000000
1076 1098 18.000000
1342 1343 18.000000
1342 1363 18.000000
1343 1344 18.000000
1344 1345 18.000000
1345 1346 18.000000
1346 1347 18.000000
1347 1348 18.000000
1348 1349 18.000000
1349 1350 18.000000
1350 1351 18.000000
1532 1554 18.000000
648 649 17.000000
649 650 17.000000
650 651 17.000000
651 652 17.000000
652 653 17.000000
653 654 17.000000
654 655 17.000000
744 766 17.000000
802 803 17.000000
803 804 17.000000
804 805 17.000000
805 806 17.000000
806 807 17.000000
1004 10217 17.000000
1008 10664 17.000000
1008 10965 17.000000
1014 1015 17.000000
1015 1016 17.000000
1016 1017 17.000000
1035 10663 17.000000
1047 1048 17.000000
110 111 16.000000
110 131 16.000000
111 112 16.000000
112 113 16.000000
113 114 16.000000
114 115 16.000000
128 129 16.000000
129 130 16.000000
130 131 16.000000
267 289 16.000000
386 387 16.000000
407 429 16.000000
467 489 16.000000
966 988 16.000000
1004 1026 16.000000
1122 1144 16.000000
1187 1209 16.000000
1447 1469 16.000000
146 168 15.000000
175 197 15.000000
721 743 15.000000
742 764 15.000000
807 808 15.000000
951 952 15.000000
952 953 15.000000
953 954 15.000000
954 955 15.000000
955 956 15.000000
956 957 15.000000
957 958 15.000000
958 959 15.000000
959 960 15.000000
1010 10839 15.000000
1031 10811 15.000000
1032 10752 15.000000
1034 10910 15.000000
1099 1121 15.000000
1288 1310 15.000000
127 128 14.000000
552 574 14.000000
1011 1033 14.000000
1034 10857 14.000000
1068 1090 14.000000
1248 1270 14.000000
464 465 13.000000
465 466 13.000000
466 467 13.000000
555 556 13.000000
556 557 13.000000
557 558 13.000000
558 559 13.000000
559 560 13.000000
771 793 13.000000
879 901 13.000000
1009 10725 13.000000
1047 1069 13.000000
1054 10796 13.000000
177 199 12.000000
300 322 12.000000
445 467 12.000000
530 552 12.000000
692 714 12.000000
1035 10782 12.000000
1053 10694 12.000000
1557 1579 12.000000
244 266 11.000000
416 438 11.000000
786 808 11.000000
1031 10331 11.000000
1031 10951 11.000000
1031 10969 11.000000
1035 10438 11.000000
1054 10544 11.000000
1201 1223 11.000000
1318 1340 11.000000
1553 1575 11.000000
634 656 10.000000
670 692 10.000000
714 715 10.000000
715 716 10.000000
716 717 10.000000
717 718 10.000000
718 719 10.000000
719 720 10.000000
1005 10326 10.000000
1009 10280 10.000000
1009 10645 10.000000
1009 10659 10.000000
1009 10721 10.000000
1009 10745 10.000000
1017 1018 10.000000
1018 1019 10.000000
1019 1020 10.000000
1020 1021 10.000000
1021 1022 10.000000
1022 1023 10.000000
1023 1024 10.000000
1024 1025 10.000000
1025 1026 10.000000
1031 10369 10.000000
1031 10946 10.000000
1031 10949 10.000000
1035 10383 10.000000
1035 10453 10.000000
1035 10500 10.000000
1035 10687 10.000000
1035 10715 10.000000
1035 10864 10.000000
1035 10871 10.000000
1035 10968 10.000000
1035 10970 10.000000
1035 10976 10.000000
1052 10775 10.000000
1052 10783 10.000000
1052 10848 10.000000
1052 10902 10.000000
1052 10921 10.000000
1052 10951 10.000000
1052 10969 10.000000
1112 1134 10.000000
1118 1140 10.000000
1156 1178 10.000000
1179 1201 10.000000
1358 1380 10.000000
1534 1556 10.000000
352 374 9.000000
467 468 9.000000
468 469 9.000000
469 470 9.000000
470 471 9.000000
471 472 9.000000
495 496 9.000000
496 497 9.000000
497 498 9.000000
498 499 9.000000
499 500 9.000000
500 501 9.000000
501 502 9.000000
502 503 9.000000
569 570 9.000000
599 600 9.000000
600 601 9.000000
601 602 9.000000
602 603 9.000000
603 604 9.000000
605 627 9.000000
703 725 9.000000
1008 10250 9.000000
1008 10386 9.000000
1008 10407 9.000000
1008 10575 9.000000
1008 10640 9.000000
1008 10718 9.000000
1008 10788 9.000000
1008 10842 9.000000
1009 10811 9.000000
1009 10955 9.000000
1013 10824 9.000000
1035 10948 9.000000
1054 10680 9.000000
1054 10941 9.000000
1055 10950 9.000000
1081 1103 9.000000
1143 1165 9.000000
1422 1444 9.000000
10 32 8.000000
262 284 8.000000
385 407 8.000000
508 509 8.000000
509 510 8.000000
510 511 8.000000
727 749 8.000000
830 852 8.000000
1009 10738 8.000000
1070 1092 8.000000
1091 10999 8.000000
1096 10969 8.000000
10 11 7.000000
88 89 7.000000
89 90 7.000000
90 91 7.000000
91 92 7.000000
92 93 7.000000
106 107 7.000000
107 108 7.000000
108 109 7.000000
363 385 7.000000
683 705 7.000000
720 742 7.000000
787 809 7.000000
929 951 7.000000
1205 1227 7.000000
1242 1264 7.000000
1249 1271 7.000000
1302 1303 7.000000
1303 1304 7.000000
1304 1305 7.000000
1305 1306 7.000000
1306 1307 7.000000
1512 1534 7.000000
62 84 6.000000
200 222 6.000000
240 262 6.000000
298 320 6.000000
568 569 6.000000
598 599 6.000000
609 631 6.000000
926 927 6.000000
927 928 6.000000
928 929 6.000000
939 961 6.000000
947 948 6.000000
1009 10114 6.000000
1034 10824 6.000000
1154 1176 6.000000
1176 1198 6.000000
1320 1321 6.000000
1321 1322 6.000000
1322 1323 6.000000
1323 1324 6.000000
1324 1325 6.000000
1325 1326 6.000000
1326 1327 6.000000
1327 1328 6.000000
1328 1329 6.000000
1329 1330 6.000000
215 237 5.000000
276 298 5.000000
462 484 5.000000
660 682 5.000000
676 698 5.000000
700 722 5.000000
752 753 5.000000
753 754 5.000000
754 755 5.000000
755 756 5.000000
756 757 5.000000
757 758 5.000000
1009 10777 5.000000
1009 10810 5.000000
1047 10531 5.000000
1243 1265 5.000000
1559 1560 5.000000
12 1574 4.000000
55 77 4.000000
116 138 4.000000
307 329 4.000000
583 605 4.000000
681 703 4.000000
686 708 4.000000
795 796 4.000000
796 797 4.000000
797 798 4.000000
798 799 4.000000
799 800 4.000000
800 801 4.000000
801 802 4.000000
808 830 4.000000
816 838 4.000000
1005 10425 4.000000
1005 10807 4.000000
1005 10814 4.000000
1009 10256 4.000000
1009 10268 4.000000
1009 10331 4.000000
1009 10357 4.000000
1009 10380 4.000000
1009 10476 4.000000
1009 10603 4.000000
1009 10703 4.000000
1009 10808 4.000000
1009 10816 4.000000
1009 10841 4.000000
1009 10848 4.000000
1009 10877 4.000000
1009 10902 4.000000
1009 10921 4.000000
1009 10946 4.000000
1009 10949 4.000000
1009 10951 4.000000
1009 10969 4.000000
1053 10659 4.000000
1053 10681 4.000000
1053 10721 4.000000
1053 10811 4.000000
1126 1148 4.000000
1155 1177 4.000000
1363 1385 4.000000
1421 1422 4.000000
516 538 3.000000
720 721 3.000000
773 774 3.000000
774 775 3.000000
775 776 3.000000
776 777 3.000000
777 778 3.000000
778 779 3.000000
779 780 3.000000
1014 10715 3.000000
1052 10568 3.000000
1052 10575 3.000000
1052 10640 3.000000
1052 10664 3.000000
1052 10718 3.000000
1052 10788 3.000000
1052 10831 3.000000
1052 10842 3.000000
1052 10965 3.000000
1120 1142 3.000000
1157 1179 3.000000
1465 1487 3.000000
1491 1513 3.000000
44 45 2.000000
45 46 2.000000
46 47 2.000000
47 48 2.000000
48 49 2.000000
49 71 2.000000
71 93 2.000000
511 512 2.000000
512 513 2.000000
513 514 2.000000
514 515 2.000000
515 516 2.000000
560 561 2.000000
561 562 2.000000
562 563 2.000000
563 564 2.000000
564 565 2.000000
565 566 2.000000
566 567 2.000000
567 568 2.000000
577 578 2.000000
578 579 2.000000
579 580 2.000000
580 581 2.000000
581 582 2.000000
582 604 2.000000
639 661 2.000000
642 664 2.000000
807 829 2.000000
965 987 2.000000
1018 1040 2.000000
1091 10944 2.000000
1200 1222 2.000000
1246 1268 2.000000
1268 1290 2.000000
1 2 1.000000
2 3 1.000000
3 4 1.000000
4 5 1.000000
5 6 1.000000
6 7 1.000000
7 8 1.000000
8 9 1.000000
489 490 1.000000
490 491 1.000000
491 492 1.000000
492 493 1.000000
493 494 1.000000
494 516 1.000000
664 686 1.000000
722 744 1.000000
758 759 1.000000
759 760 1.000000
760 761 1.000000
761 762 1.000000
762 763 1.000000
763 764 1.000000
815 837 1.000000
882 883 1.000000
883 884 1.000000
884 885 1.000000
885 907 1.000000
907 929 1.000000
948 949 1.000000
949 950 1.000000
950 951 1.000000
970 992 1.000000
1038 1039 1.000000
1039 1040 1.000000
1048 10898 1.000000
1141 1163 1.000000
1227 1249 1.000000
1286 1308 1.000000
1314 1336 1.000000
1509 1531 1.000000
1552 1574 1.000000
