185 186 17728.000000
186 187 17728.000000
187 188 17728.000000
188 189 17728.000000
1157 1158 14982.000000
184 185 14204.000000
1201 1202 14173.000000
1348 1349 11865.000000
1349 1350 11116.000000
1025 1026 11029.000000
1199 1200 10888.000000
1200 1201 10852.000000
1350 1351 10670.000000
1178 1179 10244.000000
1222 1223 10188.000000
189 190 10044.000000
1156 1157 9932.000000
1003 1004 9906.000000
1351 1352 9265.000000
1155 1156 9186.000000
938 939 9182.000000
1221 1222 9114.000000
937 938 8932.000000
981 982 8852.000000
229 230 8790.000000
230 231 8790.000000
231 232 8790.000000
95 96 8764.000000
232 233 8716.000000
1220 1221 8616.000000
1237 1238 8596.000000
1024 1025 8299.000000
1177 1178 8157.000000
163 164 8150.000000
164 165 8150.000000
165 166 8150.000000
166 167 8150.000000
1352 1353 8041.000000
190 191 8015.000000
52 53 7980.000000
1219 1220 7778.000000
1239 1240 7778.000000
1026 1027 7679.000000
277 278 7588.000000
889 890 7501.000000
890 891 7501.000000
162 163 7499.000000
1215 1216 7435.000000
1238 1239 7418.000000
1154 1155 7391.000000
1240 1241 7323.000000
1002 1003 7286.000000
1198 1199 7270.000000
1176 1177 7209.000000
1179 1180 7207.000000
1217 1218 7157.000000
867 868 7051.000000
868 869 7051.000000
1216 1217 7035.000000
1113 1114 6963.000000
228 229 6827.000000
1023 1024 6777.000000
1047 1048 6683.000000
51 52 6671.000000
1046 1047 6630.000000
1243 1244 6548.000000
959 960 6509.000000
1244 1245 6487.000000
823 824 6484.000000
824 825 6484.000000
825 826 6484.000000
1218 1219 6381.000000
936 937 6361.000000
141 142 6355.000000
960 961 6228.000000
866 867 6138.000000
891 892 6122.000000
1242 1243 6076.000000
1236 1237 6073.000000
207 208 6069.000000
208 209 6069.000000
209 210 6069.000000
210 211 6069.000000
142 143 6024.000000
143 144 6024.000000
144 145 6024.000000
145 146 6005.000000
802 803 5996.000000
803 804 5996.000000
982 983 5906.000000
1001 1002 5895.000000
892 893 5821.000000
980 981 5818.000000
1241 1242 5815.000000
1353 1354 5723.000000
96 97 5615.000000
1158 1159 5602.000000
1114 1115 5529.000000
1112 1113 5484.000000
273 274 5411.000000
274 275 5411.000000
275 276 5411.000000
278 279 5358.000000
1175 1176 5346.000000
958 959 5344.000000
652 653 5280.000000
865 866 5276.000000
233 234 5239.000000
893 894 5220.000000
997 998 5098.000000
998 999 5098.000000
140 141 5097.000000
364 365 5011.000000
139 140 4944.000000
1214 1215 4922.000000
1174 1175 4908.000000
1135 1136 4773.000000
8 9 4771.000000
869 870 4736.000000
276 277 4722.000000
1173 1174 4705.000000
1171 1172 4649.000000
1172 1173 4649.000000
1265 1266 4612.000000
939 940 4591.000000
1482 1483 4565.000000
870 871 4547.000000
1264 1265 4531.000000
845 846 4504.000000
846 847 4504.000000
847 848 4504.000000
888 889 4494.000000
1197 1198 4493.000000
73 74 4471.000000
957 958 4388.000000
996 997 4341.000000
1045 1046 4299.000000
5 6 4295.000000
6 7 4285.000000
849 850 4282.000000
117 118 4280.000000
1070 1071 4243.000000
234 235 4227.000000
801 802 4210.000000
1481 1482 4192.000000
1266 1267 4173.000000
1158 1180 4124.000000
1134 1135 4085.000000
1438 1439 4069.000000
1069 1070 4013.000000
1133 1134 3971.000000
1263 1264 3959.000000
211 212 3892.000000
1288 1289 3881.000000
321 322 3855.000000
1068 1069 3835.000000
1286 1287 3828.000000
29 30 3803.000000
1287 1288 3785.000000
206 207 3783.000000
167 168 3753.000000
651 652 3752.000000
161 162 3735.000000
183 184 3694.000000
1305 1306 3691.000000
1306 1307 3643.000000
1027 1028 3618.000000
1111 1112 3607.000000
4 5 3598.000000
279 280 3589.000000
779 780 3561.000000
780 781 3561.000000
781 782 3561.000000
235 236 3529.000000
1415 1416 3490.000000
822 823 3411.000000
1048 1049 3392.000000
1245 1246 3383.000000
1304 1305 3378.000000
205 206 3359.000000
1195 1196 3326.000000
1480 1481 3274.000000
30 31 3270.000000
7 8 3234.000000
800 801 3209.000000
649 650 3196.000000
650 651 3196.000000
1170 1171 3185.000000
53 54 3178.000000
1193 1194 3178.000000
1194 1195 3178.000000
1132 1133 3107.000000
226 227 3071.000000
1308 1309 3064.000000
1196 1197 3060.000000
1416 1417 3035.000000
1307 1308 3030.000000
1309 1310 3013.000000
1479 1480 2991.000000
1028 1029 2946.000000
1262 1263 2931.000000
1414 1415 2924.000000
1088 1089 2919.000000
1000 1001 2910.000000
804 805 2897.000000
826 827 2895.000000
1261 1262 2821.000000
821 822 2820.000000
587 588 2813.000000
116 117 2799.000000
1153 1154 2796.000000
932 933 2778.000000
933 934 2778.000000
934 935 2778.000000
1327 1328 2755.000000
1040 1041 2746.000000
1041 1042 2746.000000
1042 1043 2746.000000
1043 1044 2746.000000
227 228 2733.000000
1071 1072 2709.000000
1285 1286 2699.000000
1004 1005 2697.000000
1192 1193 2697.000000
1503 1504 2670.000000
255 256 2654.000000
1090 1091 2638.000000
138 139 2628.000000
1091 1092 2621.000000
1504 1505 2591.000000
1417 1418 2587.000000
1067 1068 2581.000000
1330 1331 2572.000000
1049 1050 2544.000000
848 849 2530.000000
1089 1090 2525.000000
1180 1181 2503.000000
1329 1330 2484.000000
827 828 2472.000000
1260 1261 2467.000000
1371 1372 2463.000000
805 806 2455.000000
294 295 2440.000000
295 296 2440.000000
296 297 2440.000000
297 298 2440.000000
1331 1332 2440.000000
1436 1437 2435.000000
247 248 2426.000000
52 74 2421.000000
935 936 2389.000000
584 585 2385.000000
585 586 2385.000000
1110 1111 2380.000000
1328 1329 2380.000000
756 757 2377.000000
586 587 2370.000000
1568 1569 2367.000000
320 321 2357.000000
1567 1568 2354.000000
48 49 2353.000000
49 50 2353.000000
757 758 2347.000000
1435 1436 2339.000000
1044 1045 2333.000000
139 161 2328.000000
1005 1006 2323.000000
1283 1284 2309.000000
168 169 2285.000000
1114 1136 2283.000000
758 759 2272.000000
759 760 2272.000000
887 888 2259.000000
50 51 2254.000000
10 10295 2233.000000
248 249 2227.000000
1437 1438 2216.000000
53 75 2204.000000
1092 1093 2186.000000
1460 1461 2178.000000
47 48 2177.000000
1373 1374 2160.000000
1483 1484 2146.000000
250 251 2140.000000
251 252 2140.000000
252 253 2140.000000
253 254 2140.000000
191 192 2139.000000
674 675 2123.000000
939 961 2082.000000
1459 1460 2068.000000
1284 1285 2060.000000
74 75 2051.000000
953 954 2047.000000
954 955 2047.000000
955 956 2047.000000
979 980 2045.000000
1570 1571 2036.000000
844 845 2009.000000
365 387 2000.000000
298 299 1994.000000
1418 1419 1993.000000
256 257 1985.000000
760 761 1960.000000
272 273 1932.000000
871 872 1929.000000
1332 1333 1918.000000
1524 1525 1894.000000
675 676 1891.000000
204 205 1876.000000
1569 1570 1858.000000
1525 1526 1847.000000
192 193 1846.000000
914 915 1845.000000
1372 1373 1835.000000
257 258 1816.000000
1115 1116 1807.000000
956 957 1778.000000
1280 1281 1776.000000
1281 1282 1776.000000
740 741 1772.000000
850 851 1739.000000
894 895 1731.000000
1127 1128 1717.000000
1128 1129 1717.000000
1129 1130 1717.000000
1130 1131 1717.000000
676 677 1711.000000
588 589 1706.000000
236 258 1694.000000
146 147 1660.000000
1458 1459 1656.000000
653 654 1649.000000
1461 1462 1642.000000
322 323 1634.000000
94 95 1631.000000
741 742 1631.000000
249 250 1625.000000
778 779 1620.000000
1003 10190 1616.000000
931 932 1588.000000
300 301 1584.000000
212 213 1582.000000
237 238 1582.000000
254 255 1567.000000
316 317 1562.000000
317 318 1562.000000
318 319 1562.000000
319 320 1562.000000
118 119 1555.000000
1024 10681 1549.000000
1000 10025 1544.000000
1131 1132 1543.000000
806 807 1541.000000
1062 1063 1526.000000
1063 1064 1526.000000
1064 1065 1526.000000
72 73 1522.000000
696 697 1517.000000
1019 1020 1511.000000
1020 1021 1511.000000
1021 1022 1511.000000
783 784 1502.000000
236 237 1484.000000
734 735 1484.000000
321 343 1471.000000
1370 1371 1467.000000
169 170 1462.000000
170 171 1462.000000
784 785 1458.000000
1150 1151 1444.000000
1151 1152 1430.000000
739 740 1424.000000
1213 1214 1419.000000
1439 1440 1409.000000
692 693 1408.000000
693 694 1408.000000
694 695 1408.000000
1152 1153 1397.000000
1072 1073 1396.000000
193 194 1393.000000
1001 10225 1393.000000
695 696 1391.000000
718 719 1384.000000
1546 1547 1381.000000
258 259 1377.000000
190 212 1373.000000
299 300 1367.000000
387 388 1355.000000
1566 1567 1352.000000
1523 1524 1343.000000
1093 1094 1341.000000
1159 1160 1329.000000
1003 10040 1316.000000
736 737 1309.000000
737 738 1309.000000
738 739 1309.000000
983 984 1306.000000
270 271 1304.000000
271 272 1303.000000
1169 1170 1303.000000
671 672 1302.000000
672 673 1302.000000
171 172 1299.000000
29 51 1292.000000
191 213 1290.000000
782 783 1289.000000
280 281 1282.000000
1022 1023 1276.000000
1392 1393 1273.000000
697 698 1270.000000
1126 1127 1268.000000
1006 1007 1251.000000
92 93 1248.000000
93 94 1248.000000
292 293 1237.000000
293 294 1237.000000
1018 1019 1234.000000
213 214 1219.000000
324 325 1219.000000
1027 1049 1208.000000
278 300 1205.000000
323 324 1202.000000
1374 1375 1196.000000
828 829 1194.000000
673 674 1184.000000
1238 1260 1178.000000
1393 1394 1173.000000
691 692 1164.000000
1375 1376 1162.000000
975 976 1158.000000
976 977 1158.000000
977 978 1158.000000
978 979 1158.000000
234 256 1155.000000
75 97 1147.000000
648 649 1144.000000
1282 1283 1142.000000
1245 1267 1131.000000
1001 10148 1123.000000
588 610 1120.000000
654 655 1112.000000
1310 1311 1111.000000
118 140 1095.000000
608 609 1086.000000
1502 1503 1079.000000
281 282 1078.000000
610 611 1061.000000
1084 1085 1052.000000
1085 1086 1052.000000
1086 1087 1052.000000
632 633 1046.000000
735 736 1046.000000
1025 10796 1040.000000
1505 1506 1032.000000
365 366 1028.000000
1547 1548 1020.000000
26 27 1013.000000
27 28 1013.000000
28 29 1013.000000
204 226 1012.000000
140 162 1011.000000
1087 1088 1001.000000
1235 1236 993.000000
1440 1441 983.000000
611 612 982.000000
719 720 974.000000
291 292 968.000000
589 590 968.000000
182 183 962.000000
984 985 962.000000
1545 1546 960.000000
1070 1092 952.000000
214 215 949.000000
605 606 936.000000
606 607 936.000000
607 608 936.000000
259 260 934.000000
325 326 934.000000
74 96 933.000000
915 916 933.000000
203 204 927.000000
1457 1458 922.000000
132 133 908.000000
132 153 908.000000
133 134 908.000000
134 135 908.000000
135 136 908.000000
136 137 908.000000
137 138 908.000000
152 153 908.000000
31 32 904.000000
194 195 888.000000
1004 10435 886.000000
3 4 882.000000
785 786 866.000000
1462 1463 859.000000
1148 1149 858.000000
225 226 857.000000
1149 1150 856.000000
279 301 848.000000
147 148 843.000000
148 149 843.000000
1419 1420 839.000000
757 779 830.000000
1117 1118 830.000000
1118 1119 830.000000
147 169 826.000000
146 168 821.000000
189 211 820.000000
910 911 820.000000
911 912 820.000000
912 913 820.000000
761 762 819.000000
631 632 811.000000
590 591 810.000000
609 610 809.000000
807 808 806.000000
1039 1040 806.000000
1116 1117 796.000000
1326 1327 792.000000
762 763 784.000000
1258 1259 783.000000
1259 1260 783.000000
269 270 779.000000
1136 1137 769.000000
1065 1066 764.000000
1065 1087 762.000000
938 960 761.000000
215 216 757.000000
583 584 753.000000
238 260 752.000000
1506 1507 747.000000
843 844 730.000000
1395 1396 711.000000
429 430 700.000000
677 678 699.000000
633 634 698.000000
720 721 697.000000
1137 1138 696.000000
669 670 695.000000
108 109 694.000000
162 184 692.000000
117 139 685.000000
1396 1397 677.000000
850 872 676.000000
388 389 673.000000
389 390 673.000000
1003 10199 664.000000
238 239 654.000000
25 26 653.000000
670 671 652.000000
198 199 650.000000
198 219 650.000000
199 200 650.000000
200 201 650.000000
201 202 650.000000
202 203 650.000000
217 218 650.000000
218 219 650.000000
1214 1236 646.000000
714 715 640.000000
715 716 640.000000
716 717 640.000000
301 302 637.000000
88 89 636.000000
89 90 636.000000
90 91 636.000000
91 92 636.000000
1002 10148 632.000000
1006 10431 632.000000
343 344 631.000000
277 299 630.000000
1048 10894 627.000000
1501 1502 627.000000
1289 1290 620.000000
913 914 617.000000
220 221 616.000000
220 241 616.000000
221 222 616.000000
222 223 616.000000
223 224 616.000000
224 225 616.000000
239 240 616.000000
240 241 616.000000
894 916 616.000000
647 648 614.000000
1001 10325 614.000000
1066 1067 610.000000
1007 1008 609.000000
1181 1182 603.000000
1182 1183 603.000000
1183 1184 603.000000
302 303 597.000000
44 65 596.000000
64 65 596.000000
1394 1395 585.000000
1071 1093 583.000000
540 541 580.000000
541 542 580.000000
542 543 580.000000
149 150 576.000000
1279 1280 565.000000
995 996 561.000000
713 714 552.000000
1002 10413 551.000000
1484 1485 547.000000
368 369 542.000000
1202 1203 541.000000
44 45 539.000000
45 46 539.000000
46 47 539.000000
630 631 538.000000
1163 1164 536.000000
1191 1192 533.000000
225 247 531.000000
627 628 530.000000
628 629 530.000000
1223 1224 530.000000
1508 1509 530.000000
1509 1510 530.000000
1510 1511 530.000000
344 345 529.000000
629 630 515.000000
1544 1545 514.000000
805 827 513.000000
264 265 509.000000
264 285 509.000000
265 266 509.000000
266 267 509.000000
267 268 509.000000
268 269 509.000000
283 284 509.000000
284 285 509.000000
1040 10711 508.000000
1203 1204 506.000000
1204 1205 506.000000
1205 1206 506.000000
1131 1153 503.000000
952 953 496.000000
909 910 492.000000
1083 1084 490.000000
1322 1323 486.000000
1323 1324 486.000000
1324 1325 486.000000
1325 1326 486.000000
160 161 485.000000
314 315 476.000000
315 316 476.000000
325 347 476.000000
543 544 473.000000
150 151 471.000000
408 409 470.000000
1061 1062 466.000000
1003 10713 465.000000
110 111 464.000000
110 131 464.000000
111 112 464.000000
112 113 464.000000
113 114 464.000000
114 115 464.000000
115 116 464.000000
130 131 464.000000
893 915 462.000000
1115 1137 460.000000
1548 1549 455.000000
97 98 453.000000
1004 10130 452.000000
1073 1074 452.000000
1074 1075 452.000000
1282 1304 452.000000
1160 1161 451.000000
1161 1162 451.000000
1162 1163 451.000000
544 566 447.000000
1481 1503 445.000000
66 67 442.000000
67 68 442.000000
698 699 441.000000
1027 10762 439.000000
366 367 434.000000
1068 10819 434.000000
806 828 433.000000
895 896 433.000000
1050 1051 432.000000
1025 1047 430.000000
1138 1139 430.000000
1139 1140 430.000000
1002 10493 429.000000
1351 1373 429.000000
603 604 427.000000
30 52 425.000000
1300 1301 423.000000
1301 1302 423.000000
1302 1303 423.000000
1001 10401 417.000000
345 346 415.000000
1049 10995 412.000000
1049 10981 409.000000
804 826 408.000000
1504 1526 402.000000
532 533 400.000000
533 534 400.000000
534 535 400.000000
1024 10392 399.000000
1180 1202 398.000000
1261 1283 395.000000
1460 1482 395.000000
172 173 393.000000
1144 1145 393.000000
1144 1165 393.000000
1145 1146 393.000000
1146 1147 393.000000
1164 1165 393.000000
626 627 391.000000
985 986 391.000000
986 987 391.000000
535 536 388.000000
536 537 388.000000
537 538 388.000000
367 368 385.000000
66 87 384.000000
86 87 384.000000
717 718 384.000000
763 764 383.000000
1522 1523 383.000000
1029 10583 381.000000
1044 10565 381.000000
896 918 380.000000
1024 10901 379.000000
51 73 377.000000
248 270 377.000000
1039 10635 377.000000
161 183 370.000000
676 698 370.000000
1047 10668 368.000000
154 155 367.000000
154 175 367.000000
155 156 367.000000
156 157 367.000000
157 158 367.000000
158 159 367.000000
159 160 367.000000
173 174 367.000000
174 175 367.000000
313 314 365.000000
1201 1223 364.000000
1257 1258 358.000000
31 53 356.000000
1004 10310 356.000000
1004 10363 356.000000
604 605 354.000000
1397 1398 353.000000
1003 10081 349.000000
1026 10435 348.000000
276 298 347.000000
342 343 344.000000
1147 1148 343.000000
258 280 342.000000
1090 10953 342.000000
1001 10777 339.000000
10 32 338.000000
742 743 337.000000
1004 10142 336.000000
300 322 335.000000
760 782 334.000000
1082 1083 334.000000
1354 1355 333.000000
129 130 330.000000
1157 1179 329.000000
346 347 324.000000
459 481 324.000000
1040 10932 324.000000
1051 1052 322.000000
1052 1053 322.000000
1025 10979 320.000000
1047 10985 320.000000
149 171 319.000000
1303 1304 319.000000
1050 10927 318.000000
1006 10204 316.000000
1006 10678 316.000000
1040 10731 316.000000
866 888 315.000000
1305 1327 313.000000
303 304 312.000000
10 10491 311.000000
987 988 311.000000
1007 10293 311.000000
1046 10953 310.000000
497 498 306.000000
498 499 306.000000
1008 1009 306.000000
848 870 304.000000
1008 10255 303.000000
1326 1348 301.000000
1062 10944 300.000000
1184 1185 300.000000
1049 10997 299.000000
1206 1207 299.000000
1116 1138 294.000000
192 214 293.000000
1027 10886 293.000000
1002 10982 291.000000
1018 10276 291.000000
1091 10985 291.000000
1009 10378 290.000000
1027 10375 290.000000
1027 10863 290.000000
257 279 289.000000
286 287 289.000000
287 288 289.000000
288 289 289.000000
289 290 289.000000
1029 1030 289.000000
1030 1031 289.000000
1031 1032 289.000000
286 307 288.000000
304 305 288.000000
305 306 288.000000
306 307 288.000000
1047 10577 287.000000
85 86 286.000000
1073 10751 286.000000
1001 10509 285.000000
918 940 283.000000
1084 10932 278.000000
1027 10329 277.000000
1027 10379 277.000000
1004 10335 275.000000
282 283 274.000000
1004 10593 268.000000
1307 1329 267.000000
369 391 265.000000
1549 1550 265.000000
1004 10308 264.000000
1004 10432 264.000000
1004 10486 264.000000
1004 10619 264.000000
1004 10879 264.000000
176 177 263.000000
176 197 263.000000
177 178 263.000000
178 179 263.000000
179 180 263.000000
180 181 263.000000
195 196 263.000000
196 197 263.000000
761 783 260.000000
1376 1377 260.000000
1002 10689 258.000000
1002 10850 258.000000
589 611 257.000000
1004 10475 254.000000
1003 10253 252.000000
1029 10327 252.000000
1463 1464 252.000000
1006 10561 248.000000
1027 10358 243.000000
282 304 241.000000
1093 10961 239.000000
269 291 236.000000
1091 10917 236.000000
1459 1481 236.000000
1004 10346 235.000000
1004 10428 235.000000
1507 1508 235.000000
625 626 234.000000
1004 10996 234.000000
916 917 233.000000
1002 10618 233.000000
1004 10163 233.000000
1027 10488 232.000000
1027 10600 231.000000
1027 10818 231.000000
1391 1392 231.000000
68 69 230.000000
1027 10924 230.000000
1027 10947 230.000000
849 871 229.000000
242 243 227.000000
242 263 227.000000
243 244 227.000000
244 245 227.000000
245 246 227.000000
246 247 227.000000
256 278 227.000000
261 262 227.000000
262 263 227.000000
1048 10488 225.000000
160 182 224.000000
181 182 224.000000
1156 1178 223.000000
763 785 222.000000
1048 10818 222.000000
499 500 220.000000
1004 10184 220.000000
783 805 219.000000
917 918 219.000000
260 261 217.000000
1029 10846 217.000000
1022 10407 216.000000
1068 10752 216.000000
557 558 215.000000
558 559 215.000000
280 302 214.000000
1004 10349 213.000000
1004 10510 213.000000
1050 10523 213.000000
10 11 212.000000
1003 10613 212.000000
1004 10221 212.000000
1004 10351 212.000000
1048 10762 211.000000
1004 10769 209.000000
1048 10924 209.000000
1048 10947 209.000000
1526 1527 209.000000
572 573 208.000000
572 593 208.000000
573 574 208.000000
591 592 208.000000
592 593 208.000000
1018 10944 208.000000
1026 1048 208.000000
1048 10600 208.000000
1004 10837 207.000000
1048 10886 207.000000
1289 1311 207.000000
647 669 205.000000
1004 10940 205.000000
721 722 203.000000
1004 10733 203.000000
1048 10502 203.000000
1048 10740 203.000000
582 583 201.000000
1026 10717 201.000000
1040 10411 201.000000
1040 10474 201.000000
1004 10426 200.000000
1025 10964 199.000000
690 691 198.000000
1029 10340 198.000000
1029 10553 198.000000
1029 10844 198.000000
1048 10940 196.000000
415 437 195.000000
437 459 195.000000
1027 10349 195.000000
1027 10510 195.000000
677 699 194.000000
1004 10347 194.000000
1007 10176 194.000000
1007 10455 194.000000
1007 10643 193.000000
974 975 192.000000
1003 10393 192.000000
1007 10523 192.000000
1050 10643 192.000000
1093 1115 192.000000
1241 1263 192.000000
1024 1046 189.000000
1046 10469 188.000000
452 453 186.000000
1025 10713 186.000000
1028 1050 185.000000
431 432 183.000000
432 433 183.000000
433 434 183.000000
451 452 183.000000
940 941 182.000000
1024 10249 182.000000
500 522 181.000000
1047 10532 181.000000
531 532 180.000000
1047 10702 180.000000
216 217 179.000000
1047 10763 179.000000
518 519 178.000000
519 520 178.000000
520 521 178.000000
941 942 178.000000
942 943 178.000000
1005 10502 178.000000
1047 10895 178.000000
1047 10977 178.000000
1000 10831 177.000000
1005 10740 177.000000
1048 10863 177.000000
1026 10475 176.000000
107 129 175.000000
247 269 175.000000
260 282 174.000000
270 292 174.000000
390 391 173.000000
655 656 173.000000
1026 10414 173.000000
1571 1572 173.000000
778 800 172.000000
1023 1045 172.000000
1029 1051 172.000000
1026 10972 171.000000
1073 10778 171.000000
1075 1076 171.000000
69 70 170.000000
70 71 170.000000
71 72 170.000000
1002 10469 170.000000
1039 10856 170.000000
1026 10387 169.000000
1026 10730 169.000000
1026 10426 168.000000
1027 10609 168.000000
344 366 167.000000
130 152 166.000000
1003 10260 165.000000
1026 10868 165.000000
1026 10894 165.000000
413 414 164.000000
414 415 164.000000
1038 1039 163.000000
1004 10868 162.000000
1028 10678 161.000000
205 227 160.000000
235 257 160.000000
1004 10387 160.000000
1004 10730 160.000000
1004 10239 159.000000
1004 10972 159.000000
1026 10613 159.000000
953 975 157.000000
1023 10325 156.000000
1137 1159 155.000000
98 99 154.000000
100 101 154.000000
101 102 154.000000
1017 1018 154.000000
539 540 153.000000
1026 10308 153.000000
10 10889 152.000000
1001 10331 151.000000
1109 1110 151.000000
828 850 149.000000
601 602 148.000000
602 603 148.000000
1004 10180 148.000000
124 146 147.000000
453 454 147.000000
454 455 147.000000
455 456 147.000000
712 713 147.000000
1050 10553 146.000000
1050 10844 146.000000
1004 10059 145.000000
1004 10121 145.000000
1004 10263 145.000000
1004 10414 145.000000
1547 1569 145.000000
226 248 144.000000
1026 10432 144.000000
1026 10486 144.000000
119 120 143.000000
335 336 142.000000
336 337 142.000000
337 338 142.000000
338 339 142.000000
339 340 142.000000
340 341 142.000000
633 655 142.000000
1125 1126 141.000000
1050 10846 140.000000
1219 1241 140.000000
10 10345 139.000000
169 191 139.000000
290 291 139.000000
1048 10609 139.000000
1069 1091 139.000000
120 121 138.000000
121 122 138.000000
122 123 138.000000
123 124 138.000000
623 624 138.000000
624 625 138.000000
1026 10593 137.000000
1328 1350 137.000000
1436 1458 137.000000
1026 10619 136.000000
1026 10879 136.000000
1026 10763 135.000000
1026 10895 135.000000
1026 10977 135.000000
1004 10895 134.000000
1004 10977 134.000000
1024 10493 134.000000
1024 10618 134.000000
1026 10372 134.000000
1026 10532 134.000000
1026 10702 134.000000
1215 1237 134.000000
1004 10702 133.000000
1004 10763 133.000000
1046 1068 133.000000
1071 10998 133.000000
1565 1566 133.000000
1004 10532 132.000000
652 674 131.000000
1004 10372 131.000000
1026 10335 131.000000
1004 10113 130.000000
1004 10218 130.000000
1026 10347 130.000000
456 457 129.000000
457 458 129.000000
458 459 129.000000
632 654 129.000000
1094 1095 129.000000
1095 1096 129.000000
1096 1097 129.000000
696 718 128.000000
1070 10702 128.000000
1070 10763 128.000000
1070 10895 128.000000
1070 10977 128.000000
1024 10982 127.000000
673 695 126.000000
1349 1371 126.000000
410 411 125.000000
411 412 125.000000
412 413 125.000000
1017 10635 125.000000
32 54 124.000000
1029 10293 124.000000
1072 10846 124.000000
1106 1107 124.000000
184 206 123.000000
1107 1108 123.000000
1108 1109 123.000000
299 321 122.000000
521 522 122.000000
1023 10268 122.000000
1023 10808 122.000000
1023 10877 122.000000
1069 10985 122.000000
762 784 121.000000
1001 10775 120.000000
1045 10542 120.000000
1001 10369 119.000000
1001 10883 119.000000
1004 10279 119.000000
1072 10844 119.000000
1413 1414 119.000000
543 565 118.000000
707 708 117.000000
708 709 117.000000
709 710 117.000000
710 711 117.000000
711 712 117.000000
50 72 116.000000
1062 10711 116.000000
1071 10997 116.000000
151 152 115.000000
1001 10450 115.000000
1001 10505 115.000000
1001 10506 115.000000
1001 10783 115.000000
1188 1189 115.000000
1188 1209 115.000000
1189 1190 115.000000
1190 1191 115.000000
1208 1209 115.000000
1348 1370 115.000000
1000 10225 114.000000
1026 10279 114.000000
1045 10901 114.000000
1072 10927 114.000000
22 23 113.000000
23 24 113.000000
739 761 113.000000
1001 10921 113.000000
1001 10256 112.000000
1001 10902 112.000000
1001 10951 112.000000
1001 10969 112.000000
1004 10894 112.000000
1527 1528 112.000000
544 545 111.000000
1001 10380 111.000000
1001 10476 111.000000
1001 10703 111.000000
1001 10848 111.000000
1002 1024 111.000000
1068 1090 111.000000
1126 1148 111.000000
1170 1192 110.000000
1027 10502 109.000000
1027 10740 109.000000
1045 10821 109.000000
1001 10816 108.000000
1002 10922 108.000000
574 575 107.000000
892 914 107.000000
587 609 106.000000
1002 10554 106.000000
150 172 105.000000
347 369 105.000000
865 887 105.000000
545 546 103.000000
1071 10981 103.000000
1550 1551 103.000000
10 10328 102.000000
692 714 102.000000
742 764 102.000000
1004 10717 102.000000
1012 1013 102.000000
1012 1033 102.000000
1013 1014 102.000000
1014 1015 102.000000
1015 1016 102.000000
1023 10568 102.000000
1032 1033 102.000000
1023 10298 101.000000
1023 10934 101.000000
1224 1225 101.000000
1225 1226 101.000000
1226 1227 101.000000
1227 1228 101.000000
1228 1229 101.000000
655 677 100.000000
719 741 100.000000
872 894 100.000000
1244 1266 100.000000
1029 10523 99.000000
1264 1286 98.000000
255 277 97.000000
303 325 97.000000
1166 1167 97.000000
1166 1187 97.000000
1167 1168 97.000000
1185 1186 97.000000
1186 1187 97.000000
871 893 96.000000
936 958 96.000000
1023 10386 96.000000
1023 10603 96.000000
1024 10694 96.000000
1023 10788 95.000000
1023 10965 95.000000
1210 1211 95.000000
1210 1231 95.000000
1211 1212 95.000000
1229 1230 95.000000
1230 1231 95.000000
1240 1262 95.000000
1023 10250 94.000000
1023 10575 94.000000
1023 10640 94.000000
1023 10664 94.000000
1023 10718 94.000000
1029 10455 94.000000
107 108 93.000000
1415 1437 93.000000
546 547 92.000000
1001 10810 92.000000
1001 10841 92.000000
1068 10953 92.000000
1435 1457 92.000000
1002 10421 91.000000
1023 10484 91.000000
1029 10643 91.000000
559 560 90.000000
1016 1017 90.000000
1416 1438 90.000000
1045 10955 89.000000
1046 10689 89.000000
1046 10850 89.000000
717 739 87.000000
1027 10696 87.000000
1071 10740 87.000000
1136 1158 87.000000
499 521 86.000000
1001 10399 86.000000
1027 10398 86.000000
1034 1035 86.000000
1035 1036 86.000000
1036 1037 86.000000
1037 1038 86.000000
1256 1257 86.000000
823 845 85.000000
908 909 85.000000
1119 1120 85.000000
1213 1235 85.000000
281 303 83.000000
341 342 83.000000
377 378 83.000000
378 379 83.000000
379 380 83.000000
380 381 83.000000
381 382 83.000000
382 383 83.000000
383 384 83.000000
384 385 83.000000
1056 1077 83.000000
1068 10901 83.000000
1070 10894 83.000000
1076 1077 83.000000
1372 1394 83.000000
1548 1570 83.000000
960 982 81.000000
1002 10330 81.000000
1002 10529 81.000000
1002 10665 81.000000
1002 10752 81.000000
1092 10998 81.000000
1178 1200 81.000000
75 76 80.000000
619 620 80.000000
620 621 80.000000
621 622 80.000000
622 623 80.000000
736 758 80.000000
909 931 80.000000
917 939 80.000000
1090 1112 80.000000
618 619 79.000000
1002 10979 79.000000
1046 10618 79.000000
102 103 78.000000
103 104 78.000000
104 105 78.000000
105 106 78.000000
106 107 78.000000
254 276 78.000000
370 371 78.000000
484 505 78.000000
504 505 78.000000
785 807 78.000000
915 937 78.000000
1048 10696 78.000000
333 334 77.000000
1034 1055 77.000000
1054 1055 77.000000
102 124 76.000000
594 595 76.000000
595 596 76.000000
616 637 76.000000
635 636 76.000000
636 637 76.000000
1100 1101 76.000000
1101 1102 76.000000
1102 1103 76.000000
1417 1439 76.000000
182 204 75.000000
214 236 75.000000
634 635 75.000000
1001 1023 75.000000
1393 1415 75.000000
232 254 74.000000
330 331 74.000000
331 332 74.000000
332 333 74.000000
369 370 74.000000
899 921 74.000000
1056 1057 74.000000
1057 1058 74.000000
1058 1059 74.000000
1175 1197 74.000000
24 25 73.000000
1025 10260 73.000000
1100 1121 73.000000
1120 1121 73.000000
330 351 72.000000
348 349 72.000000
349 350 72.000000
350 351 72.000000
764 765 72.000000
1059 1060 72.000000
1140 1141 72.000000
538 539 71.000000
1024 10487 71.000000
1173 1195 71.000000
1044 10831 70.000000
553 554 69.000000
554 555 69.000000
555 556 69.000000
556 557 69.000000
784 806 69.000000
1044 10842 69.000000
1441 1442 69.000000
462 463 68.000000
463 464 68.000000
560 561 68.000000
1045 10721 68.000000
1045 10811 68.000000
1067 10694 68.000000
1147 1169 68.000000
124 125 67.000000
1045 10659 67.000000
895 917 66.000000
1207 1208 66.000000
566 588 65.000000
896 897 65.000000
897 898 65.000000
898 899 65.000000
1004 10271 65.000000
76 77 64.000000
77 78 64.000000
78 79 64.000000
79 80 64.000000
80 81 64.000000
81 82 64.000000
82 83 64.000000
83 84 64.000000
84 85 64.000000
125 126 64.000000
126 127 64.000000
127 128 64.000000
128 129 64.000000
594 615 64.000000
612 613 64.000000
613 614 64.000000
614 615 64.000000
616 617 64.000000
617 618 64.000000
718 740 64.000000
782 804 64.000000
1003 10938 64.000000
1479 1501 64.000000
212 234 63.000000
496 497 63.000000
699 700 63.000000
1046 10487 63.000000
1522 1544 63.000000
777 778 62.000000
1005 10175 62.000000
1005 10383 62.000000
213 235 61.000000
347 348 61.000000
500 501 61.000000
501 502 61.000000
502 503 61.000000
503 504 61.000000
827 849 61.000000
961 983 61.000000
1045 10982 61.000000
1091 10977 61.000000
1024 10627 60.000000
1047 10550 60.000000
1141 1142 60.000000
1267 1268 60.000000
918 919 59.000000
919 920 59.000000
920 921 59.000000
1192 1214 59.000000
66 88 58.000000
302 324 58.000000
323 345 58.000000
22 44 57.000000
1574 1575 57.000000
1575 1576 57.000000
22 43 56.000000
42 43 56.000000
42 64 56.000000
640 641 56.000000
870 892 56.000000
1573 1574 56.000000
217 239 55.000000
550 551 55.000000
550 571 55.000000
551 552 55.000000
569 570 55.000000
570 571 55.000000
1103 1104 55.000000
1122 1143 55.000000
1142 1143 55.000000
1543 1544 55.000000
654 676 54.000000
1018 10449 54.000000
1027 10862 54.000000
211 233 53.000000
473 474 53.000000
522 523 53.000000
523 524 53.000000
524 525 53.000000
566 567 53.000000
567 568 53.000000
568 569 53.000000
641 642 53.000000
642 643 53.000000
643 644 53.000000
644 645 53.000000
645 646 53.000000
1001 10270 53.000000
1005 10453 52.000000
1053 1054 52.000000
1122 1123 52.000000
1123 1124 52.000000
1124 1125 52.000000
1176 1198 52.000000
194 216 51.000000
1004 10062 51.000000
1004 10638 51.000000
1005 10244 51.000000
1018 10835 51.000000
1018 10852 51.000000
961 962 50.000000
968 969 50.000000
968 989 50.000000
969 970 50.000000
970 971 50.000000
971 972 50.000000
988 989 50.000000
1004 10789 50.000000
1005 10715 50.000000
1067 10848 50.000000
1067 10921 50.000000
670 692 49.000000
972 973 49.000000
1005 10303 49.000000
1005 10438 49.000000
1005 10970 49.000000
233 255 48.000000
1002 10796 48.000000
1066 1088 48.000000
1148 1170 48.000000
1222 1244 48.000000
308 329 47.000000
326 327 47.000000
327 328 47.000000
328 329 47.000000
385 386 47.000000
387 409 47.000000
1004 10237 47.000000
1023 10380 47.000000
308 309 46.000000
309 310 46.000000
310 311 46.000000
355 377 46.000000
516 517 46.000000
914 936 46.000000
1023 10775 46.000000
1026 10271 46.000000
1067 10745 46.000000
462 484 45.000000
1005 1027 45.000000
1067 10703 45.000000
1067 10816 45.000000
1067 10883 45.000000
1067 10902 45.000000
1067 10951 45.000000
1067 10969 45.000000
1088 10965 45.000000
1149 1171 45.000000
352 373 44.000000
371 372 44.000000
372 373 44.000000
517 518 44.000000
973 974 44.000000
1003 10950 44.000000
1023 10450 44.000000
1023 10505 44.000000
1023 10506 44.000000
1023 10783 44.000000
1026 10857 44.000000
1060 1061 44.000000
1067 10946 44.000000
1067 10949 44.000000
1068 10982 44.000000
699 721 43.000000
779 801 43.000000
902 903 43.000000
902 923 43.000000
903 904 43.000000
904 905 43.000000
905 906 43.000000
906 907 43.000000
907 908 43.000000
921 922 43.000000
922 923 43.000000
1026 10910 43.000000
1134 1156 43.000000
1246 1247 43.000000
1247 1248 43.000000
1248 1249 43.000000
1249 1250 43.000000
1250 1251 43.000000
1458 1480 43.000000
352 353 42.000000
353 354 42.000000
354 355 42.000000
386 387 42.000000
590 612 42.000000
1018 10999 42.000000
1026 10550 42.000000
608 630 41.000000
1026 10265 41.000000
259 281 40.000000
430 431 40.000000
1005 10269 40.000000
1005 10663 40.000000
1005 10782 40.000000
1005 10920 40.000000
1019 10898 40.000000
1191 1213 40.000000
181 203 39.000000
821 843 39.000000
1005 10948 39.000000
1073 10846 39.000000
1329 1351 39.000000
409 410 38.000000
522 544 38.000000
631 653 38.000000
962 963 38.000000
1046 10796 38.000000
1263 1285 38.000000
1526 1548 38.000000
129 151 37.000000
660 681 37.000000
678 679 37.000000
679 680 37.000000
680 681 37.000000
1004 10857 37.000000
1018 10234 37.000000
1023 10277 37.000000
1112 1134 37.000000
311 312 36.000000
312 313 36.000000
630 652 36.000000
1193 1215 36.000000
334 335 35.000000
610 632 35.000000
1027 10976 35.000000
1061 10635 35.000000
183 205 34.000000
371 393 34.000000
393 415 34.000000
1018 10286 34.000000
1018 10590 34.000000
1027 10996 34.000000
73 95 33.000000
484 485 33.000000
485 486 33.000000
486 487 33.000000
552 553 33.000000
957 979 33.000000
959 981 33.000000
1004 10045 33.000000
1004 10301 33.000000
1004 10824 33.000000
1018 10391 33.000000
1025 10669 33.000000
1027 10733 33.000000
1027 10837 33.000000
1088 1110 33.000000
1152 1174 33.000000
1420 1421 33.000000
108 130 32.000000
163 185 32.000000
660 661 32.000000
661 662 32.000000
662 663 32.000000
740 762 32.000000
1001 10114 32.000000
1023 10777 32.000000
1023 10810 32.000000
1023 10841 32.000000
1027 10351 32.000000
1048 10730 32.000000
1061 10856 32.000000
1132 1154 32.000000
1528 1529 32.000000
678 700 31.000000
748 749 31.000000
748 769 31.000000
749 750 31.000000
765 766 31.000000
766 767 31.000000
767 768 31.000000
768 769 31.000000
935 957 31.000000
1005 10500 31.000000
1005 10687 31.000000
1026 10364 31.000000
1048 10593 31.000000
1048 10972 31.000000
1088 10934 31.000000
1171 1193 31.000000
1572 1573 31.000000
1004 10910 30.000000
1005 10586 30.000000
1177 1199 30.000000
1223 1245 30.000000
1524 1546 30.000000
54 55 29.000000
55 56 29.000000
56 57 29.000000
57 58 29.000000
58 59 29.000000
59 60 29.000000
60 61 29.000000
61 62 29.000000
62 63 29.000000
261 283 29.000000
962 984 29.000000
1003 10971 29.000000
1005 10871 29.000000
1023 10357 29.000000
1023 10509 29.000000
1023 10745 29.000000
1027 10663 29.000000
1027 10782 29.000000
1027 10868 29.000000
1027 10920 29.000000
1027 10948 29.000000
1285 1307 29.000000
1480 1502 29.000000
63 64 28.000000
575 576 28.000000
576 577 28.000000
577 578 28.000000
578 579 28.000000
735 757 28.000000
966 988 28.000000
1023 10256 28.000000
1023 10280 28.000000
1023 10331 28.000000
1023 10369 28.000000
1023 10703 28.000000
1023 10816 28.000000
1023 10883 28.000000
1023 10902 28.000000
1023 10921 28.000000
1023 10946 28.000000
1023 10949 28.000000
1023 10951 28.000000
1023 10969 28.000000
1048 10486 28.000000
1060 1082 28.000000
1068 10796 28.000000
1523 1545 28.000000
638 639 27.000000
639 640 27.000000
698 720 27.000000
704 705 27.000000
704 725 27.000000
705 706 27.000000
722 723 27.000000
723 724 27.000000
724 725 27.000000
786 808 27.000000
1002 10487 27.000000
1023 10476 27.000000
1023 10848 27.000000
1024 10330 27.000000
1024 10529 27.000000
1024 10542 27.000000
1024 10554 27.000000
1024 10665 27.000000
1024 10752 27.000000
1027 10586 27.000000
1051 10583 27.000000
1092 1114 27.000000
151 173 26.000000
203 225 26.000000
1062 10731 26.000000
1133 1155 26.000000
1457 1479 26.000000
11 1573 25.000000
237 259 25.000000
800 822 25.000000
829 851 25.000000
963 985 25.000000
1027 10310 25.000000
1027 10363 25.000000
1054 1076 25.000000
1125 1147 25.000000
1501 1523 25.000000
565 566 24.000000
1003 10143 24.000000
1004 10246 24.000000
1004 10550 24.000000
1018 1040 24.000000
1048 10619 24.000000
1048 10879 24.000000
167 189 23.000000
462 483 23.000000
482 483 23.000000
974 996 23.000000
1003 10669 23.000000
1004 10364 23.000000
1032 10378 23.000000
1049 1071 23.000000
1097 1119 23.000000
1103 1125 23.000000
1232 1233 23.000000
1232 1253 23.000000
1233 1234 23.000000
1251 1252 23.000000
1252 1253 23.000000
1500 1501 23.000000
195 217 22.000000
478 500 22.000000
487 509 22.000000
638 659 22.000000
656 657 22.000000
657 658 22.000000
658 659 22.000000
1001 10249 22.000000
1001 10681 22.000000
1001 10821 22.000000
1002 10627 22.000000
1023 10659 22.000000
1045 10554 22.000000
1070 10730 22.000000
1070 10868 22.000000
1104 1105 22.000000
1395 1417 22.000000
579 580 21.000000
580 581 21.000000
663 664 21.000000
664 665 21.000000
665 666 21.000000
666 667 21.000000
667 668 21.000000
851 852 21.000000
1002 10446 21.000000
1005 10346 21.000000
1005 10428 21.000000
1022 1044 21.000000
1027 10346 21.000000
1027 10428 21.000000
1070 10879 21.000000
1070 10972 21.000000
1234 1235 21.000000
119 141 20.000000
172 194 20.000000
612 634 20.000000
668 669 20.000000
691 713 20.000000
990 991 20.000000
991 992 20.000000
992 993 20.000000
993 994 20.000000
994 995 20.000000
1001 10280 20.000000
1004 10265 20.000000
1010 1011 20.000000
1048 10733 20.000000
1071 10818 20.000000
1105 1106 20.000000
1546 1568 20.000000
63 85 19.000000
145 167 19.000000
641 663 19.000000
750 751 19.000000
751 752 19.000000
752 753 19.000000
753 754 19.000000
754 755 19.000000
1000 10028 19.000000
1000 10167 19.000000
1000 10179 19.000000
1000 10250 19.000000
1000 10386 19.000000
1000 10450 19.000000
1000 10484 19.000000
1000 10505 19.000000
1000 10506 19.000000
1000 10568 19.000000
1000 10575 19.000000
1000 10640 19.000000
1000 10664 19.000000
1000 10718 19.000000
1000 10783 19.000000
1000 10788 19.000000
1000 10965 19.000000
1005 10976 19.000000
1071 10762 19.000000
1071 10924 19.000000
1071 10947 19.000000
1094 1116 19.000000
1392 1414 19.000000
456 478 18.000000
481 482 18.000000
603 625 18.000000
755 756 18.000000
1007 1029 18.000000
1068 10979 18.000000
28 50 17.000000
239 261 17.000000
547 569 17.000000
586 608 17.000000
629 651 17.000000
940 962 17.000000
943 944 17.000000
963 964 17.000000
964 965 17.000000
1001 10277 17.000000
1001 10357 17.000000
1001 10659 17.000000
1001 10721 17.000000
1001 10745 17.000000
1001 10811 17.000000
1001 10955 17.000000
1047 10613 17.000000
1068 10689 17.000000
1068 10850 17.000000
1142 1164 17.000000
1284 1306 17.000000
1502 1524 17.000000
474 475 16.000000
475 476 16.000000
476 477 16.000000
477 478 16.000000
478 479 16.000000
479 480 16.000000
480 481 16.000000
561 562 16.000000
562 563 16.000000
563 564 16.000000
564 565 16.000000
944 966 16.000000
1009 1010 16.000000
1050 1072 16.000000
1050 10561 16.000000
1197 1219 16.000000
1521 1522 16.000000
1521 1543 16.000000
357 358 15.000000
358 359 15.000000
359 360 15.000000
360 361 15.000000
361 362 15.000000
362 363 15.000000
363 364 15.000000
407 408 15.000000
756 778 15.000000
946 947 15.000000
946 967 15.000000
947 948 15.000000
948 949 15.000000
949 950 15.000000
950 951 15.000000
951 952 15.000000
965 966 15.000000
966 967 15.000000
1000 10407 15.000000
1000 10842 15.000000
1040 10898 15.000000
1062 10932 15.000000
1151 1173 15.000000
1246 1268 15.000000
619 641 14.000000
916 938 14.000000
1045 10493 14.000000
1045 10529 14.000000
1045 10665 14.000000
1045 10752 14.000000
1048 10996 14.000000
1050 10678 14.000000
1067 10821 14.000000
1437 1459 14.000000
333 355 13.000000
506 507 13.000000
507 508 13.000000
581 603 13.000000
743 765 13.000000
1002 10542 13.000000
1016 1038 13.000000
1024 10446 13.000000
1045 10694 13.000000
1066 10831 13.000000
1066 10842 13.000000
1067 10681 13.000000
1067 10811 13.000000
1398 1399 13.000000
1438 1460 13.000000
510 511 12.000000
511 512 12.000000
512 513 12.000000
513 514 12.000000
514 515 12.000000
515 516 12.000000
528 549 12.000000
535 557 12.000000
547 548 12.000000
548 549 12.000000
594 616 12.000000
611 633 12.000000
852 874 12.000000
874 896 12.000000
1017 10856 12.000000
1044 10703 12.000000
1044 10808 12.000000
1044 10816 12.000000
1044 10877 12.000000
1044 10883 12.000000
1044 10902 12.000000
1044 10921 12.000000
1044 10934 12.000000
1044 10946 12.000000
1044 10949 12.000000
1044 10951 12.000000
1044 10969 12.000000
1067 10721 12.000000
1067 10955 12.000000
1109 1131 12.000000
1120 1142 12.000000
1153 1175 12.000000
355 356 11.000000
356 357 11.000000
495 496 11.000000
506 527 11.000000
521 543 11.000000
525 526 11.000000
526 527 11.000000
546 568 11.000000
568 590 11.000000
1038 10635 11.000000
1038 10856 11.000000
1039 10835 11.000000
1039 10944 11.000000
1044 10476 11.000000
1044 10775 11.000000
1044 10848 11.000000
1051 10643 11.000000
1075 1097 11.000000
1093 10981 11.000000
1394 1416 11.000000
311 333 10.000000
374 375 10.000000
374 395 10.000000
375 376 10.000000
376 377 10.000000
391 392 10.000000
392 393 10.000000
393 394 10.000000
394 395 10.000000
487 488 10.000000
488 489 10.000000
489 490 10.000000
490 491 10.000000
491 492 10.000000
492 493 10.000000
493 494 10.000000
494 495 10.000000
528 529 10.000000
529 530 10.000000
530 531 10.000000
801 823 10.000000
1001 10949 10.000000
1051 1073 10.000000
1072 10995 10.000000
1088 10883 10.000000
1092 10924 10.000000
1092 10947 10.000000
1093 10995 10.000000
1104 1126 10.000000
1489 1511 10.000000
138 160 9.000000
465 487 9.000000
625 647 9.000000
852 853 9.000000
853 854 9.000000
854 855 9.000000
855 877 9.000000
877 899 9.000000
1001 10946 9.000000
1034 1056 9.000000
1048 10868 9.000000
1089 10901 9.000000
1089 10982 9.000000
1169 1191 9.000000
1373 1395 9.000000
1396 1418 9.000000
1464 1465 9.000000
1465 1466 9.000000
1466 1467 9.000000
1467 1489 9.000000
443 465 8.000000
510 532 8.000000
545 567 8.000000
561 583 8.000000
567 589 8.000000
581 582 8.000000
649 671 8.000000
713 735 8.000000
807 829 8.000000
1254 1255 8.000000
1254 1275 8.000000
1255 1256 8.000000
1268 1269 8.000000
1269 1270 8.000000
1270 1271 8.000000
1271 1272 8.000000
1272 1273 8.000000
1273 1274 8.000000
1274 1275 8.000000
1304 1326 8.000000
1333 1355 8.000000
1391 1413 8.000000
1485 1486 8.000000
1018 10207 7.000000
1018 10272 7.000000
1018 10411 7.000000
1018 10474 7.000000
1023 10270 7.000000
1023 10811 7.000000
1039 10391 7.000000
1046 10979 7.000000
1088 10955 7.000000
1551 1552 7.000000
1552 1553 7.000000
1553 1554 7.000000
1554 1555 7.000000
343 365 6.000000
431 453 6.000000
482 504 6.000000
682 683 6.000000
682 703 6.000000
683 684 6.000000
700 701 6.000000
701 702 6.000000
702 703 6.000000
721 743 6.000000
741 763 6.000000
1022 10842 6.000000
1023 10721 6.000000
1023 10955 6.000000
1061 1083 6.000000
1078 1079 6.000000
1078 1099 6.000000
1079 1080 6.000000
1080 1081 6.000000
1081 1082 6.000000
1088 10969 6.000000
1097 1098 6.000000
1098 1099 6.000000
1311 1333 6.000000
1529 1530 6.000000
1530 1531 6.000000
1531 1532 6.000000
1532 1533 6.000000
120 142 5.000000
508 509 5.000000
638 660 5.000000
973 995 5.000000
1039 10852 5.000000
1066 10775 5.000000
1088 10946 5.000000
1088 10949 5.000000
1088 10951 5.000000
168 190 4.000000
171 193 4.000000
509 510 4.000000
646 647 4.000000
669 691 4.000000
712 734 4.000000
726 727 4.000000
726 747 4.000000
727 728 4.000000
734 756 4.000000
743 744 4.000000
744 745 4.000000
745 746 4.000000
746 747 4.000000
764 786 4.000000
844 866 4.000000
937 959 4.000000
941 963 4.000000
1003 1025 4.000000
1010 1032 4.000000
1029 10431 4.000000
1044 10450 4.000000
1044 10484 4.000000
1044 10505 4.000000
1044 10506 4.000000
1044 10575 4.000000
1044 10640 4.000000
1044 10664 4.000000
1044 10718 4.000000
1044 10783 4.000000
1044 10965 4.000000
1066 10664 4.000000
1066 10718 4.000000
1066 10788 4.000000
1066 10848 4.000000
1066 10965 4.000000
1082 10856 4.000000
1483 1505 4.000000
125 147 3.000000
173 195 3.000000
415 416 3.000000
1029 10561 3.000000
1045 1067 3.000000
1045 10681 3.000000
1066 10783 3.000000
1100 1122 3.000000
1105 1127 3.000000
1138 1160 3.000000
1168 1169 3.000000
1371 1393 3.000000
330 352 2.000000
396 397 2.000000
396 417 2.000000
397 398 2.000000
398 399 2.000000
416 417 2.000000
506 528 2.000000
609 631 2.000000
656 678 2.000000
674 696 2.000000
675 697 2.000000
697 719 2.000000
720 742 2.000000
1044 10568 2.000000
1044 10788 2.000000
1059 1081 2.000000
1081 1103 2.000000
1239 1261 2.000000
1278 1279 2.000000
1482 1504 2.000000
10 1572 1.000000
11 12 1.000000
12 1574 1.000000
64 86 1.000000
76 98 1.000000
286 308 1.000000
399 400 1.000000
400 401 1.000000
401 402 1.000000
402 403 1.000000
403 404 1.000000
404 405 1.000000
405 406 1.000000
406 407 1.000000
416 438 1.000000
438 460 1.000000
443 444 1.000000
444 445 1.000000
445 446 1.000000
446 447 1.000000
447 448 1.000000
448 449 1.000000
449 450 1.000000
450 451 1.000000
460 482 1.000000
465 466 1.000000
466 467 1.000000
467 468 1.000000
468 469 1.000000
469 470 1.000000
470 471 1.000000
471 472 1.000000
472 473 1.000000
668 690 1.000000
755 777 1.000000
913 935 1.000000
924 925 1.000000
924 945 1.000000
925 926 1.000000
926 927 1.000000
927 928 1.000000
928 929 1.000000
929 930 1.000000
930 931 1.000000
944 945 1.000000
972 994 1.000000
1088 10902 1.000000
1088 10921 1.000000
1107 1129 1.000000
1129 1151 1.000000
1198 1220 1.000000
1200 1222 1.000000
1350 1372 1.000000
1486 1487 1.000000
1487 1488 1.000000
1488 1489 1.000000
1550 1572 1.000000
