150 151 17931.000000
151 152 17931.000000
152 153 17931.000000
924 925 15781.000000
149 150 14993.000000
1144 1165 13121.000000
1188 1209 12833.000000
171 172 11882.000000
172 173 11882.000000
173 174 11882.000000
174 175 11882.000000
132 153 11814.000000
1100 1101 11512.000000
16 17 11316.000000
1100 1121 10271.000000
1208 1209 10178.000000
1335 1336 10062.000000
1207 1208 9963.000000
1164 1165 9890.000000
924 945 9859.000000
132 133 9603.000000
1336 1337 9264.000000
810 811 9123.000000
811 812 9123.000000
1120 1121 9076.000000
1122 1143 8910.000000
1142 1143 8909.000000
194 195 8713.000000
195 196 8713.000000
196 197 8713.000000
1166 1187 8609.000000
60 61 8495.000000
1163 1164 8091.000000
1056 1057 7973.000000
946 967 7861.000000
1185 1186 7690.000000
1186 1187 7626.000000
170 171 7595.000000
1206 1207 7560.000000
1144 1145 7422.000000
264 285 7421.000000
968 989 7393.000000
1141 1142 7238.000000
133 134 7175.000000
944 945 7172.000000
38 39 7092.000000
880 881 6954.000000
925 926 6895.000000
968 969 6810.000000
812 813 6793.000000
966 967 6780.000000
1078 1099 6752.000000
176 197 6656.000000
17 18 6615.000000
1162 1163 6536.000000
1337 1338 6479.000000
881 882 6444.000000
1140 1141 6436.000000
176 177 6359.000000
1202 1203 6222.000000
154 175 6183.000000
1010 1011 6163.000000
153 175 6130.000000
1181 1182 6129.000000
788 789 6111.000000
789 790 6111.000000
1184 1185 6078.000000
836 857 6018.000000
1119 1120 5961.000000
990 991 5910.000000
1009 1010 5843.000000
193 194 5835.000000
1179 1180 5799.000000
1180 1181 5799.000000
1205 1206 5762.000000
1056 1077 5746.000000
766 767 5725.000000
767 768 5725.000000
768 769 5725.000000
237 238 5708.000000
238 239 5708.000000
239 240 5708.000000
240 241 5708.000000
1204 1205 5671.000000
902 903 5649.000000
128 129 5589.000000
129 130 5589.000000
130 131 5589.000000
110 131 5587.000000
880 901 5554.000000
1203 1204 5508.000000
104 105 5456.000000
902 923 5454.000000
809 810 5421.000000
854 855 5410.000000
855 856 5410.000000
1182 1183 5395.000000
988 989 5367.000000
946 947 5350.000000
787 788 5220.000000
154 155 5216.000000
1225 1226 5128.000000
1490 1491 5123.000000
1098 1099 5110.000000
1076 1077 5001.000000
37 38 4952.000000
1078 1079 4948.000000
1183 1184 4939.000000
127 128 4917.000000
1291 1292 4898.000000
1292 1293 4898.000000
1274 1275 4839.000000
148 149 4833.000000
836 837 4746.000000
1446 1447 4714.000000
264 265 4635.000000
853 854 4633.000000
1158 1159 4611.000000
1160 1161 4611.000000
969 970 4600.000000
14 15 4584.000000
1226 1227 4584.000000
13 14 4575.000000
922 923 4571.000000
1313 1314 4556.000000
1161 1162 4543.000000
1012 1033 4518.000000
126 127 4497.000000
1223 1224 4495.000000
1224 1225 4495.000000
1489 1490 4467.000000
177 178 4462.000000
59 60 4389.000000
192 193 4386.000000
220 241 4386.000000
15 16 4371.000000
220 221 4353.000000
1251 1252 4345.000000
1159 1160 4318.000000
1252 1253 4305.000000
350 351 4258.000000
856 857 4258.000000
1178 1179 4258.000000
984 985 4237.000000
985 986 4237.000000
986 987 4237.000000
808 809 4234.000000
1201 1202 4232.000000
1293 1294 4219.000000
965 966 4218.000000
1012 1013 4209.000000
1338 1339 4186.000000
792 813 4138.000000
786 787 4035.000000
991 992 3990.000000
61 83 3979.000000
1075 1076 3951.000000
983 984 3896.000000
1273 1274 3889.000000
105 106 3879.000000
1057 1079 3865.000000
1139 1140 3853.000000
1314 1315 3811.000000
1445 1446 3741.000000
900 901 3738.000000
1057 1058 3726.000000
1250 1251 3708.000000
12 13 3701.000000
1272 1273 3662.000000
1232 1253 3622.000000
875 876 3598.000000
876 877 3598.000000
1339 1340 3580.000000
970 971 3535.000000
925 947 3532.000000
1269 1270 3531.000000
1488 1489 3526.000000
1315 1316 3489.000000
961 962 3442.000000
962 963 3442.000000
963 964 3442.000000
964 965 3442.000000
1230 1231 3414.000000
178 179 3374.000000
617 618 3362.000000
1227 1228 3356.000000
212 213 3353.000000
1229 1230 3347.000000
765 766 3298.000000
1032 1033 3258.000000
877 878 3231.000000
169 170 3178.000000
265 266 3171.000000
748 749 3148.000000
852 853 3141.000000
106 107 3134.000000
107 108 3134.000000
108 109 3134.000000
1222 1223 3111.000000
572 593 3103.000000
592 593 3103.000000
1296 1297 3061.000000
573 574 3058.000000
723 724 3058.000000
724 725 3058.000000
721 722 3046.000000
878 879 3036.000000
858 879 3029.000000
1097 1098 3029.000000
574 575 3018.000000
748 769 3005.000000
1425 1426 2998.000000
1295 1296 2991.000000
1031 1032 2977.000000
61 62 2968.000000
1228 1229 2939.000000
897 898 2925.000000
898 899 2925.000000
899 900 2925.000000
1316 1317 2889.000000
770 791 2879.000000
572 573 2877.000000
221 222 2873.000000
1271 1272 2863.000000
215 216 2862.000000
216 217 2862.000000
217 218 2862.000000
218 219 2862.000000
1157 1158 2846.000000
987 988 2845.000000
1270 1271 2807.000000
1359 1360 2801.000000
1444 1445 2783.000000
1294 1295 2767.000000
1118 1119 2761.000000
790 791 2741.000000
1511 1512 2729.000000
722 723 2716.000000
874 875 2705.000000
831 832 2696.000000
832 833 2696.000000
833 834 2696.000000
1247 1248 2686.000000
1248 1249 2686.000000
1360 1361 2677.000000
1136 1137 2666.000000
1137 1138 2666.000000
1249 1250 2665.000000
104 126 2661.000000
1057 10600 2628.000000
926 927 2627.000000
39 40 2626.000000
1340 1341 2604.000000
1578 1579 2598.000000
214 215 2558.000000
1096 1097 2549.000000
168 169 2528.000000
1034 1035 2437.000000
1317 1318 2394.000000
792 793 2388.000000
1138 1139 2356.000000
17 39 2352.000000
1512 1513 2352.000000
927 949 2345.000000
744 745 2343.000000
745 746 2343.000000
746 747 2343.000000
1122 1123 2310.000000
155 156 2309.000000
1467 1468 2298.000000
1114 1115 2293.000000
1245 1246 2292.000000
1115 1116 2291.000000
814 835 2290.000000
1116 1117 2289.000000
1013 1014 2282.000000
940 941 2278.000000
941 942 2278.000000
942 943 2278.000000
1487 1488 2274.000000
88 89 2251.000000
1510 1511 2233.000000
236 237 2228.000000
147 148 2222.000000
134 135 2209.000000
1361 1362 2207.000000
1054 1055 2168.000000
1011 10190 2112.000000
213 214 2110.000000
1357 1358 2110.000000
551 552 2107.000000
1034 1055 2106.000000
618 619 2080.000000
1557 1558 2070.000000
1318 1319 2069.000000
156 157 2037.000000
1100 1122 2030.000000
550 551 2029.000000
1117 1118 2023.000000
943 944 2016.000000
550 571 2008.000000
570 571 2008.000000
1531 1532 1975.000000
103 104 1956.000000
1058 1059 1930.000000
1135 1136 1926.000000
838 860 1925.000000
1447 1448 1906.000000
1381 1382 1897.000000
903 904 1881.000000
575 576 1880.000000
234 235 1873.000000
1403 1404 1855.000000
749 750 1848.000000
1079 1080 1846.000000
837 838 1844.000000
992 993 1835.000000
1244 1245 1826.000000
82 83 1812.000000
1246 1247 1811.000000
616 617 1809.000000
638 639 1786.000000
235 236 1780.000000
705 706 1766.000000
135 136 1762.000000
1424 1425 1749.000000
1468 1469 1740.000000
704 705 1727.000000
125 126 1713.000000
198 219 1703.000000
971 972 1689.000000
918 919 1681.000000
919 920 1681.000000
920 921 1681.000000
372 373 1641.000000
1469 1470 1631.000000
1466 1467 1630.000000
1532 1533 1629.000000
1491 1492 1626.000000
704 725 1617.000000
1113 1114 1615.000000
1422 1423 1601.000000
157 158 1564.000000
1358 1359 1564.000000
969 991 1550.000000
858 859 1525.000000
917 918 1525.000000
1014 1015 1521.000000
679 680 1519.000000
680 681 1519.000000
616 637 1512.000000
635 636 1512.000000
636 637 1512.000000
770 771 1510.000000
859 860 1510.000000
873 874 1509.000000
660 681 1497.000000
198 199 1496.000000
60 82 1489.000000
1005 1006 1484.000000
1006 1007 1484.000000
1007 1008 1484.000000
264 286 1483.000000
1423 1424 1478.000000
352 373 1477.000000
881 903 1474.000000
223 224 1465.000000
1210 1231 1432.000000
639 640 1423.000000
1426 1427 1411.000000
661 662 1398.000000
308 329 1391.000000
792 814 1377.000000
110 111 1370.000000
743 744 1349.000000
814 815 1346.000000
18 40 1342.000000
706 707 1339.000000
594 595 1325.000000
83 84 1321.000000
179 180 1316.000000
1027 1028 1313.000000
1028 1029 1313.000000
1101 1102 1310.000000
1029 1030 1307.000000
1379 1380 1306.000000
212 234 1301.000000
1401 1402 1301.000000
834 835 1289.000000
243 244 1286.000000
1030 1031 1275.000000
619 620 1263.000000
199 200 1262.000000
1533 1534 1255.000000
158 159 1225.000000
882 904 1220.000000
595 596 1212.000000
16 38 1210.000000
662 663 1209.000000
830 831 1202.000000
1053 1054 1189.000000
640 641 1183.000000
244 245 1181.000000
245 246 1175.000000
660 661 1171.000000
700 701 1169.000000
701 702 1169.000000
702 703 1169.000000
896 897 1167.000000
224 225 1164.000000
220 242 1159.000000
222 244 1158.000000
1557 1579 1156.000000
921 922 1152.000000
136 137 1146.000000
1144 1166 1140.000000
222 223 1134.000000
191 192 1129.000000
1554 1555 1121.000000
279 280 1119.000000
280 281 1119.000000
281 282 1119.000000
282 283 1119.000000
283 284 1119.000000
284 285 1119.000000
1402 1403 1114.000000
1513 1514 1092.000000
948 949 1090.000000
1156 1157 1087.000000
133 155 1083.000000
1008 1009 1083.000000
576 577 1074.000000
947 948 1070.000000
1380 1381 1069.000000
1035 1036 1066.000000
134 156 1064.000000
960 961 1063.000000
596 597 1057.000000
180 181 1053.000000
1134 1135 1032.000000
1200 1201 1026.000000
924 946 1021.000000
1269 1291 1019.000000
591 592 1008.000000
310 311 999.000000
1427 1428 999.000000
1036 1037 990.000000
1492 1493 986.000000
1188 1210 979.000000
211 212 976.000000
1013 1035 975.000000
330 351 969.000000
1555 1556 965.000000
1530 1531 962.000000
308 309 960.000000
1058 1080 957.000000
530 531 954.000000
1553 1554 954.000000
178 200 953.000000
638 659 952.000000
657 658 952.000000
658 659 952.000000
1558 1559 942.000000
1077 10953 937.000000
266 267 929.000000
309 310 929.000000
72 73 928.000000
73 74 928.000000
74 75 928.000000
75 76 928.000000
76 77 928.000000
77 78 928.000000
78 79 928.000000
79 80 928.000000
1031 10407 919.000000
51 52 911.000000
52 53 911.000000
53 54 911.000000
54 55 911.000000
1356 1357 909.000000
590 591 906.000000
81 82 902.000000
1145 1146 902.000000
286 287 897.000000
114 115 895.000000
190 191 894.000000
1514 1515 891.000000
56 57 885.000000
57 58 885.000000
58 59 885.000000
678 679 880.000000
1048 1049 872.000000
1049 1050 872.000000
1050 1051 872.000000
1051 1052 870.000000
286 307 865.000000
484 485 863.000000
484 505 863.000000
485 486 863.000000
203 204 860.000000
204 205 860.000000
205 206 860.000000
206 207 860.000000
207 208 860.000000
208 209 860.000000
209 210 860.000000
210 211 860.000000
132 154 855.000000
176 198 855.000000
55 56 854.000000
748 770 838.000000
939 940 838.000000
552 553 829.000000
1400 1401 824.000000
105 127 823.000000
124 125 819.000000
311 312 818.000000
1036 10533 815.000000
394 395 814.000000
634 635 813.000000
1287 1288 810.000000
1288 1289 810.000000
1289 1290 810.000000
786 808 805.000000
1276 1297 805.000000
1443 1444 805.000000
793 815 801.000000
201 202 798.000000
726 747 795.000000
29 30 788.000000
30 31 788.000000
31 32 788.000000
32 33 788.000000
597 598 778.000000
1095 1096 777.000000
1556 1557 774.000000
112 113 764.000000
113 114 764.000000
242 243 761.000000
39 61 758.000000
288 289 758.000000
1290 1291 754.000000
1378 1379 752.000000
221 243 749.000000
1579 1580 747.000000
531 532 743.000000
1534 1535 736.000000
1013 10998 735.000000
1033 10487 734.000000
200 201 724.000000
656 657 721.000000
1177 1178 721.000000
1509 1510 721.000000
1092 1093 711.000000
1093 1094 711.000000
1094 1095 711.000000
1074 1075 708.000000
726 727 699.000000
1011 10796 699.000000
970 992 694.000000
1047 1048 690.000000
982 983 687.000000
506 507 681.000000
506 527 680.000000
526 527 680.000000
1313 1335 679.000000
742 743 676.000000
116 117 675.000000
117 118 675.000000
118 119 675.000000
119 120 675.000000
120 121 675.000000
121 122 675.000000
122 123 675.000000
123 124 675.000000
1010 10413 669.000000
1101 1123 667.000000
1404 1405 665.000000
18 19 664.000000
28 29 663.000000
267 268 657.000000
149 171 650.000000
278 279 648.000000
137 138 644.000000
836 858 644.000000
1080 1081 640.000000
1081 1082 640.000000
1082 1083 640.000000
699 700 633.000000
857 879 631.000000
655 656 626.000000
1059 1060 623.000000
1060 1061 623.000000
1031 10539 622.000000
182 183 617.000000
183 184 617.000000
184 185 617.000000
185 186 617.000000
186 187 617.000000
187 188 617.000000
188 189 617.000000
1027 10731 617.000000
1052 1053 611.000000
1512 1534 601.000000
507 508 587.000000
111 112 585.000000
1123 1124 585.000000
289 290 584.000000
287 288 579.000000
1004 1005 579.000000
189 190 572.000000
677 678 570.000000
882 883 567.000000
1009 10136 565.000000
181 203 562.000000
1010 10493 561.000000
138 139 558.000000
139 140 558.000000
140 141 558.000000
141 142 558.000000
142 143 558.000000
143 144 558.000000
144 145 558.000000
145 146 558.000000
146 147 558.000000
486 487 555.000000
683 684 554.000000
1112 1113 554.000000
682 683 552.000000
1037 1038 550.000000
1038 1039 550.000000
576 598 549.000000
33 34 543.000000
126 148 538.000000
532 533 536.000000
15 37 535.000000
1015 1016 533.000000
330 331 531.000000
1221 1222 530.000000
258 259 523.000000
259 260 523.000000
260 261 523.000000
261 262 523.000000
34 35 521.000000
35 36 521.000000
36 37 521.000000
574 596 517.000000
972 973 514.000000
1488 1510 513.000000
764 765 511.000000
257 258 510.000000
1382 1383 494.000000
105 10597 491.000000
487 488 489.000000
684 685 486.000000
569 570 485.000000
1246 1268 481.000000
331 332 469.000000
332 333 469.000000
1033 10459 468.000000
11 12 466.000000
727 728 464.000000
1405 1406 463.000000
510 511 460.000000
1061 1062 451.000000
1188 1189 449.000000
1010 10415 448.000000
135 157 447.000000
1146 1147 446.000000
1147 1148 446.000000
1148 1149 446.000000
89 90 442.000000
1103 1104 442.000000
1104 1105 442.000000
202 203 441.000000
256 257 440.000000
1016 1017 440.000000
1017 1018 440.000000
1054 10627 431.000000
213 235 427.000000
1012 10199 427.000000
1011 10199 425.000000
930 952 421.000000
1011 10979 419.000000
1253 1275 417.000000
971 993 411.000000
612 613 409.000000
663 664 409.000000
1576 1577 407.000000
1574 1575 406.000000
1575 1576 406.000000
105 10516 404.000000
105 10693 404.000000
105 10891 403.000000
105 10973 403.000000
105 10974 403.000000
105 10992 403.000000
1047 10592 403.000000
1010 10148 402.000000
62 84 399.000000
328 329 397.000000
105 10584 396.000000
105 10739 396.000000
105 10746 396.000000
105 10795 396.000000
242 263 396.000000
1470 1471 396.000000
1102 1103 392.000000
641 642 388.000000
90 91 385.000000
91 92 385.000000
1054 10819 385.000000
59 81 384.000000
1247 1269 384.000000
509 510 383.000000
619 641 382.000000
1005 10932 381.000000
508 509 379.000000
1149 1150 379.000000
104 10503 378.000000
722 744 374.000000
1070 1071 373.000000
1071 1072 373.000000
1072 1073 373.000000
771 772 371.000000
105 10749 370.000000
105 10906 370.000000
488 489 370.000000
1057 10729 370.000000
1057 10834 370.000000
1010 10901 369.000000
1035 10456 369.000000
1203 1225 368.000000
105 10622 367.000000
105 10847 367.000000
813 835 365.000000
994 995 365.000000
1057 10609 365.000000
1073 1074 365.000000
1013 10239 363.000000
1069 1070 363.000000
105 10797 362.000000
993 994 362.000000
1057 10649 362.000000
1057 10682 362.000000
1010 10392 361.000000
105 10766 360.000000
1268 1269 358.000000
927 928 357.000000
928 929 357.000000
929 930 357.000000
1012 10317 357.000000
1055 10661 357.000000
1338 1360 356.000000
1005 10711 354.000000
92 93 352.000000
747 769 352.000000
1124 1125 352.000000
1125 1126 352.000000
1126 1127 352.000000
105 10571 350.000000
105 10580 350.000000
105 10666 350.000000
40 62 348.000000
105 10799 347.000000
105 10851 347.000000
568 569 346.000000
1383 1384 346.000000
1062 1084 345.000000
682 703 343.000000
104 10981 342.000000
286 308 339.000000
530 552 339.000000
80 81 332.000000
554 555 328.000000
1577 1578 327.000000
706 728 324.000000
769 791 322.000000
489 511 318.000000
1399 1400 318.000000
125 147 317.000000
1552 1553 317.000000
94 95 314.000000
95 96 314.000000
96 97 314.000000
97 98 314.000000
98 99 314.000000
100 101 314.000000
101 102 314.000000
105 10524 313.000000
1076 1098 312.000000
1266 1267 311.000000
1267 1268 311.000000
528 549 310.000000
548 549 310.000000
528 529 309.000000
529 530 309.000000
531 553 308.000000
105 10526 306.000000
105 10707 305.000000
1150 1151 303.000000
1151 1152 303.000000
1152 1153 303.000000
1153 1154 303.000000
1154 1155 303.000000
105 10991 302.000000
1127 1128 302.000000
104 10409 300.000000
1471 1472 299.000000
1057 10827 297.000000
1080 10931 296.000000
105 10615 295.000000
1159 1181 295.000000
103 10687 294.000000
1128 1129 294.000000
1129 1130 294.000000
1130 1131 294.000000
1131 1132 294.000000
1132 1133 294.000000
104 10997 292.000000
611 612 292.000000
1011 10613 292.000000
262 263 291.000000
620 642 291.000000
225 226 290.000000
226 227 290.000000
227 228 290.000000
228 229 290.000000
229 230 290.000000
230 231 290.000000
231 232 290.000000
232 233 290.000000
148 170 289.000000
793 794 289.000000
1059 10828 289.000000
93 94 288.000000
105 10990 288.000000
462 463 288.000000
462 483 288.000000
463 464 288.000000
1012 10577 288.000000
903 925 287.000000
1293 1315 287.000000
104 10470 286.000000
946 968 286.000000
105 10695 284.000000
1225 1247 284.000000
67 68 283.000000
68 69 283.000000
69 70 283.000000
70 71 283.000000
105 10723 283.000000
105 10764 283.000000
103 10782 282.000000
553 554 282.000000
105 10907 281.000000
105 10915 281.000000
1384 1385 281.000000
104 10762 279.000000
594 615 279.000000
613 614 279.000000
614 615 279.000000
104 10947 278.000000
285 307 278.000000
895 896 275.000000
1166 1188 275.000000
102 103 273.000000
66 87 272.000000
84 85 272.000000
85 86 272.000000
86 87 272.000000
66 67 271.000000
725 747 271.000000
1003 1004 270.000000
233 234 269.000000
1013 10308 269.000000
1080 10828 269.000000
1122 1144 269.000000
1254 1275 269.000000
544 545 267.000000
545 546 267.000000
1448 1449 266.000000
104 10456 265.000000
588 589 265.000000
1003 10030 261.000000
1091 1092 261.000000
203 225 258.000000
1008 10167 258.000000
1059 10778 258.000000
242 264 255.000000
704 726 255.000000
1057 10620 255.000000
157 179 253.000000
589 590 253.000000
1496 1497 253.000000
1496 1517 253.000000
1516 1517 253.000000
522 523 252.000000
523 524 252.000000
105 10803 249.000000
518 519 249.000000
519 520 249.000000
520 521 249.000000
521 522 249.000000
1014 10503 249.000000
267 289 248.000000
950 951 247.000000
1194 1195 247.000000
1195 1196 247.000000
1196 1197 247.000000
1197 1198 247.000000
1198 1199 247.000000
949 950 245.000000
1362 1363 243.000000
1036 10846 242.000000
104 10481 241.000000
1014 10981 240.000000
105 10501 239.000000
105 10754 239.000000
105 10793 239.000000
268 290 239.000000
555 556 239.000000
556 557 239.000000
557 558 239.000000
558 559 239.000000
559 560 239.000000
1036 10927 239.000000
1062 10874 238.000000
880 902 237.000000
112 134 236.000000
1474 1475 236.000000
1474 1495 236.000000
1494 1495 236.000000
105 10827 234.000000
105 10755 231.000000
105 10918 231.000000
1077 10985 231.000000
1090 1091 231.000000
572 594 229.000000
105 10809 228.000000
181 182 227.000000
486 508 226.000000
1057 10809 226.000000
105 10930 223.000000
160 161 222.000000
161 162 222.000000
162 163 222.000000
163 164 222.000000
164 165 222.000000
165 166 222.000000
166 167 222.000000
167 168 222.000000
1035 10625 222.000000
1035 10923 222.000000
829 830 219.000000
330 352 216.000000
1004 10276 216.000000
1079 10802 215.000000
1312 1313 212.000000
168 190 210.000000
1058 10961 207.000000
1079 10845 207.000000
72 94 206.000000
883 884 206.000000
884 885 206.000000
885 886 206.000000
1015 10293 204.000000
1449 1450 204.000000
1015 10176 202.000000
1056 1078 202.000000
1079 10812 201.000000
1079 10887 201.000000
1468 1490 198.000000
1337 1359 197.000000
1032 10401 196.000000
159 160 195.000000
1056 10917 195.000000
1004 10166 193.000000
1057 10625 193.000000
1057 10923 193.000000
1228 1250 193.000000
255 256 192.000000
749 771 192.000000
1013 10879 192.000000
1037 10578 190.000000
973 974 187.000000
1079 10847 186.000000
199 221 185.000000
904 905 185.000000
1013 10619 185.000000
1013 10972 184.000000
136 158 183.000000
547 548 183.000000
1078 10809 183.000000
105 10983 182.000000
268 269 182.000000
1320 1341 182.000000
1010 10249 181.000000
1012 10426 179.000000
1061 1083 178.000000
247 248 177.000000
248 249 177.000000
249 250 177.000000
250 251 177.000000
251 252 177.000000
252 253 177.000000
253 254 177.000000
254 255 177.000000
290 312 177.000000
402 424 177.000000
1013 10432 177.000000
1013 10486 177.000000
1026 1027 177.000000
44 65 176.000000
63 64 176.000000
64 65 176.000000
1013 10387 176.000000
105 10610 175.000000
269 270 175.000000
270 271 175.000000
271 272 175.000000
272 273 175.000000
273 274 175.000000
274 275 175.000000
275 276 175.000000
901 923 175.000000
1079 10961 175.000000
1013 10947 174.000000
1013 10475 173.000000
1013 10730 173.000000
1035 10995 173.000000
50 51 172.000000
276 277 172.000000
440 441 172.000000
440 461 172.000000
441 442 172.000000
1016 10324 172.000000
1315 1337 172.000000
103 125 171.000000
951 952 171.000000
1011 10668 171.000000
1189 1190 171.000000
1190 1191 171.000000
1191 1192 171.000000
1192 1193 171.000000
1193 1194 171.000000
44 45 170.000000
200 222 170.000000
1012 10668 170.000000
1400 1422 170.000000
1013 10868 168.000000
504 505 165.000000
905 906 164.000000
906 907 164.000000
106 10911 163.000000
62 63 162.000000
110 132 162.000000
190 212 162.000000
1133 1134 162.000000
1166 1167 162.000000
1058 10607 161.000000
223 245 160.000000
918 940 160.000000
1009 10298 159.000000
1035 10770 159.000000
1243 1244 159.000000
45 46 156.000000
46 47 156.000000
47 48 156.000000
48 49 156.000000
49 50 156.000000
1555 1577 156.000000
127 149 155.000000
1136 1158 155.000000
837 859 154.000000
1035 10503 153.000000
1035 10981 153.000000
1508 1509 153.000000
1033 10413 152.000000
1079 1101 152.000000
960 982 151.000000
707 708 150.000000
1057 10924 150.000000
37 59 149.000000
1013 10762 149.000000
352 353 148.000000
353 354 148.000000
354 355 148.000000
1015 10751 147.000000
399 400 146.000000
400 401 146.000000
401 402 146.000000
509 531 146.000000
1013 10470 146.000000
1058 10899 146.000000
1083 1084 146.000000
1426 1448 145.000000
373 395 144.000000
1164 1186 144.000000
1465 1466 144.000000
660 682 143.000000
1015 1037 143.000000
900 922 142.000000
1034 10609 142.000000
1013 10924 141.000000
1013 10488 140.000000
1014 10273 140.000000
1014 10403 140.000000
1058 10936 140.000000
1010 10689 139.000000
1425 1447 139.000000
1010 10850 138.000000
1058 10840 138.000000
1058 10959 138.000000
961 983 136.000000
104 10998 135.000000
1014 10409 134.000000
198 220 133.000000
1035 1057 133.000000
1291 1313 133.000000
638 660 132.000000
29 51 131.000000
1535 1536 131.000000
488 510 130.000000
106 10686 129.000000
1059 10751 128.000000
106 10734 127.000000
727 749 127.000000
1083 10874 127.000000
1356 1378 127.000000
1015 10678 125.000000
1036 10607 125.000000
106 10642 124.000000
553 575 124.000000
1009 10575 124.000000
1057 10770 124.000000
560 561 123.000000
808 830 123.000000
1079 10990 123.000000
1167 1168 123.000000
1168 1169 123.000000
1169 1170 123.000000
1170 1171 123.000000
106 10641 122.000000
106 10836 122.000000
1055 10577 122.000000
234 256 121.000000
1079 10801 120.000000
1536 1537 120.000000
540 541 119.000000
541 542 119.000000
542 543 119.000000
543 544 119.000000
1573 1574 119.000000
923 945 118.000000
1012 10279 117.000000
1012 10532 117.000000
1052 10726 117.000000
106 10720 116.000000
290 291 116.000000
291 292 116.000000
292 293 116.000000
293 294 116.000000
294 295 116.000000
295 296 116.000000
296 297 116.000000
297 298 116.000000
298 299 116.000000
1423 1445 116.000000
546 547 115.000000
1155 1156 115.000000
243 265 114.000000
442 464 114.000000
1013 10358 114.000000
1199 1200 114.000000
105 10720 113.000000
146 168 113.000000
618 640 113.000000
1005 10146 113.000000
1013 10818 113.000000
105 10514 112.000000
105 10528 112.000000
105 10546 112.000000
105 10564 112.000000
105 10601 112.000000
105 10621 112.000000
105 10876 112.000000
771 793 112.000000
1013 10600 112.000000
1232 1254 112.000000
633 634 111.000000
902 924 111.000000
105 10756 110.000000
1014 1036 110.000000
1027 10474 110.000000
244 266 109.000000
452 453 109.000000
453 454 109.000000
454 455 109.000000
455 456 109.000000
456 457 109.000000
457 458 109.000000
458 459 109.000000
1009 10509 109.000000
1037 10778 109.000000
1009 10640 107.000000
1015 10455 107.000000
105 10521 106.000000
105 10736 106.000000
105 10980 106.000000
277 278 106.000000
616 638 106.000000
1032 10901 106.000000
105 10699 105.000000
105 10804 105.000000
105 10909 105.000000
105 10913 105.000000
533 534 105.000000
1032 10659 105.000000
224 246 104.000000
1031 10565 104.000000
1054 10796 104.000000
155 177 103.000000
1032 1054 103.000000
1079 10869 102.000000
105 10644 101.000000
105 10652 101.000000
105 10853 101.000000
1027 10272 101.000000
1027 10411 101.000000
1032 10493 101.000000
105 10508 99.000000
105 10629 99.000000
105 10653 99.000000
105 10712 99.000000
105 10905 99.000000
105 10958 99.000000
105 10984 99.000000
180 202 99.000000
534 535 99.000000
535 536 99.000000
536 537 99.000000
537 538 99.000000
538 539 99.000000
1008 10568 99.000000
1009 10167 99.000000
1009 10179 99.000000
1009 10250 99.000000
1009 10568 99.000000
1009 10664 99.000000
1009 10718 99.000000
1009 10965 99.000000
1090 1112 99.000000
105 10728 97.000000
105 10966 97.000000
105 10994 97.000000
1134 1156 97.000000
105 10504 96.000000
105 10926 96.000000
551 573 96.000000
678 700 96.000000
1034 1056 95.000000
156 178 94.000000
597 619 94.000000
1272 1294 92.000000
967 989 91.000000
1357 1379 91.000000
1452 1453 91.000000
1452 1473 91.000000
1453 1454 91.000000
1472 1473 91.000000
105 10747 90.000000
105 10820 90.000000
465 466 90.000000
466 467 90.000000
1032 10811 90.000000
1037 10436 90.000000
1179 1201 90.000000
860 882 89.000000
105 10873 88.000000
487 509 88.000000
1123 1145 88.000000
464 465 86.000000
1075 10777 86.000000
1556 1578 86.000000
7 8 85.000000
8 9 85.000000
10 11 85.000000
1014 10259 85.000000
705 727 84.000000
815 837 84.000000
1056 10577 84.000000
594 616 83.000000
816 838 83.000000
996 997 83.000000
997 998 83.000000
998 999 83.000000
1000 1001 83.000000
1001 1002 83.000000
1002 1003 83.000000
1009 10645 83.000000
1009 10777 83.000000
1009 10934 83.000000
1015 10927 83.000000
1075 10810 83.000000
1091 1113 83.000000
1486 1487 83.000000
1486 1508 83.000000
105 10685 82.000000
1033 10953 82.000000
1055 10613 82.000000
1156 1178 82.000000
1232 1233 82.000000
246 247 81.000000
598 599 81.000000
1013 10310 81.000000
1034 10593 81.000000
1062 1063 81.000000
1063 1064 81.000000
1064 1065 81.000000
1065 1066 81.000000
1066 1067 81.000000
105 10673 80.000000
106 10767 80.000000
452 474 80.000000
598 620 80.000000
1009 10484 80.000000
1034 10426 80.000000
1096 10965 80.000000
6 7 79.000000
105 10727 79.000000
219 241 79.000000
503 504 79.000000
743 765 79.000000
770 792 79.000000
1009 10268 79.000000
1014 10995 79.000000
1052 1074 79.000000
1067 1068 79.000000
1529 1530 79.000000
685 686 78.000000
744 766 78.000000
1009 10810 78.000000
1015 10846 78.000000
1034 10532 78.000000
1079 10936 78.000000
38 60 77.000000
568 590 77.000000
1009 10603 77.000000
1009 10808 77.000000
1009 10841 77.000000
1009 10877 77.000000
1298 1319 77.000000
474 475 76.000000
475 476 76.000000
476 477 76.000000
477 478 76.000000
478 479 76.000000
479 480 76.000000
726 748 76.000000
1009 1031 76.000000
105 10511 75.000000
105 10989 75.000000
905 927 75.000000
1031 10386 75.000000
1033 10689 75.000000
106 10794 74.000000
106 10826 74.000000
106 10963 74.000000
715 716 74.000000
716 717 74.000000
717 718 74.000000
718 719 74.000000
719 720 74.000000
1075 10808 74.000000
1075 10816 74.000000
1075 10841 74.000000
1075 10877 74.000000
1079 10840 74.000000
1079 10959 74.000000
364 365 73.000000
365 366 73.000000
366 367 73.000000
367 368 73.000000
368 369 73.000000
369 370 73.000000
370 371 73.000000
371 372 73.000000
750 751 73.000000
1013 10609 73.000000
1033 10850 73.000000
1075 10775 73.000000
1075 10783 73.000000
1075 10934 73.000000
1079 10899 73.000000
1249 1271 73.000000
1493 1494 73.000000
583 584 72.000000
584 585 72.000000
585 586 72.000000
586 587 72.000000
587 588 72.000000
620 621 72.000000
794 816 72.000000
1010 10979 72.000000
1035 10488 72.000000
1054 10901 72.000000
1075 10848 72.000000
1075 10902 72.000000
1075 10921 72.000000
1157 1179 72.000000
1290 1312 72.000000
1359 1381 72.000000
50 72 71.000000
106 10870 71.000000
922 944 71.000000
1005 1027 70.000000
1297 1319 70.000000
104 10632 69.000000
115 137 69.000000
1011 10143 69.000000
642 664 68.000000
1009 10821 68.000000
105 10676 67.000000
105 10881 67.000000
299 300 67.000000
917 939 67.000000
1075 10951 67.000000
356 357 66.000000
357 358 66.000000
1009 10380 66.000000
1018 1019 66.000000
1019 1020 66.000000
1020 1021 66.000000
1021 1022 66.000000
1022 1023 66.000000
1023 1024 66.000000
1024 1025 66.000000
1055 1077 66.000000
1515 1516 66.000000
115 116 65.000000
256 278 65.000000
1010 1032 65.000000
1010 10694 65.000000
1382 1404 65.000000
1487 1509 65.000000
28 50 64.000000
1009 10681 64.000000
102 10715 63.000000
396 397 63.000000
397 398 63.000000
398 399 63.000000
1010 10627 63.000000
1334 1335 63.000000
1009 10225 62.000000
1009 10450 62.000000
1009 10505 62.000000
1009 10506 62.000000
1009 10775 62.000000
1009 10783 62.000000
1316 1338 61.000000
495 496 59.000000
1135 1157 59.000000
1139 1161 59.000000
1184 1206 59.000000
15 1577 58.000000
106 10904 58.000000
191 213 58.000000
197 219 58.000000
442 443 58.000000
1031 10738 58.000000
1031 10842 58.000000
1032 10554 58.000000
201 223 57.000000
575 597 57.000000
1053 1075 57.000000
1078 10998 57.000000
245 267 56.000000
111 133 55.000000
517 518 55.000000
874 896 54.000000
883 905 54.000000
1068 1069 54.000000
1105 1106 54.000000
1106 1107 54.000000
1107 1108 54.000000
1108 1109 54.000000
1109 1110 54.000000
1110 1111 54.000000
1558 1580 54.000000
649 650 53.000000
650 651 53.000000
651 652 53.000000
652 653 53.000000
653 654 53.000000
654 655 53.000000
728 729 53.000000
952 953 53.000000
953 954 53.000000
954 955 53.000000
955 956 53.000000
956 957 53.000000
957 958 53.000000
958 959 53.000000
959 960 53.000000
104 10620 52.000000
104 10729 52.000000
104 10834 52.000000
489 490 52.000000
533 555 52.000000
577 578 52.000000
578 579 52.000000
579 580 52.000000
580 581 52.000000
581 582 52.000000
582 583 52.000000
858 880 52.000000
1187 1209 52.000000
104 10649 51.000000
104 10682 51.000000
1165 1187 51.000000
508 530 50.000000
662 684 50.000000
1009 10280 50.000000
1211 1212 50.000000
1212 1213 50.000000
1213 1214 50.000000
1214 1215 50.000000
1424 1446 50.000000
720 721 49.000000
1084 1085 49.000000
1085 1086 49.000000
1086 1087 49.000000
1087 1088 49.000000
1088 1089 49.000000
1089 1090 49.000000
106 10806 48.000000
856 878 48.000000
1047 10856 48.000000
106 10875 47.000000
1012 10180 47.000000
1012 10218 47.000000
1012 10246 47.000000
1012 10347 47.000000
1012 10702 47.000000
1012 10895 47.000000
1012 10977 47.000000
1032 10955 47.000000
1161 1183 47.000000
1250 1272 47.000000
639 661 46.000000
1012 10763 46.000000
1015 10523 46.000000
1025 1026 46.000000
1111 1112 46.000000
1210 1211 46.000000
1380 1402 46.000000
189 211 45.000000
308 330 45.000000
1053 10694 45.000000
67 89 44.000000
114 136 44.000000
424 425 44.000000
425 426 44.000000
426 427 44.000000
427 428 44.000000
428 429 44.000000
554 576 44.000000
974 975 44.000000
975 976 44.000000
976 977 44.000000
977 978 44.000000
978 979 44.000000
979 980 44.000000
980 981 44.000000
1031 10831 44.000000
1033 10796 44.000000
1047 1069 44.000000
1444 1466 44.000000
104 10809 43.000000
104 10827 43.000000
791 813 43.000000
1032 10721 43.000000
1032 10821 43.000000
1037 10583 43.000000
1403 1425 43.000000
247 269 42.000000
611 633 42.000000
106 10952 41.000000
443 444 41.000000
510 532 41.000000
995 996 41.000000
1031 10788 41.000000
1032 10446 41.000000
1032 10681 41.000000
1036 10553 41.000000
1117 1139 41.000000
1445 1467 41.000000
263 285 40.000000
460 461 40.000000
627 649 40.000000
1014 10997 40.000000
1033 10618 40.000000
1040 1041 40.000000
1041 1042 40.000000
1042 1043 40.000000
1043 1044 40.000000
1044 1045 40.000000
1045 1046 40.000000
1046 1047 40.000000
1466 1488 40.000000
71 72 39.000000
322 323 39.000000
323 324 39.000000
324 325 39.000000
325 326 39.000000
326 327 39.000000
327 328 39.000000
981 982 39.000000
1036 1058 39.000000
300 301 38.000000
301 302 38.000000
302 303 38.000000
303 304 38.000000
304 305 38.000000
305 306 38.000000
490 491 38.000000
491 492 38.000000
492 493 38.000000
493 494 38.000000
494 495 38.000000
306 307 37.000000
1047 10635 37.000000
22 23 36.000000
22 43 36.000000
23 24 36.000000
24 25 36.000000
25 26 36.000000
26 27 36.000000
27 28 36.000000
40 41 36.000000
41 42 36.000000
42 43 36.000000
358 359 36.000000
359 360 36.000000
360 361 36.000000
361 362 36.000000
362 363 36.000000
363 364 36.000000
949 971 36.000000
1012 10335 36.000000
1012 10372 36.000000
1040 1062 36.000000
1138 1160 36.000000
1143 1165 36.000000
1178 1200 36.000000
104 10625 35.000000
104 10770 35.000000
104 10923 35.000000
539 540 35.000000
663 685 35.000000
246 268 34.000000
555 577 34.000000
835 857 34.000000
1011 1033 34.000000
1141 1163 34.000000
1335 1357 34.000000
321 322 33.000000
481 482 33.000000
599 600 33.000000
600 601 33.000000
601 602 33.000000
602 603 33.000000
603 604 33.000000
700 722 33.000000
851 852 33.000000
966 988 33.000000
1009 10277 33.000000
1039 1040 33.000000
1078 1100 33.000000
106 10614 32.000000
380 402 32.000000
621 622 32.000000
622 623 32.000000
623 624 32.000000
624 625 32.000000
625 626 32.000000
626 627 32.000000
729 730 32.000000
730 731 32.000000
731 732 32.000000
732 733 32.000000
733 734 32.000000
734 735 32.000000
735 736 32.000000
908 930 32.000000
1030 1052 32.000000
1515 1537 32.000000
106 10800 31.000000
106 10988 31.000000
459 460 31.000000
814 836 31.000000
358 380 30.000000
444 445 30.000000
445 446 30.000000
886 887 30.000000
887 888 30.000000
888 889 30.000000
889 890 30.000000
890 891 30.000000
891 892 30.000000
892 893 30.000000
893 894 30.000000
894 895 30.000000
1012 10271 30.000000
532 554 29.000000
1031 10955 29.000000
1053 10745 29.000000
1053 10883 29.000000
1534 1556 29.000000
137 159 28.000000
612 634 28.000000
886 908 28.000000
1013 10329 28.000000
1013 10502 28.000000
1013 10740 28.000000
1053 10946 28.000000
1053 10949 28.000000
1053 10951 28.000000
1053 10969 28.000000
1099 1121 28.000000
1171 1172 28.000000
1172 1173 28.000000
1173 1174 28.000000
1174 1175 28.000000
1175 1176 28.000000
1176 1177 28.000000
159 181 27.000000
160 182 27.000000
1013 10379 27.000000
1013 10863 27.000000
1048 10711 27.000000
1054 10542 27.000000
1054 10554 27.000000
1054 10982 27.000000
1075 10883 27.000000
1011 10669 26.000000
1027 10711 26.000000
1027 10932 26.000000
1053 10703 26.000000
1075 10969 26.000000
1079 10981 26.000000
1210 1232 26.000000
1491 1513 26.000000
682 704 25.000000
720 742 25.000000
1015 10561 25.000000
1057 10762 25.000000
1057 10947 25.000000
1068 1090 25.000000
1206 1228 25.000000
1530 1552 25.000000
225 247 24.000000
233 255 24.000000
496 497 24.000000
497 498 24.000000
498 499 24.000000
499 500 24.000000
500 501 24.000000
501 502 24.000000
502 503 24.000000
1057 10998 24.000000
1075 10811 24.000000
1075 10946 24.000000
1075 10955 24.000000
1422 1444 24.000000
524 525 23.000000
699 721 23.000000
859 881 23.000000
930 931 23.000000
931 932 23.000000
932 933 23.000000
933 934 23.000000
934 935 23.000000
935 936 23.000000
936 937 23.000000
937 938 23.000000
1402 1424 23.000000
1447 1469 23.000000
342 364 22.000000
681 703 22.000000
943 965 22.000000
1010 10446 22.000000
1026 10835 22.000000
1026 10852 22.000000
1026 10944 22.000000
1034 10696 22.000000
1075 10949 22.000000
1076 10901 22.000000
1076 10979 22.000000
1076 10982 22.000000
465 487 21.000000
480 481 21.000000
525 526 21.000000
550 572 21.000000
671 672 21.000000
672 673 21.000000
673 674 21.000000
674 675 21.000000
675 676 21.000000
765 787 21.000000
947 969 21.000000
948 970 21.000000
1004 10150 21.000000
1013 10130 21.000000
1013 10142 21.000000
1013 10346 21.000000
1227 1249 21.000000
1404 1426 21.000000
312 313 20.000000
313 314 20.000000
314 315 20.000000
315 316 20.000000
316 317 20.000000
317 318 20.000000
318 319 20.000000
319 320 20.000000
374 375 20.000000
374 395 20.000000
375 376 20.000000
376 377 20.000000
446 468 20.000000
552 574 20.000000
676 677 20.000000
1012 10613 20.000000
1031 10603 20.000000
1031 10808 20.000000
1031 10841 20.000000
1031 10877 20.000000
1034 10363 20.000000
1052 10539 20.000000
1096 1118 20.000000
1118 1140 20.000000
1360 1382 20.000000
320 321 19.000000
1026 1048 19.000000
1033 1055 19.000000
1035 10997 19.000000
1048 10731 19.000000
1140 1162 19.000000
128 150 18.000000
202 224 18.000000
241 263 18.000000
418 419 18.000000
418 439 18.000000
419 420 18.000000
420 421 18.000000
421 422 18.000000
422 423 18.000000
423 424 18.000000
430 452 18.000000
464 486 18.000000
1034 10398 18.000000
1155 1177 18.000000
1540 1541 18.000000
1540 1561 18.000000
1559 1560 18.000000
1560 1561 18.000000
443 465 17.000000
467 468 17.000000
686 687 17.000000
687 688 17.000000
688 689 17.000000
689 690 17.000000
690 691 17.000000
691 692 17.000000
864 886 17.000000
1004 10207 17.000000
1004 10474 17.000000
1008 10407 17.000000
1014 10481 17.000000
1035 10947 17.000000
1052 10934 17.000000
1205 1227 17.000000
1406 1407 17.000000
154 176 16.000000
177 199 16.000000
179 201 16.000000
342 343 16.000000
343 344 16.000000
344 345 16.000000
345 346 16.000000
346 347 16.000000
347 348 16.000000
348 349 16.000000
349 350 16.000000
482 483 16.000000
721 743 16.000000
938 939 16.000000
1012 10985 16.000000
1025 10856 16.000000
1032 10330 16.000000
1035 10470 16.000000
1035 10762 16.000000
1073 1095 16.000000
1079 10923 16.000000
1379 1401 16.000000
1518 1519 16.000000
1518 1539 16.000000
1537 1538 16.000000
1538 1539 16.000000
429 430 15.000000
642 643 15.000000
643 644 15.000000
644 645 15.000000
645 646 15.000000
646 647 15.000000
647 648 15.000000
648 649 15.000000
698 699 15.000000
879 901 15.000000
1013 10203 15.000000
1013 10351 15.000000
1013 10363 15.000000
1013 10375 15.000000
1013 10398 15.000000
1013 10428 15.000000
1013 10696 15.000000
1013 10886 15.000000
1013 10996 15.000000
1016 10583 15.000000
1025 1047 15.000000
1031 10640 15.000000
1031 10664 15.000000
1031 10718 15.000000
1031 10965 15.000000
1032 10694 15.000000
45 67 14.000000
1016 10436 14.000000
1018 1040 14.000000
1031 10568 14.000000
1031 10575 14.000000
1031 10934 14.000000
131 153 13.000000
864 865 13.000000
865 866 13.000000
866 867 13.000000
867 868 13.000000
868 869 13.000000
869 870 13.000000
870 871 13.000000
871 872 13.000000
872 873 13.000000
1003 10161 13.000000
1012 1034 13.000000
1031 10380 13.000000
1075 10821 13.000000
511 512 12.000000
512 513 12.000000
513 514 12.000000
514 515 12.000000
515 516 12.000000
516 517 12.000000
589 611 12.000000
684 706 12.000000
895 917 12.000000
1015 10327 12.000000
1015 10340 12.000000
1015 10844 12.000000
1033 10979 12.000000
1035 10998 12.000000
1076 10850 12.000000
1428 1429 12.000000
1469 1491 12.000000
14 1576 11.000000
109 131 11.000000
444 466 11.000000
466 488 11.000000
640 662 11.000000
815 816 11.000000
1003 10276 11.000000
1004 10272 11.000000
1004 10411 11.000000
1026 10276 11.000000
1032 10665 11.000000
1032 10752 11.000000
1058 10981 11.000000
1058 10995 11.000000
1070 1092 11.000000
1096 10969 11.000000
1097 1119 11.000000
474 496 10.000000
685 707 10.000000
1025 10635 10.000000
1031 10357 10.000000
1031 10476 10.000000
1031 10484 10.000000
1031 10816 10.000000
1031 10902 10.000000
1031 10921 10.000000
1037 10751 10.000000
1054 10953 10.000000
1055 10985 10.000000
1059 10927 10.000000
1111 1133 10.000000
1181 1203 10.000000
1554 1576 10.000000
355 356 9.000000
617 639 9.000000
1010 10487 9.000000
1010 10618 9.000000
1031 10450 9.000000
1031 10505 9.000000
1031 10506 9.000000
1031 10775 9.000000
1031 10783 9.000000
1031 10848 9.000000
1048 10932 9.000000
1097 10982 9.000000
1381 1403 9.000000
377 378 8.000000
378 379 8.000000
379 380 8.000000
396 417 8.000000
605 627 8.000000
655 677 8.000000
657 679 8.000000
742 764 8.000000
904 926 8.000000
1003 10856 8.000000
1009 10325 8.000000
1034 10432 8.000000
1034 10475 8.000000
1034 10486 8.000000
1034 10619 8.000000
1034 10730 8.000000
1034 10879 8.000000
1034 10972 8.000000
1051 1073 8.000000
1378 1400 8.000000
12 1574 7.000000
66 88 7.000000
116 138 7.000000
938 960 7.000000
1008 10179 7.000000
1008 10575 7.000000
1008 10788 7.000000
1032 10982 7.000000
1036 10403 7.000000
1036 10678 7.000000
1074 1096 7.000000
1074 10788 7.000000
44 66 6.000000
158 180 6.000000
320 342 6.000000
380 381 6.000000
381 382 6.000000
382 383 6.000000
383 384 6.000000
384 385 6.000000
468 469 6.000000
469 470 6.000000
470 471 6.000000
471 472 6.000000
472 473 6.000000
561 562 6.000000
562 563 6.000000
563 564 6.000000
564 565 6.000000
583 605 6.000000
665 666 6.000000
666 667 6.000000
667 668 6.000000
668 669 6.000000
669 670 6.000000
670 671 6.000000
926 948 6.000000
1004 10234 6.000000
1004 10999 6.000000
1008 10842 6.000000
1009 10270 6.000000
1009 10659 6.000000
1009 10721 6.000000
1009 10745 6.000000
1009 10811 6.000000
1010 10330 6.000000
1010 10529 6.000000
1010 10542 6.000000
1010 10554 6.000000
1010 10665 6.000000
1010 10752 6.000000
1010 10982 6.000000
1029 1051 6.000000
1039 1061 6.000000
1052 10640 6.000000
1052 10664 6.000000
1052 10703 6.000000
1052 10718 6.000000
1052 10902 6.000000
1052 10921 6.000000
1052 10965 6.000000
1074 10831 6.000000
350 372 5.000000
437 438 5.000000
664 665 5.000000
830 852 5.000000
852 874 5.000000
944 966 5.000000
1003 10635 5.000000
1005 10183 5.000000
1009 10114 5.000000
1009 10955 5.000000
1015 10431 5.000000
1032 10529 5.000000
1032 10542 5.000000
1035 10409 5.000000
1037 1059 5.000000
1055 10668 5.000000
1167 1189 5.000000
147 169 4.000000
169 191 4.000000
495 517 4.000000
546 568 4.000000
703 725 4.000000
728 750 4.000000
764 786 4.000000
787 809 4.000000
878 900 4.000000
907 908 4.000000
939 961 4.000000
1004 10391 4.000000
1004 10590 4.000000
1035 10481 4.000000
1052 10575 4.000000
1052 10783 4.000000
1052 10848 4.000000
1054 10618 4.000000
1054 10689 4.000000
1054 10850 4.000000
1054 10979 4.000000
1092 1114 4.000000
1112 1134 4.000000
1113 1135 4.000000
1211 1233 4.000000
1215 1216 4.000000
1216 1217 4.000000
1217 1218 4.000000
1218 1219 4.000000
1219 1220 4.000000
3 4 3.000000
4 5 3.000000
5 6 3.000000
124 146 3.000000
211 233 3.000000
276 298 3.000000
298 320 3.000000
438 439 3.000000
473 474 3.000000
522 544 3.000000
596 618 3.000000
1004 10449 3.000000
1009 10256 3.000000
1009 10331 3.000000
1009 10357 3.000000
1009 10369 3.000000
1009 10816 3.000000
1009 10883 3.000000
1009 10946 3.000000
1009 10949 3.000000
1009 10951 3.000000
1009 10969 3.000000
1015 10553 3.000000
1018 10378 3.000000
1031 10331 3.000000
1031 10369 3.000000
1031 10703 3.000000
1031 10883 3.000000
1031 10946 3.000000
1031 10949 3.000000
1031 10951 3.000000
1031 10969 3.000000
1052 10565 3.000000
1052 10775 3.000000
1052 10831 3.000000
1052 10842 3.000000
1053 10821 3.000000
1053 10955 3.000000
1080 1102 3.000000
1095 1117 3.000000
1119 1141 3.000000
1446 1468 3.000000
1541 1542 3.000000
1542 1543 3.000000
1543 1565 3.000000
430 431 2.000000
431 432 2.000000
432 433 2.000000
433 434 2.000000
434 435 2.000000
435 436 2.000000
436 437 2.000000
482 504 2.000000
656 678 2.000000
683 705 2.000000
838 839 2.000000
839 840 2.000000
840 841 2.000000
841 842 2.000000
842 864 2.000000
860 861 2.000000
861 862 2.000000
862 863 2.000000
863 864 2.000000
950 972 2.000000
1009 10476 2.000000
1009 10703 2.000000
1009 10902 2.000000
1009 10921 2.000000
1052 10568 2.000000
1052 10788 2.000000
1053 10659 2.000000
1053 10681 2.000000
1053 10721 2.000000
1053 10811 2.000000
1067 1089 2.000000
1089 1111 2.000000
1115 1137 2.000000
1116 1138 2.000000
1137 1159 2.000000
1162 1184 2.000000
402 403 1.000000
403 404 1.000000
404 405 1.000000
405 406 1.000000
406 407 1.000000
407 408 1.000000
408 430 1.000000
506 528 1.000000
569 591 1.000000
604 605 1.000000
605 606 1.000000
606 607 1.000000
607 608 1.000000
608 609 1.000000
676 698 1.000000
677 699 1.000000
834 856 1.000000
1031 1053 1.000000
1054 1076 1.000000
1121 1143 1.000000
1233 1234 1.000000
1234 1235 1.000000
1235 1236 1.000000
1236 1237 1.000000
1237 1238 1.000000
1238 1239 1.000000
1239 1240 1.000000
1240 1241 1.000000
1241 1242 1.000000
1242 1243 1.000000
1519 1520 1.000000
1520 1521 1.000000
1521 1522 1.000000
1522 1523 1.000000
1523 1524 1.000000
1524 1525 1.000000
1525 1526 1.000000
1526 1527 1.000000
1527 1528 1.000000
1528 1529 1.000000
