20 21 18373.000000
1103 1104 15360.000000
88 89 14585.000000
89 90 14585.000000
90 91 14585.000000
1125 1126 12718.000000
132 133 12441.000000
133 134 12441.000000
134 135 12441.000000
1147 1148 12306.000000
135 136 12008.000000
19 20 11822.000000
928 929 11807.000000
132 153 11763.000000
1102 1103 11540.000000
1146 1147 10578.000000
1145 1146 10558.000000
1101 1102 10514.000000
91 92 10338.000000
1059 1060 10113.000000
1185 1186 10047.000000
884 885 10007.000000
949 950 9572.000000
1124 1125 9500.000000
883 884 9147.000000
1186 1187 8944.000000
1183 1184 8938.000000
1184 1185 8937.000000
110 111 8894.000000
111 112 8894.000000
112 113 8894.000000
110 131 8853.000000
1060 1061 8686.000000
748 749 8643.000000
749 750 8643.000000
1144 1145 8542.000000
1100 1101 8517.000000
971 972 8280.000000
152 153 8245.000000
136 137 8125.000000
948 949 7970.000000
927 928 7813.000000
1123 1124 7712.000000
1058 1059 7495.000000
947 948 7436.000000
64 65 7424.000000
882 883 7356.000000
1168 1169 7189.000000
1167 1168 6940.000000
130 131 6857.000000
814 815 6599.000000
814 835 6595.000000
885 886 6539.000000
1104 1105 6474.000000
1166 1167 6473.000000
1182 1183 6463.000000
63 64 6435.000000
1166 1187 6404.000000
0 21 6388.000000
223 224 6381.000000
154 155 6199.000000
155 156 6199.000000
156 157 6199.000000
220 241 6174.000000
1317 1318 6171.000000
972 973 6141.000000
154 175 6122.000000
1316 1317 6106.000000
220 221 6098.000000
221 222 6098.000000
222 223 6098.000000
993 994 6081.000000
970 971 6073.000000
926 927 5973.000000
905 906 5928.000000
1081 1082 5832.000000
92 93 5741.000000
1273 1274 5722.000000
815 816 5588.000000
834 835 5582.000000
1079 1080 5533.000000
750 751 5454.000000
108 109 5385.000000
1190 1191 5379.000000
1080 1081 5374.000000
726 727 5360.000000
727 728 5360.000000
906 907 5330.000000
1057 1058 5223.000000
1100 1121 5094.000000
726 747 5036.000000
770 771 5003.000000
771 772 5003.000000
770 791 5002.000000
839 840 4982.000000
816 817 4967.000000
1189 1190 4939.000000
1274 1275 4908.000000
969 970 4907.000000
1318 1319 4874.000000
1122 1123 4856.000000
992 993 4850.000000
1016 1017 4780.000000
795 796 4777.000000
1144 1165 4748.000000
180 181 4719.000000
224 225 4685.000000
21 43 4680.000000
1162 1163 4549.000000
792 793 4535.000000
793 794 4535.000000
174 175 4502.000000
1295 1296 4471.000000
973 974 4468.000000
1163 1164 4465.000000
64 86 4423.000000
288 289 4313.000000
1188 1189 4306.000000
1104 1126 4296.000000
1191 1192 4229.000000
1296 1297 4229.000000
1037 1038 4170.000000
1212 1213 4165.000000
1164 1165 4151.000000
1272 1273 4138.000000
1254 1275 4130.000000
176 197 4117.000000
1254 1255 4113.000000
836 857 4107.000000
836 837 4103.000000
837 838 4103.000000
1298 1319 4086.000000
748 769 4081.000000
746 747 4076.000000
1255 1256 4076.000000
1298 1299 4075.000000
113 114 4040.000000
176 177 4040.000000
177 178 4040.000000
178 179 4040.000000
533 534 4026.000000
994 995 4024.000000
950 951 4019.000000
1299 1300 3995.000000
1038 1039 3986.000000
1188 1209 3957.000000
838 839 3951.000000
946 967 3919.000000
965 966 3919.000000
966 967 3919.000000
904 905 3915.000000
1078 1079 3908.000000
1205 1206 3900.000000
792 813 3862.000000
181 182 3847.000000
833 834 3834.000000
1208 1209 3829.000000
1036 1037 3825.000000
1207 1208 3802.000000
1118 1119 3785.000000
930 931 3758.000000
1141 1142 3687.000000
1276 1297 3661.000000
860 861 3658.000000
704 705 3650.000000
705 706 3650.000000
1450 1451 3637.000000
1514 1515 3619.000000
114 115 3601.000000
1471 1472 3601.000000
1206 1207 3598.000000
137 138 3592.000000
861 862 3592.000000
530 531 3572.000000
531 532 3572.000000
1161 1162 3542.000000
706 707 3512.000000
817 818 3492.000000
1515 1516 3474.000000
532 533 3465.000000
1513 1514 3447.000000
1140 1141 3438.000000
1276 1277 3434.000000
534 535 3426.000000
1119 1120 3423.000000
1120 1121 3423.000000
840 841 3402.000000
751 752 3390.000000
1406 1407 3380.000000
157 158 3375.000000
1211 1212 3345.000000
179 180 3315.000000
310 311 3270.000000
1139 1140 3265.000000
929 930 3253.000000
1210 1211 3246.000000
768 769 3245.000000
1138 1139 3245.000000
991 992 3229.000000
1339 1340 3227.000000
85 86 3213.000000
225 226 3196.000000
862 863 3185.000000
1428 1429 3181.000000
794 795 3169.000000
1472 1473 3155.000000
1142 1143 3142.000000
196 197 3107.000000
924 945 3100.000000
943 944 3100.000000
944 945 3100.000000
903 904 3081.000000
1427 1428 3081.000000
790 791 3069.000000
1277 1278 3064.000000
987 988 3051.000000
988 989 3051.000000
968 989 3045.000000
107 108 3022.000000
1383 1384 3018.000000
924 925 3008.000000
1361 1362 2996.000000
880 901 2980.000000
900 901 2980.000000
1251 1252 2976.000000
1340 1341 2976.000000
880 881 2964.000000
1360 1361 2962.000000
1056 1057 2947.000000
20 42 2946.000000
1320 1341 2942.000000
1122 1143 2931.000000
598 599 2921.000000
1405 1406 2910.000000
1035 1036 2902.000000
151 152 2890.000000
1014 1015 2848.000000
1408 1429 2839.000000
974 975 2835.000000
1234 1235 2781.000000
968 969 2749.000000
964 965 2741.000000
1013 1014 2730.000000
86 87 2719.000000
1015 1016 2706.000000
311 312 2699.000000
773 774 2688.000000
245 246 2684.000000
577 578 2675.000000
1384 1385 2635.000000
1252 1253 2629.000000
1557 1558 2610.000000
1362 1363 2602.000000
642 643 2598.000000
1233 1234 2596.000000
41 42 2581.000000
1364 1385 2576.000000
1556 1557 2563.000000
1516 1517 2545.000000
925 926 2533.000000
182 183 2530.000000
1034 1035 2529.000000
1382 1383 2520.000000
1558 1559 2496.000000
1232 1253 2488.000000
1204 1205 2479.000000
172 173 2472.000000
951 952 2458.000000
1404 1405 2456.000000
946 947 2437.000000
995 996 2432.000000
1449 1450 2412.000000
1248 1249 2401.000000
1249 1250 2401.000000
1169 1170 2393.000000
1342 1363 2345.000000
1426 1427 2333.000000
1470 1471 2333.000000
194 195 2307.000000
856 857 2306.000000
129 130 2289.000000
216 217 2289.000000
1278 1279 2279.000000
201 202 2254.000000
1232 1233 2231.000000
1210 1231 2119.000000
796 797 2116.000000
183 184 2115.000000
1061 1062 2115.000000
881 882 2107.000000
1160 1161 2086.000000
885 907 2073.000000
643 644 2055.000000
1256 1257 2049.000000
267 268 2041.000000
929 951 2041.000000
752 753 2018.000000
84 85 2001.000000
863 864 1985.000000
22 43 1984.000000
42 43 1961.000000
772 773 1953.000000
198 199 1950.000000
199 200 1950.000000
704 725 1941.000000
1560 1561 1912.000000
43 65 1908.000000
158 159 1894.000000
789 790 1892.000000
173 174 1877.000000
198 219 1874.000000
218 219 1874.000000
1017 1018 1852.000000
728 729 1848.000000
812 813 1842.000000
138 139 1837.000000
1559 1560 1823.000000
93 94 1818.000000
1472 1494 1818.000000
1452 1473 1811.000000
1430 1451 1786.000000
202 203 1781.000000
203 204 1778.000000
682 683 1772.000000
683 684 1772.000000
684 685 1772.000000
1017 1039 1763.000000
1074 1075 1755.000000
1075 1076 1753.000000
1076 1077 1753.000000
1492 1493 1732.000000
1117 1118 1731.000000
94 95 1727.000000
1060 1082 1724.000000
841 863 1715.000000
599 600 1714.000000
195 196 1689.000000
931 953 1647.000000
1082 1083 1635.000000
184 185 1632.000000
215 216 1622.000000
884 906 1616.000000
595 596 1615.000000
596 597 1615.000000
597 598 1615.000000
899 900 1613.000000
1039 1040 1603.000000
1342 1343 1601.000000
841 842 1600.000000
576 577 1591.000000
707 708 1572.000000
1452 1453 1567.000000
1491 1492 1558.000000
729 730 1554.000000
1105 1106 1550.000000
1056 1077 1549.000000
842 864 1525.000000
242 243 1517.000000
242 263 1517.000000
243 244 1517.000000
262 263 1517.000000
952 953 1501.000000
116 117 1500.000000
535 536 1496.000000
1018 1019 1493.000000
115 116 1482.000000
1078 1099 1479.000000
128 129 1467.000000
246 247 1465.000000
18 19 1452.000000
38 39 1441.000000
39 40 1441.000000
902 903 1441.000000
1181 1182 1432.000000
1403 1404 1420.000000
1496 1517 1414.000000
239 240 1409.000000
66 67 1406.000000
67 68 1406.000000
68 69 1406.000000
17 18 1405.000000
42 64 1402.000000
95 96 1398.000000
69 70 1396.000000
686 687 1394.000000
1250 1251 1385.000000
240 241 1384.000000
182 204 1370.000000
159 160 1355.000000
270 271 1352.000000
902 923 1349.000000
921 922 1349.000000
922 923 1349.000000
1493 1494 1326.000000
66 87 1325.000000
44 65 1316.000000
217 218 1312.000000
682 703 1308.000000
774 775 1305.000000
578 579 1304.000000
16 17 1299.000000
796 818 1294.000000
730 731 1293.000000
200 201 1292.000000
534 556 1291.000000
1386 1407 1282.000000
117 118 1272.000000
1364 1365 1265.000000
1060 10917 1264.000000
1247 1248 1262.000000
661 662 1248.000000
62 63 1247.000000
662 663 1247.000000
600 601 1246.000000
139 140 1240.000000
708 709 1211.000000
1126 1127 1207.000000
724 725 1206.000000
15 16 1204.000000
638 639 1187.000000
639 640 1187.000000
640 641 1187.000000
268 269 1178.000000
269 270 1175.000000
1365 1366 1175.000000
644 645 1172.000000
858 859 1156.000000
660 681 1151.000000
0 10566 1149.000000
536 537 1143.000000
620 621 1143.000000
621 622 1143.000000
858 879 1140.000000
878 879 1140.000000
1540 1561 1140.000000
660 661 1123.000000
685 686 1114.000000
702 703 1101.000000
0 10054 1092.000000
204 205 1089.000000
709 710 1082.000000
1073 1074 1080.000000
244 245 1072.000000
638 659 1061.000000
118 119 1050.000000
573 574 1047.000000
574 575 1047.000000
575 576 1047.000000
1448 1449 1046.000000
556 557 1041.000000
60 61 1038.000000
61 62 1038.000000
150 151 1038.000000
224 246 1035.000000
96 97 1031.000000
271 272 1029.000000
1490 1491 1019.000000
1338 1339 1017.000000
1137 1138 1015.000000
622 623 996.000000
140 141 981.000000
687 688 981.000000
32 33 979.000000
33 34 979.000000
34 35 979.000000
35 36 979.000000
855 856 970.000000
877 878 965.000000
1059 10661 963.000000
1447 1448 950.000000
1518 1539 948.000000
1096 1097 947.000000
1097 1098 947.000000
1098 1099 947.000000
290 291 939.000000
508 509 936.000000
509 510 936.000000
510 511 936.000000
1148 1170 928.000000
1229 1230 924.000000
65 87 923.000000
1494 1495 920.000000
1538 1539 919.000000
1008 1009 917.000000
1009 1010 917.000000
1010 1011 917.000000
1512 1513 915.000000
617 618 901.000000
618 619 901.000000
1408 1409 900.000000
859 860 890.000000
238 239 889.000000
248 249 887.000000
619 620 879.000000
554 555 857.000000
931 932 856.000000
289 290 855.000000
1094 1095 847.000000
106 107 841.000000
160 161 837.000000
1095 1096 837.000000
1273 1295 824.000000
557 558 821.000000
664 665 821.000000
665 666 821.000000
579 580 810.000000
1230 1231 810.000000
172 194 803.000000
616 617 797.000000
247 248 796.000000
193 194 795.000000
136 158 794.000000
641 642 792.000000
1127 1128 792.000000
1128 1129 792.000000
1129 1130 792.000000
996 997 791.000000
98 99 783.000000
100 101 783.000000
101 102 783.000000
102 103 783.000000
103 104 783.000000
104 105 783.000000
105 106 783.000000
205 206 781.000000
1030 1031 781.000000
1031 1032 781.000000
1032 1033 781.000000
616 637 769.000000
1535 1536 766.000000
1536 1537 766.000000
249 250 759.000000
753 754 756.000000
666 667 755.000000
752 774 752.000000
511 512 749.000000
555 556 745.000000
1116 1117 743.000000
259 260 741.000000
572 573 734.000000
1016 10917 733.000000
163 164 731.000000
164 165 731.000000
165 166 731.000000
166 167 731.000000
167 168 731.000000
168 169 731.000000
169 170 731.000000
170 171 731.000000
1083 1084 731.000000
1019 1020 714.000000
1020 1021 714.000000
161 162 712.000000
1062 1063 709.000000
0 22 708.000000
990 991 687.000000
932 933 686.000000
550 551 684.000000
260 261 680.000000
261 262 680.000000
312 313 680.000000
1561 1583 680.000000
180 202 675.000000
1007 1008 674.000000
266 267 669.000000
986 987 668.000000
171 172 664.000000
512 513 664.000000
181 203 657.000000
311 333 656.000000
226 227 651.000000
1106 1107 650.000000
1107 1108 650.000000
1108 1109 650.000000
36 37 649.000000
37 38 649.000000
1496 1497 646.000000
1093 1094 644.000000
40 41 639.000000
1386 1387 630.000000
44 45 629.000000
45 46 629.000000
46 47 629.000000
1012 1033 615.000000
47 48 609.000000
225 247 605.000000
216 238 604.000000
1228 1229 604.000000
973 995 603.000000
601 602 599.000000
663 664 599.000000
185 186 593.000000
186 187 593.000000
187 188 593.000000
188 189 593.000000
189 190 593.000000
190 191 593.000000
191 192 593.000000
192 193 593.000000
1038 10770 593.000000
594 595 592.000000
1343 1344 592.000000
1036 10618 584.000000
1012 1013 575.000000
1250 1272 572.000000
1321 1322 571.000000
443 444 570.000000
444 445 570.000000
1191 1213 566.000000
227 228 565.000000
138 160 560.000000
550 571 560.000000
1034 10407 543.000000
314 315 542.000000
48 70 541.000000
1063 1064 541.000000
1064 1065 541.000000
229 230 527.000000
230 231 527.000000
231 232 527.000000
232 233 527.000000
233 234 527.000000
234 235 527.000000
235 236 527.000000
236 237 527.000000
490 512 525.000000
1320 1321 523.000000
130 152 522.000000
291 292 522.000000
1235 1236 514.000000
663 685 510.000000
1559 1581 502.000000
332 333 498.000000
963 964 489.000000
708 730 487.000000
818 819 484.000000
594 615 482.000000
746 768 474.000000
921 943 472.000000
217 239 470.000000
942 943 468.000000
142 143 467.000000
143 144 467.000000
144 145 467.000000
145 146 467.000000
146 147 467.000000
147 148 467.000000
148 149 467.000000
535 557 467.000000
76 77 464.000000
77 78 464.000000
78 79 464.000000
79 80 464.000000
80 81 464.000000
81 82 464.000000
82 83 464.000000
83 84 464.000000
445 446 459.000000
1102 1124 459.000000
149 150 455.000000
710 711 450.000000
598 620 445.000000
10 11 443.000000
11 12 441.000000
135 157 439.000000
313 314 439.000000
731 732 439.000000
933 934 438.000000
1300 1301 435.000000
1109 1110 434.000000
12 13 432.000000
1080 10815 432.000000
13 14 431.000000
14 15 428.000000
490 491 427.000000
54 55 425.000000
55 56 425.000000
56 57 425.000000
57 58 425.000000
58 59 425.000000
59 60 425.000000
486 487 425.000000
487 488 425.000000
488 489 425.000000
489 490 425.000000
162 163 424.000000
975 997 424.000000
1052 1053 424.000000
1430 1431 423.000000
129 151 422.000000
624 646 422.000000
1053 1054 422.000000
1054 1055 422.000000
1040 1041 421.000000
106 10715 419.000000
840 862 419.000000
1537 1538 419.000000
514 515 415.000000
1029 1030 415.000000
1041 1042 413.000000
1042 1043 413.000000
513 514 411.000000
1226 1227 407.000000
1227 1228 407.000000
1534 1535 407.000000
1016 10317 398.000000
974 996 397.000000
108 10936 395.000000
203 225 391.000000
109 10974 387.000000
246 268 386.000000
290 312 386.000000
551 552 385.000000
552 553 385.000000
553 554 385.000000
109 10973 384.000000
1322 1323 382.000000
1034 1055 380.000000
193 215 378.000000
1469 1470 377.000000
1130 1131 375.000000
928 950 374.000000
1016 10271 374.000000
484 505 372.000000
504 505 372.000000
63 85 370.000000
1061 1083 367.000000
1474 1495 367.000000
1119 1141 366.000000
10 10557 364.000000
1036 10661 363.000000
1039 1061 359.000000
975 976 357.000000
292 293 356.000000
1062 10931 356.000000
529 530 354.000000
109 10992 353.000000
954 955 352.000000
108 10812 349.000000
108 10887 349.000000
1040 10751 348.000000
1040 10778 348.000000
0 10007 347.000000
1454 1455 347.000000
1455 1456 347.000000
1456 1457 347.000000
1040 10541 345.000000
1582 1583 345.000000
1013 10225 344.000000
204 226 342.000000
953 954 341.000000
109 131 338.000000
1159 1160 338.000000
109 10906 337.000000
1036 10417 336.000000
1185 1207 336.000000
1014 10819 330.000000
137 159 329.000000
1229 1251 326.000000
1533 1534 326.000000
1043 10874 324.000000
1166 1188 324.000000
1038 10398 320.000000
1581 1582 318.000000
1015 10661 317.000000
926 948 316.000000
108 130 314.000000
1409 1410 310.000000
579 601 309.000000
119 120 307.000000
120 121 307.000000
121 122 307.000000
122 123 307.000000
123 124 307.000000
124 125 307.000000
125 126 307.000000
126 127 307.000000
127 128 307.000000
237 238 307.000000
271 293 305.000000
1036 10413 304.000000
1206 1228 303.000000
1110 1111 300.000000
1111 1112 300.000000
1112 1113 300.000000
1113 1114 300.000000
1114 1115 300.000000
1021 1043 298.000000
76 98 297.000000
1012 10361 295.000000
1087 1088 295.000000
707 729 294.000000
1062 1084 294.000000
1061 10674 292.000000
1061 10675 292.000000
1061 10737 292.000000
108 10923 291.000000
1039 10761 291.000000
1039 10845 291.000000
1039 10899 291.000000
1575 1576 291.000000
1574 1575 290.000000
1018 10961 289.000000
1039 10959 288.000000
1061 10812 288.000000
1061 10887 288.000000
797 819 287.000000
1039 10403 286.000000
1039 10456 286.000000
1039 10936 286.000000
1018 10503 285.000000
1290 1291 285.000000
1291 1292 285.000000
1292 1293 285.000000
1293 1294 285.000000
1039 10420 284.000000
1192 1214 284.000000
184 206 283.000000
1039 10840 281.000000
1573 1574 281.000000
108 10899 280.000000
907 929 280.000000
108 10845 279.000000
226 248 279.000000
315 316 279.000000
1572 1573 279.000000
1084 1085 277.000000
1085 1086 277.000000
1086 1087 277.000000
108 10959 274.000000
491 492 272.000000
108 10840 270.000000
207 208 270.000000
208 209 270.000000
209 210 270.000000
210 211 270.000000
211 212 270.000000
212 213 270.000000
213 214 270.000000
214 215 270.000000
264 265 270.000000
264 285 270.000000
265 266 270.000000
282 283 270.000000
283 284 270.000000
284 285 270.000000
623 645 269.000000
1040 10578 269.000000
1294 1295 269.000000
1560 1582 269.000000
194 216 268.000000
446 468 268.000000
1474 1475 268.000000
492 493 267.000000
1021 10378 267.000000
108 10937 266.000000
228 229 266.000000
623 624 265.000000
128 150 263.000000
223 245 263.000000
356 357 262.000000
357 358 262.000000
358 359 262.000000
536 558 261.000000
997 998 261.000000
998 999 261.000000
1014 10953 261.000000
324 325 259.000000
839 861 257.000000
970 992 255.000000
548 549 253.000000
0 10826 252.000000
642 664 251.000000
1038 10409 251.000000
1019 10436 250.000000
1082 10991 250.000000
163 185 248.000000
968 990 248.000000
515 516 247.000000
516 517 247.000000
517 518 247.000000
518 519 247.000000
519 520 247.000000
207 229 246.000000
1275 1297 246.000000
667 668 244.000000
795 817 244.000000
1016 10702 244.000000
688 689 242.000000
1489 1490 242.000000
1017 10770 241.000000
1058 10979 240.000000
107 10995 239.000000
976 977 238.000000
977 978 238.000000
74 75 237.000000
419 420 235.000000
500 501 235.000000
501 502 235.000000
502 503 235.000000
503 504 235.000000
109 10926 232.000000
1013 10484 232.000000
1088 1089 232.000000
1089 1090 232.000000
1090 1091 232.000000
1091 1092 232.000000
1092 1093 232.000000
1018 1040 231.000000
0 10800 228.000000
1015 10669 228.000000
1576 1577 228.000000
109 10905 227.000000
109 10958 227.000000
1013 10934 225.000000
1039 10657 223.000000
1014 10665 221.000000
1035 10401 218.000000
1490 1512 218.000000
1014 10148 215.000000
1061 10802 215.000000
70 71 214.000000
1039 10607 213.000000
72 73 209.000000
73 74 209.000000
202 224 207.000000
71 72 206.000000
1425 1426 206.000000
1516 1538 205.000000
0 10458 204.000000
838 860 203.000000
1034 10539 201.000000
1213 1214 200.000000
685 707 199.000000
1033 1055 199.000000
1082 10983 199.000000
0 10591 198.000000
97 98 198.000000
1449 1471 196.000000
1562 1583 195.000000
0 10963 193.000000
491 513 192.000000
1063 10828 192.000000
507 508 191.000000
1014 1036 191.000000
965 987 190.000000
462 483 189.000000
482 483 189.000000
478 479 188.000000
479 480 188.000000
480 481 188.000000
481 482 188.000000
1017 10481 188.000000
1448 1470 188.000000
1017 10997 187.000000
1029 10592 186.000000
0 10614 185.000000
32 54 185.000000
1061 10632 185.000000
206 207 183.000000
1014 10249 183.000000
0 10875 182.000000
0 10485 180.000000
0 10686 180.000000
1209 1231 180.000000
0 10988 179.000000
1061 10787 179.000000
0 10362 176.000000
0 10307 175.000000
0 10642 175.000000
0 10734 175.000000
183 205 175.000000
615 637 175.000000
1019 10324 175.000000
1061 10801 175.000000
1061 10869 175.000000
1540 1562 175.000000
864 865 174.000000
865 866 174.000000
866 867 174.000000
1061 10755 174.000000
333 334 173.000000
334 335 173.000000
335 336 173.000000
1016 10398 173.000000
1140 1162 173.000000
1061 10707 171.000000
0 10158 170.000000
0 10434 170.000000
601 623 170.000000
1052 10731 170.000000
70 92 169.000000
1016 10180 169.000000
1016 10347 169.000000
109 10913 167.000000
1056 10624 167.000000
1061 10990 167.000000
485 486 166.000000
1007 10635 166.000000
1034 10386 166.000000
0 10747 165.000000
1235 1257 165.000000
1007 10856 164.000000
1056 10726 164.000000
0 10767 163.000000
0 10794 163.000000
464 465 163.000000
465 466 163.000000
466 467 163.000000
1008 10391 163.000000
1203 1204 163.000000
1038 10998 162.000000
1052 10932 162.000000
1360 1382 162.000000
645 646 160.000000
1154 1155 160.000000
1155 1156 160.000000
1156 1157 160.000000
1157 1158 160.000000
1158 1159 160.000000
1187 1209 160.000000
1294 1316 160.000000
664 686 159.000000
116 138 158.000000
109 10984 157.000000
109 10994 157.000000
0 10328 156.000000
477 478 156.000000
1061 10625 156.000000
1253 1275 156.000000
751 773 155.000000
682 704 154.000000
709 731 153.000000
1018 10533 152.000000
0 10069 151.000000
711 712 151.000000
877 899 151.000000
0 10101 150.000000
109 10904 150.000000
1515 1537 150.000000
930 952 149.000000
985 986 149.000000
1021 1022 149.000000
1082 10923 149.000000
1387 1388 148.000000
1138 1160 147.000000
0 10952 146.000000
1082 10966 146.000000
150 172 144.000000
1037 10917 144.000000
1061 10961 143.000000
1491 1513 143.000000
644 666 142.000000
0 10318 141.000000
549 571 141.000000
1039 10533 141.000000
1039 10961 141.000000
0 10836 140.000000
1014 10627 140.000000
106 128 139.000000
706 728 139.000000
1039 10923 139.000000
0 10477 138.000000
0 10491 138.000000
0 10720 138.000000
860 882 138.000000
0 10295 137.000000
0 10641 137.000000
927 949 137.000000
107 129 136.000000
1035 10487 136.000000
185 207 135.000000
1013 10645 135.000000
376 377 134.000000
22 23 133.000000
23 24 133.000000
24 25 133.000000
25 26 133.000000
141 142 133.000000
375 376 133.000000
1035 10392 132.000000
1059 10613 132.000000
1059 10668 132.000000
201 223 131.000000
1057 10946 131.000000
1059 10985 131.000000
10 10616 130.000000
75 76 128.000000
493 515 128.000000
725 747 128.000000
1082 10869 128.000000
141 163 127.000000
1035 10493 127.000000
26 27 126.000000
27 28 126.000000
28 29 126.000000
29 30 126.000000
30 31 126.000000
107 10997 126.000000
842 843 126.000000
843 844 126.000000
844 845 126.000000
845 846 126.000000
882 904 126.000000
1034 1056 126.000000
1147 1169 125.000000
281 282 124.000000
1015 10985 122.000000
0 10511 121.000000
467 468 121.000000
591 592 121.000000
592 593 121.000000
1037 10985 121.000000
1556 1578 121.000000
528 529 120.000000
1065 10874 120.000000
520 521 119.000000
1008 10590 118.000000
1115 1116 118.000000
506 507 117.000000
532 554 117.000000
1413 1435 117.000000
576 598 116.000000
955 956 116.000000
1061 10936 116.000000
1410 1411 116.000000
1411 1412 116.000000
1412 1413 116.000000
1014 10415 115.000000
0 1 114.000000
1015 10577 114.000000
1037 10668 114.000000
1558 1580 114.000000
774 796 113.000000
1013 10136 113.000000
1057 10949 113.000000
528 549 112.000000
1034 10903 112.000000
1126 1148 112.000000
445 467 111.000000
421 422 110.000000
422 423 110.000000
423 424 110.000000
1096 1118 110.000000
1404 1426 109.000000
580 602 108.000000
1099 1121 108.000000
1279 1280 108.000000
1557 1579 108.000000
161 183 107.000000
446 447 107.000000
956 957 107.000000
957 958 107.000000
958 959 107.000000
959 960 107.000000
960 961 107.000000
961 962 107.000000
962 963 107.000000
424 425 106.000000
425 426 106.000000
426 427 106.000000
587 588 106.000000
588 589 106.000000
589 590 106.000000
590 591 106.000000
1577 1578 106.000000
1061 10827 105.000000
1210 1232 105.000000
484 485 104.000000
1037 10613 104.000000
1341 1363 104.000000
109 10980 103.000000
109 10989 103.000000
1017 10379 103.000000
1035 10681 103.000000
268 290 102.000000
971 993 102.000000
1061 10809 101.000000
1095 1117 101.000000
659 681 100.000000
686 708 100.000000
1061 10918 100.000000
1078 10883 100.000000
48 49 99.000000
308 329 99.000000
325 326 99.000000
326 327 99.000000
327 328 99.000000
328 329 99.000000
1034 10522 99.000000
468 490 98.000000
108 10809 97.000000
818 840 97.000000
1082 10990 97.000000
934 956 96.000000
108 10827 95.000000
362 384 95.000000
384 406 95.000000
1034 10725 95.000000
1359 1360 95.000000
109 10952 94.000000
109 10988 94.000000
354 355 94.000000
909 931 94.000000
1061 10761 94.000000
1061 10845 94.000000
1061 10899 94.000000
1122 1144 94.000000
1453 1454 94.000000
108 10834 93.000000
399 400 93.000000
400 401 93.000000
401 402 93.000000
580 581 93.000000
1061 10840 93.000000
1061 10959 93.000000
272 273 92.000000
273 274 92.000000
274 275 92.000000
275 276 92.000000
276 277 92.000000
277 278 92.000000
278 279 92.000000
279 280 92.000000
775 797 92.000000
902 924 92.000000
948 970 92.000000
1035 10618 92.000000
558 559 91.000000
904 926 91.000000
315 337 90.000000
1297 1319 90.000000
1432 1433 90.000000
1433 1434 90.000000
1434 1435 90.000000
109 10909 89.000000
280 281 89.000000
587 609 89.000000
1079 10901 89.000000
1146 1168 89.000000
140 162 88.000000
359 360 88.000000
360 361 88.000000
361 362 88.000000
688 710 88.000000
773 795 88.000000
1149 1150 88.000000
1150 1151 88.000000
1151 1152 88.000000
1152 1153 88.000000
1153 1154 88.000000
1364 1386 88.000000
1579 1580 88.000000
1580 1581 88.000000
1036 10979 87.000000
1131 1132 87.000000
1132 1133 87.000000
1133 1134 87.000000
1134 1135 87.000000
1135 1136 87.000000
729 751 86.000000
1017 10409 86.000000
1578 1579 86.000000
308 309 85.000000
309 310 85.000000
863 885 85.000000
886 887 85.000000
1078 10810 85.000000
1139 1161 85.000000
1018 10273 84.000000
1058 10982 84.000000
462 463 83.000000
1018 10403 83.000000
1057 10659 83.000000
1057 10811 83.000000
1057 10955 83.000000
1061 10620 82.000000
1061 10649 82.000000
1061 10682 82.000000
1065 1066 82.000000
1083 10987 82.000000
1 2 81.000000
2 3 81.000000
3 4 81.000000
447 448 81.000000
448 449 81.000000
449 450 81.000000
1017 10998 81.000000
1056 10842 81.000000
1061 10729 81.000000
1061 10834 81.000000
1035 10821 80.000000
1037 10763 80.000000
1051 1052 80.000000
1447 1469 80.000000
666 688 79.000000
978 979 79.000000
979 980 79.000000
980 981 79.000000
981 982 79.000000
982 983 79.000000
983 984 79.000000
984 985 79.000000
1013 10509 79.000000
1061 10923 79.000000
108 10918 78.000000
1019 10751 78.000000
1034 10738 78.000000
154 176 77.000000
195 217 77.000000
906 928 77.000000
1016 10279 77.000000
1016 10426 77.000000
1018 10607 77.000000
198 220 76.000000
442 443 76.000000
463 464 76.000000
887 909 76.000000
1016 10218 76.000000
1016 10372 76.000000
1016 10532 76.000000
1016 10977 76.000000
1043 1044 76.000000
1044 1045 76.000000
1045 1046 76.000000
1046 1047 76.000000
1047 1048 76.000000
1048 1049 76.000000
1078 10783 76.000000
1254 1276 76.000000
537 538 75.000000
538 539 75.000000
539 540 75.000000
540 541 75.000000
541 542 75.000000
542 543 75.000000
1013 10450 75.000000
1013 10505 75.000000
1013 10506 75.000000
1013 10783 75.000000
1019 10778 75.000000
1078 10848 75.000000
1078 10902 75.000000
1078 10921 75.000000
1319 1341 75.000000
131 153 74.000000
402 403 74.000000
403 404 74.000000
404 405 74.000000
405 406 74.000000
513 535 74.000000
950 972 74.000000
1030 10711 74.000000
1058 1080 74.000000
1078 10951 74.000000
1078 10969 74.000000
1320 1342 74.000000
1405 1427 74.000000
1019 10583 73.000000
862 884 72.000000
1019 10578 72.000000
1049 1050 72.000000
1078 10808 72.000000
1078 10816 72.000000
1078 10841 72.000000
1078 10877 72.000000
1555 1556 72.000000
559 560 71.000000
560 561 71.000000
561 562 71.000000
562 563 71.000000
563 564 71.000000
581 582 71.000000
582 583 71.000000
583 584 71.000000
584 585 71.000000
585 586 71.000000
1015 1037 70.000000
1034 10842 70.000000
1340 1362 70.000000
1384 1406 70.000000
1016 10895 69.000000
1431 1432 69.000000
750 772 68.000000
1016 10763 68.000000
1078 10934 68.000000
18 40 67.000000
108 10801 67.000000
108 10869 67.000000
158 180 67.000000
1013 10777 67.000000
1017 10740 67.000000
1251 1273 67.000000
1342 1364 67.000000
1381 1382 67.000000
54 76 66.000000
159 181 66.000000
238 260 66.000000
1082 10918 66.000000
250 251 65.000000
251 252 65.000000
252 253 65.000000
253 254 65.000000
254 255 65.000000
255 256 65.000000
256 257 65.000000
257 258 65.000000
258 259 65.000000
586 587 65.000000
920 921 65.000000
1030 10411 65.000000
1036 1058 65.000000
1317 1339 65.000000
578 600 64.000000
790 812 64.000000
811 812 64.000000
1082 10827 64.000000
1082 10834 64.000000
1231 1253 64.000000
1362 1384 64.000000
316 317 63.000000
317 318 63.000000
920 942 63.000000
1013 10810 63.000000
1056 10575 63.000000
1169 1191 63.000000
336 337 62.000000
558 580 62.000000
622 644 61.000000
1016 10335 61.000000
1017 10863 61.000000
1056 10640 61.000000
1057 10721 61.000000
1058 10618 61.000000
1061 10657 61.000000
71 93 60.000000
108 10803 60.000000
108 10907 60.000000
108 10915 60.000000
108 10983 60.000000
1017 10375 60.000000
1022 1023 60.000000
1023 1024 60.000000
1024 1025 60.000000
1025 1026 60.000000
1026 1027 60.000000
49 50 59.000000
50 51 59.000000
51 52 59.000000
52 53 59.000000
675 676 59.000000
676 677 59.000000
677 678 59.000000
678 679 59.000000
679 680 59.000000
1017 10329 59.000000
108 10926 58.000000
1027 1028 58.000000
1034 10565 58.000000
1039 10997 58.000000
1081 1103 58.000000
4 5 57.000000
5 6 57.000000
6 7 57.000000
7 8 57.000000
8 9 57.000000
108 10966 57.000000
151 173 57.000000
543 544 57.000000
544 545 57.000000
545 546 57.000000
546 547 57.000000
547 548 57.000000
1056 10718 57.000000
53 54 56.000000
108 10847 56.000000
1540 1541 56.000000
108 10991 55.000000
355 356 55.000000
115 137 54.000000
609 610 54.000000
610 611 54.000000
611 612 54.000000
612 613 54.000000
613 614 54.000000
797 798 54.000000
1078 1100 54.000000
1170 1171 54.000000
1171 1172 54.000000
1172 1173 54.000000
1173 1174 54.000000
1174 1175 54.000000
907 908 53.000000
1014 10901 53.000000
1019 10293 53.000000
1056 10788 53.000000
1366 1367 53.000000
250 272 52.000000
318 319 52.000000
319 320 52.000000
320 321 52.000000
321 322 52.000000
322 323 52.000000
323 324 52.000000
616 638 52.000000
753 775 52.000000
934 935 52.000000
935 936 52.000000
936 937 52.000000
937 938 52.000000
938 939 52.000000
939 940 52.000000
940 941 52.000000
1007 1029 52.000000
1028 1029 52.000000
1034 10575 52.000000
411 433 51.000000
798 820 51.000000
820 842 51.000000
878 900 51.000000
949 971 51.000000
418 439 50.000000
433 434 50.000000
434 435 50.000000
435 436 50.000000
436 437 50.000000
437 438 50.000000
438 439 50.000000
1361 1383 50.000000
1383 1405 50.000000
19 41 49.000000
41 63 49.000000
75 97 49.000000
1013 10331 49.000000
1013 10380 49.000000
1013 10476 49.000000
1013 10603 49.000000
1013 10703 49.000000
1013 10775 49.000000
1013 10808 49.000000
1013 10816 49.000000
1013 10841 49.000000
1013 10848 49.000000
1013 10877 49.000000
1013 10902 49.000000
1013 10921 49.000000
108 10802 48.000000
108 10990 48.000000
406 407 48.000000
407 408 48.000000
408 409 48.000000
409 410 48.000000
410 411 48.000000
941 942 48.000000
946 968 48.000000
1034 10788 48.000000
1040 1062 48.000000
1057 10821 48.000000
726 748 47.000000
1087 10874 47.000000
468 469 46.000000
730 752 46.000000
1014 10752 46.000000
1034 10831 46.000000
1036 10459 46.000000
1051 1073 46.000000
1094 1116 46.000000
469 470 45.000000
470 471 45.000000
550 572 45.000000
791 813 45.000000
899 921 45.000000
1016 10432 45.000000
1016 10475 45.000000
1016 10486 45.000000
1016 10730 45.000000
1016 10972 45.000000
1034 10640 45.000000
1036 10819 45.000000
1057 10694 45.000000
1066 1067 45.000000
1067 1068 45.000000
1068 1069 45.000000
1069 1070 45.000000
1070 1071 45.000000
1316 1338 45.000000
1518 1519 45.000000
1519 1520 45.000000
1520 1521 45.000000
1521 1522 45.000000
712 713 44.000000
713 714 44.000000
714 715 44.000000
715 716 44.000000
716 717 44.000000
717 718 44.000000
794 816 44.000000
1014 10529 44.000000
1035 10721 44.000000
1036 10689 44.000000
1036 10850 44.000000
53 75 43.000000
1034 10718 43.000000
1056 10903 43.000000
1058 10850 43.000000
245 267 42.000000
1057 10681 42.000000
1058 10689 42.000000
1058 10819 42.000000
1058 10953 42.000000
1161 1183 42.000000
110 132 41.000000
710 732 41.000000
905 927 41.000000
908 909 41.000000
1050 1051 41.000000
49 71 40.000000
114 136 40.000000
294 316 40.000000
1040 10846 40.000000
1056 10568 40.000000
1056 10664 40.000000
1056 10831 40.000000
1056 10965 40.000000
1428 1450 40.000000
1 10911 39.000000
572 593 39.000000
1036 10953 39.000000
1056 10565 39.000000
494 495 38.000000
495 496 38.000000
496 497 38.000000
497 498 38.000000
498 499 38.000000
1012 1034 38.000000
1037 10577 38.000000
1061 10981 38.000000
1363 1385 38.000000
1034 10568 37.000000
1034 10659 37.000000
1034 10965 37.000000
1040 10927 37.000000
1066 1088 37.000000
1071 1093 37.000000
614 615 36.000000
689 690 36.000000
812 834 36.000000
883 905 36.000000
1017 10470 36.000000
1035 10694 36.000000
286 287 35.000000
287 288 35.000000
846 847 35.000000
847 848 35.000000
848 849 35.000000
849 850 35.000000
850 851 35.000000
851 852 35.000000
852 853 35.000000
853 854 35.000000
854 855 35.000000
1017 10609 35.000000
1034 10664 35.000000
272 294 34.000000
441 442 34.000000
1451 1473 34.000000
469 491 33.000000
680 681 33.000000
834 856 33.000000
1000 1001 33.000000
1001 1002 33.000000
1002 1003 33.000000
1003 1004 33.000000
1004 1005 33.000000
1005 1006 33.000000
1006 1007 33.000000
1011 1033 33.000000
1012 10565 33.000000
1013 10681 33.000000
1017 10358 33.000000
1017 10818 33.000000
1038 10488 33.000000
1038 10762 33.000000
1038 10947 33.000000
162 184 32.000000
478 500 32.000000
556 578 32.000000
620 642 32.000000
638 660 32.000000
1007 10166 32.000000
1188 1210 32.000000
1344 1345 32.000000
1496 1518 32.000000
26 48 31.000000
10 32 31.000000
237 259 31.000000
1008 10731 31.000000
1017 10600 31.000000
1017 10924 31.000000
1080 10985 31.000000
1141 1163 31.000000
1430 1452 31.000000
69 91 30.000000
1016 10308 30.000000
1016 10593 30.000000
1016 10619 30.000000
1016 10879 30.000000
1017 10947 30.000000
1038 1060 30.000000
1057 10665 30.000000
1077 1099 30.000000
1115 1137 30.000000
1013 10883 29.000000
1014 10446 29.000000
1015 10199 29.000000
1017 10762 29.000000
1084 10931 29.000000
1160 1182 29.000000
74 96 28.000000
179 201 28.000000
493 494 28.000000
718 719 28.000000
719 720 28.000000
720 721 28.000000
721 722 28.000000
722 723 28.000000
723 724 28.000000
747 769 28.000000
816 838 28.000000
1014 10330 28.000000
1029 10856 28.000000
1035 10446 28.000000
1470 1492 28.000000
554 576 27.000000
861 883 27.000000
925 947 27.000000
1014 10542 27.000000
1017 10488 27.000000
1078 10821 27.000000
1385 1407 27.000000
447 469 26.000000
1013 10745 26.000000
1057 10752 26.000000
512 534 25.000000
681 703 25.000000
819 841 25.000000
864 886 25.000000
1008 1030 25.000000
1014 10487 25.000000
1214 1215 25.000000
1215 1216 25.000000
1216 1217 25.000000
1217 1218 25.000000
1218 1219 25.000000
1219 1220 25.000000
1220 1221 25.000000
1221 1222 25.000000
1222 1223 25.000000
1223 1224 25.000000
107 10981 24.000000
602 603 24.000000
603 604 24.000000
604 605 24.000000
605 606 24.000000
606 607 24.000000
607 608 24.000000
608 609 24.000000
702 724 24.000000
731 753 24.000000
833 855 24.000000
969 991 24.000000
1029 10635 24.000000
1052 1074 24.000000
1056 10951 24.000000
1079 10953 24.000000
1453 1475 24.000000
424 446 23.000000
909 910 23.000000
947 969 23.000000
1013 10256 23.000000
1013 10951 23.000000
1013 10969 23.000000
1018 10981 23.000000
293 294 22.000000
600 622 22.000000
619 641 22.000000
1056 10775 22.000000
1056 10783 22.000000
1056 10848 22.000000
1056 10902 22.000000
1056 10921 22.000000
1056 10934 22.000000
1061 10770 22.000000
1116 1138 22.000000
1296 1318 22.000000
228 250 21.000000
286 307 21.000000
303 304 21.000000
304 305 21.000000
305 306 21.000000
306 307 21.000000
499 500 21.000000
910 911 21.000000
1056 10603 21.000000
1056 10645 21.000000
1056 10703 21.000000
1056 10738 21.000000
1056 10777 21.000000
1056 10808 21.000000
1056 10816 21.000000
1056 10841 21.000000
1056 10877 21.000000
1056 10969 21.000000
1079 10819 21.000000
1079 10979 21.000000
47 69 20.000000
1165 1187 20.000000
302 324 19.000000
402 424 19.000000
420 421 19.000000
557 579 19.000000
602 624 19.000000
1170 1192 19.000000
1535 1557 19.000000
117 139 18.000000
1039 10995 18.000000
1257 1258 18.000000
817 839 17.000000
1083 10887 17.000000
858 880 16.000000
912 934 16.000000
1035 10901 16.000000
119 141 15.000000
249 271 15.000000
280 302 15.000000
418 419 15.000000
1013 10249 15.000000
1016 1038 15.000000
1034 10721 15.000000
1081 10917 15.000000
1121 1143 15.000000
1136 1137 15.000000
286 308 14.000000
450 451 14.000000
451 452 14.000000
452 453 14.000000
453 454 14.000000
454 455 14.000000
769 791 14.000000
1018 10678 14.000000
1071 1072 14.000000
1079 10850 14.000000
1494 1516 14.000000
318 340 13.000000
340 362 13.000000
646 647 13.000000
647 648 13.000000
648 649 13.000000
649 650 13.000000
650 651 13.000000
651 652 13.000000
824 846 13.000000
1018 10259 13.000000
1018 10995 13.000000
1083 10961 13.000000
1382 1404 13.000000
1518 1540 13.000000
149 171 12.000000
171 193 12.000000
227 249 12.000000
660 682 12.000000
1063 10778 12.000000
1148 1149 12.000000
1272 1294 12.000000
1497 1498 12.000000
1498 1499 12.000000
1499 1500 12.000000
1500 1501 12.000000
293 315 11.000000
355 377 11.000000
594 616 11.000000
890 891 11.000000
891 892 11.000000
892 893 11.000000
893 894 11.000000
894 895 11.000000
895 896 11.000000
896 897 11.000000
897 898 11.000000
898 899 11.000000
954 976 11.000000
1008 10711 11.000000
1013 10325 11.000000
1030 10731 11.000000
1030 10932 11.000000
1035 10982 11.000000
1038 10470 11.000000
1038 10600 11.000000
1038 10609 11.000000
1038 10818 11.000000
1038 10924 11.000000
62 84 10.000000
455 477 10.000000
595 617 10.000000
703 725 10.000000
951 973 10.000000
963 985 10.000000
1007 10944 10.000000
1013 10369 10.000000
1083 1105 10.000000
1083 10936 10.000000
31 32 9.000000
12 1574 9.000000
433 455 9.000000
514 536 9.000000
521 522 9.000000
522 523 9.000000
523 524 9.000000
524 525 9.000000
624 625 9.000000
625 626 9.000000
626 627 9.000000
627 628 9.000000
628 629 9.000000
629 630 9.000000
630 631 9.000000
824 825 9.000000
825 826 9.000000
826 827 9.000000
827 828 9.000000
828 829 9.000000
829 830 9.000000
830 831 9.000000
831 832 9.000000
832 833 9.000000
887 888 9.000000
912 913 9.000000
913 914 9.000000
914 915 9.000000
915 916 9.000000
916 917 9.000000
917 918 9.000000
918 919 9.000000
919 920 9.000000
1000 1022 9.000000
1013 10946 9.000000
1014 10392 9.000000
1014 10554 9.000000
1014 10982 9.000000
1019 10927 9.000000
1034 10883 9.000000
1039 10503 9.000000
1039 10981 9.000000
1083 10840 9.000000
1083 10845 9.000000
1083 10899 9.000000
1083 10959 9.000000
1425 1447 9.000000
22 44 8.000000
15 1577 8.000000
942 964 8.000000
1013 10270 8.000000
1013 10280 8.000000
1013 10357 8.000000
1013 10659 8.000000
1013 10811 8.000000
1013 10949 8.000000
1013 10955 8.000000
1035 10542 8.000000
1035 10554 8.000000
1078 10811 8.000000
1078 10946 8.000000
1078 10949 8.000000
1078 10955 8.000000
1175 1176 8.000000
1176 1177 8.000000
1177 1178 8.000000
1178 1179 8.000000
1179 1180 8.000000
294 295 7.000000
295 296 7.000000
406 428 7.000000
428 450 7.000000
471 472 7.000000
472 473 7.000000
473 474 7.000000
474 475 7.000000
475 476 7.000000
476 477 7.000000
511 533 7.000000
689 711 7.000000
690 691 7.000000
691 692 7.000000
692 693 7.000000
693 694 7.000000
694 695 7.000000
695 696 7.000000
888 889 7.000000
889 890 7.000000
890 912 7.000000
952 974 7.000000
1008 10932 7.000000
1015 10613 7.000000
1015 10668 7.000000
1034 10369 7.000000
1034 10811 7.000000
1034 10955 7.000000
1298 1320 7.000000
113 135 6.000000
267 289 6.000000
289 311 6.000000
362 363 6.000000
363 364 6.000000
364 365 6.000000
365 366 6.000000
366 367 6.000000
515 537 6.000000
667 689 6.000000
1007 10276 6.000000
1013 10821 6.000000
1014 10413 6.000000
1014 10618 6.000000
1014 10689 6.000000
1014 10850 6.000000
1014 10979 6.000000
1028 1050 6.000000
1034 10745 6.000000
1034 10810 6.000000
1035 1057 6.000000
1049 1071 6.000000
1050 10592 6.000000
1207 1229 6.000000
1467 1468 6.000000
1467 1489 6.000000
1468 1469 6.000000
1511 1512 6.000000
160 182 5.000000
296 297 5.000000
297 298 5.000000
298 299 5.000000
299 300 5.000000
300 301 5.000000
301 302 5.000000
302 303 5.000000
337 338 5.000000
338 339 5.000000
339 340 5.000000
340 341 5.000000
341 342 5.000000
342 343 5.000000
343 344 5.000000
344 345 5.000000
367 389 5.000000
389 411 5.000000
398 399 5.000000
492 514 5.000000
1007 10161 5.000000
1013 10277 5.000000
1013 10721 5.000000
1019 10846 5.000000
1034 10645 5.000000
1034 10777 5.000000
1041 1063 5.000000
1057 1079 5.000000
1079 10982 5.000000
1159 1181 5.000000
1406 1428 5.000000
1475 1476 5.000000
1476 1477 5.000000
1477 1478 5.000000
1478 1479 5.000000
1493 1515 5.000000
507 529 4.000000
631 632 4.000000
632 633 4.000000
633 634 4.000000
634 635 4.000000
635 636 4.000000
636 637 4.000000
802 824 4.000000
814 836 4.000000
908 930 4.000000
910 932 4.000000
941 963 4.000000
1008 10150 4.000000
1012 10167 4.000000
1012 10179 4.000000
1012 10250 4.000000
1012 10386 4.000000
1012 10407 4.000000
1012 10568 4.000000
1012 10575 4.000000
1012 10718 4.000000
1012 10788 4.000000
1012 10831 4.000000
1012 10842 4.000000
1012 10965 4.000000
1035 10529 4.000000
1072 1094 4.000000
1075 1097 4.000000
1097 1119 4.000000
1339 1361 4.000000
10 1572 3.000000
14 1576 3.000000
72 94 3.000000
397 398 3.000000
593 615 3.000000
798 799 3.000000
799 800 3.000000
800 801 3.000000
801 802 3.000000
881 903 3.000000
953 975 3.000000
972 994 3.000000
1012 10664 3.000000
1034 10357 3.000000
1034 10946 3.000000
1034 10949 3.000000
1212 1234 3.000000
1386 1408 3.000000
1407 1429 3.000000
11 1573 2.000000
296 318 2.000000
462 484 2.000000
680 702 2.000000
768 790 2.000000
886 908 2.000000
888 910 2.000000
1008 10207 2.000000
1008 10474 2.000000
1027 1049 2.000000
1035 10665 2.000000
1053 1075 2.000000
1100 1122 2.000000
13 1575 1.000000
139 161 1.000000
215 237 1.000000
374 375 1.000000
374 395 1.000000
389 390 1.000000
390 391 1.000000
391 392 1.000000
392 393 1.000000
393 394 1.000000
394 395 1.000000
482 504 1.000000
543 565 1.000000
565 587 1.000000
662 684 1.000000
684 706 1.000000
724 746 1.000000
754 755 1.000000
755 756 1.000000
756 757 1.000000
757 758 1.000000
758 780 1.000000
770 792 1.000000
780 802 1.000000
1008 10272 1.000000
1008 10411 1.000000
1034 10450 1.000000
1034 10476 1.000000
1034 10505 1.000000
1034 10506 1.000000
1034 10703 1.000000
1034 10775 1.000000
1034 10783 1.000000
1034 10848 1.000000
1034 10902 1.000000
1034 10921 1.000000
1034 10951 1.000000
1034 10969 1.000000
1035 10752 1.000000
1072 1073 1.000000
1082 1104 1.000000
1184 1206 1.000000
1257 1279 1.000000
1338 1360 1.000000
1388 1389 1.000000
1389 1390 1.000000
1390 1391 1.000000
1391 1413 1.000000
1501 1502 1.000000
1502 1503 1.000000
1503 1504 1.000000
1504 1505 1.000000
1505 1506 1.000000
1506 1528 1.000000
1528 1550 1.000000
1538 1560 1.000000
1539 1561 1.000000
1550 1572 1.000000
