1196 1197 17026.000000
1195 1196 16931.000000
1020 1021 15209.000000
224 225 14915.000000
225 226 14915.000000
226 227 14915.000000
227 228 14611.000000
1194 1195 13671.000000
223 224 12882.000000
1217 1218 10243.000000
1215 1216 10076.000000
1216 1217 10035.000000
1239 1240 9884.000000
1238 1239 9793.000000
1232 1233 9767.000000
1019 1020 9481.000000
1234 1235 9420.000000
1233 1234 9360.000000
976 977 9229.000000
1237 1238 9130.000000
1193 1194 9046.000000
1018 1019 8972.000000
90 91 8961.000000
1236 1237 8930.000000
884 885 8781.000000
885 886 8781.000000
1235 1236 8733.000000
1152 1153 8599.000000
228 229 8331.000000
1214 1215 8311.000000
1365 1366 8298.000000
1366 1367 8298.000000
180 181 8031.000000
181 182 8031.000000
182 183 8031.000000
183 184 8023.000000
179 180 7975.000000
134 135 7805.000000
977 978 7739.000000
1064 1065 7653.000000
184 185 7542.000000
886 887 7524.000000
200 201 7391.000000
1041 1042 7240.000000
1063 1064 7219.000000
1232 1253 7167.000000
1367 1368 7037.000000
272 273 6762.000000
267 268 6683.000000
268 269 6683.000000
269 270 6683.000000
270 271 6683.000000
1260 1261 6607.000000
1173 1174 6572.000000
840 841 6496.000000
841 842 6496.000000
842 843 6496.000000
68 69 6452.000000
1283 1284 6435.000000
887 888 6388.000000
1065 1066 6368.000000
245 246 6335.000000
246 247 6335.000000
247 248 6335.000000
248 249 6335.000000
818 819 6252.000000
819 820 6252.000000
1108 1109 6196.000000
975 976 6167.000000
1261 1262 6096.000000
883 884 6090.000000
311 312 6007.000000
312 313 6007.000000
313 314 6007.000000
314 315 6007.000000
932 933 5960.000000
133 134 5883.000000
1040 1041 5875.000000
359 360 5872.000000
202 203 5849.000000
203 204 5849.000000
204 205 5849.000000
205 206 5847.000000
229 230 5749.000000
201 202 5737.000000
1259 1260 5692.000000
1172 1173 5611.000000
1282 1283 5580.000000
1409 1410 5561.000000
1410 1411 5532.000000
1150 1151 5529.000000
112 113 5499.000000
1151 1152 5357.000000
1107 1108 5322.000000
1281 1282 5321.000000
315 316 5232.000000
1368 1369 5174.000000
953 954 5115.000000
1369 1370 5114.000000
1370 1371 5089.000000
1213 1214 5052.000000
882 883 5016.000000
1171 1172 4831.000000
271 272 4828.000000
1258 1259 4824.000000
1021 1022 4806.000000
1149 1150 4762.000000
1062 1063 4745.000000
931 932 4681.000000
111 112 4584.000000
273 274 4579.000000
1042 1043 4576.000000
1192 1193 4573.000000
952 953 4569.000000
974 975 4566.000000
997 998 4549.000000
1255 1256 4503.000000
3 4 4483.000000
862 863 4423.000000
863 864 4423.000000
1 2 4411.000000
1210 1211 4396.000000
1211 1212 4396.000000
933 934 4331.000000
998 999 4323.000000
1170 1171 4240.000000
797 798 4236.000000
798 799 4236.000000
1280 1281 4227.000000
2 3 4220.000000
1039 1040 4216.000000
1212 1213 4215.000000
1256 1257 4122.000000
249 250 4120.000000
1106 1107 4119.000000
1411 1412 4095.000000
861 862 3999.000000
242 243 3981.000000
250 251 3967.000000
954 955 3948.000000
1105 1106 3936.000000
0 1 3934.000000
843 844 3930.000000
796 797 3914.000000
289 290 3851.000000
290 291 3851.000000
291 292 3851.000000
292 293 3851.000000
1257 1258 3837.000000
1299 1300 3817.000000
1014 1015 3805.000000
1015 1016 3805.000000
1016 1017 3805.000000
244 245 3803.000000
1343 1344 3783.000000
1520 1521 3778.000000
1066 1067 3775.000000
222 223 3749.000000
888 889 3743.000000
1022 1023 3740.000000
1412 1413 3734.000000
24 25 3674.000000
316 317 3635.000000
844 845 3620.000000
905 906 3606.000000
906 907 3606.000000
907 908 3606.000000
199 200 3594.000000
293 294 3583.000000
1174 1175 3581.000000
949 950 3558.000000
950 951 3558.000000
795 796 3552.000000
274 275 3548.000000
1304 1305 3547.000000
1254 1255 3515.000000
1254 1275 3515.000000
626 627 3505.000000
1499 1500 3490.000000
1455 1456 3470.000000
865 866 3465.000000
1084 1085 3440.000000
206 207 3435.000000
1519 1520 3427.000000
1303 1304 3426.000000
669 670 3420.000000
1035 1036 3411.000000
1036 1037 3411.000000
1037 1038 3411.000000
1038 1039 3411.000000
135 136 3366.000000
820 821 3360.000000
46 47 3356.000000
996 997 3345.000000
1498 1499 3342.000000
44 45 3333.000000
158 159 3307.000000
159 160 3307.000000
160 161 3307.000000
161 162 3307.000000
1210 1231 3305.000000
839 840 3298.000000
1387 1388 3297.000000
1109 1110 3240.000000
1240 1241 3239.000000
1301 1302 3235.000000
134 156 3218.000000
1083 1084 3202.000000
1276 1277 3201.000000
955 956 3178.000000
4 5 3166.000000
1389 1390 3164.000000
1300 1301 3155.000000
934 956 3145.000000
1128 1129 3141.000000
1346 1347 3127.000000
1347 1348 3118.000000
1302 1303 3079.000000
25 26 3050.000000
185 186 3045.000000
1196 1218 3045.000000
157 158 3041.000000
1129 1130 3038.000000
1388 1389 3028.000000
1109 1131 3015.000000
1277 1278 2994.000000
1153 1154 2983.000000
1518 1519 2967.000000
860 861 2963.000000
1278 1279 2962.000000
690 691 2957.000000
69 70 2951.000000
1344 1345 2931.000000
1298 1319 2921.000000
1020 10305 2912.000000
0 21 2904.000000
1086 1087 2901.000000
44 65 2896.000000
1454 1455 2879.000000
91 92 2861.000000
1500 1501 2852.000000
1130 1131 2848.000000
1017 1018 2813.000000
266 267 2811.000000
1085 1086 2811.000000
1476 1477 2797.000000
1345 1346 2778.000000
243 244 2767.000000
22 23 2739.000000
294 295 2738.000000
691 692 2723.000000
1279 1280 2701.000000
751 752 2698.000000
1169 1170 2688.000000
666 667 2681.000000
667 668 2681.000000
47 48 2671.000000
817 818 2656.000000
1413 1414 2651.000000
1013 1014 2635.000000
45 46 2627.000000
178 179 2623.000000
1348 1349 2621.000000
668 669 2612.000000
1321 1322 2611.000000
1322 1323 2611.000000
951 952 2609.000000
948 949 2578.000000
230 231 2562.000000
1326 1327 2522.000000
1043 1044 2510.000000
927 928 2507.000000
928 929 2507.000000
929 930 2507.000000
295 296 2498.000000
1191 1192 2490.000000
1497 1498 2487.000000
89 90 2471.000000
1325 1326 2464.000000
909 910 2456.000000
774 775 2411.000000
775 776 2411.000000
776 777 2411.000000
1453 1454 2402.000000
22 43 2400.000000
1496 1497 2388.000000
1318 1319 2345.000000
1153 1175 2326.000000
42 43 2317.000000
1276 1297 2308.000000
1274 1275 2306.000000
1087 1088 2304.000000
1057 1058 2302.000000
1058 1059 2302.000000
1059 1060 2302.000000
1188 1189 2286.000000
317 318 2284.000000
1189 1190 2282.000000
1190 1191 2281.000000
1044 1045 2253.000000
904 905 2252.000000
135 157 2240.000000
1324 1325 2215.000000
23 24 2190.000000
930 931 2156.000000
1521 1522 2155.000000
1298 1299 2140.000000
1240 1262 2139.000000
1021 1043 2129.000000
1323 1324 2113.000000
838 839 2054.000000
864 865 2042.000000
1477 1478 2026.000000
1563 1564 2013.000000
625 626 1995.000000
1197 1198 1994.000000
251 252 1975.000000
1433 1434 1973.000000
156 157 1953.000000
1127 1128 1947.000000
622 623 1939.000000
623 624 1939.000000
624 625 1939.000000
670 671 1933.000000
1061 1062 1922.000000
822 823 1920.000000
1562 1563 1919.000000
1564 1565 1904.000000
88 89 1901.000000
231 232 1899.000000
821 822 1896.000000
286 287 1894.000000
1166 1167 1873.000000
1167 1168 1873.000000
1168 1169 1873.000000
1023 1024 1866.000000
275 276 1863.000000
1154 1155 1847.000000
1188 1209 1829.000000
67 68 1808.000000
403 404 1803.000000
316 338 1781.000000
221 222 1769.000000
360 361 1766.000000
816 817 1746.000000
970 971 1738.000000
971 972 1738.000000
972 973 1738.000000
973 974 1738.000000
799 800 1726.000000
992 993 1721.000000
993 994 1721.000000
994 995 1721.000000
908 909 1715.000000
713 714 1704.000000
1327 1328 1701.000000
800 801 1694.000000
1064 10669 1685.000000
1060 1061 1672.000000
361 362 1665.000000
252 253 1663.000000
991 992 1623.000000
753 754 1592.000000
754 755 1592.000000
844 866 1580.000000
579 580 1567.000000
580 581 1567.000000
581 582 1564.000000
232 233 1561.000000
1343 1365 1544.000000
1252 1253 1524.000000
1522 1523 1516.000000
1452 1453 1515.000000
1390 1391 1504.000000
64 65 1466.000000
1391 1392 1465.000000
752 753 1463.000000
1562 1583 1462.000000
287 288 1446.000000
208 209 1442.000000
1088 1089 1433.000000
933 955 1425.000000
137 138 1419.000000
138 139 1419.000000
139 140 1419.000000
1320 1341 1419.000000
1340 1341 1419.000000
276 277 1410.000000
108 109 1399.000000
947 948 1386.000000
823 824 1385.000000
714 715 1384.000000
2 24 1382.000000
253 254 1368.000000
845 846 1363.000000
934 935 1359.000000
801 802 1357.000000
1320 1321 1357.000000
360 382 1349.000000
265 266 1345.000000
1067 1068 1340.000000
866 867 1334.000000
1175 1176 1326.000000
308 309 1323.000000
207 208 1314.000000
264 265 1311.000000
671 672 1303.000000
136 137 1298.000000
229 251 1293.000000
773 774 1289.000000
1218 1219 1277.000000
1122 1123 1276.000000
1123 1124 1276.000000
1124 1125 1276.000000
1125 1126 1276.000000
977 999 1261.000000
692 693 1259.000000
647 648 1258.000000
1435 1436 1255.000000
1023 1045 1253.000000
273 295 1240.000000
1434 1435 1234.000000
1110 1111 1224.000000
309 310 1222.000000
310 311 1222.000000
185 207 1217.000000
1230 1231 1207.000000
627 628 1179.000000
1231 1253 1178.000000
209 210 1176.000000
1542 1543 1175.000000
46 68 1169.000000
318 319 1147.000000
140 162 1142.000000
1020 10796 1139.000000
926 927 1133.000000
210 211 1128.000000
1456 1457 1119.000000
889 911 1104.000000
687 688 1096.000000
688 689 1096.000000
689 690 1096.000000
735 736 1085.000000
113 114 1082.000000
755 756 1077.000000
319 320 1072.000000
1079 1080 1071.000000
1080 1081 1071.000000
1081 1082 1071.000000
888 910 1070.000000
757 758 1064.000000
734 735 1061.000000
582 583 1051.000000
910 911 1036.000000
228 250 1034.000000
709 710 1030.000000
710 711 1030.000000
711 712 1030.000000
274 296 1019.000000
339 340 1015.000000
995 996 1015.000000
186 187 1006.000000
1148 1149 1006.000000
1039 10407 1002.000000
1431 1432 991.000000
129 130 987.000000
736 737 987.000000
402 403 985.000000
1478 1479 976.000000
1101 1102 973.000000
1102 1103 973.000000
1103 1104 973.000000
1541 1542 973.000000
1392 1393 945.000000
1414 1415 940.000000
113 135 935.000000
288 289 934.000000
340 341 932.000000
1317 1318 931.000000
860 882 919.000000
320 321 918.000000
242 264 917.000000
731 732 916.000000
732 733 916.000000
756 757 916.000000
1078 1079 913.000000
686 687 912.000000
341 342 911.000000
708 709 909.000000
1296 1297 909.000000
110 131 908.000000
130 131 908.000000
254 255 908.000000
1122 1143 906.000000
154 175 904.000000
168 169 904.000000
169 170 904.000000
170 171 904.000000
171 172 904.000000
172 173 904.000000
173 174 904.000000
174 175 904.000000
1132 1133 902.000000
1565 1566 900.000000
125 126 898.000000
126 127 898.000000
127 128 898.000000
128 129 898.000000
1371 1372 894.000000
1475 1476 887.000000
45 67 884.000000
712 713 884.000000
1041 10487 884.000000
1126 1127 881.000000
643 644 867.000000
644 645 867.000000
645 646 867.000000
646 647 867.000000
729 730 864.000000
20 21 858.000000
198 199 853.000000
1034 1035 853.000000
1432 1433 843.000000
1166 1187 831.000000
606 607 820.000000
230 252 810.000000
1104 1105 809.000000
112 134 806.000000
583 584 802.000000
187 188 797.000000
758 759 790.000000
1208 1209 784.000000
1199 1200 783.000000
1200 1201 783.000000
1131 1132 779.000000
715 716 774.000000
1305 1306 768.000000
1133 1134 766.000000
1134 1135 766.000000
338 339 762.000000
447 448 762.000000
446 447 755.000000
600 601 751.000000
601 602 751.000000
602 603 751.000000
1198 1199 749.000000
296 297 747.000000
297 298 747.000000
220 221 745.000000
48 49 729.000000
605 606 727.000000
157 179 726.000000
179 201 720.000000
1056 1057 720.000000
48 70 718.000000
124 125 714.000000
1501 1502 713.000000
0 10073 712.000000
801 823 701.000000
299 300 698.000000
300 301 698.000000
301 302 698.000000
302 303 698.000000
303 304 698.000000
304 305 698.000000
305 306 698.000000
306 307 698.000000
730 731 690.000000
1474 1475 689.000000
272 294 682.000000
198 219 677.000000
212 213 677.000000
213 214 677.000000
214 215 677.000000
215 216 677.000000
216 217 677.000000
217 218 677.000000
218 219 677.000000
685 686 677.000000
603 604 675.000000
802 803 671.000000
779 780 667.000000
1518 1539 659.000000
604 605 656.000000
362 363 647.000000
778 779 647.000000
0 10216 638.000000
1112 1113 635.000000
693 694 634.000000
110 111 630.000000
648 649 630.000000
1060 1082 630.000000
1082 1083 625.000000
1088 10981 624.000000
1018 10718 622.000000
1430 1431 616.000000
166 167 612.000000
621 622 612.000000
733 734 611.000000
976 998 609.000000
404 405 605.000000
642 643 604.000000
47 69 601.000000
382 383 598.000000
672 673 588.000000
6 7 587.000000
7 8 587.000000
8 9 587.000000
156 178 584.000000
1111 1112 582.000000
752 774 579.000000
777 778 579.000000
1046 1047 576.000000
1045 1046 566.000000
165 166 565.000000
0 10914 560.000000
164 165 559.000000
5 6 557.000000
584 585 552.000000
620 621 550.000000
286 308 545.000000
1540 1541 543.000000
1 10569 542.000000
234 235 541.000000
235 236 541.000000
236 237 541.000000
237 238 541.000000
238 239 541.000000
239 240 541.000000
240 241 541.000000
1067 1089 539.000000
220 241 535.000000
1066 1088 532.000000
426 427 530.000000
381 382 529.000000
363 364 527.000000
1 10658 520.000000
1152 1174 516.000000
1176 1177 516.000000
1177 1178 516.000000
1178 1179 516.000000
755 777 515.000000
107 108 512.000000
188 189 508.000000
26 27 504.000000
1457 1458 497.000000
155 156 494.000000
382 404 492.000000
277 299 491.000000
184 206 481.000000
671 693 478.000000
1068 1069 478.000000
1069 1070 478.000000
1066 10995 477.000000
1014 10183 476.000000
163 164 468.000000
1035 10411 468.000000
1113 1135 467.000000
231 253 465.000000
1186 1187 465.000000
1144 1145 464.000000
1145 1146 464.000000
1146 1147 464.000000
1106 1128 463.000000
1013 10166 462.000000
353 354 461.000000
354 355 461.000000
355 356 461.000000
356 357 461.000000
357 358 461.000000
358 359 461.000000
1273 1274 457.000000
585 607 450.000000
665 666 449.000000
628 629 443.000000
1042 10668 440.000000
1040 10901 439.000000
1210 1232 438.000000
24 46 437.000000
80 81 435.000000
81 82 435.000000
82 83 435.000000
83 84 435.000000
84 85 435.000000
384 385 433.000000
427 428 432.000000
428 429 432.000000
132 153 430.000000
147 148 430.000000
148 149 430.000000
149 150 430.000000
150 151 430.000000
151 152 430.000000
152 153 430.000000
780 781 430.000000
154 155 424.000000
664 665 424.000000
406 407 423.000000
1039 10831 422.000000
1041 1063 421.000000
132 133 419.000000
162 163 413.000000
1233 1255 411.000000
903 904 408.000000
176 197 405.000000
190 191 405.000000
191 192 405.000000
192 193 405.000000
193 194 405.000000
194 195 405.000000
195 196 405.000000
196 197 405.000000
405 406 404.000000
1035 10711 403.000000
647 669 402.000000
383 384 400.000000
199 221 395.000000
1144 1165 395.000000
1219 1220 393.000000
69 91 390.000000
220 242 388.000000
628 650 384.000000
1035 10932 381.000000
649 650 380.000000
1041 10953 379.000000
1001 10561 371.000000
1067 10927 371.000000
1147 1148 371.000000
278 279 369.000000
279 280 369.000000
280 281 369.000000
281 282 369.000000
282 283 369.000000
283 284 369.000000
284 285 369.000000
969 970 368.000000
1158 1159 368.000000
223 245 365.000000
286 307 364.000000
1043 10488 362.000000
1302 1324 358.000000
133 155 357.000000
799 821 357.000000
802 824 355.000000
264 285 353.000000
1024 1025 351.000000
1025 1026 351.000000
1089 1090 351.000000
1090 1091 351.000000
1499 1521 351.000000
189 190 350.000000
1078 1099 350.000000
233 255 349.000000
1201 1202 348.000000
407 408 347.000000
887 909 346.000000
178 200 345.000000
1063 10689 344.000000
208 230 338.000000
932 954 335.000000
1014 10146 332.000000
176 177 330.000000
1047 1048 328.000000
1019 10982 327.000000
1045 10844 327.000000
1063 10850 327.000000
1056 10856 326.000000
1042 10938 323.000000
0 10097 320.000000
233 234 320.000000
255 256 319.000000
256 257 319.000000
257 258 319.000000
258 259 319.000000
259 260 319.000000
260 261 319.000000
261 262 319.000000
262 263 319.000000
242 263 318.000000
1582 1583 318.000000
385 386 317.000000
1013 10835 317.000000
1013 10852 317.000000
227 249 314.000000
535 536 311.000000
536 537 311.000000
537 538 311.000000
140 141 310.000000
1013 10944 309.000000
253 275 308.000000
1056 10635 308.000000
1045 10846 307.000000
177 178 305.000000
1021 10308 305.000000
1021 10432 305.000000
1021 10486 305.000000
1066 10997 304.000000
1284 1306 304.000000
1386 1387 298.000000
1035 10474 296.000000
271 293 295.000000
295 317 294.000000
1067 10678 293.000000
296 318 292.000000
275 297 291.000000
1323 1345 290.000000
1321 1343 288.000000
935 936 287.000000
936 937 287.000000
937 938 287.000000
1299 1321 286.000000
1014 10186 282.000000
596 597 280.000000
597 598 280.000000
1277 1299 275.000000
264 286 273.000000
1159 1160 273.000000
1160 1161 273.000000
1161 1162 273.000000
1162 1163 273.000000
538 539 272.000000
584 606 272.000000
737 738 272.000000
1026 1027 272.000000
1543 1544 272.000000
1022 10244 270.000000
1022 10502 269.000000
1022 10740 269.000000
251 273 266.000000
287 309 266.000000
777 799 264.000000
1024 10455 260.000000
1024 10643 260.000000
1018 10681 259.000000
1057 10590 258.000000
1021 10263 257.000000
1022 10329 256.000000
618 619 255.000000
1014 10898 254.000000
1057 10731 254.000000
364 386 250.000000
619 620 250.000000
1566 1567 250.000000
1087 10998 248.000000
1346 1368 248.000000
141 142 247.000000
843 865 247.000000
1045 10553 246.000000
1000 1001 245.000000
1021 10237 245.000000
583 605 244.000000
277 278 243.000000
1474 1496 243.000000
889 890 241.000000
1100 1101 239.000000
845 867 238.000000
1043 10924 238.000000
1034 1055 237.000000
1043 10600 237.000000
1043 10863 237.000000
1043 10609 236.000000
1043 10818 236.000000
627 649 235.000000
1021 10895 235.000000
582 604 234.000000
1021 10763 233.000000
861 883 231.000000
978 979 231.000000
1021 10977 231.000000
1021 10769 230.000000
321 322 228.000000
322 323 228.000000
323 324 228.000000
324 325 228.000000
325 326 228.000000
326 327 228.000000
327 328 228.000000
578 579 228.000000
0 10441 227.000000
1021 10218 226.000000
1474 1495 226.000000
1021 10279 225.000000
1021 10426 225.000000
1021 10532 225.000000
1021 10940 224.000000
125 147 223.000000
308 329 222.000000
328 329 222.000000
1217 1239 221.000000
1479 1480 221.000000
1295 1296 220.000000
1021 10221 219.000000
1021 10414 219.000000
297 319 217.000000
177 199 216.000000
187 209 215.000000
1021 10593 215.000000
1023 10561 215.000000
1013 10391 214.000000
1013 10590 214.000000
550 551 213.000000
550 571 213.000000
551 552 213.000000
552 553 213.000000
553 554 213.000000
570 571 213.000000
796 818 213.000000
1155 1156 213.000000
1156 1157 213.000000
1157 1158 213.000000
1224 1225 213.000000
1225 1226 213.000000
1226 1227 213.000000
1227 1228 213.000000
1228 1229 213.000000
1021 10789 212.000000
1042 10619 212.000000
1021 10868 211.000000
1021 10387 210.000000
1239 1261 210.000000
1229 1230 209.000000
1021 10372 208.000000
1021 10619 207.000000
1021 10239 206.000000
1021 10475 206.000000
1021 10730 206.000000
1021 10879 206.000000
1021 10972 206.000000
931 953 205.000000
1062 10752 205.000000
70 92 204.000000
715 737 204.000000
1042 10894 204.000000
1179 1180 204.000000
498 520 203.000000
1065 1087 203.000000
337 338 200.000000
1020 1042 200.000000
670 692 199.000000
672 694 199.000000
1042 10985 199.000000
1042 10613 198.000000
186 208 196.000000
1 1563 195.000000
605 627 195.000000
1019 10249 195.000000
1042 10879 195.000000
1042 10593 194.000000
1065 10717 194.000000
1018 10509 193.000000
298 299 191.000000
1024 10327 191.000000
359 381 189.000000
599 600 188.000000
352 353 187.000000
1024 10523 186.000000
1065 10886 186.000000
1065 10863 185.000000
1065 10924 185.000000
756 778 184.000000
1339 1340 184.000000
1476 1498 184.000000
1045 10455 183.000000
1045 10643 183.000000
1065 10818 183.000000
363 385 182.000000
1185 1186 182.000000
700 701 181.000000
1021 10271 181.000000
1021 10347 181.000000
759 781 180.000000
1064 10702 176.000000
1284 1285 176.000000
626 648 175.000000
1220 1221 175.000000
1221 1222 175.000000
1222 1223 175.000000
1223 1224 175.000000
1020 10925 174.000000
1068 10751 174.000000
577 578 173.000000
912 934 173.000000
164 186 171.000000
1022 10375 171.000000
1022 10886 171.000000
707 708 170.000000
1062 10883 170.000000
1039 10811 169.000000
1042 10550 169.000000
338 360 168.000000
1042 10717 168.000000
1113 1114 168.000000
142 143 167.000000
143 144 167.000000
144 145 167.000000
145 146 167.000000
1042 10426 167.000000
1042 10532 167.000000
1043 10638 167.000000
299 321 166.000000
490 491 166.000000
598 599 166.000000
1018 10325 166.000000
1019 10979 166.000000
1013 10531 165.000000
1041 10421 164.000000
1246 1247 163.000000
1247 1248 163.000000
1248 1249 163.000000
1249 1250 163.000000
1250 1251 163.000000
155 177 162.000000
1021 10702 162.000000
1067 10844 162.000000
1021 10335 161.000000
1043 10502 160.000000
1043 10740 160.000000
1430 1452 160.000000
1017 10568 159.000000
1021 10894 159.000000
1163 1185 159.000000
1367 1389 159.000000
1412 1434 159.000000
1214 1236 157.000000
758 780 156.000000
1022 10996 156.000000
1022 10346 155.000000
1040 10821 155.000000
1042 10977 155.000000
1019 10493 154.000000
1065 10702 154.000000
1065 10895 154.000000
859 860 153.000000
1019 10922 153.000000
1175 1197 153.000000
1022 10428 152.000000
1087 10997 151.000000
1542 1564 151.000000
1012 1013 150.000000
1100 1121 150.000000
1164 1165 150.000000
1241 1242 150.000000
1242 1243 150.000000
1243 1244 150.000000
1244 1245 150.000000
1245 1246 150.000000
1342 1343 150.000000
1020 10971 149.000000
342 364 148.000000
1057 10999 148.000000
1018 1040 147.000000
1349 1350 147.000000
1020 10964 146.000000
1042 10763 145.000000
1042 10895 145.000000
650 651 144.000000
1040 10554 144.000000
1065 10977 144.000000
1411 1433 144.000000
616 617 142.000000
616 637 142.000000
617 618 142.000000
636 637 142.000000
800 822 142.000000
448 449 141.000000
449 450 141.000000
450 451 141.000000
1019 10487 140.000000
1540 1561 140.000000
1002 1003 139.000000
1019 10796 139.000000
1067 10846 139.000000
1043 10696 138.000000
1280 1302 138.000000
1003 10255 137.000000
1019 10618 137.000000
1458 1459 137.000000
1065 10763 136.000000
1197 1219 134.000000
1001 1002 133.000000
1065 10996 132.000000
890 912 131.000000
1021 10364 131.000000
948 970 130.000000
1021 10246 130.000000
1021 10550 130.000000
1021 10717 130.000000
1041 10469 130.000000
276 298 128.000000
513 514 128.000000
514 515 128.000000
515 516 128.000000
516 517 128.000000
517 518 128.000000
518 519 128.000000
519 520 128.000000
1040 10627 128.000000
1258 1280 127.000000
1040 1062 126.000000
1078 10835 126.000000
1078 10852 126.000000
26 48 123.000000
103 104 123.000000
104 105 123.000000
105 106 123.000000
106 107 123.000000
781 782 123.000000
1045 10523 123.000000
1055 10635 123.000000
1078 10944 123.000000
1013 10406 122.000000
1085 10985 122.000000
1163 1164 122.000000
492 493 119.000000
493 494 119.000000
494 495 119.000000
163 185 118.000000
1018 10645 118.000000
1055 10856 117.000000
495 496 115.000000
496 497 115.000000
497 498 115.000000
974 996 115.000000
1012 10161 115.000000
1018 10841 115.000000
1 23 114.000000
23 45 114.000000
1018 10821 114.000000
1212 1234 114.000000
168 190 113.000000
716 717 113.000000
904 926 113.000000
1019 10421 112.000000
85 86 111.000000
294 316 111.000000
630 631 111.000000
631 632 111.000000
632 633 111.000000
633 634 111.000000
634 635 111.000000
1018 10268 111.000000
1063 10982 111.000000
714 736 110.000000
1230 1252 110.000000
1180 1181 109.000000
1181 1182 109.000000
1182 1183 109.000000
1183 1184 109.000000
1184 1185 109.000000
167 189 108.000000
818 840 108.000000
1018 10664 108.000000
1018 10965 108.000000
211 212 107.000000
1523 1524 106.000000
607 608 105.000000
608 609 105.000000
609 610 105.000000
610 611 105.000000
611 612 105.000000
612 613 105.000000
1202 1203 105.000000
1203 1204 105.000000
1204 1205 105.000000
1205 1206 105.000000
1206 1207 105.000000
255 277 104.000000
629 630 104.000000
198 220 103.000000
668 690 103.000000
1070 1092 103.000000
585 586 102.000000
102 124 101.000000
1018 10380 101.000000
1018 10603 101.000000
1018 10808 101.000000
1018 10877 101.000000
1019 10694 101.000000
1091 1092 101.000000
265 287 100.000000
1132 1154 100.000000
1018 10934 99.000000
638 639 98.000000
638 659 97.000000
657 658 97.000000
658 659 97.000000
1013 10474 97.000000
136 158 96.000000
330 331 96.000000
331 332 96.000000
332 333 96.000000
333 334 96.000000
334 335 96.000000
335 336 96.000000
867 868 96.000000
1083 1105 96.000000
188 210 95.000000
425 426 94.000000
1042 10702 94.000000
1066 10947 94.000000
682 683 93.000000
682 703 93.000000
683 684 93.000000
684 685 93.000000
701 702 93.000000
702 703 93.000000
1013 10878 93.000000
1040 10982 93.000000
1147 1169 93.000000
1084 10850 92.000000
424 425 91.000000
639 640 91.000000
640 641 91.000000
1018 10225 89.000000
1018 10450 89.000000
1018 10476 89.000000
1018 10484 89.000000
1018 10505 89.000000
1018 10506 89.000000
1018 10775 89.000000
1018 10783 89.000000
1018 10848 89.000000
1018 10921 89.000000
1062 10951 89.000000
1084 10901 89.000000
167 168 88.000000
394 395 88.000000
1062 10969 88.000000
1263 1264 88.000000
1264 1265 88.000000
1265 1266 88.000000
1266 1267 88.000000
1345 1367 88.000000
651 652 87.000000
652 653 87.000000
653 654 87.000000
654 655 87.000000
655 656 87.000000
1043 10996 86.000000
1454 1476 86.000000
1048 1049 85.000000
1049 1050 85.000000
1050 1051 85.000000
1051 1052 85.000000
1052 1053 85.000000
1053 1054 85.000000
1054 1055 85.000000
1064 10668 85.000000
1544 1545 85.000000
1545 1546 85.000000
102 103 84.000000
211 233 84.000000
1018 10277 84.000000
1039 10842 84.000000
1062 10745 84.000000
1255 1277 84.000000
189 211 83.000000
539 540 83.000000
726 727 83.000000
726 747 83.000000
727 728 83.000000
745 746 83.000000
746 747 83.000000
1040 10721 83.000000
1283 1305 83.000000
396 417 81.000000
416 417 81.000000
1039 10575 81.000000
1040 10659 81.000000
142 164 80.000000
823 845 80.000000
1039 10568 80.000000
1039 10640 80.000000
1039 10788 80.000000
1040 10681 80.000000
1062 10946 80.000000
1062 10949 80.000000
1064 10985 80.000000
1150 1172 80.000000
1262 1263 80.000000
1026 1048 79.000000
1251 1252 79.000000
66 67 78.000000
66 87 78.000000
86 87 78.000000
925 926 78.000000
1041 10979 78.000000
1040 10446 77.000000
396 397 75.000000
397 398 75.000000
398 399 75.000000
399 400 75.000000
400 401 75.000000
401 402 75.000000
795 817 75.000000
1020 10253 75.000000
1020 10393 75.000000
1027 1028 75.000000
1028 1029 75.000000
1029 1030 75.000000
1030 1031 75.000000
1031 1032 75.000000
1032 1033 75.000000
1063 10665 75.000000
1065 10696 75.000000
365 366 74.000000
366 367 74.000000
367 368 74.000000
368 369 74.000000
369 370 74.000000
370 371 74.000000
371 372 74.000000
1062 10811 74.000000
1062 10955 74.000000
1432 1454 74.000000
404 426 73.000000
778 800 73.000000
1043 10886 73.000000
1044 1066 73.000000
1088 1110 73.000000
394 416 72.000000
476 498 72.000000
1018 10777 72.000000
1018 10810 72.000000
528 529 71.000000
528 549 71.000000
529 530 71.000000
530 531 71.000000
531 532 71.000000
532 533 71.000000
548 549 71.000000
867 889 71.000000
910 932 71.000000
1063 10953 70.000000
92 93 69.000000
454 476 69.000000
1020 10260 69.000000
1092 1093 69.000000
1093 1094 69.000000
1094 1095 69.000000
1095 1096 69.000000
1096 1097 69.000000
1097 1098 69.000000
1098 1099 69.000000
206 228 68.000000
336 337 68.000000
586 587 68.000000
587 588 68.000000
588 589 68.000000
589 590 68.000000
590 591 68.000000
1013 10286 68.000000
1126 1148 68.000000
1371 1393 68.000000
221 243 67.000000
386 408 67.000000
695 696 67.000000
696 697 67.000000
697 698 67.000000
698 699 67.000000
699 700 67.000000
1041 10669 67.000000
1409 1431 67.000000
68 90 66.000000
1018 10816 66.000000
1043 10948 66.000000
1070 1071 66.000000
1071 1072 66.000000
1072 1073 66.000000
1073 1074 66.000000
1074 1075 66.000000
1075 1076 66.000000
1076 1077 66.000000
452 453 65.000000
453 454 65.000000
890 891 65.000000
635 636 64.000000
694 695 64.000000
712 734 64.000000
759 760 64.000000
1018 10703 64.000000
1043 10782 64.000000
1087 10947 64.000000
1131 1153 64.000000
1235 1257 64.000000
1436 1437 64.000000
1496 1518 64.000000
141 163 63.000000
679 701 63.000000
913 935 63.000000
1019 10752 63.000000
339 361 62.000000
1022 10864 62.000000
1320 1342 62.000000
207 229 61.000000
540 541 61.000000
541 542 61.000000
694 716 61.000000
1022 10970 61.000000
1387 1409 61.000000
866 888 60.000000
1022 10337 60.000000
1022 10968 60.000000
1238 1260 60.000000
67 89 59.000000
372 373 59.000000
374 395 59.000000
561 583 59.000000
673 674 59.000000
674 675 59.000000
675 676 59.000000
676 677 59.000000
677 678 59.000000
678 679 59.000000
1012 1033 59.000000
114 115 58.000000
115 116 58.000000
116 117 58.000000
117 118 58.000000
176 198 58.000000
252 274 58.000000
1020 10713 58.000000
1085 1107 58.000000
1328 1329 58.000000
503 525 57.000000
1018 10902 57.000000
320 342 56.000000
1018 10270 56.000000
1021 10435 56.000000
1056 1077 56.000000
1114 1115 56.000000
1115 1116 56.000000
1116 1117 56.000000
1117 1118 56.000000
1118 1119 56.000000
146 168 55.000000
293 315 55.000000
555 556 55.000000
539 561 54.000000
911 912 54.000000
1083 10841 54.000000
1207 1208 54.000000
891 913 53.000000
1021 10301 52.000000
1021 10824 52.000000
1022 10383 52.000000
1022 10438 52.000000
1022 10500 52.000000
1022 10871 52.000000
43 65 51.000000
693 715 51.000000
1022 10269 51.000000
1022 10453 51.000000
1022 10663 51.000000
1022 10776 51.000000
1022 10782 51.000000
1022 10948 51.000000
1022 10976 51.000000
249 271 50.000000
822 844 50.000000
1019 10446 50.000000
1119 1120 50.000000
1173 1195 50.000000
1019 1041 49.000000
1022 10303 49.000000
1043 10920 49.000000
1107 1129 49.000000
1133 1155 49.000000
1497 1519 49.000000
865 887 48.000000
1083 10877 48.000000
166 188 47.000000
641 642 47.000000
979 980 47.000000
980 981 47.000000
981 982 47.000000
1022 10687 47.000000
1120 1121 47.000000
656 657 46.000000
1018 10745 46.000000
1327 1349 46.000000
606 628 45.000000
1022 10351 45.000000
1170 1192 45.000000
1171 1193 45.000000
1433 1455 45.000000
200 222 44.000000
352 373 44.000000
1083 10848 44.000000
1083 10902 44.000000
1083 10921 44.000000
118 119 43.000000
119 120 43.000000
120 121 43.000000
121 122 43.000000
122 123 43.000000
123 124 43.000000
952 974 43.000000
1043 10769 43.000000
1498 1520 43.000000
70 71 42.000000
554 555 42.000000
774 796 42.000000
1018 10811 42.000000
1065 10733 42.000000
491 492 41.000000
572 573 41.000000
572 593 41.000000
573 574 41.000000
592 593 41.000000
817 839 41.000000
1019 10330 41.000000
1019 10554 41.000000
27 49 40.000000
1013 10234 40.000000
1013 10449 40.000000
1013 10999 40.000000
1018 10331 40.000000
1020 10669 40.000000
1219 1241 40.000000
1408 1409 40.000000
103 125 39.000000
340 362 39.000000
364 365 39.000000
538 560 39.000000
930 952 39.000000
1018 10369 39.000000
1018 10883 39.000000
1019 10529 39.000000
1019 10542 39.000000
1019 10627 39.000000
1019 10665 39.000000
374 375 38.000000
375 376 38.000000
376 377 38.000000
377 378 38.000000
378 379 38.000000
379 380 38.000000
380 381 38.000000
386 387 38.000000
387 388 38.000000
388 389 38.000000
389 390 38.000000
390 391 38.000000
391 392 38.000000
392 393 38.000000
393 394 38.000000
1017 10407 38.000000
1018 10357 38.000000
1018 10946 38.000000
1018 10949 38.000000
1018 10951 38.000000
1018 10955 38.000000
1018 10969 38.000000
1042 10857 38.000000
1042 10910 38.000000
341 363 37.000000
649 671 37.000000
1018 10256 37.000000
1086 1108 37.000000
124 146 36.000000
594 595 35.000000
594 615 35.000000
595 596 35.000000
613 614 35.000000
614 615 35.000000
779 801 35.000000
1043 10663 35.000000
534 535 34.000000
591 592 34.000000
650 672 34.000000
734 756 34.000000
1000 10715 34.000000
1021 10910 34.000000
1043 10432 34.000000
1043 10486 34.000000
1065 10868 34.000000
1065 10940 34.000000
1253 1275 34.000000
63 64 33.000000
118 140 33.000000
533 534 33.000000
1063 10796 33.000000
1065 10730 33.000000
1065 10972 33.000000
1088 10995 33.000000
1236 1258 33.000000
1328 1350 33.000000
146 147 32.000000
916 938 32.000000
1043 10940 32.000000
319 341 31.000000
782 783 31.000000
783 784 31.000000
784 785 31.000000
785 786 31.000000
786 787 31.000000
787 788 31.000000
821 843 31.000000
1000 10029 31.000000
1021 10265 31.000000
1021 10857 31.000000
1042 10435 31.000000
1043 10868 31.000000
1043 10956 31.000000
1121 1143 31.000000
25 47 30.000000
209 231 30.000000
1035 10898 30.000000
1496 1517 30.000000
408 409 29.000000
409 410 29.000000
1043 10730 29.000000
1043 10972 29.000000
1045 10561 29.000000
1410 1432 29.000000
0 1562 28.000000
426 448 28.000000
561 562 28.000000
562 563 28.000000
728 729 28.000000
954 976 28.000000
1000 10269 28.000000
1022 10510 28.000000
1022 10774 28.000000
1022 10865 28.000000
1022 10920 28.000000
1022 10956 28.000000
1043 10475 28.000000
1043 10510 28.000000
1057 10711 28.000000
1066 10740 28.000000
1144 1166 28.000000
1518 1540 28.000000
20 42 27.000000
556 557 27.000000
557 558 27.000000
558 559 27.000000
559 560 27.000000
1022 10349 27.000000
1022 10837 27.000000
1127 1149 27.000000
1186 1208 27.000000
58 80 26.000000
342 343 26.000000
343 344 26.000000
344 345 26.000000
345 346 26.000000
346 347 26.000000
347 348 26.000000
348 349 26.000000
349 350 26.000000
574 575 26.000000
575 576 26.000000
576 577 26.000000
1017 10386 26.000000
1022 10489 26.000000
1022 10586 26.000000
1022 10862 26.000000
1137 1138 26.000000
1138 1139 26.000000
1139 1140 26.000000
1140 1141 26.000000
202 224 25.000000
350 351 25.000000
839 861 25.000000
975 997 25.000000
1415 1416 25.000000
1546 1547 25.000000
1547 1548 25.000000
1548 1549 25.000000
1549 1550 25.000000
569 570 24.000000
735 757 24.000000
1041 10964 24.000000
1061 10831 24.000000
1063 10979 24.000000
1141 1142 24.000000
114 136 23.000000
285 307 23.000000
410 411 23.000000
411 412 23.000000
412 413 23.000000
413 414 23.000000
414 415 23.000000
415 416 23.000000
560 561 23.000000
603 625 23.000000
642 664 23.000000
690 712 23.000000
1041 10713 23.000000
1043 10879 23.000000
1061 10842 23.000000
1062 10659 23.000000
1089 10927 23.000000
1389 1411 23.000000
372 394 22.000000
498 499 22.000000
499 500 22.000000
500 501 22.000000
501 502 22.000000
502 503 22.000000
540 562 22.000000
562 584 22.000000
924 925 22.000000
924 945 22.000000
938 939 22.000000
939 940 22.000000
940 941 22.000000
941 942 22.000000
942 943 22.000000
943 944 22.000000
944 945 22.000000
1043 10586 22.000000
1043 10862 22.000000
1057 10932 22.000000
1062 10694 22.000000
1062 10721 22.000000
1062 10821 22.000000
1065 10879 22.000000
1065 10894 22.000000
1087 10886 22.000000
1087 10924 22.000000
1129 1151 22.000000
1279 1301 22.000000
1453 1475 22.000000
1500 1522 22.000000
93 94 21.000000
94 95 21.000000
95 96 21.000000
154 176 21.000000
210 232 21.000000
598 620 21.000000
772 773 21.000000
1013 1035 21.000000
1043 10837 21.000000
1043 10894 21.000000
1061 10640 21.000000
1061 10664 21.000000
1061 10718 21.000000
1061 10788 21.000000
1061 10965 21.000000
1062 10681 21.000000
1104 1126 21.000000
1365 1387 21.000000
560 582 20.000000
687 709 20.000000
1000 10240 20.000000
1022 10733 20.000000
1285 1286 20.000000
1286 1287 20.000000
1287 1288 20.000000
1288 1289 20.000000
1289 1290 20.000000
1290 1291 20.000000
1291 1292 20.000000
1292 1293 20.000000
1293 1294 20.000000
1294 1295 20.000000
643 665 19.000000
1018 10280 19.000000
1018 10659 19.000000
1018 10721 19.000000
1135 1136 19.000000
1136 1137 19.000000
111 133 18.000000
982 983 18.000000
1017 10179 18.000000
1017 10250 18.000000
1017 10575 18.000000
1017 10640 18.000000
1017 10788 18.000000
1017 10842 18.000000
1061 1083 18.000000
1164 1186 18.000000
748 749 17.000000
748 769 17.000000
749 750 17.000000
767 768 17.000000
768 769 17.000000
1005 1027 17.000000
1169 1191 17.000000
1475 1497 17.000000
58 59 16.000000
59 60 16.000000
60 61 16.000000
61 62 16.000000
62 63 16.000000
71 72 16.000000
72 73 16.000000
73 74 16.000000
74 75 16.000000
75 76 16.000000
76 77 16.000000
77 78 16.000000
78 79 16.000000
79 80 16.000000
250 272 16.000000
750 751 16.000000
882 904 16.000000
902 903 16.000000
902 923 16.000000
916 917 16.000000
917 918 16.000000
918 919 16.000000
919 920 16.000000
920 921 16.000000
921 922 16.000000
922 923 16.000000
1000 10663 16.000000
1000 10782 16.000000
1013 10207 16.000000
1017 10664 16.000000
1017 10965 16.000000
1033 1055 16.000000
1034 10406 16.000000
1035 1057 16.000000
1056 10835 16.000000
1056 10852 16.000000
1056 10944 16.000000
1128 1150 16.000000
1455 1477 16.000000
1477 1499 16.000000
1043 10733 15.000000
1045 1067 15.000000
1521 1543 15.000000
894 916 14.000000
909 931 14.000000
1000 10182 14.000000
1000 10193 14.000000
1000 10202 14.000000
1000 10215 14.000000
1017 10718 14.000000
1061 10703 14.000000
1061 10934 14.000000
511 512 13.000000
512 513 13.000000
736 758 13.000000
757 779 13.000000
1000 10337 13.000000
1000 10968 13.000000
1040 10529 13.000000
1040 10542 13.000000
1040 10665 13.000000
1142 1143 13.000000
1390 1412 13.000000
1539 1561 13.000000
451 452 12.000000
517 539 12.000000
564 565 12.000000
565 566 12.000000
566 567 12.000000
567 568 12.000000
568 569 12.000000
660 681 12.000000
679 680 12.000000
680 681 12.000000
891 892 12.000000
892 893 12.000000
893 894 12.000000
912 913 12.000000
968 969 12.000000
968 989 12.000000
983 984 12.000000
984 985 12.000000
985 986 12.000000
986 987 12.000000
987 988 12.000000
988 989 12.000000
1000 10031 12.000000
1000 10175 12.000000
1000 10188 12.000000
1000 10303 12.000000
1000 10383 12.000000
1000 10438 12.000000
1000 10453 12.000000
1000 10500 12.000000
1000 10687 12.000000
1000 10776 12.000000
1000 10864 12.000000
1000 10871 12.000000
1000 10970 12.000000
1000 10976 12.000000
1039 10509 12.000000
1041 10796 12.000000
1130 1152 12.000000
1142 1164 12.000000
1541 1563 12.000000
110 132 11.000000
243 265 11.000000
318 340 11.000000
520 521 11.000000
521 522 11.000000
522 523 11.000000
523 524 11.000000
524 525 11.000000
660 661 11.000000
661 662 11.000000
662 663 11.000000
686 708 11.000000
717 718 11.000000
718 719 11.000000
719 720 11.000000
720 721 11.000000
721 722 11.000000
722 723 11.000000
1000 10948 11.000000
1039 10603 11.000000
1039 10808 11.000000
1039 10816 11.000000
1039 10877 11.000000
1039 10883 11.000000
1039 10946 11.000000
1039 10949 11.000000
1039 10955 11.000000
1040 10752 11.000000
1061 10775 11.000000
1061 10783 11.000000
1061 10848 11.000000
1061 10902 11.000000
1061 10921 11.000000
1099 1121 11.000000
1192 1214 11.000000
205 227 10.000000
495 517 10.000000
570 592 10.000000
780 802 10.000000
794 795 10.000000
1046 1068 10.000000
1077 1099 10.000000
1166 1188 10.000000
1187 1209 10.000000
254 276 9.000000
429 430 9.000000
430 431 9.000000
431 432 9.000000
440 441 9.000000
440 461 9.000000
441 442 9.000000
442 443 9.000000
443 444 9.000000
444 445 9.000000
445 446 9.000000
460 461 9.000000
663 685 9.000000
1000 1022 9.000000
1001 1023 9.000000
1022 1044 9.000000
1034 10999 9.000000
1039 10703 9.000000
1039 10934 9.000000
1039 10951 9.000000
1039 10969 9.000000
1040 10493 9.000000
1040 10694 9.000000
1083 10883 9.000000
1502 1503 9.000000
49 50 8.000000
50 51 8.000000
51 52 8.000000
52 53 8.000000
53 54 8.000000
54 55 8.000000
55 56 8.000000
56 57 8.000000
57 58 8.000000
183 205 8.000000
212 234 8.000000
432 454 8.000000
607 629 8.000000
620 642 8.000000
729 751 8.000000
730 752 8.000000
781 803 8.000000
1039 10450 8.000000
1039 10476 8.000000
1039 10484 8.000000
1039 10505 8.000000
1039 10506 8.000000
1039 10775 8.000000
1039 10783 8.000000
1039 10848 8.000000
1039 10902 8.000000
1039 10921 8.000000
1061 10951 8.000000
1061 10969 8.000000
1082 1104 8.000000
1086 10868 8.000000
1141 1163 8.000000
1215 1237 8.000000
1262 1284 8.000000
1263 1285 8.000000
1267 1268 8.000000
1268 1269 8.000000
1269 1270 8.000000
1270 1271 8.000000
1271 1272 8.000000
201 223 7.000000
232 254 7.000000
263 285 7.000000
350 372 7.000000
432 433 7.000000
433 434 7.000000
434 435 7.000000
435 436 7.000000
436 437 7.000000
635 657 7.000000
657 679 7.000000
935 957 7.000000
947 969 7.000000
957 979 7.000000
1005 1006 7.000000
1006 1007 7.000000
1007 1008 7.000000
1008 1009 7.000000
1009 1010 7.000000
1010 1011 7.000000
1017 1039 7.000000
1082 10831 7.000000
1137 1159 7.000000
1188 1210 7.000000
1207 1229 7.000000
1208 1230 7.000000
165 187 6.000000
241 263 6.000000
328 350 6.000000
330 352 6.000000
330 351 6.000000
374 396 6.000000
410 432 6.000000
563 564 6.000000
692 714 6.000000
760 761 6.000000
761 762 6.000000
762 763 6.000000
763 764 6.000000
764 765 6.000000
765 766 6.000000
766 767 6.000000
911 933 6.000000
953 975 6.000000
955 977 6.000000
1002 1024 6.000000
1039 10664 6.000000
1039 10718 6.000000
1039 10965 6.000000
1042 1064 6.000000
1064 1086 6.000000
1084 10979 6.000000
1119 1141 6.000000
481 503 5.000000
619 641 5.000000
648 670 5.000000
685 707 5.000000
751 773 5.000000
1086 10972 5.000000
1191 1213 5.000000
1567 1568 5.000000
1568 1569 5.000000
1569 1570 5.000000
1570 1571 5.000000
158 180 4.000000
454 455 4.000000
455 456 4.000000
456 457 4.000000
457 458 4.000000
458 459 4.000000
459 481 4.000000
473 474 4.000000
474 475 4.000000
475 476 4.000000
651 673 4.000000
731 753 4.000000
816 838 4.000000
990 991 4.000000
1078 1100 4.000000
1111 1133 4.000000
1122 1144 4.000000
1189 1211 4.000000
1211 1233 4.000000
1306 1328 4.000000
1393 1394 4.000000
96 97 3.000000
97 98 3.000000
98 99 3.000000
100 101 3.000000
101 102 3.000000
577 599 3.000000
581 603 3.000000
695 717 3.000000
1012 1034 3.000000
1078 10932 3.000000
1086 10894 3.000000
1120 1142 3.000000
1143 1165 3.000000
1148 1170 3.000000
1165 1187 3.000000
1209 1231 3.000000
1307 1308 3.000000
1308 1309 3.000000
1309 1310 3.000000
1310 1311 3.000000
1311 1312 3.000000
1312 1313 3.000000
1313 1314 3.000000
1314 1315 3.000000
1315 1316 3.000000
1391 1413 3.000000
10 11 2.000000
11 12 2.000000
12 13 2.000000
13 14 2.000000
14 36 2.000000
36 58 2.000000
21 43 2.000000
506 507 2.000000
506 527 2.000000
507 508 2.000000
508 509 2.000000
509 510 2.000000
510 511 2.000000
525 526 2.000000
526 527 2.000000
604 626 2.000000
663 664 2.000000
704 705 2.000000
704 725 2.000000
705 706 2.000000
706 707 2.000000
723 724 2.000000
724 725 2.000000
847 848 2.000000
848 849 2.000000
849 850 2.000000
850 872 2.000000
872 894 2.000000
913 914 2.000000
914 915 2.000000
915 916 2.000000
1000 10920 2.000000
1003 1004 2.000000
1004 1005 2.000000
1034 1056 2.000000
1034 10391 2.000000
1034 10449 2.000000
1034 10590 2.000000
1034 10835 2.000000
1034 10852 2.000000
1034 10944 2.000000
1083 10951 2.000000
1083 10955 2.000000
1084 1106 2.000000
1084 10982 2.000000
1086 10879 2.000000
1086 10895 2.000000
1086 10977 2.000000
1251 1273 2.000000
1306 1307 2.000000
1408 1430 2.000000
0 22 1.000000
476 477 1.000000
477 478 1.000000
478 479 1.000000
479 480 1.000000
480 481 1.000000
542 543 1.000000
543 544 1.000000
544 545 1.000000
545 546 1.000000
546 547 1.000000
547 569 1.000000
548 570 1.000000
638 660 1.000000
664 686 1.000000
738 739 1.000000
739 740 1.000000
740 741 1.000000
741 742 1.000000
742 743 1.000000
743 744 1.000000
744 745 1.000000
750 772 1.000000
846 847 1.000000
908 930 1.000000
969 991 1.000000
1043 1065 1.000000
1082 10842 1.000000
1082 10965 1.000000
1083 10946 1.000000
1083 10949 1.000000
1083 10969 1.000000
1105 1127 1.000000
1190 1212 1.000000
1307 1329 1.000000
1434 1456 1.000000
1452 1474 1.000000
1480 1481 1.000000
1540 1562 1.000000
