1156 1157 17227.000000
184 185 14046.000000
185 186 14046.000000
186 187 14046.000000
187 188 14046.000000
1024 1025 13521.000000
1200 1201 13133.000000
1155 1156 12886.000000
183 184 12044.000000
1199 1200 11258.000000
1347 1348 11095.000000
1198 1199 10905.000000
1177 1178 10856.000000
1154 1155 10756.000000
188 189 10592.000000
1348 1349 10538.000000
206 207 10072.000000
207 208 10072.000000
208 209 10072.000000
209 210 10072.000000
1221 1222 9801.000000
1023 1024 9788.000000
1178 1179 9713.000000
1002 1003 9637.000000
1216 1217 9482.000000
936 937 9374.000000
1220 1221 9336.000000
1214 1215 9275.000000
1215 1216 9275.000000
1218 1219 9270.000000
1349 1350 9261.000000
937 938 9204.000000
1217 1218 9148.000000
228 229 9090.000000
229 230 9090.000000
230 231 9090.000000
231 232 9035.000000
1219 1220 9006.000000
866 867 8886.000000
867 868 8886.000000
1153 1154 8885.000000
1025 1026 8606.000000
189 190 8378.000000
51 52 8278.000000
205 206 7999.000000
1197 1198 7976.000000
1243 1244 7941.000000
1022 1023 7787.000000
1176 1177 7741.000000
94 95 7520.000000
1001 1002 7441.000000
1157 1158 7434.000000
1242 1243 7315.000000
935 936 7275.000000
1236 1237 7259.000000
980 981 7225.000000
1238 1239 6847.000000
1237 1238 6627.000000
1239 1240 6536.000000
865 866 6502.000000
1350 1351 6410.000000
1241 1242 6387.000000
822 823 6356.000000
823 824 6356.000000
824 825 6356.000000
1351 1352 6275.000000
864 865 6273.000000
227 228 6256.000000
276 277 6229.000000
1000 1001 6223.000000
1352 1353 6209.000000
981 982 6187.000000
232 233 6159.000000
1213 1214 6037.000000
1112 1113 5935.000000
1244 1245 5830.000000
138 139 5746.000000
958 959 5744.000000
845 846 5675.000000
846 847 5675.000000
1240 1241 5675.000000
868 869 5648.000000
5 6 5637.000000
1046 1047 5604.000000
1045 1046 5593.000000
938 939 5548.000000
95 96 5512.000000
801 802 5440.000000
802 803 5440.000000
888 889 5420.000000
889 890 5420.000000
890 891 5412.000000
272 273 5271.000000
273 274 5271.000000
274 275 5271.000000
141 142 5252.000000
142 143 5252.000000
143 144 5252.000000
116 117 5156.000000
959 960 5153.000000
1113 1114 5152.000000
1235 1236 5110.000000
162 163 5059.000000
163 164 5059.000000
164 165 5059.000000
165 166 5059.000000
979 980 5042.000000
1263 1264 5030.000000
275 276 5027.000000
144 145 4981.000000
7 8 4953.000000
869 870 4952.000000
844 845 4947.000000
4 5 4925.000000
1264 1265 4907.000000
161 162 4893.000000
1265 1266 4869.000000
140 141 4857.000000
233 234 4816.000000
6 7 4752.000000
1111 1112 4695.000000
72 73 4666.000000
996 997 4628.000000
997 998 4628.000000
998 999 4628.000000
892 893 4612.000000
1175 1176 4577.000000
957 958 4511.000000
651 652 4498.000000
1157 1179 4473.000000
848 849 4458.000000
277 278 4334.000000
891 892 4315.000000
1287 1288 4108.000000
1069 1070 4091.000000
182 183 4048.000000
249 250 4037.000000
250 251 4037.000000
251 252 4037.000000
252 253 4037.000000
210 211 4033.000000
139 140 3996.000000
1026 1027 3988.000000
1262 1263 3926.000000
1502 1503 3871.000000
254 255 3851.000000
1044 1045 3830.000000
234 235 3800.000000
115 116 3789.000000
1286 1287 3776.000000
1503 1504 3750.000000
931 932 3693.000000
932 933 3693.000000
933 934 3693.000000
50 51 3676.000000
779 780 3646.000000
780 781 3646.000000
1134 1135 3618.000000
1068 1069 3587.000000
3 4 3569.000000
1067 1068 3565.000000
1132 1133 3550.000000
1047 1048 3509.000000
1196 1197 3505.000000
1066 1067 3463.000000
188 210 3454.000000
1110 1111 3411.000000
1090 1091 3364.000000
1437 1438 3361.000000
52 53 3357.000000
1304 1305 3317.000000
320 321 3304.000000
1133 1134 3291.000000
800 801 3280.000000
956 957 3265.000000
225 226 3245.000000
1282 1283 3245.000000
778 779 3235.000000
1481 1482 3226.000000
1391 1392 3206.000000
1152 1153 3197.000000
887 888 3170.000000
821 822 3167.000000
1018 1019 3134.000000
1019 1020 3134.000000
1020 1021 3134.000000
1027 1028 3118.000000
847 848 3107.000000
1021 1022 3103.000000
583 584 3083.000000
584 585 3083.000000
1305 1306 3081.000000
1285 1286 3078.000000
1089 1090 3047.000000
28 29 3036.000000
278 279 3035.000000
995 996 3033.000000
1280 1281 3033.000000
585 586 3032.000000
673 674 3011.000000
137 138 3006.000000
1416 1417 2995.000000
938 960 2990.000000
1392 1393 2973.000000
1480 1481 2959.000000
1326 1327 2958.000000
1179 1180 2947.000000
1303 1304 2937.000000
226 227 2932.000000
1328 1329 2929.000000
1131 1132 2919.000000
586 587 2910.000000
298 299 2901.000000
1003 1004 2864.000000
1417 1418 2833.000000
1091 1092 2820.000000
777 778 2811.000000
1459 1460 2802.000000
803 804 2801.000000
934 935 2793.000000
160 161 2788.000000
1329 1330 2788.000000
1070 1071 2760.000000
1048 1049 2752.000000
1174 1175 2752.000000
648 649 2728.000000
649 650 2728.000000
650 651 2728.000000
1330 1331 2675.000000
674 675 2647.000000
51 73 2618.000000
29 30 2604.000000
1283 1284 2601.000000
757 758 2569.000000
758 759 2569.000000
1327 1328 2547.000000
1306 1307 2542.000000
341 342 2529.000000
1173 1174 2518.000000
1482 1483 2514.000000
293 294 2505.000000
294 295 2505.000000
295 296 2505.000000
296 297 2505.000000
363 364 2499.000000
1479 1480 2486.000000
1393 1394 2478.000000
804 805 2463.000000
1170 1171 2452.000000
1171 1172 2452.000000
1172 1173 2452.000000
1414 1415 2431.000000
1370 1371 2430.000000
211 212 2381.000000
1284 1285 2367.000000
166 167 2357.000000
1222 1223 2356.000000
1569 1570 2351.000000
190 191 2344.000000
253 254 2334.000000
1281 1282 2332.000000
255 256 2331.000000
1478 1479 2328.000000
759 760 2311.000000
825 826 2311.000000
1149 1150 2270.000000
1150 1151 2269.000000
204 205 2262.000000
1372 1373 2252.000000
1151 1152 2251.000000
826 827 2237.000000
1024 10305 2223.000000
913 914 2222.000000
299 300 2215.000000
805 806 2213.000000
1413 1414 2181.000000
1279 1280 2176.000000
117 118 2155.000000
138 160 2144.000000
1501 1502 2135.000000
256 257 2129.000000
1087 1088 2128.000000
1331 1332 2111.000000
73 74 2109.000000
203 204 2101.000000
191 192 2079.000000
1039 1040 2066.000000
1040 1041 2066.000000
1041 1042 2066.000000
1436 1437 2052.000000
1212 1213 2050.000000
1260 1261 2043.000000
1042 1043 2039.000000
1371 1372 2032.000000
1307 1308 2030.000000
1169 1170 2017.000000
1308 1309 2016.000000
675 676 1998.000000
870 871 1989.000000
1523 1524 1980.000000
820 821 1974.000000
799 800 1967.000000
893 894 1964.000000
1261 1262 1963.000000
1394 1395 1963.000000
843 844 1935.000000
1567 1568 1933.000000
52 74 1930.000000
1192 1193 1927.000000
1193 1194 1924.000000
1415 1416 1909.000000
1458 1459 1890.000000
1435 1436 1887.000000
1109 1110 1881.000000
271 272 1866.000000
1544 1545 1858.000000
297 298 1854.000000
733 734 1833.000000
236 237 1831.000000
1088 1089 1822.000000
364 365 1814.000000
235 236 1811.000000
1004 1005 1801.000000
71 72 1800.000000
139 161 1797.000000
1395 1396 1787.000000
212 213 1774.000000
930 931 1772.000000
1071 1072 1758.000000
1194 1195 1758.000000
1259 1260 1734.000000
1195 1196 1733.000000
756 757 1729.000000
914 915 1725.000000
248 249 1717.000000
247 248 1708.000000
783 784 1702.000000
1524 1525 1698.000000
69 70 1696.000000
70 71 1696.000000
587 609 1694.000000
1566 1567 1669.000000
315 316 1664.000000
316 317 1664.000000
317 318 1664.000000
318 319 1664.000000
691 692 1653.000000
692 693 1653.000000
693 694 1653.000000
587 588 1647.000000
1158 1159 1643.000000
319 320 1634.000000
190 212 1633.000000
192 193 1629.000000
1545 1546 1616.000000
652 653 1611.000000
246 247 1608.000000
1434 1435 1603.000000
257 258 1584.000000
1127 1128 1584.000000
1128 1129 1584.000000
1129 1130 1584.000000
1092 1093 1558.000000
1061 1062 1550.000000
1062 1063 1550.000000
1063 1064 1550.000000
290 291 1540.000000
1504 1505 1537.000000
1043 1044 1534.000000
1126 1127 1531.000000
1130 1131 1517.000000
886 887 1514.000000
978 979 1511.000000
690 691 1504.000000
782 783 1501.000000
270 271 1498.000000
235 257 1496.000000
47 48 1493.000000
48 49 1493.000000
630 631 1473.000000
1023 10254 1466.000000
322 323 1464.000000
739 740 1459.000000
321 322 1454.000000
145 146 1452.000000
781 782 1450.000000
849 850 1449.000000
1568 1569 1438.000000
8 9 1429.000000
364 386 1409.000000
1373 1374 1406.000000
1522 1523 1402.000000
1460 1461 1400.000000
49 50 1394.000000
291 292 1386.000000
292 293 1386.000000
1374 1375 1385.000000
1438 1439 1375.000000
1503 1525 1371.000000
320 342 1367.000000
827 828 1367.000000
213 214 1350.000000
269 270 1349.000000
670 671 1323.000000
671 672 1323.000000
1046 10669 1321.000000
1022 10407 1314.000000
1546 1547 1306.000000
1191 1192 1303.000000
631 632 1293.000000
1457 1458 1286.000000
46 47 1285.000000
233 255 1282.000000
1026 1048 1279.000000
323 324 1272.000000
909 910 1265.000000
910 911 1265.000000
911 912 1265.000000
952 953 1264.000000
953 954 1264.000000
954 955 1264.000000
955 956 1264.000000
167 168 1263.000000
1114 1115 1263.000000
672 673 1260.000000
1418 1419 1259.000000
1369 1370 1255.000000
717 718 1253.000000
718 719 1253.000000
1113 1135 1248.000000
784 785 1243.000000
588 589 1239.000000
740 741 1235.000000
1148 1149 1232.000000
1002 10190 1227.000000
1257 1258 1220.000000
1258 1259 1220.000000
1000 10225 1212.000000
279 280 1210.000000
203 225 1208.000000
343 344 1202.000000
695 696 1179.000000
1125 1126 1178.000000
214 215 1166.000000
1064 1065 1152.000000
145 167 1145.000000
68 69 1139.000000
694 695 1135.000000
117 139 1119.000000
1017 1018 1114.000000
258 259 1104.000000
738 739 1100.000000
193 194 1096.000000
1439 1440 1096.000000
806 807 1094.000000
668 669 1083.000000
1005 1006 1074.000000
982 983 1071.000000
1309 1310 1065.000000
280 281 1060.000000
28 50 1046.000000
1090 10917 1045.000000
589 590 1043.000000
974 975 1043.000000
975 976 1043.000000
976 977 1043.000000
977 978 1043.000000
91 92 1039.000000
92 93 1039.000000
1116 1117 1039.000000
1117 1118 1039.000000
1083 1084 1035.000000
1084 1085 1035.000000
1085 1086 1035.000000
735 736 1029.000000
736 737 1029.000000
737 738 1029.000000
1000 10136 1028.000000
755 756 1024.000000
676 677 1023.000000
1300 1301 1021.000000
1301 1302 1021.000000
1302 1303 1021.000000
719 720 1015.000000
1505 1506 1009.000000
1024 10421 1008.000000
651 673 986.000000
1115 1116 980.000000
1353 1354 980.000000
1135 1136 971.000000
1002 10925 970.000000
1288 1289 957.000000
74 96 953.000000
912 913 946.000000
609 610 944.000000
1565 1566 924.000000
30 31 923.000000
610 611 919.000000
90 91 915.000000
696 697 912.000000
93 94 910.000000
669 670 910.000000
1244 1266 910.000000
386 387 906.000000
1168 1169 903.000000
25 26 901.000000
653 654 901.000000
734 735 895.000000
324 325 891.000000
146 168 890.000000
1461 1462 890.000000
983 984 885.000000
1136 1137 883.000000
1375 1376 879.000000
264 285 878.000000
282 283 878.000000
283 284 878.000000
284 285 878.000000
893 915 878.000000
1086 1087 867.000000
714 715 865.000000
715 716 865.000000
264 265 864.000000
265 266 864.000000
266 267 864.000000
267 268 864.000000
161 183 862.000000
73 95 854.000000
237 259 851.000000
342 343 848.000000
202 203 843.000000
1002 10613 837.000000
278 300 835.000000
1023 10659 824.000000
1547 1548 819.000000
277 299 811.000000
132 133 806.000000
132 153 806.000000
133 134 806.000000
134 135 806.000000
135 136 806.000000
136 137 806.000000
151 152 806.000000
152 153 806.000000
1483 1484 798.000000
1213 1235 796.000000
26 27 795.000000
1049 1050 793.000000
367 368 789.000000
27 28 785.000000
300 301 779.000000
603 604 775.000000
908 909 767.000000
1278 1279 765.000000
602 603 764.000000
268 269 760.000000
1067 10953 759.000000
1070 1092 755.000000
1256 1257 740.000000
110 131 738.000000
129 130 738.000000
130 131 738.000000
110 111 737.000000
111 112 737.000000
112 113 737.000000
113 114 737.000000
114 115 737.000000
760 761 735.000000
181 182 734.000000
1147 1148 730.000000
632 633 728.000000
1038 1039 719.000000
1001 10148 716.000000
1005 10431 714.000000
647 648 712.000000
1000 10249 711.000000
365 366 710.000000
224 225 705.000000
1500 1501 699.000000
237 238 693.000000
96 97 685.000000
1180 1181 660.000000
1181 1182 660.000000
1182 1183 660.000000
116 138 638.000000
805 827 635.000000
1237 1259 635.000000
849 871 633.000000
198 199 632.000000
199 200 632.000000
200 201 632.000000
201 202 632.000000
1159 1160 631.000000
1160 1161 631.000000
1161 1162 631.000000
198 219 630.000000
216 217 630.000000
217 218 630.000000
218 219 630.000000
1325 1326 630.000000
168 169 627.000000
169 170 627.000000
44 65 625.000000
63 64 625.000000
64 65 625.000000
301 302 624.000000
171 172 616.000000
1065 1066 611.000000
1396 1397 610.000000
366 367 598.000000
1024 10953 596.000000
170 171 593.000000
1456 1457 589.000000
146 147 576.000000
147 148 576.000000
716 717 573.000000
894 895 567.000000
1006 1007 562.000000
220 241 561.000000
238 239 561.000000
239 240 561.000000
240 241 561.000000
1001 10694 560.000000
220 221 559.000000
221 222 559.000000
222 223 559.000000
223 224 559.000000
1570 1571 558.000000
761 762 555.000000
1000 10325 554.000000
1162 1163 554.000000
1005 10204 552.000000
44 45 540.000000
45 46 540.000000
1018 10411 525.000000
1018 10272 524.000000
762 763 517.000000
1234 1235 517.000000
189 211 513.000000
159 160 503.000000
1002 10964 502.000000
107 108 500.000000
108 109 500.000000
1004 10502 500.000000
1072 1073 499.000000
1073 1074 499.000000
2 3 498.000000
1023 10901 488.000000
324 346 485.000000
1025 10985 485.000000
1574 1575 484.000000
1045 10542 483.000000
88 89 482.000000
89 90 482.000000
1573 1574 481.000000
10 10911 480.000000
1572 1573 479.000000
268 290 477.000000
629 630 476.000000
1114 1136 474.000000
895 917 473.000000
1018 10711 473.000000
313 314 472.000000
314 315 472.000000
407 408 472.000000
1525 1526 469.000000
1543 1544 469.000000
1521 1522 465.000000
713 714 457.000000
160 182 452.000000
1024 1046 451.000000
1027 1049 449.000000
387 388 447.000000
625 626 447.000000
626 627 447.000000
627 628 447.000000
628 629 447.000000
600 601 445.000000
601 602 445.000000
1023 10277 444.000000
154 155 442.000000
154 175 442.000000
155 156 442.000000
156 157 442.000000
157 158 442.000000
172 173 442.000000
173 174 442.000000
174 175 442.000000
1043 10565 442.000000
158 159 440.000000
1060 1061 440.000000
1048 10995 439.000000
1548 1549 438.000000
607 608 431.000000
1045 10459 431.000000
344 345 430.000000
1064 1086 425.000000
646 647 423.000000
176 177 420.000000
176 197 420.000000
177 178 420.000000
178 179 420.000000
179 180 420.000000
195 196 420.000000
196 197 420.000000
1321 1322 418.000000
1322 1323 418.000000
1323 1324 418.000000
1324 1325 418.000000
472 473 411.000000
1023 10618 411.000000
1200 1222 411.000000
1050 1051 409.000000
1051 1052 409.000000
1049 10927 407.000000
561 562 406.000000
562 563 406.000000
563 564 406.000000
842 843 404.000000
148 149 402.000000
149 150 402.000000
1007 10255 402.000000
1028 1050 401.000000
1005 10678 399.000000
697 698 398.000000
1022 10270 398.000000
1304 1326 395.000000
1030 1031 393.000000
29 51 390.000000
180 181 383.000000
937 959 379.000000
1028 10293 376.000000
234 256 375.000000
1038 10635 374.000000
368 390 370.000000
1003 10130 369.000000
1003 10142 369.000000
388 389 364.000000
1281 1303 363.000000
1003 10432 361.000000
496 497 356.000000
497 498 356.000000
498 499 356.000000
1024 10979 356.000000
582 583 354.000000
224 246 352.000000
302 303 352.000000
345 346 351.000000
1001 10022 348.000000
1260 1282 347.000000
429 430 346.000000
1004 10740 343.000000
1082 1083 343.000000
428 429 342.000000
256 278 341.000000
915 916 341.000000
916 917 340.000000
1201 1202 339.000000
1026 10947 337.000000
1050 10583 337.000000
1146 1147 337.000000
1480 1502 336.000000
1137 1138 333.000000
1138 1139 333.000000
247 269 331.000000
1045 10850 331.000000
588 610 327.000000
1144 1145 327.000000
1144 1165 327.000000
1145 1146 327.000000
1163 1164 327.000000
1164 1165 327.000000
604 605 322.000000
605 606 322.000000
606 607 322.000000
608 609 320.000000
1183 1184 320.000000
760 782 317.000000
1001 10982 317.000000
1028 1029 317.000000
1029 1030 317.000000
1009 10090 315.000000
741 742 314.000000
1201 1223 314.000000
1155 1177 312.000000
1018 10474 310.000000
275 297 308.000000
299 321 304.000000
1048 10997 303.000000
281 282 301.000000
1092 10961 300.000000
1092 10981 298.000000
1115 1137 297.000000
10 10566 294.000000
1089 10979 294.000000
654 655 293.000000
1039 10932 291.000000
24 25 290.000000
144 166 287.000000
1039 10731 285.000000
1023 10487 284.000000
1179 1201 282.000000
1028 10846 281.000000
1038 10856 280.000000
255 277 277.000000
1046 10577 277.000000
1028 10844 276.000000
712 713 275.000000
1017 10276 274.000000
312 313 272.000000
1022 1044 272.000000
1190 1191 272.000000
1006 10176 270.000000
1006 10643 268.000000
128 129 267.000000
1046 10668 267.000000
539 540 266.000000
540 541 266.000000
541 542 266.000000
191 213 265.000000
1083 10932 264.000000
1462 1463 261.000000
215 216 258.000000
759 781 258.000000
676 698 257.000000
1028 10327 257.000000
276 298 255.000000
1240 1262 255.000000
1066 10777 254.000000
1045 10689 253.000000
542 543 252.000000
257 279 250.000000
1026 10609 249.000000
1000 10509 248.000000
1023 1045 246.000000
1072 10751 246.000000
1026 10375 245.000000
1026 10863 245.000000
1025 10894 244.000000
632 654 243.000000
994 995 243.000000
1005 10561 243.000000
499 500 241.000000
500 501 241.000000
501 502 241.000000
502 503 241.000000
984 985 240.000000
985 986 240.000000
1039 10391 239.000000
1031 10378 238.000000
430 431 236.000000
431 432 236.000000
432 433 236.000000
720 721 236.000000
269 291 235.000000
1026 10329 232.000000
1026 10358 232.000000
1026 10379 232.000000
1026 10488 232.000000
1026 10818 232.000000
1025 10308 230.000000
1049 10523 230.000000
1025 10486 229.000000
1025 10879 229.000000
1025 10475 228.000000
1025 10972 227.000000
279 301 226.000000
1089 1111 226.000000
1004 10244 224.000000
1025 10717 224.000000
248 270 219.000000
952 974 219.000000
1025 10550 219.000000
1003 10184 218.000000
1026 10600 217.000000
1026 10924 217.000000
1016 1017 215.000000
1025 10364 215.000000
1571 1572 215.000000
917 939 214.000000
1130 1152 214.000000
1003 10868 213.000000
1025 10265 213.000000
1070 10998 213.000000
531 532 212.000000
532 533 212.000000
533 534 212.000000
543 565 211.000000
1047 10740 211.000000
1003 10940 210.000000
1047 10717 210.000000
1074 1075 210.000000
1348 1370 210.000000
1564 1565 210.000000
1003 10730 209.000000
410 411 208.000000
411 412 208.000000
1003 10239 208.000000
1003 10387 208.000000
1003 10221 207.000000
1003 10351 207.000000
1004 10886 207.000000
1025 10279 207.000000
450 451 206.000000
451 452 206.000000
1003 10414 206.000000
1025 10426 206.000000
1025 10593 206.000000
1025 10619 206.000000
1072 10778 206.000000
259 281 205.000000
1003 10426 205.000000
1003 10733 205.000000
1047 10502 205.000000
1093 1094 205.000000
1094 1095 205.000000
1095 1096 205.000000
1003 10279 204.000000
1003 10638 204.000000
1325 1347 204.000000
242 243 203.000000
243 244 203.000000
244 245 203.000000
245 246 203.000000
343 365 203.000000
1003 10059 203.000000
1003 10263 203.000000
1028 10340 203.000000
1028 10553 203.000000
368 369 201.000000
1223 1224 200.000000
1224 1225 200.000000
1225 1226 200.000000
1226 1227 200.000000
1227 1228 200.000000
1003 10532 199.000000
534 535 198.000000
535 536 198.000000
536 537 198.000000
1003 10237 197.000000
1003 10062 196.000000
281 303 195.000000
1003 10349 195.000000
1003 10335 192.000000
847 869 191.000000
1003 10486 191.000000
1003 10879 191.000000
1027 10678 191.000000
1003 10308 190.000000
1003 10593 190.000000
1003 10619 190.000000
1003 10769 190.000000
242 263 189.000000
260 261 189.000000
261 262 189.000000
262 263 189.000000
1003 10180 189.000000
1003 10271 189.000000
1003 10347 189.000000
1025 10372 189.000000
409 410 188.000000
49 71 187.000000
1003 10475 187.000000
1003 10550 187.000000
1288 1310 187.000000
1003 10372 182.000000
1039 10590 182.000000
891 913 181.000000
1022 10777 181.000000
1048 10481 181.000000
908 930 180.000000
1047 10488 180.000000
1047 10818 180.000000
30 52 179.000000
803 825 179.000000
1026 10398 178.000000
1002 10713 177.000000
1026 10263 177.000000
1047 10763 177.000000
1047 10895 177.000000
1047 10977 177.000000
1006 10455 176.000000
1006 10523 176.000000
1003 10045 175.000000
1061 10835 175.000000
148 170 174.000000
827 849 173.000000
1194 1216 173.000000
22 23 172.000000
689 690 172.000000
1025 10532 172.000000
594 595 171.000000
1025 10702 171.000000
1091 10998 171.000000
286 287 170.000000
286 307 170.000000
287 288 170.000000
288 289 170.000000
303 304 170.000000
304 305 170.000000
305 306 170.000000
306 307 170.000000
1003 10789 170.000000
1028 10643 170.000000
1049 10844 170.000000
1049 10846 170.000000
1210 1211 170.000000
1210 1231 170.000000
1228 1229 170.000000
1229 1230 170.000000
1230 1231 170.000000
118 119 169.000000
763 764 169.000000
1004 10774 169.000000
1024 10469 168.000000
1047 10863 168.000000
646 668 167.000000
1025 10271 167.000000
1025 10335 167.000000
1025 10347 167.000000
782 804 165.000000
1479 1501 165.000000
119 120 164.000000
120 121 164.000000
121 122 164.000000
564 565 163.000000
1081 1082 163.000000
1047 10600 162.000000
1047 10924 162.000000
1047 10894 161.000000
1007 1008 160.000000
1008 1009 160.000000
66 67 158.000000
1327 1349 158.000000
581 582 157.000000
1047 10609 156.000000
1061 10944 156.000000
1218 1240 156.000000
122 123 155.000000
865 887 154.000000
1025 10763 154.000000
1025 10895 154.000000
1025 10977 154.000000
848 870 153.000000
951 952 153.000000
246 268 152.000000
259 260 151.000000
301 323 151.000000
631 653 151.000000
1049 10553 151.000000
50 72 150.000000
194 195 150.000000
622 623 150.000000
623 624 150.000000
204 226 149.000000
1022 10831 149.000000
140 162 147.000000
1026 10996 147.000000
1124 1125 147.000000
1046 10763 145.000000
1188 1189 145.000000
1188 1209 145.000000
1189 1190 145.000000
1207 1208 145.000000
1208 1209 145.000000
594 615 144.000000
612 613 144.000000
613 614 144.000000
614 615 144.000000
1046 10895 144.000000
1547 1569 144.000000
1039 10449 143.000000
1046 10977 143.000000
1046 10702 142.000000
611 612 141.000000
1023 10821 140.000000
1023 10982 140.000000
66 87 139.000000
85 86 139.000000
86 87 139.000000
106 128 139.000000
1546 1568 138.000000
1000 10484 137.000000
1003 10039 137.000000
1003 10702 137.000000
1136 1158 137.000000
822 844 136.000000
1026 10363 136.000000
1069 10696 136.000000
616 637 134.000000
618 619 134.000000
619 620 134.000000
620 621 134.000000
621 622 134.000000
634 635 134.000000
635 636 134.000000
636 637 134.000000
1003 10246 134.000000
1026 10310 134.000000
1156 1178 133.000000
986 987 132.000000
1000 10883 132.000000
1003 10113 132.000000
332 333 129.000000
499 521 129.000000
898 920 129.000000
1003 10977 129.000000
1026 10886 129.000000
596 597 128.000000
597 598 128.000000
598 599 128.000000
599 600 128.000000
1003 10895 128.000000
1000 10505 127.000000
1003 10763 127.000000
1016 10635 127.000000
1022 10298 127.000000
1022 10934 127.000000
1026 10696 127.000000
1047 10886 127.000000
330 331 126.000000
331 332 126.000000
1028 10455 126.000000
1028 10523 126.000000
1108 1109 126.000000
1170 1192 126.000000
289 290 125.000000
389 390 125.000000
67 68 124.000000
589 611 124.000000
1000 10450 124.000000
1000 10506 124.000000
1000 10783 124.000000
1022 10842 124.000000
97 98 122.000000
98 99 122.000000
1003 10218 122.000000
1332 1333 122.000000
892 914 121.000000
1025 10613 121.000000
1216 1238 121.000000
1415 1437 121.000000
1549 1550 121.000000
1001 10487 120.000000
1070 10762 120.000000
1214 1236 120.000000
1000 10399 119.000000
1024 10260 119.000000
357 358 118.000000
358 359 118.000000
359 360 118.000000
360 361 118.000000
361 362 118.000000
362 363 118.000000
895 896 118.000000
896 897 118.000000
897 898 118.000000
1255 1256 118.000000
346 368 117.000000
1022 10640 117.000000
1105 1106 117.000000
1106 1107 117.000000
1107 1108 117.000000
1022 10250 116.000000
1022 10386 116.000000
1022 10575 116.000000
1070 10997 116.000000
100 101 115.000000
654 676 115.000000
871 893 114.000000
1174 1196 114.000000
123 124 113.000000
698 720 113.000000
917 918 113.000000
918 919 113.000000
919 920 113.000000
1003 10081 113.000000
1068 10985 113.000000
1371 1393 112.000000
1022 10788 111.000000
1092 1114 111.000000
1022 10664 110.000000
1022 10718 110.000000
1003 10972 109.000000
1068 1090 109.000000
254 276 108.000000
334 335 108.000000
335 336 108.000000
336 337 108.000000
337 338 108.000000
338 339 108.000000
339 340 108.000000
1004 10996 108.000000
1016 10856 108.000000
1024 10796 108.000000
1414 1436 108.000000
322 344 107.000000
330 351 107.000000
347 348 107.000000
348 349 107.000000
349 350 107.000000
350 351 107.000000
616 617 107.000000
1001 10618 107.000000
1047 10996 107.000000
1440 1441 107.000000
1022 10268 106.000000
1045 10469 106.000000
1045 10554 106.000000
1069 10702 106.000000
1070 10886 106.000000
1243 1265 106.000000
1000 10645 105.000000
1526 1527 105.000000
624 625 104.000000
738 760 104.000000
914 936 104.000000
1023 10721 104.000000
1001 10469 103.000000
1022 10721 103.000000
193 215 102.000000
213 235 102.000000
828 829 102.000000
1003 10121 102.000000
595 596 100.000000
633 634 100.000000
1221 1243 100.000000
124 125 99.000000
125 126 99.000000
126 127 99.000000
127 128 99.000000
669 691 99.000000
1000 10810 99.000000
1266 1267 99.000000
935 957 98.000000
1022 10568 98.000000
1022 10965 98.000000
1038 1060 98.000000
1169 1191 98.000000
1066 10883 97.000000
23 24 96.000000
1003 10364 96.000000
1003 10894 96.000000
1023 10249 96.000000
1203 1204 96.000000
1204 1205 96.000000
1205 1206 96.000000
1206 1207 96.000000
1024 10713 95.000000
1039 10999 95.000000
1087 1109 95.000000
1118 1119 94.000000
118 140 93.000000
509 510 93.000000
510 511 93.000000
511 512 93.000000
512 513 93.000000
513 514 93.000000
514 515 93.000000
1000 10821 93.000000
1066 10783 93.000000
1067 10901 93.000000
1306 1328 93.000000
1056 1077 92.000000
1075 1076 92.000000
1076 1077 92.000000
1001 10796 91.000000
1023 10681 91.000000
1026 10502 91.000000
1506 1507 91.000000
1000 10603 90.000000
1000 10777 90.000000
1000 10808 90.000000
1000 10841 90.000000
1000 10877 90.000000
1003 10717 90.000000
716 738 89.000000
1056 1057 89.000000
1057 1058 89.000000
1066 10775 89.000000
1066 10848 89.000000
1066 10902 89.000000
1066 10921 89.000000
27 49 88.000000
1001 10493 88.000000
1003 1025 88.000000
1026 10740 88.000000
1245 1246 88.000000
1246 1247 88.000000
1247 1248 88.000000
1248 1249 88.000000
1249 1250 88.000000
22 43 87.000000
41 42 87.000000
41 63 87.000000
42 43 87.000000
958 980 87.000000
1000 10380 87.000000
1000 10816 87.000000
74 75 86.000000
1058 1059 86.000000
1066 10951 86.000000
22 44 85.000000
560 561 85.000000
706 707 85.000000
707 708 85.000000
708 709 85.000000
709 710 85.000000
710 711 85.000000
777 799 85.000000
936 958 85.000000
1000 10476 85.000000
1000 10775 85.000000
1000 10848 85.000000
1000 10902 85.000000
1000 10921 85.000000
1000 10951 85.000000
1012 1013 85.000000
1012 1033 85.000000
1013 1014 85.000000
1014 1015 85.000000
1015 1016 85.000000
1031 1032 85.000000
1032 1033 85.000000
517 518 84.000000
518 519 84.000000
519 520 84.000000
520 521 84.000000
735 757 84.000000
1000 10703 83.000000
1001 10330 83.000000
1001 10752 83.000000
31 53 82.000000
352 373 82.000000
369 370 82.000000
370 371 82.000000
371 372 82.000000
372 373 82.000000
691 713 82.000000
1025 10910 82.000000
1435 1457 82.000000
123 145 81.000000
826 848 81.000000
481 503 80.000000
1002 10950 80.000000
1025 10857 80.000000
550 551 79.000000
1001 10554 79.000000
159 181 77.000000
168 190 77.000000
572 593 77.000000
590 591 77.000000
591 592 77.000000
592 593 77.000000
1001 10979 77.000000
101 102 76.000000
102 103 76.000000
103 104 76.000000
104 105 76.000000
105 106 76.000000
566 567 76.000000
567 568 76.000000
990 991 76.000000
991 992 76.000000
992 993 76.000000
993 994 76.000000
1009 1010 76.000000
1010 1011 76.000000
565 566 75.000000
1100 1101 75.000000
1100 1121 75.000000
1101 1102 75.000000
1119 1120 75.000000
1120 1121 75.000000
346 347 74.000000
1067 10689 74.000000
1277 1278 74.000000
172 194 73.000000
1067 10850 73.000000
1191 1213 73.000000
1001 10922 72.000000
1024 10964 72.000000
1066 10745 72.000000
1067 10796 72.000000
1044 10946 71.000000
1044 10949 71.000000
1126 1148 71.000000
342 364 70.000000
376 377 70.000000
377 378 70.000000
378 379 70.000000
379 380 70.000000
380 381 70.000000
381 382 70.000000
382 383 70.000000
383 384 70.000000
779 801 70.000000
1001 10421 70.000000
1044 10811 70.000000
1044 10955 70.000000
1045 1067 70.000000
1045 10487 70.000000
1045 10618 70.000000
1239 1261 70.000000
550 571 69.000000
568 569 69.000000
569 570 69.000000
570 571 69.000000
1004 10715 69.000000
1034 1035 69.000000
1035 1036 69.000000
1036 1037 69.000000
1037 1038 69.000000
1045 10627 69.000000
1059 1060 69.000000
1090 1112 69.000000
182 204 68.000000
459 481 68.000000
521 522 68.000000
522 523 68.000000
523 524 68.000000
804 826 68.000000
1018 10183 68.000000
572 573 67.000000
573 574 67.000000
574 575 67.000000
575 576 67.000000
576 577 67.000000
577 578 67.000000
578 579 67.000000
579 580 67.000000
756 778 67.000000
1067 1089 67.000000
538 539 66.000000
1002 10253 66.000000
1034 1055 66.000000
1053 1054 66.000000
1054 1055 66.000000
352 353 65.000000
353 354 65.000000
508 509 65.000000
672 694 65.000000
1026 10956 65.000000
870 892 64.000000
1002 1024 64.000000
1002 10040 64.000000
1202 1203 64.000000
1350 1372 64.000000
260 282 63.000000
515 516 63.000000
1026 10432 63.000000
1263 1285 63.000000
212 234 62.000000
629 651 62.000000
698 699 62.000000
1026 10948 62.000000
1046 10985 62.000000
1047 10696 62.000000
1139 1140 62.000000
784 806 61.000000
10 10767 60.000000
10 10826 60.000000
206 228 60.000000
617 618 60.000000
1066 10703 60.000000
1066 10816 60.000000
1125 1147 60.000000
516 517 59.000000
1004 10163 59.000000
106 107 58.000000
216 238 58.000000
1026 10782 58.000000
1066 10810 58.000000
1066 10841 58.000000
129 151 57.000000
354 376 57.000000
356 357 57.000000
543 544 57.000000
677 699 57.000000
1392 1414 57.000000
1419 1420 57.000000
1436 1458 57.000000
253 275 56.000000
340 341 56.000000
456 457 56.000000
457 458 56.000000
458 459 56.000000
1065 1087 56.000000
150 151 55.000000
231 253 55.000000
1004 10215 55.000000
10 10963 54.000000
530 531 54.000000
660 681 54.000000
677 678 54.000000
678 679 54.000000
679 680 54.000000
680 681 54.000000
1025 10435 54.000000
1190 1212 54.000000
1245 1267 54.000000
690 712 53.000000
739 761 53.000000
741 763 53.000000
761 783 53.000000
1022 10484 53.000000
1044 10529 53.000000
1127 1149 53.000000
1166 1167 53.000000
1166 1187 53.000000
1184 1185 53.000000
1185 1186 53.000000
1186 1187 53.000000
211 233 52.000000
544 545 52.000000
1017 10406 52.000000
1111 1133 52.000000
408 409 51.000000
585 607 51.000000
717 739 51.000000
934 956 51.000000
1004 10188 51.000000
1004 10240 51.000000
1004 10303 51.000000
1004 10337 51.000000
1004 10346 51.000000
1004 10428 51.000000
1004 10438 51.000000
1004 10776 51.000000
1004 10864 51.000000
1004 10968 51.000000
1004 10970 51.000000
1017 10852 51.000000
1023 10493 51.000000
1023 10694 51.000000
1026 10663 51.000000
1026 10920 51.000000
1043 1065 51.000000
1550 1551 51.000000
1551 1552 51.000000
1552 1553 51.000000
1553 1554 51.000000
210 232 50.000000
1052 1053 50.000000
1434 1456 50.000000
1542 1543 50.000000
580 602 49.000000
660 661 49.000000
661 662 49.000000
916 938 49.000000
1004 1026 49.000000
1026 10976 49.000000
1146 1168 49.000000
1284 1306 49.000000
545 546 48.000000
695 717 48.000000
894 916 48.000000
1004 10489 48.000000
1018 10898 48.000000
1090 10977 48.000000
1140 1141 48.000000
1192 1214 48.000000
1521 1543 48.000000
1067 10752 47.000000
308 309 46.000000
308 329 46.000000
309 310 46.000000
325 326 46.000000
326 327 46.000000
327 328 46.000000
328 329 46.000000
871 872 46.000000
902 903 46.000000
902 923 46.000000
903 904 46.000000
904 905 46.000000
905 906 46.000000
906 907 46.000000
920 921 46.000000
921 922 46.000000
922 923 46.000000
1000 10114 46.000000
1067 10982 46.000000
1122 1123 46.000000
1122 1143 46.000000
1123 1124 46.000000
1141 1142 46.000000
1142 1143 46.000000
137 159 45.000000
1018 10186 45.000000
1066 10969 45.000000
1372 1394 45.000000
1522 1544 44.000000
1002 10393 43.000000
1002 10971 43.000000
1417 1439 43.000000
310 311 42.000000
311 312 42.000000
1017 10286 42.000000
1078 1079 42.000000
1078 1099 42.000000
1079 1080 42.000000
1080 1081 42.000000
1096 1097 42.000000
1097 1098 42.000000
1098 1099 42.000000
1199 1221 42.000000
711 712 41.000000
762 784 41.000000
783 805 41.000000
1022 10808 41.000000
1022 10877 41.000000
1045 10953 41.000000
1102 1124 41.000000
1328 1350 41.000000
1332 1354 41.000000
232 254 40.000000
462 463 40.000000
495 496 40.000000
662 663 40.000000
663 664 40.000000
664 665 40.000000
665 666 40.000000
666 667 40.000000
667 668 40.000000
748 749 40.000000
748 769 40.000000
764 765 40.000000
765 766 40.000000
766 767 40.000000
767 768 40.000000
768 769 40.000000
973 974 40.000000
1002 10260 40.000000
1026 10269 40.000000
1026 10510 40.000000
1026 10862 40.000000
1394 1416 40.000000
101 123 39.000000
180 202 39.000000
384 385 39.000000
559 560 39.000000
1003 10301 39.000000
1072 10846 39.000000
1131 1153 39.000000
1004 10687 38.000000
1026 10940 38.000000
1090 10985 38.000000
1303 1325 38.000000
1347 1369 38.000000
1507 1508 38.000000
1508 1509 38.000000
1509 1510 38.000000
1510 1532 38.000000
280 302 37.000000
302 324 37.000000
408 430 37.000000
913 935 37.000000
1000 1022 37.000000
1023 10627 37.000000
1026 10349 37.000000
1026 10387 37.000000
1026 10475 37.000000
1026 10730 37.000000
1026 10769 37.000000
1049 10678 37.000000
1102 1103 37.000000
1528 1529 37.000000
1529 1530 37.000000
1530 1531 37.000000
1531 1532 37.000000
107 129 36.000000
484 505 36.000000
503 504 36.000000
504 505 36.000000
960 982 36.000000
1026 10346 36.000000
1026 10428 36.000000
1026 10586 36.000000
1026 10837 36.000000
385 386 35.000000
1022 10509 35.000000
1022 10603 35.000000
1026 10972 35.000000
1091 10947 35.000000
556 557 34.000000
557 558 34.000000
558 559 34.000000
778 800 34.000000
785 807 34.000000
1009 1031 34.000000
1047 10486 34.000000
1047 10879 34.000000
1087 10965 34.000000
1196 1218 34.000000
333 334 33.000000
347 369 33.000000
763 785 33.000000
957 979 33.000000
1004 10663 33.000000
1004 10920 33.000000
1022 10225 33.000000
1022 10331 33.000000
1022 10810 33.000000
1022 10841 33.000000
1022 10883 33.000000
1026 10351 33.000000
1087 10877 33.000000
75 76 32.000000
76 77 32.000000
77 78 32.000000
78 79 32.000000
79 80 32.000000
80 81 32.000000
81 82 32.000000
82 83 32.000000
83 84 32.000000
150 172 32.000000
1004 10269 32.000000
1023 10752 32.000000
1047 10733 32.000000
1061 10711 32.000000
10 10794 31.000000
84 85 31.000000
258 280 31.000000
653 675 31.000000
1021 1043 31.000000
1022 10256 31.000000
1022 10380 31.000000
1022 10450 31.000000
1022 10476 31.000000
1022 10505 31.000000
1022 10506 31.000000
1022 10703 31.000000
1022 10775 31.000000
1022 10783 31.000000
1022 10816 31.000000
1022 10848 31.000000
1022 10902 31.000000
1022 10921 31.000000
1022 10951 31.000000
1022 10969 31.000000
1026 10414 31.000000
1047 10532 31.000000
1060 10635 31.000000
1087 10934 31.000000
1124 1146 31.000000
1478 1500 31.000000
162 184 30.000000
551 552 30.000000
609 631 30.000000
864 886 30.000000
1000 10270 30.000000
1001 1023 30.000000
1023 10330 30.000000
1023 10529 30.000000
1023 10665 30.000000
1048 1070 30.000000
1096 1118 30.000000
1437 1459 30.000000
915 937 29.000000
1003 10824 29.000000
1004 10510 29.000000
1004 10586 29.000000
1004 10837 29.000000
1004 10862 29.000000
1017 10835 29.000000
1017 10944 29.000000
1047 10593 29.000000
1047 10619 29.000000
1060 10856 29.000000
1070 10947 29.000000
1175 1197 29.000000
509 531 28.000000
537 538 28.000000
850 851 28.000000
939 961 28.000000
961 983 28.000000
594 616 27.000000
638 639 27.000000
1000 10681 27.000000
1042 1064 27.000000
1527 1528 27.000000
462 484 26.000000
697 719 26.000000
1002 10143 26.000000
1026 10868 26.000000
1397 1398 26.000000
238 260 25.000000
1003 10435 25.000000
1070 10863 25.000000
10 1572 24.000000
800 822 24.000000
873 895 24.000000
960 961 24.000000
1004 10175 24.000000
1004 10193 24.000000
1004 10383 24.000000
1004 10871 24.000000
1024 10669 24.000000
1135 1157 24.000000
1283 1305 24.000000
171 193 23.000000
749 750 23.000000
750 751 23.000000
751 752 23.000000
752 753 23.000000
753 754 23.000000
754 755 23.000000
1004 10182 23.000000
1004 10202 23.000000
1004 10453 23.000000
1069 10717 23.000000
1089 10953 23.000000
1276 1277 23.000000
1276 1297 23.000000
1289 1290 23.000000
1290 1291 23.000000
1291 1292 23.000000
1292 1293 23.000000
1293 1294 23.000000
1294 1295 23.000000
1295 1296 23.000000
1296 1297 23.000000
1391 1413 23.000000
1395 1417 23.000000
412 413 22.000000
413 414 22.000000
414 415 22.000000
638 659 22.000000
648 670 22.000000
655 656 22.000000
656 657 22.000000
657 658 22.000000
658 659 22.000000
734 756 22.000000
1000 10277 22.000000
1000 10280 22.000000
1000 10659 22.000000
1000 10745 22.000000
1147 1169 22.000000
72 94 21.000000
321 343 21.000000
521 543 21.000000
851 873 21.000000
1026 10733 21.000000
1069 10730 21.000000
1103 1125 21.000000
1141 1163 21.000000
1416 1438 21.000000
1004 10500 20.000000
1017 1039 20.000000
1044 1066 20.000000
1049 10561 20.000000
1066 10946 20.000000
1069 10868 20.000000
1069 10894 20.000000
1212 1234 20.000000
1481 1503 20.000000
54 55 19.000000
55 56 19.000000
56 57 19.000000
57 58 19.000000
58 59 19.000000
59 60 19.000000
60 61 19.000000
61 62 19.000000
62 63 19.000000
66 88 19.000000
298 320 19.000000
330 352 19.000000
354 355 19.000000
355 356 19.000000
452 453 19.000000
453 454 19.000000
454 455 19.000000
640 662 19.000000
828 850 19.000000
1050 10643 19.000000
1069 10879 19.000000
1069 10972 19.000000
1070 10818 19.000000
1070 10924 19.000000
1119 1141 19.000000
1233 1234 19.000000
53 54 18.000000
225 247 18.000000
552 553 18.000000
553 554 18.000000
554 555 18.000000
555 556 18.000000
580 581 18.000000
939 940 18.000000
1004 10782 18.000000
1004 10948 18.000000
1004 10976 18.000000
1039 10711 18.000000
1069 10763 18.000000
1069 10895 18.000000
1069 10977 18.000000
1070 10740 18.000000
1151 1173 18.000000
325 347 17.000000
494 495 17.000000
618 640 17.000000
940 962 17.000000
962 984 17.000000
1004 10733 17.000000
1023 10446 17.000000
1059 1081 17.000000
1180 1202 17.000000
122 144 16.000000
236 258 16.000000
546 568 16.000000
611 633 16.000000
1000 10721 16.000000
1046 10613 16.000000
1047 10940 16.000000
1053 1075 16.000000
1060 1082 16.000000
1103 1104 16.000000
1153 1175 16.000000
415 437 15.000000
437 459 15.000000
528 529 15.000000
528 549 15.000000
529 530 15.000000
547 548 15.000000
548 549 15.000000
961 962 15.000000
962 963 15.000000
963 964 15.000000
1232 1233 15.000000
1232 1253 15.000000
1250 1251 15.000000
1251 1252 15.000000
1252 1253 15.000000
1525 1547 15.000000
124 146 14.000000
194 216 14.000000
226 248 14.000000
242 264 14.000000
374 395 14.000000
390 391 14.000000
391 392 14.000000
392 393 14.000000
393 394 14.000000
394 395 14.000000
462 483 14.000000
477 499 14.000000
481 482 14.000000
482 483 14.000000
534 556 14.000000
542 564 14.000000
1002 10669 14.000000
1023 10542 14.000000
1023 10554 14.000000
1038 10835 14.000000
1038 10852 14.000000
1047 10730 14.000000
1047 10868 14.000000
1104 1105 14.000000
1152 1174 14.000000
1457 1479 14.000000
607 629 13.000000
959 981 13.000000
1001 10446 13.000000
1001 10542 13.000000
1001 10627 13.000000
1003 10265 13.000000
1003 10910 13.000000
1022 10357 13.000000
1022 10369 13.000000
1022 10811 13.000000
1022 10946 13.000000
1022 10949 13.000000
1022 10955 13.000000
1039 10898 13.000000
1081 10856 13.000000
1133 1155 13.000000
1148 1170 13.000000
1222 1244 13.000000
1520 1521 13.000000
1520 1542 13.000000
374 375 12.000000
375 376 12.000000
1047 10972 12.000000
1066 10949 12.000000
1071 10995 12.000000
1500 1522 12.000000
1501 1523 12.000000
455 477 11.000000
876 898 11.000000
956 978 11.000000
1000 10331 11.000000
1000 10357 11.000000
1000 10369 11.000000
1000 10811 11.000000
1000 10946 11.000000
1000 10949 11.000000
1000 10955 11.000000
1017 10207 11.000000
1017 10999 11.000000
1043 10816 11.000000
1043 10934 11.000000
1044 10493 11.000000
1044 10665 11.000000
1044 10694 11.000000
1044 10752 11.000000
1045 10796 11.000000
1045 10979 11.000000
1066 10721 11.000000
1066 10811 11.000000
1066 10955 11.000000
1088 10901 11.000000
1523 1545 11.000000
75 97 10.000000
170 192 10.000000
300 322 10.000000
420 421 10.000000
421 422 10.000000
422 423 10.000000
423 424 10.000000
424 425 10.000000
425 426 10.000000
426 427 10.000000
427 428 10.000000
484 485 10.000000
485 486 10.000000
550 572 10.000000
603 625 10.000000
624 646 10.000000
825 847 10.000000
854 876 10.000000
907 908 10.000000
946 947 10.000000
946 967 10.000000
947 948 10.000000
948 949 10.000000
949 950 10.000000
950 951 10.000000
965 966 10.000000
966 967 10.000000
1003 10857 10.000000
1006 1028 10.000000
1017 10234 10.000000
1038 10944 10.000000
1065 10842 10.000000
1066 10821 10.000000
1092 10997 10.000000
1104 1126 10.000000
1112 1134 10.000000
682 683 9.000000
682 703 9.000000
699 700 9.000000
700 701 9.000000
701 702 9.000000
702 703 9.000000
806 828 9.000000
912 934 9.000000
964 965 9.000000
1001 10529 9.000000
1001 10665 9.000000
1047 10475 9.000000
1061 10932 9.000000
1087 10883 9.000000
1088 10982 9.000000
455 456 8.000000
546 547 8.000000
565 587 8.000000
742 764 8.000000
890 912 8.000000
1000 10256 8.000000
1000 10969 8.000000
1017 10391 8.000000
1017 10590 8.000000
1043 10450 8.000000
1043 10476 8.000000
1043 10505 8.000000
1043 10506 8.000000
1043 10703 8.000000
1043 10775 8.000000
1043 10783 8.000000
1043 10848 8.000000
1043 10902 8.000000
1043 10921 8.000000
1043 10951 8.000000
1043 10969 8.000000
1091 10924 8.000000
1092 10995 8.000000
1459 1481 8.000000
1484 1485 8.000000
2 24 7.000000
100 122 7.000000
115 137 7.000000
332 354 7.000000
396 397 7.000000
396 417 7.000000
397 398 7.000000
415 416 7.000000
416 417 7.000000
851 852 7.000000
852 853 7.000000
853 854 7.000000
974 996 7.000000
1017 10449 7.000000
1043 10484 7.000000
181 203 6.000000
566 588 6.000000
568 590 6.000000
720 742 6.000000
872 894 6.000000
1044 10681 6.000000
1044 10821 6.000000
1046 1068 6.000000
1061 10731 6.000000
1072 10927 6.000000
1087 10955 6.000000
1108 1130 6.000000
1456 1478 6.000000
10 11 5.000000
119 141 5.000000
544 566 5.000000
638 660 5.000000
668 690 5.000000
675 697 5.000000
719 741 5.000000
726 727 5.000000
726 747 5.000000
733 755 5.000000
742 743 5.000000
743 744 5.000000
744 745 5.000000
745 746 5.000000
746 747 5.000000
799 821 5.000000
968 969 5.000000
968 989 5.000000
969 970 5.000000
970 971 5.000000
971 972 5.000000
987 988 5.000000
988 989 5.000000
1028 10561 5.000000
1067 10979 5.000000
1087 10946 5.000000
1087 10949 5.000000
63 85 4.000000
167 189 4.000000
310 332 4.000000
545 567 4.000000
567 589 4.000000
610 632 4.000000
673 695 4.000000
711 733 4.000000
712 734 4.000000
872 873 4.000000
1028 10431 4.000000
1039 10411 4.000000
1043 10568 4.000000
1043 10575 4.000000
1043 10640 4.000000
1043 10664 4.000000
1043 10718 4.000000
1043 10788 4.000000
1043 10831 4.000000
1043 10842 4.000000
1043 10965 4.000000
1044 10659 4.000000
1082 1104 4.000000
1254 1255 4.000000
1254 1275 4.000000
1267 1268 4.000000
1268 1269 4.000000
1269 1270 4.000000
1270 1271 4.000000
1271 1272 4.000000
1272 1273 4.000000
1273 1274 4.000000
1274 1275 4.000000
1502 1524 4.000000
1524 1546 4.000000
1548 1570 4.000000
11 12 3.000000
12 1574 3.000000
440 441 3.000000
440 461 3.000000
441 442 3.000000
442 464 3.000000
459 460 3.000000
460 461 3.000000
464 486 3.000000
508 530 3.000000
655 677 3.000000
755 777 3.000000
832 854 3.000000
972 973 3.000000
1034 1056 3.000000
1058 1080 3.000000
1066 10681 3.000000
1080 1102 3.000000
1087 10902 3.000000
1087 10921 3.000000
1087 10951 3.000000
1087 10969 3.000000
1193 1215 3.000000
1197 1219 3.000000
1215 1237 3.000000
1282 1304 3.000000
1393 1415 3.000000
1438 1460 3.000000
11 1573 2.000000
158 180 2.000000
198 220 2.000000
352 374 2.000000
477 478 2.000000
478 479 2.000000
479 480 2.000000
480 481 2.000000
486 487 2.000000
487 488 2.000000
488 489 2.000000
489 490 2.000000
490 491 2.000000
491 492 2.000000
492 493 2.000000
493 494 2.000000
530 552 2.000000
807 808 2.000000
808 809 2.000000
809 810 2.000000
810 832 2.000000
965 987 2.000000
972 994 2.000000
1044 10721 2.000000
1065 10664 2.000000
1065 10718 2.000000
1065 10788 2.000000
1065 10831 2.000000
1065 10965 2.000000
1074 1096 2.000000
1091 1113 2.000000
1137 1159 2.000000
1168 1190 2.000000
386 408 1.000000
398 399 1.000000
399 400 1.000000
400 401 1.000000
401 402 1.000000
402 403 1.000000
403 404 1.000000
404 405 1.000000
405 406 1.000000
406 407 1.000000
473 474 1.000000
474 475 1.000000
475 476 1.000000
476 477 1.000000
506 507 1.000000
506 527 1.000000
507 508 1.000000
524 525 1.000000
525 526 1.000000
526 527 1.000000
560 582 1.000000
602 624 1.000000
625 647 1.000000
639 640 1.000000
640 641 1.000000
641 642 1.000000
642 643 1.000000
643 644 1.000000
644 645 1.000000
645 646 1.000000
740 762 1.000000
820 842 1.000000
829 830 1.000000
830 831 1.000000
831 832 1.000000
873 874 1.000000
874 875 1.000000
875 876 1.000000
940 941 1.000000
941 942 1.000000
942 943 1.000000
943 965 1.000000
973 995 1.000000
1039 10474 1.000000
1049 1071 1.000000
1050 1072 1.000000
1150 1172 1.000000
1172 1194 1.000000
