1194 1195 19040.000000
223 224 17017.000000
224 225 17017.000000
225 226 17017.000000
222 223 14934.000000
1193 1194 14502.000000
226 227 14429.000000
1019 1020 12903.000000
1195 1196 12510.000000
1238 1239 11626.000000
1216 1217 11444.000000
1237 1238 10753.000000
1192 1193 10408.000000
883 884 10208.000000
884 885 10208.000000
1018 1019 10081.000000
975 976 10064.000000
1236 1237 9892.000000
89 90 9740.000000
179 180 9596.000000
180 181 9596.000000
181 182 9596.000000
182 183 9589.000000
1364 1365 9543.000000
1172 1173 9538.000000
133 134 9315.000000
1040 1041 9038.000000
1235 1236 9024.000000
1063 1064 9004.000000
1365 1366 8861.000000
1366 1367 8687.000000
1062 1063 8506.000000
132 133 8257.000000
1254 1255 8214.000000
974 975 8124.000000
1214 1215 8101.000000
1215 1216 7886.000000
266 267 7807.000000
267 268 7807.000000
268 269 7807.000000
269 270 7807.000000
1254 1275 7724.000000
1274 1275 7724.000000
271 272 7706.000000
1017 1018 7657.000000
976 977 7637.000000
178 179 7533.000000
886 887 7420.000000
1255 1256 7308.000000
1 2 7289.000000
0 1 7284.000000
1367 1368 7165.000000
885 886 7116.000000
1368 1369 7079.000000
227 228 7064.000000
882 883 6926.000000
0 21 6886.000000
199 200 6821.000000
1234 1235 6807.000000
1191 1192 6730.000000
1259 1260 6726.000000
1232 1253 6691.000000
1039 1040 6689.000000
839 840 6646.000000
840 841 6646.000000
1232 1233 6635.000000
841 842 6616.000000
221 222 6434.000000
1064 1065 6410.000000
1233 1234 6396.000000
1151 1152 6365.000000
2 3 6354.000000
1107 1108 6179.000000
881 882 6167.000000
244 245 6149.000000
245 246 6149.000000
246 247 6149.000000
247 248 6149.000000
1061 1062 6080.000000
1280 1281 5985.000000
1171 1172 5954.000000
973 974 5889.000000
1038 1039 5874.000000
1281 1282 5858.000000
1282 1283 5753.000000
1258 1259 5700.000000
1150 1151 5675.000000
1213 1214 5653.000000
200 201 5639.000000
201 202 5639.000000
202 203 5639.000000
203 204 5639.000000
204 205 5637.000000
1149 1150 5607.000000
1256 1257 5607.000000
1273 1274 5596.000000
272 273 5593.000000
270 271 5539.000000
1257 1258 5470.000000
1170 1171 5462.000000
45 46 5418.000000
1260 1261 5315.000000
1369 1370 5284.000000
183 184 4923.000000
20 21 4895.000000
1195 1217 4845.000000
315 316 4817.000000
1430 1431 4759.000000
931 932 4701.000000
1173 1174 4687.000000
904 905 4637.000000
905 906 4637.000000
906 907 4637.000000
310 311 4631.000000
311 312 4631.000000
312 313 4631.000000
313 314 4631.000000
1432 1433 4522.000000
1303 1304 4466.000000
1169 1170 4462.000000
1148 1149 4402.000000
668 669 4401.000000
1279 1280 4401.000000
67 68 4390.000000
1430 1451 4362.000000
46 47 4336.000000
860 861 4313.000000
861 862 4313.000000
862 863 4313.000000
358 359 4271.000000
1041 1042 4252.000000
228 229 4241.000000
930 931 4239.000000
817 818 4212.000000
818 819 4212.000000
796 797 4203.000000
797 798 4203.000000
996 997 4176.000000
1106 1107 4158.000000
1298 1299 4137.000000
1252 1253 4116.000000
314 315 4114.000000
243 244 4090.000000
952 953 4086.000000
951 952 3978.000000
997 998 3978.000000
1108 1109 3957.000000
110 111 3895.000000
265 266 3883.000000
1065 1066 3881.000000
1190 1191 3878.000000
273 274 3864.000000
1302 1303 3859.000000
1056 1057 3852.000000
1057 1058 3852.000000
1058 1059 3851.000000
1059 1060 3848.000000
1475 1476 3792.000000
1020 1021 3769.000000
795 796 3765.000000
1431 1432 3732.000000
205 206 3684.000000
1342 1343 3681.000000
1104 1105 3629.000000
133 155 3623.000000
1013 1014 3598.000000
1014 1015 3598.000000
1015 1016 3598.000000
838 839 3581.000000
794 795 3546.000000
242 263 3522.000000
1454 1455 3514.000000
177 178 3491.000000
111 112 3455.000000
1299 1300 3444.000000
842 843 3425.000000
88 89 3422.000000
248 249 3419.000000
1021 1022 3397.000000
1433 1434 3334.000000
1320 1321 3318.000000
1321 1322 3318.000000
1105 1106 3312.000000
1301 1302 3288.000000
665 666 3253.000000
666 667 3253.000000
667 668 3214.000000
1060 1061 3205.000000
1343 1344 3197.000000
198 199 3195.000000
1386 1387 3176.000000
1127 1128 3141.000000
1188 1209 3120.000000
750 751 3119.000000
1188 1189 3119.000000
1189 1190 3118.000000
1345 1346 3113.000000
995 996 3105.000000
90 91 3086.000000
1318 1319 3081.000000
1296 1297 3064.000000
249 250 3010.000000
1344 1345 2993.000000
1212 1213 2978.000000
953 954 2933.000000
1346 1347 2916.000000
1083 1084 2915.000000
1276 1297 2910.000000
1278 1279 2905.000000
44 65 2886.000000
1082 1083 2884.000000
947 948 2862.000000
948 949 2862.000000
949 950 2862.000000
1387 1388 2829.000000
1300 1301 2823.000000
134 135 2803.000000
1497 1498 2802.000000
887 888 2796.000000
970 971 2791.000000
971 972 2791.000000
3 4 2768.000000
864 865 2767.000000
1347 1348 2754.000000
926 927 2741.000000
927 928 2741.000000
928 929 2741.000000
932 933 2723.000000
972 973 2717.000000
1085 1086 2712.000000
1322 1323 2704.000000
316 317 2676.000000
816 817 2674.000000
288 289 2672.000000
289 290 2672.000000
290 291 2672.000000
291 292 2672.000000
933 955 2651.000000
1277 1278 2646.000000
689 690 2632.000000
859 860 2619.000000
1063 10669 2600.000000
1339 1340 2599.000000
1340 1341 2599.000000
226 248 2597.000000
1540 1541 2581.000000
1016 1017 2549.000000
1276 1277 2545.000000
134 156 2537.000000
1298 1319 2533.000000
274 275 2519.000000
1128 1129 2517.000000
1196 1197 2515.000000
929 930 2504.000000
1084 1085 2500.000000
1519 1520 2498.000000
64 65 2490.000000
1541 1542 2462.000000
625 626 2434.000000
1208 1209 2424.000000
843 844 2420.000000
1388 1389 2420.000000
1518 1519 2418.000000
44 45 2405.000000
1012 1013 2404.000000
954 955 2400.000000
1320 1341 2400.000000
1498 1499 2400.000000
1042 1043 2375.000000
292 293 2368.000000
220 221 2351.000000
1496 1497 2342.000000
903 904 2340.000000
1496 1517 2323.000000
1108 1130 2316.000000
837 838 2311.000000
908 909 2309.000000
1324 1325 2306.000000
1109 1110 2305.000000
1325 1326 2305.000000
1239 1240 2270.000000
108 109 2258.000000
690 691 2242.000000
315 337 2241.000000
1323 1324 2240.000000
184 206 2234.000000
229 230 2199.000000
242 243 2188.000000
1317 1318 2152.000000
264 285 2129.000000
969 970 2113.000000
907 908 2102.000000
733 734 2088.000000
1168 1169 2084.000000
264 265 2079.000000
819 820 2036.000000
68 69 2023.000000
156 157 2022.000000
1210 1211 2011.000000
1086 1087 2010.000000
1474 1475 2001.000000
1453 1454 2000.000000
1034 1035 1999.000000
1035 1036 1999.000000
1036 1037 1999.000000
1210 1231 1992.000000
1499 1500 1983.000000
155 156 1959.000000
157 158 1959.000000
158 159 1959.000000
159 160 1959.000000
160 161 1959.000000
1211 1212 1959.000000
308 309 1958.000000
669 670 1939.000000
293 294 1920.000000
1020 1042 1904.000000
286 307 1900.000000
1126 1127 1898.000000
950 951 1885.000000
1452 1453 1876.000000
752 753 1843.000000
753 754 1843.000000
1043 1044 1824.000000
865 866 1815.000000
798 799 1790.000000
799 800 1785.000000
1295 1296 1782.000000
1129 1130 1768.000000
1342 1364 1745.000000
1452 1473 1743.000000
751 752 1724.000000
1540 1561 1722.000000
230 231 1709.000000
1434 1435 1701.000000
1251 1252 1700.000000
275 276 1687.000000
107 108 1672.000000
184 185 1662.000000
1037 1038 1657.000000
294 295 1656.000000
946 947 1650.000000
1100 1101 1650.000000
1101 1102 1650.000000
800 801 1649.000000
707 708 1643.000000
250 251 1630.000000
976 998 1626.000000
1152 1174 1626.000000
815 816 1624.000000
308 329 1614.000000
1147 1148 1612.000000
863 864 1601.000000
1390 1391 1595.000000
1386 1407 1588.000000
1389 1390 1576.000000
231 232 1574.000000
445 446 1571.000000
309 310 1570.000000
1476 1477 1570.000000
1408 1409 1562.000000
402 403 1543.000000
1022 1023 1540.000000
1230 1231 1540.000000
273 295 1539.000000
340 341 1534.000000
691 692 1520.000000
339 340 1517.000000
1174 1175 1516.000000
1 10189 1502.000000
1239 1261 1500.000000
360 361 1496.000000
1017 10225 1495.000000
621 622 1488.000000
622 623 1488.000000
623 624 1488.000000
624 625 1483.000000
734 735 1469.000000
1166 1167 1451.000000
1166 1187 1451.000000
1167 1168 1451.000000
63 64 1425.000000
286 287 1408.000000
66 67 1400.000000
1520 1521 1392.000000
925 926 1389.000000
1474 1495 1385.000000
251 252 1375.000000
1409 1410 1374.000000
252 253 1372.000000
207 208 1338.000000
206 207 1325.000000
112 134 1314.000000
19 20 1302.000000
626 627 1300.000000
1518 1539 1288.000000
821 822 1282.000000
359 360 1281.000000
1144 1145 1277.000000
1144 1165 1277.000000
1145 1146 1277.000000
155 177 1261.000000
1019 10190 1260.000000
599 600 1246.000000
600 601 1246.000000
601 602 1246.000000
1034 1055 1246.000000
1102 1103 1245.000000
1391 1392 1235.000000
401 402 1229.000000
820 821 1224.000000
773 774 1213.000000
774 775 1213.000000
775 776 1213.000000
1 23 1202.000000
1019 10925 1196.000000
154 155 1193.000000
735 736 1190.000000
167 168 1189.000000
168 169 1189.000000
169 170 1189.000000
170 171 1189.000000
171 172 1189.000000
172 173 1189.000000
173 174 1189.000000
174 175 1189.000000
756 757 1186.000000
686 687 1184.000000
687 688 1184.000000
688 689 1184.000000
1146 1147 1182.000000
844 845 1165.000000
1041 10938 1159.000000
1152 1153 1157.000000
754 755 1156.000000
41 42 1153.000000
1038 10407 1153.000000
887 909 1147.000000
338 339 1144.000000
0 10569 1143.000000
1103 1104 1143.000000
843 865 1134.000000
1326 1327 1127.000000
991 992 1123.000000
992 993 1123.000000
993 994 1123.000000
185 186 1122.000000
22 43 1116.000000
156 178 1111.000000
757 758 1103.000000
1229 1230 1094.000000
602 603 1092.000000
932 954 1069.000000
1078 1079 1066.000000
1078 1099 1066.000000
1079 1080 1066.000000
1080 1081 1063.000000
183 205 1062.000000
755 756 1054.000000
1087 1088 1053.000000
730 731 1050.000000
731 732 1050.000000
711 712 1047.000000
712 713 1047.000000
708 709 1044.000000
709 710 1044.000000
710 711 1044.000000
646 647 1042.000000
1125 1126 1038.000000
220 241 1019.000000
1066 1067 1018.000000
664 665 1016.000000
670 671 1013.000000
990 991 1003.000000
331 332 980.000000
332 333 980.000000
333 334 980.000000
334 335 980.000000
713 714 966.000000
1 10364 959.000000
208 209 952.000000
359 381 952.000000
801 802 949.000000
1056 1077 949.000000
287 288 945.000000
1455 1456 944.000000
42 43 933.000000
337 338 930.000000
317 339 923.000000
361 362 919.000000
627 628 915.000000
1164 1165 912.000000
209 210 908.000000
1130 1131 907.000000
1477 1478 897.000000
47 48 874.000000
684 685 870.000000
1019 10613 869.000000
647 648 863.000000
578 579 856.000000
579 580 856.000000
580 581 856.000000
732 733 853.000000
176 177 851.000000
1207 1208 851.000000
994 995 839.000000
263 285 835.000000
1186 1187 830.000000
46 68 812.000000
111 133 805.000000
45 67 798.000000
685 686 796.000000
271 293 795.000000
1040 10421 794.000000
1018 10493 792.000000
968 969 789.000000
286 308 784.000000
692 693 775.000000
1083 10953 770.000000
1582 1583 762.000000
317 318 758.000000
1022 1044 757.000000
975 997 755.000000
335 336 747.000000
403 404 746.000000
229 251 744.000000
112 113 743.000000
1316 1317 736.000000
176 197 733.000000
336 337 733.000000
1185 1186 732.000000
858 859 731.000000
1521 1522 731.000000
909 910 729.000000
1500 1501 726.000000
604 605 723.000000
198 219 722.000000
318 319 722.000000
1410 1411 722.000000
22 23 721.000000
272 294 721.000000
199 221 717.000000
233 234 711.000000
234 235 711.000000
235 236 711.000000
236 237 711.000000
237 238 711.000000
238 239 711.000000
239 240 711.000000
240 241 703.000000
605 606 700.000000
1023 1024 700.000000
228 250 698.000000
1542 1543 697.000000
135 136 692.000000
136 137 692.000000
137 138 692.000000
138 139 692.000000
603 604 691.000000
822 823 691.000000
362 363 687.000000
754 776 687.000000
777 778 687.000000
1218 1219 680.000000
1217 1218 679.000000
620 621 674.000000
298 299 657.000000
299 300 657.000000
300 301 657.000000
301 302 657.000000
302 303 657.000000
303 304 657.000000
304 305 657.000000
305 306 657.000000
859 881 657.000000
1019 10964 655.000000
1111 1112 654.000000
307 329 640.000000
902 903 637.000000
1153 1154 635.000000
186 187 631.000000
1272 1273 628.000000
648 649 625.000000
128 129 623.000000
129 130 623.000000
130 131 623.000000
253 254 621.000000
189 190 612.000000
190 191 612.000000
191 192 612.000000
192 193 612.000000
193 194 612.000000
194 195 612.000000
195 196 612.000000
196 197 612.000000
1110 1111 612.000000
1304 1305 602.000000
1100 1121 599.000000
1411 1412 594.000000
44 66 588.000000
1017 10249 579.000000
5 6 577.000000
6 7 577.000000
7 8 577.000000
1064 1086 575.000000
151 152 569.000000
152 153 569.000000
1370 1371 569.000000
1456 1457 568.000000
132 153 567.000000
446 447 566.000000
888 910 560.000000
1197 1198 557.000000
1198 1199 557.000000
1199 1200 557.000000
316 338 555.000000
617 618 554.000000
1013 10183 554.000000
79 80 548.000000
80 81 548.000000
81 82 548.000000
82 83 548.000000
83 84 548.000000
1230 1252 548.000000
663 664 547.000000
1131 1132 545.000000
295 296 542.000000
178 200 540.000000
619 620 537.000000
1043 10678 534.000000
1066 1088 527.000000
139 161 524.000000
275 297 523.000000
380 381 521.000000
1132 1133 521.000000
1133 1134 521.000000
296 297 513.000000
423 424 513.000000
729 730 506.000000
1013 10146 503.000000
0 10732 501.000000
670 692 501.000000
1412 1413 501.000000
1175 1176 498.000000
1176 1177 498.000000
1177 1178 498.000000
254 255 497.000000
255 256 497.000000
256 257 497.000000
257 258 497.000000
258 259 497.000000
259 260 497.000000
260 261 497.000000
261 262 497.000000
262 263 495.000000
186 208 491.000000
1040 10979 489.000000
306 307 487.000000
751 773 483.000000
23 24 481.000000
154 175 480.000000
581 582 477.000000
227 249 472.000000
405 406 472.000000
319 320 471.000000
800 822 467.000000
187 188 466.000000
582 583 466.000000
106 107 463.000000
1219 1220 463.000000
1220 1221 463.000000
222 244 462.000000
772 773 462.000000
776 777 458.000000
1151 1173 458.000000
1494 1495 456.000000
1 10605 455.000000
534 535 455.000000
535 536 455.000000
536 537 455.000000
1562 1583 454.000000
1065 1087 453.000000
1231 1253 452.000000
1 10423 450.000000
1112 1134 449.000000
1039 10901 448.000000
1 10366 444.000000
1067 1068 443.000000
1068 1069 443.000000
1081 1082 441.000000
177 199 437.000000
1062 10953 434.000000
1016 10831 432.000000
1022 10431 432.000000
1342 1363 432.000000
1022 10561 431.000000
1338 1339 429.000000
426 427 426.000000
1098 1099 424.000000
404 405 423.000000
755 777 419.000000
776 798 418.000000
931 953 418.000000
1088 1089 415.000000
1089 1090 415.000000
1 10950 412.000000
145 146 409.000000
146 147 409.000000
147 148 409.000000
148 149 409.000000
149 150 409.000000
150 151 409.000000
1102 1124 409.000000
165 166 405.000000
1065 10995 403.000000
714 736 401.000000
294 316 400.000000
381 382 400.000000
381 403 400.000000
924 925 400.000000
626 648 397.000000
1 10789 394.000000
163 164 394.000000
164 165 394.000000
801 823 394.000000
1017 10325 389.000000
241 263 388.000000
778 779 388.000000
1 10246 381.000000
161 162 380.000000
489 490 380.000000
1024 10255 378.000000
1560 1561 376.000000
132 154 375.000000
583 584 375.000000
379 380 374.000000
162 163 372.000000
1105 1127 372.000000
110 131 371.000000
1066 10846 371.000000
1066 10927 369.000000
886 908 368.000000
618 619 367.000000
793 794 367.000000
4 5 366.000000
425 426 362.000000
1413 1414 362.000000
242 264 358.000000
320 321 357.000000
321 322 357.000000
322 323 357.000000
323 324 357.000000
324 325 357.000000
325 326 357.000000
326 327 357.000000
327 328 357.000000
25 26 355.000000
1322 1344 355.000000
671 693 352.000000
758 759 349.000000
1184 1185 349.000000
1037 10407 342.000000
1020 10432 340.000000
1294 1295 340.000000
714 715 334.000000
1178 1179 333.000000
1 10012 332.000000
406 407 331.000000
47 69 328.000000
1495 1517 328.000000
66 88 327.000000
1228 1229 327.000000
1024 1025 326.000000
1478 1479 325.000000
276 298 324.000000
427 428 323.000000
352 353 321.000000
352 373 321.000000
353 354 321.000000
354 355 321.000000
355 356 321.000000
356 357 321.000000
1012 10835 320.000000
1025 1047 320.000000
1018 10982 319.000000
1237 1259 318.000000
1018 10618 317.000000
1 10938 315.000000
1 10045 311.000000
123 124 310.000000
124 125 310.000000
125 126 310.000000
126 127 310.000000
127 128 310.000000
1581 1582 310.000000
1200 1201 309.000000
1432 1454 308.000000
627 649 305.000000
1042 10924 305.000000
1062 10850 303.000000
1451 1473 302.000000
1013 10898 301.000000
1077 10856 297.000000
1012 10852 296.000000
584 606 295.000000
270 292 294.000000
1065 10997 291.000000
362 384 290.000000
1039 10618 290.000000
198 220 289.000000
1056 10711 288.000000
1154 1155 288.000000
1155 1156 288.000000
383 384 287.000000
24 25 286.000000
1062 10689 285.000000
706 707 283.000000
84 85 281.000000
1344 1366 281.000000
154 176 280.000000
598 599 279.000000
736 737 279.000000
798 820 278.000000
1046 1047 277.000000
646 668 276.000000
1020 10335 276.000000
1056 10731 276.000000
1056 10932 276.000000
1042 10886 274.000000
285 307 271.000000
728 729 271.000000
799 821 271.000000
1021 10502 270.000000
1410 1432 270.000000
1298 1320 267.000000
0 1562 266.000000
188 189 264.000000
211 212 264.000000
212 213 264.000000
213 214 264.000000
214 215 264.000000
215 216 264.000000
216 217 264.000000
217 218 264.000000
218 219 264.000000
1045 1046 264.000000
1276 1298 262.000000
447 448 260.000000
448 449 260.000000
449 450 260.000000
625 647 260.000000
1012 10286 259.000000
550 551 258.000000
550 571 258.000000
551 552 258.000000
552 553 258.000000
569 570 258.000000
570 571 258.000000
1042 10488 258.000000
1044 1045 258.000000
68 90 257.000000
284 285 257.000000
382 383 257.000000
537 559 255.000000
1023 10643 254.000000
1054 1055 254.000000
1063 10985 254.000000
1120 1121 254.000000
357 358 253.000000
1019 10938 252.000000
1041 10475 251.000000
1041 10730 250.000000
998 999 248.000000
1021 1043 248.000000
1041 10972 248.000000
276 277 244.000000
277 278 244.000000
278 279 244.000000
279 280 244.000000
280 281 244.000000
281 282 244.000000
282 283 244.000000
283 284 244.000000
1562 1563 244.000000
1017 10509 243.000000
23 45 239.000000
328 329 239.000000
581 603 238.000000
1041 10414 238.000000
1543 1544 238.000000
930 952 237.000000
1041 10894 237.000000
933 934 235.000000
934 935 235.000000
935 936 235.000000
936 937 235.000000
1042 10818 232.000000
1042 10863 232.000000
1041 10486 231.000000
1064 10717 231.000000
1041 10593 230.000000
1041 10619 230.000000
1041 10879 230.000000
616 617 229.000000
616 637 229.000000
635 636 229.000000
636 637 229.000000
1040 1062 229.000000
1041 10426 229.000000
1042 10600 228.000000
671 672 227.000000
842 864 227.000000
1020 10271 227.000000
1283 1305 226.000000
1012 10406 224.000000
66 87 223.000000
85 86 223.000000
86 87 223.000000
1041 10532 222.000000
1044 10553 222.000000
1044 10844 222.000000
1020 10638 221.000000
252 274 219.000000
297 298 219.000000
860 882 219.000000
537 538 213.000000
642 643 213.000000
643 644 213.000000
644 645 213.000000
645 646 213.000000
1012 10207 211.000000
1012 10391 211.000000
1012 10590 211.000000
295 317 210.000000
1012 10474 209.000000
1056 10590 208.000000
1179 1180 208.000000
1180 1181 208.000000
1181 1182 208.000000
1182 1183 208.000000
1183 1184 208.000000
123 145 207.000000
1112 1113 206.000000
1012 10449 204.000000
1020 10263 203.000000
1538 1539 202.000000
1064 10818 201.000000
1064 10863 201.000000
1041 10613 200.000000
733 755 199.000000
1341 1363 199.000000
1044 10643 198.000000
1020 10837 197.000000
1040 10796 197.000000
1041 10717 197.000000
606 607 196.000000
607 608 196.000000
608 609 196.000000
609 610 196.000000
610 611 196.000000
1020 10349 196.000000
1020 10733 196.000000
1020 10769 196.000000
1020 10940 196.000000
1064 10740 196.000000
167 189 195.000000
1020 10221 195.000000
1020 10351 195.000000
1020 10550 195.000000
1012 1033 193.000000
1064 10886 192.000000
1498 1520 192.000000
274 296 191.000000
1019 10713 190.000000
1020 10237 190.000000
1020 10972 190.000000
1042 10996 189.000000
641 642 188.000000
1034 1056 188.000000
1064 10924 188.000000
618 640 187.000000
1020 10475 187.000000
1240 1241 187.000000
1241 1242 187.000000
1242 1243 187.000000
1243 1244 187.000000
1244 1245 187.000000
1055 10944 186.000000
337 359 185.000000
424 425 184.000000
1020 10730 184.000000
1541 1563 184.000000
1020 10239 182.000000
1020 10387 181.000000
1020 10868 181.000000
1063 10702 180.000000
1063 10763 180.000000
1063 10895 180.000000
1063 10977 180.000000
1018 10487 179.000000
187 209 178.000000
207 229 178.000000
1156 1157 178.000000
67 89 177.000000
384 385 177.000000
1042 10865 177.000000
820 842 176.000000
1086 10998 176.000000
1408 1429 176.000000
1017 10883 175.000000
1124 1125 175.000000
139 140 174.000000
640 641 173.000000
1 10824 172.000000
538 539 172.000000
1041 10550 171.000000
1245 1246 170.000000
1246 1247 170.000000
1247 1248 170.000000
1248 1249 170.000000
1249 1250 170.000000
1020 10279 169.000000
1020 10532 169.000000
1063 10668 169.000000
1153 1175 169.000000
1186 1208 166.000000
1020 10789 165.000000
1 10301 163.000000
911 933 163.000000
1021 10740 163.000000
1320 1342 163.000000
539 540 162.000000
540 541 162.000000
1064 10996 161.000000
1039 10487 157.000000
1021 10244 155.000000
1297 1319 155.000000
1366 1388 154.000000
1130 1152 152.000000
374 375 151.000000
374 395 151.000000
375 376 151.000000
376 377 151.000000
377 378 151.000000
378 379 151.000000
1157 1158 151.000000
1158 1159 151.000000
1159 1160 151.000000
1160 1161 151.000000
1161 1162 151.000000
176 198 150.000000
231 253 149.000000
1 10265 148.000000
1 10550 148.000000
1017 10484 148.000000
1023 10455 148.000000
1023 10523 148.000000
232 233 147.000000
1283 1284 147.000000
1020 10308 146.000000
1020 10426 146.000000
1020 10486 146.000000
1020 10593 145.000000
1020 10619 145.000000
1020 10879 145.000000
1086 10947 145.000000
1223 1224 145.000000
1224 1225 145.000000
1225 1226 145.000000
1226 1227 145.000000
1227 1228 145.000000
844 866 144.000000
293 315 143.000000
298 320 143.000000
1019 10253 143.000000
1020 10218 143.000000
1020 10347 143.000000
1020 10702 143.000000
1020 10763 143.000000
1020 10895 143.000000
1020 10977 143.000000
1 10910 141.000000
254 276 141.000000
817 839 141.000000
1086 10997 140.000000
1142 1143 140.000000
604 626 139.000000
1038 10831 139.000000
1017 10645 138.000000
1066 10844 138.000000
1142 1164 136.000000
1282 1304 136.000000
1020 10246 134.000000
1044 10455 134.000000
1044 10523 134.000000
947 969 133.000000
1262 1263 132.000000
1263 1264 132.000000
1264 1265 132.000000
1265 1266 132.000000
1348 1349 132.000000
264 286 131.000000
1017 10450 131.000000
250 272 130.000000
1017 1039 130.000000
1250 1251 130.000000
1 10857 129.000000
667 689 129.000000
1017 10506 129.000000
1017 10783 129.000000
649 650 128.000000
1020 10372 128.000000
1326 1348 128.000000
135 157 127.000000
1261 1262 126.000000
1019 10393 125.000000
1019 10971 125.000000
1042 10696 125.000000
1122 1123 125.000000
1122 1143 125.000000
1123 1124 125.000000
1257 1279 124.000000
650 651 123.000000
651 652 123.000000
652 653 123.000000
653 654 123.000000
654 655 123.000000
1054 10635 123.000000
1254 1276 123.000000
161 183 122.000000
1084 10985 122.000000
140 141 121.000000
889 911 121.000000
109 131 120.000000
1020 10894 120.000000
611 612 118.000000
1041 10702 118.000000
1041 10763 118.000000
1041 10895 118.000000
1041 10977 118.000000
1411 1433 117.000000
1020 10414 116.000000
1085 10895 116.000000
1085 10977 116.000000
1090 1091 116.000000
1345 1367 114.000000
1162 1184 113.000000
1 10435 112.000000
1017 10603 112.000000
1017 10808 112.000000
1017 10877 112.000000
1069 1091 112.000000
1213 1235 112.000000
162 184 111.000000
1039 10982 111.000000
1047 1048 111.000000
1048 1049 111.000000
1049 1050 111.000000
1050 1051 111.000000
1051 1052 111.000000
1052 1053 111.000000
1053 1054 111.000000
866 888 110.000000
1039 1061 110.000000
1221 1222 110.000000
1222 1223 110.000000
319 341 109.000000
1017 10841 109.000000
1211 1233 109.000000
1017 10777 108.000000
1017 10810 108.000000
1054 10856 108.000000
91 92 107.000000
363 385 107.000000
393 394 107.000000
634 635 107.000000
779 780 107.000000
232 254 106.000000
1084 1106 106.000000
364 365 105.000000
365 366 105.000000
366 367 105.000000
367 368 105.000000
368 369 105.000000
369 370 105.000000
370 371 105.000000
1218 1240 105.000000
371 372 104.000000
1018 10694 104.000000
210 211 103.000000
1064 10696 103.000000
141 142 102.000000
142 143 102.000000
143 144 102.000000
144 145 102.000000
358 380 102.000000
903 925 102.000000
583 605 101.000000
1040 10469 101.000000
1042 10502 101.000000
1042 10740 101.000000
1157 1179 101.000000
497 519 100.000000
597 598 100.000000
669 691 100.000000
1017 10380 100.000000
372 373 99.000000
802 803 99.000000
888 889 99.000000
1056 10999 99.000000
1082 10883 99.000000
1083 10901 99.000000
1453 1475 99.000000
251 273 98.000000
1061 1083 98.000000
692 714 97.000000
1017 10256 97.000000
1017 10476 97.000000
1017 10505 97.000000
1017 10775 97.000000
1017 10848 97.000000
1017 10902 97.000000
1017 10921 97.000000
1017 10951 97.000000
1021 10715 97.000000
1563 1564 97.000000
1020 10717 96.000000
1041 1063 96.000000
1061 10946 96.000000
1061 10949 96.000000
568 569 95.000000
973 995 95.000000
1017 10703 95.000000
1017 10816 95.000000
1017 10969 95.000000
1020 10364 95.000000
1021 10346 95.000000
1038 10386 95.000000
1038 10842 95.000000
1146 1168 95.000000
25 47 94.000000
773 795 94.000000
1018 10330 94.000000
1018 10529 94.000000
1018 10752 94.000000
1435 1436 94.000000
757 779 93.000000
777 799 93.000000
1017 10821 93.000000
1038 10575 93.000000
1038 10640 93.000000
1201 1202 93.000000
1202 1203 93.000000
1203 1204 93.000000
1204 1205 93.000000
1205 1206 93.000000
974 996 92.000000
1038 10664 92.000000
1038 10718 92.000000
1038 10788 92.000000
1038 10965 92.000000
1431 1453 92.000000
577 578 91.000000
864 886 91.000000
1018 10796 91.000000
1038 10568 91.000000
1038 10934 91.000000
1000 1001 90.000000
1018 10979 90.000000
1301 1323 89.000000
1061 10811 88.000000
1061 10955 88.000000
1082 10848 87.000000
1082 10902 87.000000
1082 10921 87.000000
1082 10951 87.000000
1091 1092 87.000000
1092 1093 87.000000
1093 1094 87.000000
1094 1095 87.000000
1095 1096 87.000000
1096 1097 87.000000
1097 1098 87.000000
69 91 85.000000
1018 10922 85.000000
1017 10399 84.000000
1019 10260 84.000000
197 219 83.000000
678 700 83.000000
1001 1002 83.000000
1062 10627 82.000000
726 727 81.000000
726 747 81.000000
744 745 81.000000
745 746 81.000000
746 747 81.000000
885 907 81.000000
1061 10659 81.000000
1061 10721 81.000000
512 513 80.000000
513 514 80.000000
514 515 80.000000
515 516 80.000000
516 517 80.000000
517 518 80.000000
518 519 80.000000
584 585 80.000000
1002 10255 80.000000
341 342 79.000000
342 343 79.000000
343 344 79.000000
344 345 79.000000
345 346 79.000000
346 347 79.000000
347 348 79.000000
348 349 79.000000
349 350 79.000000
1017 10745 79.000000
385 407 78.000000
572 573 78.000000
572 593 78.000000
573 574 78.000000
574 575 78.000000
591 592 78.000000
592 593 78.000000
689 711 78.000000
1039 10681 78.000000
977 978 77.000000
1061 10821 77.000000
1539 1561 77.000000
684 706 76.000000
1018 10554 76.000000
1061 10982 76.000000
1066 10678 76.000000
1315 1316 76.000000
284 306 75.000000
350 351 75.000000
1229 1251 75.000000
554 555 74.000000
881 903 74.000000
972 994 74.000000
1017 10331 74.000000
795 817 73.000000
1388 1410 73.000000
101 10616 72.000000
713 735 72.000000
815 837 70.000000
1000 1022 70.000000
655 656 69.000000
1149 1171 69.000000
816 838 68.000000
185 207 67.000000
406 428 66.000000
1021 10240 64.000000
1021 10303 64.000000
1021 10337 64.000000
1021 10383 64.000000
1021 10438 64.000000
1021 10500 64.000000
1021 10864 64.000000
1021 10871 64.000000
1021 10968 64.000000
1021 10970 64.000000
1128 1150 64.000000
909 931 63.000000
341 363 62.000000
672 673 61.000000
673 674 61.000000
674 675 61.000000
675 676 61.000000
676 677 61.000000
677 678 61.000000
1012 10878 61.000000
210 232 60.000000
219 241 60.000000
230 252 60.000000
385 386 60.000000
386 387 60.000000
387 388 60.000000
388 389 60.000000
389 390 60.000000
390 391 60.000000
391 392 60.000000
392 393 60.000000
394 395 60.000000
396 397 60.000000
396 417 60.000000
397 398 60.000000
398 399 60.000000
399 400 60.000000
400 401 60.000000
407 408 60.000000
408 409 60.000000
415 416 60.000000
416 417 60.000000
628 629 60.000000
629 630 60.000000
630 631 60.000000
631 632 60.000000
632 633 60.000000
633 634 60.000000
929 951 60.000000
1018 10665 60.000000
1085 1107 60.000000
163 185 59.000000
1021 10782 59.000000
1021 10948 59.000000
1021 10976 59.000000
1113 1114 59.000000
1114 1115 59.000000
1115 1116 59.000000
1116 1117 59.000000
1117 1118 59.000000
1278 1300 59.000000
1544 1545 59.000000
1017 10270 58.000000
1060 10946 58.000000
1083 10850 58.000000
292 314 57.000000
822 844 57.000000
0 22 56.000000
41 63 56.000000
502 524 56.000000
734 756 56.000000
1082 10969 56.000000
1457 1458 56.000000
110 132 55.000000
249 271 55.000000
1021 10687 55.000000
409 410 54.000000
410 411 54.000000
411 412 54.000000
412 413 54.000000
413 414 54.000000
414 415 54.000000
715 716 54.000000
946 968 54.000000
1018 10421 54.000000
1 1563 53.000000
140 162 53.000000
1062 10796 53.000000
1544 1566 53.000000
205 227 52.000000
393 415 52.000000
641 663 52.000000
953 975 52.000000
1172 1194 52.000000
22 44 51.000000
425 447 51.000000
491 492 51.000000
492 493 51.000000
648 670 51.000000
1020 10301 51.000000
1168 1190 51.000000
1251 1273 51.000000
1496 1518 51.000000
402 424 50.000000
585 586 50.000000
586 587 50.000000
587 588 50.000000
588 589 50.000000
589 590 50.000000
638 659 50.000000
656 657 50.000000
657 658 50.000000
658 659 50.000000
910 911 50.000000
1103 1125 50.000000
1118 1119 50.000000
1119 1120 50.000000
1125 1147 50.000000
553 554 49.000000
1129 1151 49.000000
1162 1163 49.000000
682 683 48.000000
682 703 48.000000
683 684 48.000000
700 701 48.000000
701 702 48.000000
702 703 48.000000
771 772 48.000000
1238 1260 48.000000
101 102 47.000000
102 103 47.000000
103 104 47.000000
104 105 47.000000
105 106 47.000000
206 228 47.000000
330 331 47.000000
330 351 47.000000
363 364 47.000000
475 497 47.000000
560 561 47.000000
561 562 47.000000
1409 1431 47.000000
1012 10186 46.000000
1069 1070 46.000000
1070 1071 46.000000
1071 1072 46.000000
1072 1073 46.000000
1073 1074 46.000000
1074 1075 46.000000
1075 1076 46.000000
1206 1207 46.000000
1452 1474 46.000000
1474 1496 46.000000
560 582 45.000000
780 781 45.000000
1039 10627 45.000000
1018 10469 44.000000
1019 10950 44.000000
1042 10774 44.000000
1234 1256 44.000000
559 560 43.000000
865 887 43.000000
1020 10824 43.000000
1064 10769 43.000000
1083 10982 43.000000
1279 1301 43.000000
166 167 42.000000
559 581 42.000000
951 973 42.000000
1061 10665 42.000000
1064 10733 42.000000
1064 10940 42.000000
1327 1349 42.000000
62 63 41.000000
453 475 41.000000
538 560 41.000000
576 577 41.000000
649 671 41.000000
1017 10280 41.000000
1017 10659 41.000000
1064 10868 41.000000
1076 1077 41.000000
446 468 39.000000
1011 1033 39.000000
1042 10956 39.000000
1060 10842 39.000000
490 491 38.000000
493 494 38.000000
494 495 38.000000
495 496 38.000000
496 497 38.000000
638 639 38.000000
639 640 38.000000
685 707 38.000000
707 729 38.000000
821 843 38.000000
955 977 38.000000
1012 10234 38.000000
1012 10999 38.000000
1016 10407 38.000000
1017 10369 38.000000
1017 10949 38.000000
1018 10446 38.000000
1018 10627 38.000000
1019 10669 38.000000
1020 10265 38.000000
1134 1135 38.000000
1135 1136 38.000000
1136 1137 38.000000
1137 1138 38.000000
1138 1139 38.000000
1139 1140 38.000000
1140 1141 38.000000
1232 1254 38.000000
1565 1566 38.000000
42 64 37.000000
533 534 37.000000
1017 10357 37.000000
1017 10721 37.000000
1017 10811 37.000000
1017 10955 37.000000
1018 10542 37.000000
1064 10837 37.000000
1064 10894 37.000000
1214 1236 37.000000
145 167 36.000000
728 750 36.000000
1064 10972 36.000000
1174 1196 36.000000
1497 1519 36.000000
1518 1540 36.000000
1522 1523 36.000000
450 451 35.000000
451 452 35.000000
452 453 35.000000
1163 1164 35.000000
924 945 34.000000
937 938 34.000000
938 939 34.000000
939 940 34.000000
940 941 34.000000
941 942 34.000000
942 943 34.000000
943 944 34.000000
944 945 34.000000
1016 10167 33.000000
1056 10898 33.000000
1064 10879 33.000000
57 79 32.000000
188 210 32.000000
248 270 32.000000
340 362 32.000000
1017 10946 32.000000
1060 10934 32.000000
1082 1104 32.000000
1185 1207 32.000000
92 93 31.000000
93 94 31.000000
94 95 31.000000
95 96 31.000000
96 97 31.000000
97 98 31.000000
98 99 31.000000
100 101 31.000000
555 556 31.000000
556 557 31.000000
557 558 31.000000
558 559 31.000000
779 801 31.000000
978 979 31.000000
1021 10215 31.000000
1021 10269 31.000000
1021 10489 31.000000
1021 10663 31.000000
1021 10774 31.000000
1021 10776 31.000000
1021 10920 31.000000
1042 10687 31.000000
1042 10730 31.000000
297 319 30.000000
781 782 30.000000
782 783 30.000000
783 784 30.000000
784 785 30.000000
785 786 30.000000
786 787 30.000000
841 863 30.000000
1021 10453 30.000000
1040 10669 30.000000
1042 10782 30.000000
1042 10948 30.000000
1042 10976 30.000000
1061 10694 30.000000
1087 1109 30.000000
1217 1239 30.000000
1564 1565 30.000000
595 596 29.000000
596 597 29.000000
794 816 29.000000
1364 1385 29.000000
200 222 28.000000
339 361 28.000000
915 937 28.000000
952 974 28.000000
590 591 27.000000
693 694 27.000000
694 695 27.000000
695 696 27.000000
696 697 27.000000
697 698 27.000000
698 699 27.000000
699 700 27.000000
1132 1154 27.000000
1516 1517 27.000000
1545 1546 27.000000
1546 1547 27.000000
1547 1548 27.000000
1548 1549 27.000000
1020 10435 26.000000
1020 10857 26.000000
1062 10979 26.000000
642 664 25.000000
711 733 25.000000
1021 10510 25.000000
1021 10862 25.000000
1042 10489 25.000000
1042 10663 25.000000
1042 10920 25.000000
466 467 24.000000
467 468 24.000000
1020 10910 24.000000
1043 1065 24.000000
1060 10640 24.000000
1060 10718 24.000000
1060 10788 24.000000
1060 10831 24.000000
1061 10681 24.000000
1064 10730 24.000000
1086 10863 24.000000
1086 10886 24.000000
1252 1274 24.000000
57 58 23.000000
58 59 23.000000
59 60 23.000000
60 61 23.000000
61 62 23.000000
1016 1038 23.000000
1042 10769 23.000000
1060 10664 23.000000
1060 10965 23.000000
594 595 22.000000
594 615 22.000000
612 613 22.000000
613 614 22.000000
614 615 22.000000
727 728 22.000000
729 751 22.000000
1017 10277 22.000000
1017 10681 22.000000
1038 10659 22.000000
1042 10733 22.000000
1042 10940 22.000000
1061 10752 22.000000
1086 10924 22.000000
1210 1232 22.000000
1305 1306 22.000000
1306 1307 22.000000
1307 1308 22.000000
1308 1309 22.000000
1309 1310 22.000000
1310 1311 22.000000
1311 1312 22.000000
1312 1313 22.000000
1313 1314 22.000000
1314 1315 22.000000
1370 1392 22.000000
660 661 21.000000
661 662 21.000000
908 930 21.000000
979 980 21.000000
980 981 21.000000
1038 1060 21.000000
605 627 20.000000
1016 10179 20.000000
1016 10250 20.000000
1016 10386 20.000000
1016 10568 20.000000
1016 10575 20.000000
1016 10640 20.000000
1016 10664 20.000000
1016 10718 20.000000
1016 10788 20.000000
1016 10842 20.000000
1016 10965 20.000000
1021 10428 20.000000
1021 10586 20.000000
1021 10837 20.000000
1042 10868 20.000000
1060 10703 20.000000
1060 10775 20.000000
1060 10783 20.000000
1060 10816 20.000000
1060 10848 20.000000
1060 10902 20.000000
1060 10921 20.000000
1060 10951 20.000000
1060 10969 20.000000
1087 10995 20.000000
1098 1120 20.000000
1187 1209 20.000000
1300 1322 20.000000
141 163 19.000000
1025 1026 19.000000
1026 1027 19.000000
1027 1028 19.000000
1028 1029 19.000000
1029 1030 19.000000
1030 1031 19.000000
1031 1032 19.000000
1041 10857 19.000000
1041 10910 19.000000
1044 10561 19.000000
1088 10927 19.000000
1170 1192 19.000000
1256 1278 19.000000
1261 1283 19.000000
1131 1153 18.000000
1266 1267 18.000000
1267 1268 18.000000
1268 1269 18.000000
1269 1270 18.000000
1270 1271 18.000000
440 441 17.000000
440 461 17.000000
441 442 17.000000
442 443 17.000000
443 444 17.000000
444 445 17.000000
459 460 17.000000
460 461 17.000000
519 541 17.000000
532 533 17.000000
772 794 17.000000
1001 1023 17.000000
2 24 16.000000
24 46 16.000000
318 340 16.000000
510 511 16.000000
968 990 16.000000
26 48 15.000000
497 498 15.000000
498 499 15.000000
499 500 15.000000
500 501 15.000000
501 502 15.000000
506 507 15.000000
506 527 15.000000
507 508 15.000000
508 509 15.000000
509 510 15.000000
524 525 15.000000
525 526 15.000000
526 527 15.000000
582 604 15.000000
748 749 15.000000
748 769 15.000000
766 767 15.000000
767 768 15.000000
768 769 15.000000
838 860 15.000000
1561 1583 15.000000
749 750 14.000000
1163 1185 14.000000
1206 1228 14.000000
1408 1430 14.000000
1476 1498 14.000000
1501 1502 14.000000
208 230 13.000000
493 515 13.000000
515 537 13.000000
1040 10713 13.000000
1042 10510 13.000000
1042 10862 13.000000
1085 10868 13.000000
1260 1282 13.000000
113 135 12.000000
253 275 12.000000
428 429 12.000000
429 430 12.000000
430 431 12.000000
662 684 12.000000
1190 1212 12.000000
1454 1476 12.000000
165 187 11.000000
431 432 11.000000
432 433 11.000000
433 434 11.000000
434 435 11.000000
435 436 11.000000
511 512 11.000000
660 681 11.000000
678 679 11.000000
679 680 11.000000
680 681 11.000000
893 915 11.000000
968 989 11.000000
981 982 11.000000
982 983 11.000000
983 984 11.000000
984 985 11.000000
985 986 11.000000
986 987 11.000000
987 988 11.000000
988 989 11.000000
1039 10446 11.000000
1039 10542 11.000000
1077 10835 11.000000
1099 1121 11.000000
1433 1455 11.000000
1538 1560 11.000000
1560 1582 11.000000
262 284 10.000000
539 561 10.000000
561 583 10.000000
603 625 10.000000
1032 1054 10.000000
1038 10509 10.000000
1041 10435 10.000000
1077 10944 10.000000
1165 1187 10.000000
113 114 9.000000
114 115 9.000000
115 116 9.000000
116 117 9.000000
204 226 9.000000
211 233 9.000000
220 242 9.000000
384 406 9.000000
472 473 9.000000
473 474 9.000000
474 475 9.000000
569 591 9.000000
662 663 9.000000
672 694 9.000000
694 716 9.000000
889 890 9.000000
890 891 9.000000
891 892 9.000000
892 893 9.000000
902 923 9.000000
915 916 9.000000
916 917 9.000000
917 918 9.000000
918 919 9.000000
919 920 9.000000
920 921 9.000000
921 922 9.000000
922 923 9.000000
1003 1025 9.000000
1032 1033 9.000000
1038 10603 9.000000
1038 10721 9.000000
1038 10777 9.000000
1038 10808 9.000000
1038 10810 9.000000
1038 10811 9.000000
1038 10841 9.000000
1038 10877 9.000000
1038 10883 9.000000
1038 10949 9.000000
1038 10955 9.000000
1040 10964 9.000000
1118 1140 9.000000
1140 1162 9.000000
1207 1229 9.000000
240 262 8.000000
647 669 8.000000
656 678 8.000000
735 757 8.000000
823 845 8.000000
911 912 8.000000
912 913 8.000000
913 914 8.000000
914 915 8.000000
1042 10428 8.000000
1042 10586 8.000000
1109 1131 8.000000
1141 1142 8.000000
1147 1169 8.000000
1191 1213 8.000000
1413 1435 8.000000
48 49 7.000000
49 50 7.000000
50 51 7.000000
51 52 7.000000
52 53 7.000000
53 54 7.000000
54 55 7.000000
55 56 7.000000
56 57 7.000000
65 87 7.000000
69 70 7.000000
70 71 7.000000
71 72 7.000000
72 73 7.000000
73 74 7.000000
74 75 7.000000
75 76 7.000000
76 77 7.000000
77 78 7.000000
78 79 7.000000
182 204 7.000000
431 453 7.000000
575 576 7.000000
595 617 7.000000
1039 10493 7.000000
1039 10529 7.000000
1039 10554 7.000000
1039 10665 7.000000
1039 10694 7.000000
1039 10752 7.000000
1060 1082 7.000000
1081 1103 7.000000
1083 10979 7.000000
1099 10999 7.000000
1126 1148 7.000000
1284 1285 7.000000
1285 1286 7.000000
1286 1287 7.000000
1287 1288 7.000000
1288 1289 7.000000
1289 1290 7.000000
1290 1291 7.000000
1291 1292 7.000000
1292 1293 7.000000
1293 1294 7.000000
101 123 6.000000
117 139 6.000000
380 402 6.000000
409 431 6.000000
562 563 6.000000
563 564 6.000000
564 565 6.000000
565 566 6.000000
566 567 6.000000
567 568 6.000000
606 628 6.000000
624 646 6.000000
634 656 6.000000
759 760 6.000000
760 761 6.000000
761 762 6.000000
762 763 6.000000
763 764 6.000000
764 765 6.000000
765 766 6.000000
880 881 6.000000
1003 1004 6.000000
1004 1005 6.000000
1005 1006 6.000000
1006 1007 6.000000
1007 1008 6.000000
1008 1009 6.000000
1009 1010 6.000000
1010 1011 6.000000
1042 10837 6.000000
1045 1067 6.000000
1055 10590 6.000000
1055 10999 6.000000
1085 10894 6.000000
1085 10972 6.000000
1107 1129 6.000000
1148 1170 6.000000
1262 1284 6.000000
1517 1539 6.000000
1520 1542 6.000000
1540 1562 6.000000
1566 1567 6.000000
1567 1568 6.000000
1568 1569 6.000000
1569 1570 6.000000
716 717 5.000000
717 718 5.000000
718 719 5.000000
719 720 5.000000
720 721 5.000000
721 722 5.000000
1038 10380 5.000000
1038 10450 5.000000
1038 10476 5.000000
1038 10703 5.000000
1038 10775 5.000000
1038 10816 5.000000
1038 10848 5.000000
1038 10902 5.000000
1038 10921 5.000000
1038 10946 5.000000
1038 10951 5.000000
1038 10969 5.000000
1076 1098 5.000000
1077 10852 5.000000
19 41 4.000000
468 469 4.000000
469 470 4.000000
470 471 4.000000
471 472 4.000000
480 502 4.000000
597 619 4.000000
910 932 4.000000
954 976 4.000000
1034 10898 4.000000
1055 10835 4.000000
1080 1102 4.000000
117 118 3.000000
118 119 3.000000
119 120 3.000000
120 121 3.000000
121 122 3.000000
122 123 3.000000
371 393 3.000000
475 476 3.000000
476 477 3.000000
477 478 3.000000
478 479 3.000000
479 480 3.000000
576 598 3.000000
691 713 3.000000
737 738 3.000000
738 739 3.000000
739 740 3.000000
740 741 3.000000
741 742 3.000000
742 743 3.000000
743 744 3.000000
1002 1003 3.000000
1038 10484 3.000000
1038 10505 3.000000
1038 10506 3.000000
1038 10783 3.000000
1055 10852 3.000000
1059 1081 3.000000
1081 10831 3.000000
1081 10842 3.000000
1081 10965 3.000000
1082 10821 3.000000
1085 10879 3.000000
1110 1132 3.000000
1250 1272 3.000000
1364 1386 3.000000
8 9 2.000000
10 11 2.000000
11 12 2.000000
12 13 2.000000
13 35 2.000000
35 57 2.000000
21 43 2.000000
43 65 2.000000
153 175 2.000000
175 197 2.000000
519 520 2.000000
520 521 2.000000
521 522 2.000000
522 523 2.000000
523 524 2.000000
577 599 2.000000
750 772 2.000000
846 847 2.000000
847 848 2.000000
848 849 2.000000
849 871 2.000000
871 893 2.000000
924 946 2.000000
977 999 2.000000
1011 10430 2.000000
1011 10444 2.000000
1011 10531 2.000000
1018 1040 2.000000
1044 1066 2.000000
1173 1195 2.000000
1196 1218 2.000000
1429 1451 2.000000
1434 1456 2.000000
1521 1543 2.000000
453 454 1.000000
454 455 1.000000
455 456 1.000000
456 457 1.000000
457 458 1.000000
458 480 1.000000
704 705 1.000000
704 725 1.000000
705 706 1.000000
722 723 1.000000
723 724 1.000000
724 725 1.000000
749 771 1.000000
780 802 1.000000
845 846 1.000000
1042 1064 1.000000
1058 1080 1.000000
1082 10946 1.000000
1082 10949 1.000000
1082 10955 1.000000
1090 1112 1.000000
1169 1191 1.000000
1188 1210 1.000000
1189 1211 1.000000
1215 1237 1.000000
1253 1275 1.000000
1275 1297 1.000000
1473 1495 1.000000
1516 1538 1.000000
1549 1550 1.000000
1550 1551 1.000000
1551 1552 1.000000
1552 1553 1.000000
1553 1554 1.000000
1554 1555 1.000000
1555 1556 1.000000
1556 1557 1.000000
1557 1558 1.000000
1558 1580 1.000000
