187 188 17673.000000
188 189 17673.000000
189 190 17673.000000
190 191 17206.000000
983 984 16187.000000
186 187 14028.000000
1202 1203 12367.000000
1201 1202 12161.000000
982 983 11994.000000
165 166 11572.000000
166 167 11572.000000
167 168 11572.000000
168 169 11572.000000
1180 1181 11231.000000
10 11 11137.000000
1159 1160 10633.000000
1158 1159 10328.000000
191 192 10297.000000
1203 1204 10229.000000
1115 1116 10010.000000
1027 1028 9737.000000
164 165 9676.000000
1157 1158 9676.000000
208 209 9456.000000
209 210 9456.000000
210 211 9456.000000
211 212 9456.000000
1200 1201 8497.000000
1350 1351 8395.000000
1137 1138 8361.000000
984 985 8223.000000
1028 1029 8213.000000
1179 1180 8022.000000
192 193 8014.000000
1351 1352 7855.000000
1197 1198 7754.000000
825 826 7679.000000
826 827 7679.000000
1239 1240 7641.000000
1114 1115 7631.000000
1246 1247 7597.000000
1136 1137 7593.000000
1224 1225 7561.000000
1026 1027 7532.000000
1195 1196 7402.000000
1196 1197 7399.000000
1135 1136 7291.000000
961 962 7232.000000
1199 1200 7151.000000
1245 1246 7119.000000
894 895 7110.000000
1004 1005 7109.000000
1352 1353 7025.000000
143 144 7024.000000
144 145 7024.000000
145 146 7024.000000
146 147 7015.000000
1241 1242 7008.000000
1198 1199 6925.000000
1178 1179 6910.000000
891 892 6897.000000
892 893 6897.000000
1244 1245 6769.000000
981 982 6721.000000
1156 1157 6690.000000
1222 1223 6676.000000
804 805 6662.000000
805 806 6662.000000
1242 1243 6624.000000
939 940 6600.000000
940 941 6470.000000
847 848 6456.000000
848 849 6456.000000
849 850 6456.000000
31 32 6446.000000
1113 1114 6432.000000
1240 1241 6353.000000
1223 1224 6326.000000
803 804 6315.000000
75 76 6291.000000
142 143 6282.000000
97 98 6182.000000
1243 1244 5923.000000
895 896 5909.000000
231 232 5883.000000
232 233 5883.000000
233 234 5883.000000
1177 1178 5873.000000
1005 1006 5868.000000
1238 1239 5859.000000
1025 1026 5833.000000
893 894 5824.000000
960 961 5804.000000
1372 1373 5796.000000
1373 1374 5796.000000
53 54 5782.000000
824 825 5678.000000
207 208 5643.000000
1221 1222 5543.000000
1353 1354 5462.000000
1176 1177 5435.000000
823 824 5395.000000
1181 1182 5353.000000
1116 1117 5327.000000
234 235 5316.000000
1112 1113 5189.000000
147 148 5144.000000
1048 1049 5124.000000
890 891 5022.000000
938 939 4918.000000
827 828 4916.000000
1194 1195 4905.000000
1354 1355 4864.000000
1003 1004 4835.000000
959 960 4736.000000
300 301 4711.000000
212 213 4703.000000
235 236 4686.000000
74 75 4577.000000
163 164 4516.000000
213 214 4474.000000
54 55 4342.000000
1374 1375 4342.000000
851 852 4323.000000
1329 1330 4285.000000
802 803 4277.000000
1175 1176 4267.000000
1173 1174 4241.000000
1174 1175 4241.000000
1290 1291 4233.000000
1289 1290 4160.000000
1049 1050 4121.000000
1029 1030 4116.000000
1288 1289 4073.000000
1070 1071 4062.000000
1440 1441 4061.000000
1330 1331 4022.000000
141 142 3999.000000
230 231 3999.000000
850 851 3971.000000
781 782 3935.000000
782 783 3935.000000
783 784 3935.000000
1462 1463 3935.000000
998 999 3898.000000
1000 1001 3898.000000
1001 1002 3898.000000
1217 1218 3861.000000
846 847 3859.000000
236 237 3807.000000
1263 1264 3802.000000
1134 1135 3784.000000
1071 1072 3776.000000
11 12 3751.000000
1328 1329 3715.000000
1526 1527 3707.000000
1262 1263 3672.000000
807 808 3638.000000
1220 1221 3618.000000
1047 1048 3616.000000
1046 1047 3610.000000
806 807 3584.000000
1375 1376 3581.000000
322 323 3573.000000
1218 1219 3573.000000
1266 1267 3492.000000
985 986 3449.000000
7 8 3422.000000
301 302 3397.000000
1267 1268 3389.000000
1219 1220 3385.000000
676 677 3356.000000
897 919 3342.000000
169 170 3312.000000
896 897 3305.000000
8 9 3284.000000
1355 1356 3281.000000
237 238 3272.000000
1441 1442 3269.000000
1506 1507 3247.000000
1505 1506 3215.000000
1527 1528 3183.000000
30 31 3170.000000
1376 1377 3159.000000
758 759 3152.000000
1525 1526 3131.000000
962 963 3123.000000
1050 1051 3039.000000
28 29 3031.000000
29 30 3031.000000
279 280 3027.000000
1377 1378 3010.000000
1265 1266 2997.000000
96 97 2973.000000
6 7 2952.000000
1482 1483 2944.000000
889 890 2939.000000
589 590 2933.000000
736 737 2907.000000
98 99 2901.000000
1287 1288 2885.000000
185 186 2882.000000
76 77 2871.000000
1216 1217 2853.000000
302 303 2840.000000
916 917 2837.000000
1483 1484 2831.000000
1021 1022 2824.000000
1022 1023 2824.000000
1023 1024 2824.000000
206 207 2800.000000
760 761 2765.000000
761 762 2765.000000
1264 1265 2754.000000
610 611 2752.000000
1311 1312 2751.000000
1461 1462 2731.000000
828 829 2730.000000
1268 1269 2723.000000
193 194 2705.000000
1116 1138 2702.000000
872 873 2680.000000
917 918 2673.000000
1310 1311 2633.000000
1439 1440 2625.000000
868 869 2599.000000
869 870 2599.000000
870 871 2599.000000
141 163 2593.000000
252 253 2592.000000
253 254 2592.000000
254 255 2592.000000
255 256 2592.000000
955 956 2587.000000
956 957 2587.000000
957 958 2587.000000
759 760 2577.000000
1306 1307 2567.000000
229 230 2559.000000
1155 1156 2540.000000
119 120 2469.000000
27 28 2462.000000
1172 1173 2440.000000
986 987 2433.000000
1069 1070 2393.000000
280 281 2391.000000
1020 1021 2367.000000
194 195 2357.000000
257 258 2345.000000
251 252 2316.000000
1002 1003 2315.000000
10 32 2301.000000
1438 1439 2283.000000
1307 1308 2273.000000
654 655 2260.000000
918 919 2260.000000
249 250 2249.000000
762 763 2222.000000
1309 1310 2220.000000
228 229 2215.000000
915 916 2211.000000
274 275 2194.000000
275 276 2194.000000
276 277 2194.000000
277 278 2194.000000
1331 1332 2193.000000
586 587 2176.000000
587 588 2176.000000
1285 1286 2175.000000
607 608 2161.000000
608 609 2161.000000
609 610 2161.000000
1072 1073 2151.000000
1503 1504 2148.000000
387 388 2126.000000
588 589 2117.000000
1051 1052 2107.000000
1332 1333 2086.000000
323 324 2070.000000
958 959 2067.000000
250 251 2065.000000
977 978 2065.000000
978 979 2065.000000
979 980 2065.000000
214 215 2054.000000
980 981 2045.000000
1460 1461 2044.000000
1117 1118 2030.000000
1090 1091 2028.000000
170 171 2020.000000
256 257 2003.000000
808 809 2003.000000
1333 1334 2001.000000
653 654 1993.000000
1093 1094 1993.000000
1504 1505 1991.000000
1484 1485 1986.000000
1030 1031 1982.000000
1007 1008 1979.000000
1286 1287 1978.000000
54 76 1971.000000
1308 1309 1962.000000
1138 1139 1949.000000
677 678 1946.000000
1129 1130 1940.000000
1130 1131 1940.000000
1131 1132 1940.000000
1481 1482 1937.000000
738 739 1914.000000
739 740 1914.000000
1437 1438 1906.000000
32 33 1902.000000
1133 1134 1893.000000
278 279 1881.000000
147 169 1877.000000
1042 1043 1846.000000
1043 1044 1846.000000
1044 1045 1846.000000
1045 1046 1846.000000
1029 1051 1841.000000
184 185 1835.000000
941 942 1828.000000
1132 1133 1810.000000
281 282 1804.000000
716 717 1796.000000
717 718 1796.000000
718 719 1796.000000
1006 1007 1782.000000
1160 1161 1782.000000
195 196 1781.000000
258 259 1768.000000
634 635 1765.000000
215 216 1764.000000
673 674 1762.000000
674 675 1762.000000
720 721 1759.000000
1528 1529 1759.000000
937 938 1744.000000
678 679 1730.000000
1334 1335 1726.000000
912 913 1719.000000
913 914 1719.000000
914 915 1719.000000
1091 1092 1715.000000
1394 1395 1714.000000
148 149 1709.000000
633 634 1705.000000
867 868 1698.000000
1282 1283 1681.000000
1283 1284 1681.000000
764 765 1680.000000
205 206 1675.000000
737 738 1667.000000
940 962 1663.000000
1247 1248 1657.000000
1024 1025 1655.000000
845 846 1620.000000
954 955 1608.000000
1003 10114 1606.000000
1092 1093 1606.000000
1459 1460 1598.000000
1548 1549 1587.000000
1151 1152 1577.000000
1152 1153 1577.000000
1153 1154 1571.000000
675 676 1549.000000
323 345 1524.000000
50 51 1514.000000
51 52 1514.000000
721 722 1501.000000
1215 1216 1500.000000
120 121 1494.000000
388 389 1490.000000
1260 1261 1487.000000
1261 1262 1487.000000
934 935 1476.000000
935 936 1476.000000
936 937 1476.000000
780 781 1458.000000
1154 1155 1441.000000
193 215 1431.000000
829 830 1419.000000
873 874 1412.000000
784 785 1408.000000
1128 1129 1391.000000
635 636 1382.000000
118 119 1378.000000
763 764 1370.000000
632 633 1360.000000
871 872 1359.000000
1150 1151 1354.000000
324 325 1351.000000
1284 1285 1341.000000
1395 1396 1339.000000
611 612 1328.000000
1193 1194 1327.000000
282 283 1324.000000
1529 1530 1324.000000
1237 1238 1318.000000
1547 1548 1314.000000
49 50 1310.000000
171 172 1304.000000
172 173 1303.000000
1549 1550 1302.000000
162 163 1297.000000
1396 1397 1284.000000
216 217 1271.000000
238 239 1249.000000
239 240 1233.000000
629 630 1233.000000
630 631 1233.000000
1160 1182 1227.000000
52 53 1206.000000
742 743 1204.000000
11 33 1202.000000
173 174 1202.000000
743 744 1186.000000
283 284 1179.000000
976 977 1174.000000
631 632 1164.000000
345 346 1158.000000
1419 1420 1158.000000
719 720 1127.000000
5 6 1126.000000
260 261 1102.000000
590 591 1098.000000
1418 1419 1095.000000
1182 1183 1085.000000
192 214 1079.000000
1524 1525 1079.000000
1417 1418 1073.000000
628 629 1072.000000
997 998 1069.000000
271 272 1064.000000
1416 1417 1055.000000
1085 1086 1047.000000
1086 1087 1047.000000
1087 1088 1047.000000
1088 1089 1047.000000
1159 1181 1036.000000
1507 1508 1031.000000
741 742 1030.000000
568 569 1019.000000
627 628 1016.000000
715 716 1010.000000
852 874 995.000000
1442 1443 995.000000
786 787 994.000000
279 301 993.000000
119 141 992.000000
569 570 991.000000
1026 10694 987.000000
785 786 979.000000
272 273 975.000000
1420 1421 972.000000
10 10271 969.000000
227 228 962.000000
1006 10265 961.000000
1463 1464 961.000000
1073 1074 957.000000
120 142 952.000000
1072 1094 947.000000
326 327 937.000000
1259 1260 936.000000
698 699 928.000000
852 853 926.000000
1546 1547 925.000000
1162 1163 923.000000
1163 1164 923.000000
933 934 920.000000
1281 1282 907.000000
1008 1009 904.000000
303 304 902.000000
1095 1096 898.000000
697 698 897.000000
765 766 891.000000
655 656 890.000000
1094 1095 885.000000
1089 1090 883.000000
217 218 881.000000
612 613 875.000000
692 693 874.000000
1068 1069 873.000000
55 77 863.000000
148 170 863.000000
191 213 859.000000
240 262 855.000000
1064 1065 850.000000
1065 1066 850.000000
1025 10484 849.000000
196 197 842.000000
1066 1067 840.000000
1161 1162 840.000000
273 274 838.000000
650 651 836.000000
651 652 836.000000
652 653 836.000000
140 141 835.000000
294 295 832.000000
613 614 828.000000
304 305 827.000000
1350 1372 825.000000
259 260 822.000000
941 963 819.000000
1203 1225 819.000000
142 164 806.000000
1084 1085 806.000000
431 432 801.000000
369 370 799.000000
563 564 793.000000
564 565 793.000000
565 566 793.000000
649 650 793.000000
344 345 792.000000
325 326 784.000000
722 723 770.000000
110 111 758.000000
110 131 758.000000
111 112 758.000000
112 113 758.000000
113 114 758.000000
114 115 758.000000
115 116 758.000000
116 117 758.000000
220 221 748.000000
220 241 748.000000
221 222 748.000000
222 223 748.000000
223 224 748.000000
224 225 748.000000
225 226 748.000000
226 227 748.000000
672 673 737.000000
1485 1486 737.000000
566 567 733.000000
590 612 733.000000
261 262 728.000000
911 912 725.000000
1004 10529 725.000000
281 303 723.000000
740 741 720.000000
53 75 718.000000
55 56 716.000000
370 371 707.000000
567 568 707.000000
149 150 704.000000
150 151 704.000000
1324 1325 703.000000
1325 1326 703.000000
1326 1327 703.000000
1327 1328 703.000000
1397 1398 701.000000
1074 1075 698.000000
759 781 697.000000
1240 1262 695.000000
88 89 691.000000
89 90 691.000000
90 91 691.000000
91 92 691.000000
699 700 686.000000
1398 1399 683.000000
368 369 679.000000
1004 10330 677.000000
693 694 675.000000
234 256 672.000000
1171 1172 666.000000
1003 10401 664.000000
237 259 661.000000
389 390 660.000000
280 302 650.000000
1003 10330 649.000000
807 829 648.000000
1149 1150 646.000000
92 93 641.000000
93 94 641.000000
94 95 641.000000
95 96 641.000000
1005 10985 635.000000
1048 10796 629.000000
694 695 622.000000
695 696 622.000000
696 697 622.000000
149 171 615.000000
679 680 610.000000
154 155 600.000000
154 175 600.000000
155 156 600.000000
156 157 600.000000
157 158 600.000000
158 159 600.000000
159 160 600.000000
160 161 600.000000
161 162 600.000000
316 317 599.000000
317 318 599.000000
318 319 599.000000
319 320 599.000000
320 321 599.000000
321 322 599.000000
1464 1465 599.000000
249 271 592.000000
346 347 587.000000
1550 1551 586.000000
347 348 584.000000
366 367 580.000000
1042 10731 580.000000
1024 10831 579.000000
1005 10199 577.000000
293 294 576.000000
1046 10831 570.000000
44 45 569.000000
45 46 569.000000
46 47 569.000000
47 48 569.000000
66 67 566.000000
67 68 566.000000
68 69 566.000000
69 70 566.000000
1247 1269 566.000000
1144 1165 561.000000
295 296 558.000000
296 297 558.000000
297 298 558.000000
298 299 558.000000
299 300 558.000000
1004 10413 556.000000
542 543 555.000000
543 544 555.000000
544 545 555.000000
762 784 543.000000
70 71 542.000000
606 607 537.000000
151 152 536.000000
1204 1205 535.000000
100 10173 534.000000
1019 1020 524.000000
66 87 517.000000
48 49 511.000000
1551 1573 511.000000
327 328 507.000000
1183 1184 505.000000
1184 1185 505.000000
1185 1186 505.000000
545 546 504.000000
1140 1141 504.000000
1141 1142 504.000000
1009 1010 502.000000
348 349 496.000000
1067 1068 495.000000
1003 10270 491.000000
152 153 489.000000
1028 1050 486.000000
1030 1052 481.000000
235 257 479.000000
1002 10565 478.000000
190 212 476.000000
1051 10607 470.000000
987 988 467.000000
988 989 467.000000
71 72 466.000000
72 73 466.000000
73 74 466.000000
10 10121 463.000000
176 177 463.000000
176 197 463.000000
177 178 463.000000
178 179 463.000000
179 180 463.000000
180 181 463.000000
181 182 463.000000
182 183 463.000000
1052 10778 463.000000
1139 1140 463.000000
183 184 453.000000
671 672 453.000000
765 787 445.000000
1111 1112 444.000000
656 657 440.000000
162 184 438.000000
1002 10025 438.000000
1031 1032 435.000000
1032 1033 435.000000
1309 1331 430.000000
714 715 426.000000
1026 10901 426.000000
873 895 424.000000
1050 10998 424.000000
1070 10819 416.000000
1118 1119 416.000000
1119 1120 416.000000
1120 1121 416.000000
1186 1187 416.000000
1312 1313 415.000000
1393 1394 414.000000
1029 10997 413.000000
1031 10436 412.000000
117 118 410.000000
31 53 407.000000
546 547 407.000000
1029 10481 404.000000
1006 10203 401.000000
390 391 398.000000
391 392 398.000000
1006 10379 395.000000
1006 10863 395.000000
1006 10329 394.000000
1002 10476 390.000000
1026 10392 390.000000
1549 1571 390.000000
1216 1238 387.000000
867 889 382.000000
1205 1206 381.000000
1206 1207 381.000000
1207 1208 381.000000
968 989 380.000000
806 828 378.000000
1075 1076 376.000000
1076 1077 376.000000
315 316 374.000000
367 368 372.000000
1531 1532 371.000000
1532 1533 371.000000
1533 1534 371.000000
240 241 368.000000
1306 1328 368.000000
1144 1145 361.000000
1145 1146 361.000000
1146 1147 361.000000
1147 1148 361.000000
1148 1149 361.000000
1462 1484 359.000000
1005 10113 357.000000
10 10113 356.000000
10 10039 353.000000
194 216 351.000000
1172 1194 351.000000
1508 1509 348.000000
1505 1527 347.000000
559 560 346.000000
560 561 346.000000
1067 1089 345.000000
1164 1165 345.000000
206 228 343.000000
605 606 342.000000
33 55 340.000000
1440 1462 340.000000
286 287 338.000000
286 307 338.000000
287 288 338.000000
288 289 338.000000
289 290 338.000000
290 291 338.000000
306 307 338.000000
520 521 338.000000
521 522 338.000000
522 523 338.000000
1005 10668 338.000000
1421 1422 338.000000
10 10347 335.000000
291 292 335.000000
1049 10668 333.000000
10 10180 332.000000
1047 10681 332.000000
10 10895 327.000000
76 98 327.000000
242 243 327.000000
242 263 327.000000
243 244 327.000000
244 245 327.000000
245 246 327.000000
246 247 327.000000
247 248 327.000000
248 249 327.000000
262 263 327.000000
1063 1064 327.000000
10 10702 326.000000
10 10239 325.000000
10 10475 325.000000
10 10730 325.000000
205 227 324.000000
1026 10415 324.000000
585 586 323.000000
10 10218 322.000000
10 10372 322.000000
10 10763 322.000000
10 10972 322.000000
10 10977 322.000000
1020 10944 322.000000
10 10203 320.000000
808 830 320.000000
1208 1209 320.000000
10 10717 319.000000
634 656 319.000000
1011 10378 319.000000
895 917 318.000000
1004 10953 318.000000
10 10279 317.000000
10 10387 317.000000
10 10432 317.000000
10 10532 317.000000
228 250 316.000000
10 10335 313.000000
1028 10435 312.000000
1070 10796 312.000000
764 786 310.000000
10 10002 309.000000
100 101 309.000000
101 102 309.000000
102 103 309.000000
10 10593 308.000000
10 10619 307.000000
103 104 307.000000
1568 1569 306.000000
1569 1570 306.000000
1570 1571 306.000000
1506 1528 305.000000
1042 10932 304.000000
1052 10927 304.000000
10 10130 303.000000
216 238 302.000000
1463 1485 300.000000
10 10868 299.000000
52 74 299.000000
236 258 297.000000
10 10142 296.000000
327 349 296.000000
1006 10398 296.000000
779 780 294.000000
1028 10398 294.000000
10 10308 293.000000
1027 10985 292.000000
104 105 291.000000
1028 10310 289.000000
410 411 286.000000
591 592 286.000000
409 410 281.000000
547 548 281.000000
1010 10255 281.000000
250 272 280.000000
1127 1128 280.000000
1415 1416 280.000000
1051 10995 279.000000
1031 10751 278.000000
894 916 277.000000
1214 1215 274.000000
105 106 272.000000
106 107 272.000000
107 108 272.000000
108 109 272.000000
1004 10689 272.000000
1004 10850 272.000000
1008 10340 271.000000
654 676 270.000000
10 10426 269.000000
164 186 269.000000
830 831 269.000000
1006 10910 267.000000
1006 10130 266.000000
1571 1572 263.000000
1029 10409 261.000000
1052 10643 260.000000
546 568 258.000000
1008 10431 256.000000
1096 1097 256.000000
1097 1098 256.000000
322 344 255.000000
171 193 254.000000
10 10486 253.000000
1008 10553 251.000000
625 626 250.000000
1029 10488 248.000000
910 911 246.000000
1049 10577 246.000000
1031 10846 245.000000
1052 10583 245.000000
1166 1167 245.000000
1166 1187 245.000000
1167 1168 245.000000
1168 1169 245.000000
1169 1170 245.000000
32 54 240.000000
1133 1155 239.000000
1291 1292 239.000000
1006 10142 238.000000
1173 1195 238.000000
461 483 237.000000
1019 10635 237.000000
1029 10924 237.000000
942 943 236.000000
132 133 234.000000
133 134 234.000000
134 135 234.000000
135 136 234.000000
136 137 234.000000
137 138 234.000000
138 139 234.000000
139 140 234.000000
896 918 234.000000
1047 10618 234.000000
10 10879 233.000000
278 300 233.000000
121 122 232.000000
122 123 232.000000
123 124 232.000000
124 125 232.000000
260 282 232.000000
305 306 232.000000
963 964 232.000000
1033 10378 230.000000
1263 1285 230.000000
1374 1396 229.000000
125 126 228.000000
1020 10835 228.000000
1020 10852 228.000000
1095 1117 228.000000
850 872 227.000000
1048 1070 227.000000
1029 10586 226.000000
1005 10669 224.000000
1008 10204 224.000000
555 556 223.000000
556 557 223.000000
557 558 223.000000
558 559 223.000000
592 593 223.000000
1009 10643 223.000000
174 175 222.000000
1006 10239 222.000000
1006 10475 222.000000
1006 10730 222.000000
1006 10972 222.000000
1004 10305 221.000000
1009 10293 221.000000
1010 1011 221.000000
1009 10155 220.000000
964 965 218.000000
635 657 217.000000
965 966 217.000000
626 627 216.000000
851 873 216.000000
1006 10432 216.000000
1486 1487 216.000000
1051 10678 215.000000
109 131 214.000000
126 127 213.000000
1009 10583 213.000000
1051 10981 213.000000
1026 10493 211.000000
1029 10762 210.000000
801 802 209.000000
1003 10325 207.000000
1006 10696 207.000000
1028 10696 207.000000
264 265 206.000000
264 285 206.000000
265 266 206.000000
266 267 206.000000
267 268 206.000000
268 269 206.000000
284 285 206.000000
1006 10310 206.000000
1028 10351 206.000000
1094 10981 206.000000
127 128 205.000000
128 129 205.000000
129 130 205.000000
130 131 205.000000
269 270 205.000000
270 271 205.000000
1006 10920 205.000000
151 173 204.000000
1006 10163 202.000000
1028 10363 202.000000
1009 10176 201.000000
1050 10609 201.000000
1095 10961 201.000000
1107 1108 201.000000
1108 1109 201.000000
1109 1110 201.000000
678 700 200.000000
1006 10586 200.000000
1005 10435 199.000000
1029 10947 198.000000
763 785 196.000000
1027 10613 196.000000
1042 10711 196.000000
1002 10256 195.000000
1030 10561 195.000000
1328 1350 195.000000
1030 10553 194.000000
1509 1510 194.000000
1510 1511 194.000000
1511 1512 194.000000
1512 1513 194.000000
10 10310 193.000000
1030 10844 193.000000
1008 10678 192.000000
1030 10431 192.000000
1110 1111 191.000000
1049 10593 190.000000
1049 10619 190.000000
10 10363 189.000000
700 701 189.000000
1284 1306 188.000000
10 10696 187.000000
1053 1054 187.000000
1054 1055 187.000000
1072 10762 187.000000
1004 1026 184.000000
1030 10340 183.000000
1041 1042 183.000000
1063 10635 182.000000
1117 1139 182.000000
284 306 181.000000
1003 10256 181.000000
1049 10879 181.000000
744 745 180.000000
1072 10947 180.000000
1399 1400 180.000000
809 810 179.000000
1003 10369 179.000000
648 649 178.000000
1003 10969 177.000000
1106 1107 176.000000
365 366 175.000000
1008 10523 175.000000
186 208 174.000000
1006 10733 172.000000
1049 10717 172.000000
1052 10751 172.000000
548 570 170.000000
1006 10740 170.000000
33 34 168.000000
1006 10837 168.000000
584 585 167.000000
1028 10857 167.000000
562 563 166.000000
1052 1053 166.000000
943 944 165.000000
944 945 165.000000
1072 10924 165.000000
1028 10432 164.000000
568 590 163.000000
1028 10387 162.000000
1028 10868 162.000000
1033 1055 161.000000
1003 10254 160.000000
1006 10663 159.000000
1006 10269 158.000000
227 249 157.000000
657 679 157.000000
1006 10244 157.000000
679 701 156.000000
1006 10593 156.000000
1006 10619 156.000000
1006 10996 155.000000
572 593 154.000000
1006 10426 154.000000
1028 10730 154.000000
1028 10972 154.000000
207 229 153.000000
258 280 153.000000
302 324 153.000000
1005 10081 153.000000
1006 10375 153.000000
1028 10475 153.000000
572 573 152.000000
573 574 152.000000
574 575 152.000000
575 576 152.000000
1006 10346 152.000000
1006 10428 152.000000
1008 10327 152.000000
1026 10421 152.000000
1330 1352 152.000000
541 542 151.000000
1006 10886 151.000000
962 984 150.000000
1572 1573 150.000000
10 10398 149.000000
875 897 149.000000
1073 1095 149.000000
1004 10190 148.000000
1073 10995 147.000000
830 852 146.000000
1004 10446 146.000000
1005 10246 146.000000
1005 10702 146.000000
1202 1224 146.000000
259 281 145.000000
198 199 144.000000
198 219 144.000000
199 200 144.000000
200 201 144.000000
201 202 144.000000
202 203 144.000000
203 204 144.000000
204 205 144.000000
1005 10347 144.000000
919 941 143.000000
1302 1303 143.000000
1303 1304 143.000000
1304 1305 143.000000
1005 10271 142.000000
140 162 140.000000
1027 10668 140.000000
1005 10180 139.000000
1072 10879 139.000000
1481 1503 137.000000
1005 10950 136.000000
1460 1482 136.000000
455 456 135.000000
456 457 135.000000
457 458 135.000000
163 185 134.000000
1006 10308 133.000000
1029 10600 133.000000
610 632 132.000000
1006 10486 132.000000
1006 10879 132.000000
1378 1379 132.000000
458 459 131.000000
459 460 131.000000
460 461 131.000000
853 875 131.000000
1030 10678 131.000000
1025 10777 129.000000
1025 10810 129.000000
547 569 128.000000
591 613 128.000000
1074 10927 128.000000
1138 1160 128.000000
238 260 127.000000
657 658 126.000000
1029 10358 126.000000
1029 10818 126.000000
1074 10846 125.000000
1210 1211 125.000000
1210 1231 125.000000
1211 1212 125.000000
1212 1213 125.000000
1213 1214 125.000000
1530 1531 125.000000
581 582 124.000000
582 583 124.000000
1031 10643 124.000000
577 578 123.000000
578 579 123.000000
579 580 123.000000
580 581 123.000000
744 766 123.000000
1243 1265 123.000000
780 802 122.000000
965 987 122.000000
1020 10286 122.000000
77 99 121.000000
498 499 121.000000
499 500 121.000000
500 501 121.000000
1394 1416 121.000000
1031 10583 120.000000
1188 1189 120.000000
1188 1209 120.000000
1189 1190 120.000000
1190 1191 120.000000
1191 1192 120.000000
1356 1357 119.000000
12 34 118.000000
1026 10413 118.000000
677 699 117.000000
741 763 117.000000
605 627 116.000000
1063 10856 116.000000
1092 1114 116.000000
1353 1375 116.000000
1047 10901 115.000000
262 284 114.000000
548 549 114.000000
349 371 113.000000
561 562 113.000000
30 52 112.000000
1003 10955 112.000000
1026 10982 112.000000
1072 10818 112.000000
1113 1135 112.000000
1008 10561 111.000000
1028 10486 111.000000
1028 10879 111.000000
1050 10868 111.000000
633 655 110.000000
722 744 110.000000
1008 10844 110.000000
1003 10357 109.000000
1003 10949 109.000000
1004 10618 109.000000
1225 1226 109.000000
937 959 108.000000
1020 10932 108.000000
1003 10946 107.000000
1028 10308 107.000000
417 439 106.000000
439 461 106.000000
616 637 106.000000
636 637 106.000000
955 977 106.000000
1127 1149 106.000000
631 653 105.000000
1226 1227 105.000000
1227 1228 105.000000
1228 1229 105.000000
1229 1230 105.000000
1230 1231 105.000000
367 389 104.000000
1046 10738 104.000000
519 520 103.000000
1006 10221 103.000000
326 348 102.000000
335 336 102.000000
345 367 102.000000
938 960 102.000000
1028 10593 102.000000
1028 10619 102.000000
1305 1306 102.000000
212 234 101.000000
1028 10426 101.000000
533 534 100.000000
534 535 100.000000
535 536 100.000000
536 537 100.000000
1026 10850 100.000000
697 719 99.000000
1007 1029 99.000000
1052 10846 99.000000
866 867 98.000000
1003 10745 98.000000
537 538 97.000000
538 539 97.000000
539 540 97.000000
589 611 97.000000
389 411 96.000000
415 416 96.000000
416 417 96.000000
786 808 96.000000
1004 10554 96.000000
1005 10143 96.000000
1050 10924 96.000000
1199 1221 96.000000
616 617 95.000000
617 618 95.000000
618 619 95.000000
619 620 95.000000
1048 10953 95.000000
1026 10689 93.000000
1050 10947 93.000000
1439 1461 93.000000
1548 1570 92.000000
523 524 91.000000
990 991 91.000000
991 992 91.000000
992 993 91.000000
993 994 91.000000
994 995 91.000000
995 996 91.000000
996 997 91.000000
1004 10487 91.000000
1006 10387 91.000000
1006 10868 91.000000
1028 10347 91.000000
1050 10818 91.000000
1258 1259 91.000000
183 205 90.000000
215 237 90.000000
489 490 90.000000
490 491 90.000000
491 492 90.000000
492 493 90.000000
493 494 90.000000
494 495 90.000000
495 496 90.000000
1003 10529 90.000000
1073 10981 90.000000
78 79 89.000000
79 80 89.000000
80 81 89.000000
81 82 89.000000
82 83 89.000000
83 84 89.000000
84 85 89.000000
85 86 89.000000
86 87 89.000000
1005 10613 89.000000
1006 10351 89.000000
1050 10600 89.000000
1100 1121 89.000000
540 541 88.000000
1047 10487 88.000000
1242 1264 88.000000
1417 1439 88.000000
292 293 87.000000
730 731 87.000000
731 732 87.000000
732 733 87.000000
733 734 87.000000
734 735 87.000000
918 940 87.000000
1004 10542 87.000000
1025 10509 87.000000
1025 10603 87.000000
1025 10841 87.000000
1025 10883 87.000000
1192 1193 87.000000
1375 1397 87.000000
1025 10808 86.000000
1094 1116 86.000000
1004 10627 85.000000
1004 10677 85.000000
1047 10821 85.000000
1050 10762 85.000000
1091 10953 85.000000
781 803 84.000000
1004 10964 84.000000
1025 10331 84.000000
1025 10380 84.000000
1025 10816 84.000000
1025 10877 84.000000
1180 1202 84.000000
218 219 83.000000
719 741 83.000000
868 890 83.000000
1049 10985 83.000000
1100 1101 83.000000
1101 1102 83.000000
1102 1103 83.000000
1103 1104 83.000000
1104 1105 83.000000
1436 1437 83.000000
594 595 82.000000
595 596 82.000000
596 597 82.000000
597 598 82.000000
1004 10665 82.000000
1006 10363 82.000000
694 716 81.000000
1003 10811 81.000000
1072 10972 81.000000
77 78 80.000000
1005 10938 80.000000
1025 10450 79.000000
1025 10476 79.000000
1025 10505 79.000000
1025 10506 79.000000
1025 10703 79.000000
1025 10775 79.000000
1025 10783 79.000000
1025 10848 79.000000
1025 10902 79.000000
1025 10921 79.000000
1025 10951 79.000000
1064 10731 79.000000
1026 10752 78.000000
1072 10730 78.000000
1182 1204 78.000000
196 218 77.000000
1025 1047 77.000000
1049 10613 77.000000
1224 1246 77.000000
185 207 76.000000
787 788 76.000000
823 845 76.000000
1004 10469 76.000000
75 97 75.000000
411 412 75.000000
412 413 75.000000
413 414 75.000000
1007 10687 75.000000
1004 10421 74.000000
917 939 73.000000
165 187 72.000000
335 357 72.000000
874 896 72.000000
1002 10225 72.000000
65 87 71.000000
594 615 71.000000
614 615 71.000000
721 743 71.000000
943 965 71.000000
1034 1035 71.000000
1034 1055 71.000000
1035 1036 71.000000
1036 1037 71.000000
1037 1038 71.000000
1038 1039 71.000000
1039 1040 71.000000
1046 10842 71.000000
1046 10575 70.000000
1046 10640 70.000000
1046 10718 70.000000
1573 1574 70.000000
257 279 69.000000
1028 10910 69.000000
1046 10788 68.000000
1051 1073 68.000000
501 523 67.000000
932 933 67.000000
1006 10279 67.000000
131 153 65.000000
218 240 65.000000
592 614 65.000000
1027 1049 65.000000
1064 10932 65.000000
1524 1546 65.000000
219 241 64.000000
336 337 64.000000
1028 10895 64.000000
576 577 63.000000
588 610 63.000000
968 969 63.000000
969 970 63.000000
970 971 63.000000
971 972 63.000000
972 973 63.000000
973 974 63.000000
974 975 63.000000
1048 10669 63.000000
1280 1281 63.000000
1551 1552 63.000000
305 327 62.000000
1028 10763 62.000000
1029 10782 62.000000
1105 1106 62.000000
1158 1180 62.000000
308 309 61.000000
308 329 61.000000
309 310 61.000000
310 311 61.000000
311 312 61.000000
312 313 61.000000
328 329 61.000000
612 634 61.000000
614 636 61.000000
518 519 60.000000
675 697 60.000000
1029 10502 60.000000
1046 10934 60.000000
1545 1546 60.000000
872 894 59.000000
1006 10510 59.000000
1006 10862 59.000000
1020 10207 59.000000
1046 10568 59.000000
1046 10664 59.000000
1046 10965 59.000000
1128 1150 59.000000
1567 1568 59.000000
22 23 58.000000
22 44 58.000000
23 24 58.000000
24 25 58.000000
25 26 58.000000
170 192 58.000000
301 323 58.000000
1006 10865 58.000000
1006 10956 58.000000
1064 10711 58.000000
12 13 57.000000
214 236 57.000000
392 393 57.000000
34 56 56.000000
330 331 56.000000
330 351 56.000000
331 332 56.000000
332 333 56.000000
333 334 56.000000
334 335 56.000000
349 350 56.000000
350 351 56.000000
975 976 56.000000
1503 1525 56.000000
550 551 55.000000
551 552 55.000000
552 553 55.000000
553 554 55.000000
649 671 55.000000
785 807 55.000000
1020 10590 55.000000
1262 1284 55.000000
66 88 54.000000
501 502 54.000000
620 621 54.000000
271 293 53.000000
550 571 53.000000
1528 1550 53.000000
132 153 52.000000
524 525 52.000000
919 920 52.000000
920 921 52.000000
921 922 52.000000
922 923 52.000000
44 65 51.000000
184 206 51.000000
1028 10335 51.000000
1073 10998 51.000000
1085 10932 51.000000
462 463 50.000000
462 483 50.000000
463 464 50.000000
464 465 50.000000
465 466 50.000000
525 526 50.000000
599 600 50.000000
600 601 50.000000
601 602 50.000000
1090 10902 50.000000
1090 10921 50.000000
598 599 49.000000
1012 1013 49.000000
1013 1014 49.000000
1014 1015 49.000000
1015 1016 49.000000
1016 1017 49.000000
1017 1018 49.000000
1018 1019 49.000000
1291 1313 49.000000
545 567 48.000000
665 666 48.000000
666 667 48.000000
667 668 48.000000
668 669 48.000000
669 670 48.000000
960 982 48.000000
1006 10218 48.000000
1006 10372 48.000000
1006 10532 48.000000
1006 10977 48.000000
1029 10663 48.000000
1069 10946 48.000000
152 174 47.000000
526 527 47.000000
638 639 47.000000
639 640 47.000000
640 641 47.000000
723 724 47.000000
946 968 47.000000
1025 10745 47.000000
1048 10979 47.000000
1070 1092 47.000000
1139 1161 47.000000
602 603 46.000000
603 604 46.000000
604 605 46.000000
735 736 46.000000
902 903 46.000000
902 923 46.000000
903 904 46.000000
904 905 46.000000
905 906 46.000000
906 907 46.000000
907 908 46.000000
908 909 46.000000
909 910 46.000000
1012 1033 46.000000
1051 10997 46.000000
1069 10982 46.000000
1236 1237 46.000000
379 380 45.000000
380 381 45.000000
381 382 45.000000
382 383 45.000000
383 384 45.000000
384 385 45.000000
385 386 45.000000
386 387 45.000000
414 415 45.000000
1006 10824 45.000000
1028 10702 45.000000
1040 1041 45.000000
1056 1057 45.000000
1056 1077 45.000000
1057 1058 45.000000
1058 1059 45.000000
1059 1060 45.000000
1060 1061 45.000000
528 549 44.000000
1061 1062 44.000000
1069 10811 44.000000
1069 10949 44.000000
1069 10955 44.000000
313 314 43.000000
314 315 43.000000
650 672 43.000000
1026 10446 43.000000
1265 1287 43.000000
283 305 42.000000
502 524 42.000000
570 571 42.000000
1003 1025 42.000000
1046 1068 42.000000
1459 1481 42.000000
528 529 41.000000
529 530 41.000000
530 531 41.000000
531 532 41.000000
532 533 41.000000
656 678 41.000000
698 720 41.000000
829 851 41.000000
916 938 41.000000
1029 10740 41.000000
1070 10850 41.000000
1393 1415 41.000000
56 57 40.000000
57 58 40.000000
58 59 40.000000
59 60 40.000000
60 61 40.000000
61 62 40.000000
62 63 40.000000
63 64 40.000000
64 65 40.000000
511 512 40.000000
512 513 40.000000
513 514 40.000000
514 515 40.000000
515 516 40.000000
516 517 40.000000
517 518 40.000000
638 659 40.000000
658 659 40.000000
824 846 40.000000
1006 10263 40.000000
1006 10301 40.000000
1006 10638 40.000000
1006 10789 40.000000
1029 10329 40.000000
1029 10346 40.000000
1029 10379 40.000000
1029 10428 40.000000
1029 10863 40.000000
1029 10996 40.000000
1151 1173 40.000000
1575 1576 40.000000
1576 1577 40.000000
1577 1578 40.000000
26 27 39.000000
126 148 39.000000
738 760 39.000000
901 923 39.000000
924 945 39.000000
1028 10414 39.000000
1069 10721 39.000000
304 326 38.000000
306 328 38.000000
660 681 38.000000
680 681 38.000000
1028 10940 38.000000
1029 10375 38.000000
1029 10886 38.000000
1552 1553 38.000000
118 140 37.000000
924 946 37.000000
964 986 37.000000
1006 10121 37.000000
1006 10550 37.000000
1027 10669 37.000000
1028 10372 37.000000
1028 10977 37.000000
1090 1112 37.000000
569 591 36.000000
1006 10113 36.000000
1078 1079 36.000000
1078 1099 36.000000
1079 1080 36.000000
1080 1081 36.000000
1081 1082 36.000000
1082 1083 36.000000
1083 1084 36.000000
10 1572 35.000000
357 358 35.000000
358 359 35.000000
359 360 35.000000
360 361 35.000000
361 362 35.000000
362 363 35.000000
363 364 35.000000
364 365 35.000000
1003 10665 35.000000
1028 10532 35.000000
1028 10550 35.000000
1046 10659 35.000000
626 648 34.000000
1020 10391 34.000000
1028 10717 34.000000
1352 1374 34.000000
621 622 33.000000
622 623 33.000000
623 624 33.000000
624 625 33.000000
897 898 33.000000
1006 10364 33.000000
1006 10717 33.000000
1006 10894 33.000000
1049 10550 33.000000
1049 10895 33.000000
506 507 32.000000
507 508 32.000000
508 509 32.000000
509 510 32.000000
784 806 32.000000
802 824 32.000000
915 937 32.000000
1003 10148 32.000000
1026 10542 32.000000
1026 10627 32.000000
1049 10977 32.000000
1096 1118 32.000000
1154 1176 32.000000
1175 1197 32.000000
371 372 31.000000
372 373 31.000000
660 661 31.000000
661 662 31.000000
662 663 31.000000
663 664 31.000000
664 665 31.000000
748 749 31.000000
749 750 31.000000
750 751 31.000000
751 752 31.000000
898 899 31.000000
899 900 31.000000
900 901 31.000000
1049 10763 31.000000
1050 10502 31.000000
1050 10696 31.000000
1372 1394 31.000000
1437 1459 31.000000
752 753 30.000000
753 754 30.000000
754 755 30.000000
755 756 30.000000
756 757 30.000000
1009 10455 30.000000
1020 10474 30.000000
1024 1046 30.000000
1025 10256 30.000000
1025 10969 30.000000
1026 10487 30.000000
1026 10618 30.000000
1049 10532 30.000000
11 1573 29.000000
261 283 29.000000
506 527 29.000000
715 737 29.000000
1006 10246 29.000000
1025 10325 29.000000
1026 10330 29.000000
1026 10529 29.000000
1026 10665 29.000000
169 191 28.000000
303 325 28.000000
643 665 28.000000
893 915 28.000000
1006 10062 28.000000
1006 10349 28.000000
1006 10769 28.000000
1090 10951 28.000000
1094 10997 28.000000
1171 1193 28.000000
127 149 27.000000
174 196 27.000000
175 197 27.000000
613 635 27.000000
658 680 27.000000
701 702 27.000000
1068 10831 27.000000
1091 10982 27.000000
1248 1249 27.000000
1249 1250 27.000000
1250 1251 27.000000
1251 1252 27.000000
1252 1253 27.000000
282 304 26.000000
670 671 26.000000
748 769 26.000000
766 767 26.000000
767 768 26.000000
768 769 26.000000
1007 10244 26.000000
1025 10280 26.000000
1047 10493 26.000000
757 758 25.000000
1019 10856 25.000000
1025 10659 25.000000
1025 10721 25.000000
1026 1048 25.000000
1028 10364 25.000000
1062 1084 25.000000
1090 10969 25.000000
1465 1466 25.000000
497 498 24.000000
1004 10796 24.000000
1020 10234 24.000000
1020 10999 24.000000
1028 10894 24.000000
1074 10844 24.000000
13 1575 23.000000
583 584 23.000000
736 758 23.000000
942 964 23.000000
1006 10184 23.000000
1006 10237 23.000000
1006 10414 23.000000
1006 10940 23.000000
313 335 22.000000
352 353 22.000000
352 373 22.000000
353 354 22.000000
354 355 22.000000
355 356 22.000000
356 357 22.000000
621 643 22.000000
954 976 22.000000
963 985 22.000000
1003 10399 22.000000
1020 10449 22.000000
1031 10455 22.000000
1052 10523 22.000000
1105 1127 22.000000
1552 1574 22.000000
636 658 21.000000
1091 10979 21.000000
1150 1172 21.000000
1089 1111 20.000000
1110 1132 20.000000
1266 1288 20.000000
1287 1309 20.000000
105 127 19.000000
524 546 19.000000
874 875 19.000000
1025 10270 19.000000
1025 10357 19.000000
1025 10369 19.000000
1025 10811 19.000000
1025 10949 19.000000
1025 10955 19.000000
1026 10796 19.000000
1026 10979 19.000000
1052 10561 19.000000
1071 1093 19.000000
1072 10868 19.000000
1098 1099 19.000000
1222 1244 19.000000
433 434 18.000000
434 435 18.000000
435 436 18.000000
742 764 18.000000
911 933 18.000000
1003 10493 18.000000
1003 10694 18.000000
1003 10752 18.000000
1025 10946 18.000000
1026 10554 18.000000
1031 10327 18.000000
1046 10721 18.000000
1068 10842 18.000000
1075 10751 18.000000
100 10794 17.000000
153 175 17.000000
239 261 17.000000
256 278 17.000000
502 503 17.000000
503 504 17.000000
504 505 17.000000
737 759 17.000000
845 867 17.000000
1004 10979 17.000000
1070 10979 17.000000
1502 1503 17.000000
1574 1575 17.000000
104 126 16.000000
467 489 16.000000
1002 10450 16.000000
1002 10506 16.000000
1002 10703 16.000000
1002 10775 16.000000
1002 10783 16.000000
1002 10848 16.000000
1002 10902 16.000000
1002 10921 16.000000
1002 10951 16.000000
1002 10969 16.000000
1008 1030 16.000000
1046 10810 16.000000
1047 10627 16.000000
1075 10778 16.000000
1193 1215 16.000000
1198 1220 16.000000
1395 1417 16.000000
1396 1418 16.000000
173 195 15.000000
496 497 15.000000
1002 10484 15.000000
1002 10505 15.000000
1024 10386 15.000000
1024 10407 15.000000
1024 10842 15.000000
1218 1240 15.000000
1354 1376 15.000000
1002 10831 14.000000
1020 10711 14.000000
1024 10250 14.000000
1024 10568 14.000000
1024 10575 14.000000
1024 10640 14.000000
1024 10664 14.000000
1024 10718 14.000000
1024 10788 14.000000
1024 10965 14.000000
1025 10277 14.000000
1025 10681 14.000000
1025 10821 14.000000
1047 1069 14.000000
1050 10740 14.000000
1107 1129 14.000000
1170 1171 14.000000
1397 1419 14.000000
1418 1440 14.000000
121 143 13.000000
454 455 13.000000
466 467 13.000000
480 481 13.000000
481 482 13.000000
482 483 13.000000
489 511 13.000000
583 605 13.000000
1003 10821 13.000000
1072 10863 13.000000
1072 10886 13.000000
1094 10947 13.000000
1136 1158 13.000000
1177 1199 13.000000
1523 1524 13.000000
1523 1545 13.000000
56 78 12.000000
100 10767 12.000000
476 477 12.000000
477 478 12.000000
478 479 12.000000
479 480 12.000000
510 511 12.000000
607 629 12.000000
976 998 12.000000
1003 10249 12.000000
1003 10280 12.000000
1003 10681 12.000000
1019 10276 12.000000
1443 1444 12.000000
1461 1483 12.000000
1484 1506 12.000000
554 555 11.000000
594 616 11.000000
743 765 11.000000
967 989 11.000000
1002 10028 11.000000
1002 10167 11.000000
1002 10179 11.000000
1002 10250 11.000000
1002 10386 11.000000
1002 10407 11.000000
1002 10568 11.000000
1002 10575 11.000000
1002 10640 11.000000
1002 10664 11.000000
1002 10718 11.000000
1002 10788 11.000000
1002 10842 11.000000
1002 10965 11.000000
1040 10635 11.000000
1046 10509 11.000000
1070 10953 11.000000
1073 10997 11.000000
1112 1134 11.000000
1149 1171 11.000000
1155 1177 11.000000
100 10566 10.000000
100 10826 10.000000
100 10963 10.000000
395 417 10.000000
505 527 10.000000
676 698 10.000000
704 705 10.000000
704 725 10.000000
705 706 10.000000
706 707 10.000000
707 708 10.000000
720 742 10.000000
724 725 10.000000
1020 1042 10.000000
1049 10702 10.000000
1063 1085 10.000000
1066 1088 10.000000
1088 1110 10.000000
1095 10995 10.000000
1232 1233 10.000000
1232 1253 10.000000
1233 1234 10.000000
1234 1235 10.000000
1235 1236 10.000000
1269 1291 10.000000
1398 1420 10.000000
146 168 9.000000
168 190 9.000000
373 395 9.000000
831 853 9.000000
1020 10272 9.000000
1020 10411 9.000000
1040 10856 9.000000
1041 10590 9.000000
1047 10982 9.000000
1050 10996 9.000000
1052 10553 9.000000
1068 10934 9.000000
1092 10985 9.000000
1094 10998 9.000000
1134 1156 9.000000
1331 1353 9.000000
701 723 8.000000
879 901 8.000000
945 967 8.000000
1047 10542 8.000000
1047 10554 8.000000
1047 10694 8.000000
1069 10821 8.000000
1122 1123 8.000000
1122 1144 8.000000
1123 1124 8.000000
1124 1125 8.000000
1125 1126 8.000000
1126 1127 8.000000
1276 1277 8.000000
1276 1297 8.000000
1277 1278 8.000000
1278 1279 8.000000
1279 1280 8.000000
1292 1293 8.000000
1293 1294 8.000000
1294 1295 8.000000
1295 1296 8.000000
1296 1297 8.000000
1419 1441 8.000000
100 10911 7.000000
143 165 7.000000
638 660 7.000000
693 715 7.000000
853 854 7.000000
854 855 7.000000
855 856 7.000000
856 857 7.000000
857 879 7.000000
966 967 7.000000
975 997 7.000000
1003 10277 7.000000
1003 10659 7.000000
1003 10721 7.000000
1031 10523 7.000000
1031 10844 7.000000
1046 10603 7.000000
1046 10777 7.000000
1046 10808 7.000000
1046 10811 7.000000
1046 10816 7.000000
1046 10841 7.000000
1046 10877 7.000000
1046 10883 7.000000
1046 10946 7.000000
1046 10949 7.000000
1046 10955 7.000000
1052 10844 7.000000
1062 1063 7.000000
1068 10808 7.000000
1069 10694 7.000000
1074 1096 7.000000
125 147 6.000000
213 235 6.000000
523 545 6.000000
682 683 6.000000
682 703 6.000000
683 684 6.000000
684 685 6.000000
685 686 6.000000
702 703 6.000000
787 809 6.000000
946 947 6.000000
947 948 6.000000
948 949 6.000000
949 950 6.000000
950 951 6.000000
951 952 6.000000
952 953 6.000000
953 954 6.000000
1050 10863 6.000000
1050 10886 6.000000
1068 10718 6.000000
1068 10788 6.000000
1068 10965 6.000000
1071 10985 6.000000
1090 10955 6.000000
1099 1121 6.000000
1100 1122 6.000000
1122 1143 6.000000
1142 1143 6.000000
1153 1175 6.000000
1156 1178 6.000000
1192 1214 6.000000
44 66 5.000000
300 322 5.000000
480 502 5.000000
643 644 5.000000
644 645 5.000000
645 646 5.000000
646 647 5.000000
647 648 5.000000
748 770 5.000000
757 779 5.000000
770 791 5.000000
788 789 5.000000
789 790 5.000000
790 791 5.000000
1053 1075 5.000000
1068 10816 5.000000
1068 10877 5.000000
1106 1128 5.000000
1466 1467 5.000000
1467 1468 5.000000
1468 1469 5.000000
1469 1491 5.000000
1491 1513 5.000000
291 313 4.000000
458 480 4.000000
474 475 4.000000
475 476 4.000000
655 677 4.000000
714 736 4.000000
933 955 4.000000
946 967 4.000000
1041 10835 4.000000
1041 10852 4.000000
1041 10944 4.000000
1068 1090 4.000000
1089 10965 4.000000
1095 10981 4.000000
1111 1133 4.000000
1181 1203 4.000000
197 219 3.000000
401 402 3.000000
402 403 3.000000
403 404 3.000000
404 405 3.000000
405 406 3.000000
406 407 3.000000
407 408 3.000000
408 409 3.000000
467 468 3.000000
468 469 3.000000
469 470 3.000000
470 471 3.000000
471 472 3.000000
472 473 3.000000
473 474 3.000000
506 528 3.000000
526 548 3.000000
537 559 3.000000
571 593 3.000000
611 633 3.000000
632 654 3.000000
670 692 3.000000
699 721 3.000000
726 727 3.000000
726 747 3.000000
727 728 3.000000
728 729 3.000000
729 730 3.000000
745 746 3.000000
746 747 3.000000
809 831 3.000000
959 981 3.000000
1047 10529 3.000000
1047 10665 3.000000
1047 10752 3.000000
1068 10703 3.000000
1068 10775 3.000000
1068 10783 3.000000
1068 10848 3.000000
1068 10902 3.000000
1068 10921 3.000000
1068 10946 3.000000
1068 10951 3.000000
1069 10752 3.000000
1084 1106 3.000000
1196 1218 3.000000
1441 1463 3.000000
103 125 2.000000
453 454 2.000000
511 533 2.000000
525 547 2.000000
541 563 2.000000
550 572 2.000000
567 589 2.000000
627 649 2.000000
672 694 2.000000
692 714 2.000000
700 722 2.000000
758 780 2.000000
898 920 2.000000
920 942 2.000000
924 925 2.000000
925 926 2.000000
926 927 2.000000
927 928 2.000000
928 929 2.000000
929 930 2.000000
930 931 2.000000
931 932 2.000000
961 983 2.000000
1009 1031 2.000000
1046 10476 2.000000
1046 10484 2.000000
1046 10505 2.000000
1046 10506 2.000000
1046 10703 2.000000
1046 10775 2.000000
1046 10783 2.000000
1046 10848 2.000000
1046 10902 2.000000
1046 10921 2.000000
1046 10951 2.000000
1046 10969 2.000000
1068 10969 2.000000
1090 10946 2.000000
1090 10949 2.000000
1132 1154 2.000000
1241 1263 2.000000
12 1574 1.000000
172 194 1.000000
269 291 1.000000
337 338 1.000000
338 339 1.000000
339 340 1.000000
340 341 1.000000
341 342 1.000000
342 343 1.000000
343 344 1.000000
393 394 1.000000
394 395 1.000000
527 549 1.000000
599 621 1.000000
641 642 1.000000
642 643 1.000000
671 693 1.000000
708 709 1.000000
709 710 1.000000
710 711 1.000000
711 712 1.000000
712 713 1.000000
713 714 1.000000
779 801 1.000000
875 876 1.000000
876 877 1.000000
877 878 1.000000
878 879 1.000000
1061 1083 1.000000
1083 1105 1.000000
1415 1437 1.000000
1442 1464 1.000000
1540 1541 1.000000
1540 1561 1.000000
1541 1542 1.000000
1542 1543 1.000000
1543 1544 1.000000
1544 1545 1.000000
1546 1568 1.000000
1557 1558 1.000000
1558 1559 1.000000
1559 1560 1.000000
1560 1561 1.000000
