220 241 17877.000000
240 241 17877.000000
220 221 17662.000000
239 240 14771.000000
1233 1234 14717.000000
221 222 12928.000000
242 243 12901.000000
242 263 12901.000000
261 262 12901.000000
262 263 12901.000000
1255 1256 12820.000000
1058 1059 12035.000000
1232 1233 11459.000000
1014 1015 11203.000000
1234 1235 10939.000000
1277 1278 10363.000000
1254 1255 10081.000000
1425 1426 9954.000000
1254 1275 9934.000000
1276 1297 9768.000000
1426 1427 9754.000000
1276 1277 9653.000000
1232 1253 9610.000000
1190 1191 9493.000000
1057 1058 9059.000000
222 223 9039.000000
1292 1293 8958.000000
1189 1190 8848.000000
1296 1297 8714.000000
1013 1014 8460.000000
1294 1295 8350.000000
1211 1212 8327.000000
260 261 8309.000000
1146 1147 8291.000000
1188 1189 8258.000000
880 901 8243.000000
900 901 8243.000000
924 945 8236.000000
944 945 8236.000000
880 881 8171.000000
1427 1428 8117.000000
1293 1294 8110.000000
1079 1080 8093.000000
18 19 7753.000000
150 151 7661.000000
1295 1296 7581.000000
858 879 7427.000000
878 879 7427.000000
1274 1275 7281.000000
1015 1016 7221.000000
1252 1253 7142.000000
1101 1102 7114.000000
17 18 7101.000000
925 926 7042.000000
1056 1057 7001.000000
194 195 6944.000000
991 992 6873.000000
1059 1060 6744.000000
970 971 6734.000000
943 944 6717.000000
223 224 6618.000000
1210 1211 6456.000000
264 265 6436.000000
264 285 6436.000000
284 285 6436.000000
243 244 6371.000000
1078 1079 6341.000000
1291 1292 6322.000000
1060 1061 6229.000000
1428 1429 6223.000000
924 925 6220.000000
1145 1146 6201.000000
265 266 6161.000000
106 107 6084.000000
992 993 5939.000000
1271 1272 5897.000000
1012 1013 5848.000000
1102 1103 5743.000000
971 972 5740.000000
1408 1429 5653.000000
128 129 5630.000000
283 284 5601.000000
1078 1099 5575.000000
969 970 5568.000000
1144 1145 5506.000000
244 245 5486.000000
1270 1271 5443.000000
1272 1273 5438.000000
990 991 5427.000000
1210 1231 5388.000000
942 943 5309.000000
1273 1274 5301.000000
1188 1209 5295.000000
198 199 5291.000000
199 200 5291.000000
899 900 5181.000000
1144 1165 5116.000000
198 219 5076.000000
218 219 5076.000000
1269 1270 5059.000000
310 311 4998.000000
1074 1075 4928.000000
1075 1076 4928.000000
1076 1077 4928.000000
266 267 4919.000000
16 17 4882.000000
877 878 4850.000000
1320 1341 4826.000000
221 243 4750.000000
1320 1321 4721.000000
1403 1404 4701.000000
1147 1169 4673.000000
1321 1322 4654.000000
1100 1101 4641.000000
63 64 4624.000000
238 239 4573.000000
1147 1148 4560.000000
1251 1252 4560.000000
1230 1231 4483.000000
1167 1168 4481.000000
418 419 4461.000000
217 218 4450.000000
881 882 4386.000000
1315 1316 4377.000000
1248 1249 4370.000000
84 85 4364.000000
1035 1036 4341.000000
353 354 4287.000000
1381 1382 4185.000000
1382 1383 4185.000000
19 20 4170.000000
193 194 4136.000000
107 108 4114.000000
1249 1250 4041.000000
1250 1251 4041.000000
1404 1405 4040.000000
311 312 3994.000000
836 857 3987.000000
856 857 3987.000000
836 837 3968.000000
286 287 3960.000000
1080 1081 3948.000000
1073 1074 3941.000000
1103 1104 3925.000000
1340 1341 3898.000000
1383 1384 3868.000000
1166 1167 3815.000000
352 373 3812.000000
371 372 3812.000000
372 373 3812.000000
286 307 3807.000000
305 306 3807.000000
306 307 3807.000000
1168 1169 3802.000000
1316 1317 3798.000000
308 329 3794.000000
327 328 3794.000000
328 329 3794.000000
195 196 3791.000000
60 61 3782.000000
352 353 3770.000000
707 708 3758.000000
61 62 3691.000000
62 63 3691.000000
37 38 3667.000000
308 309 3641.000000
882 883 3639.000000
259 260 3607.000000
1298 1299 3539.000000
1405 1406 3510.000000
1034 1035 3501.000000
302 303 3487.000000
858 859 3461.000000
993 994 3458.000000
304 305 3454.000000
1212 1213 3449.000000
354 355 3409.000000
926 927 3408.000000
1313 1314 3370.000000
1314 1315 3370.000000
876 877 3367.000000
149 150 3348.000000
1036 1037 3327.000000
1342 1363 3317.000000
151 173 3314.000000
176 177 3310.000000
176 197 3310.000000
196 197 3310.000000
1342 1343 3307.000000
898 899 3299.000000
177 178 3294.000000
172 173 3284.000000
1268 1269 3242.000000
1384 1385 3238.000000
946 967 3228.000000
965 966 3228.000000
966 967 3228.000000
1362 1363 3187.000000
902 923 3183.000000
921 922 3183.000000
922 923 3183.000000
309 310 3173.000000
1056 1077 3151.000000
1359 1360 3147.000000
1406 1407 3129.000000
1364 1385 3065.000000
1298 1319 3052.000000
20 21 3043.000000
127 128 3031.000000
282 283 3024.000000
331 332 2996.000000
1247 1248 2995.000000
1061 1062 2964.000000
1229 1230 2964.000000
968 969 2935.000000
1493 1494 2890.000000
1386 1407 2881.000000
1364 1365 2856.000000
216 217 2855.000000
1318 1319 2838.000000
171 172 2794.000000
1515 1516 2778.000000
267 268 2776.000000
968 989 2710.000000
987 988 2710.000000
988 989 2710.000000
1408 1409 2703.000000
178 200 2674.000000
38 39 2667.000000
664 665 2612.000000
903 904 2606.000000
1512 1513 2587.000000
947 948 2579.000000
332 333 2564.000000
641 642 2564.000000
1081 1082 2559.000000
838 839 2557.000000
333 334 2541.000000
706 707 2539.000000
1494 1495 2537.000000
638 639 2535.000000
639 640 2535.000000
640 641 2535.000000
1095 1096 2520.000000
1096 1097 2520.000000
1097 1098 2520.000000
1051 1052 2494.000000
1052 1053 2494.000000
1053 1054 2494.000000
1054 1055 2494.000000
946 947 2490.000000
129 130 2483.000000
1317 1318 2482.000000
1360 1361 2449.000000
728 729 2441.000000
704 705 2439.000000
705 706 2439.000000
312 313 2431.000000
1513 1514 2404.000000
194 216 2395.000000
811 812 2386.000000
288 289 2374.000000
1449 1450 2373.000000
59 60 2357.000000
1008 1009 2353.000000
1009 1010 2353.000000
1010 1011 2353.000000
1014 10544 2335.000000
64 65 2320.000000
1226 1227 2312.000000
1227 1228 2312.000000
1228 1229 2312.000000
151 152 2303.000000
1312 1313 2293.000000
1124 1125 2285.000000
964 965 2249.000000
355 356 2244.000000
1122 1123 2239.000000
268 269 2220.000000
1208 1209 2214.000000
36 37 2191.000000
859 860 2186.000000
39 40 2172.000000
258 259 2133.000000
1098 1099 2108.000000
419 420 2107.000000
1104 1105 2096.000000
40 41 2086.000000
224 225 2062.000000
287 288 2059.000000
326 327 2058.000000
1166 1187 2053.000000
1514 1515 2040.000000
1558 1559 2039.000000
245 246 2038.000000
173 195 2012.000000
660 661 2002.000000
661 662 2002.000000
303 304 1992.000000
1386 1387 1970.000000
103 104 1927.000000
104 105 1927.000000
1123 1124 1926.000000
1361 1362 1919.000000
1337 1338 1916.000000
1338 1339 1916.000000
839 840 1914.000000
855 856 1914.000000
708 709 1912.000000
1492 1493 1911.000000
972 994 1903.000000
1339 1340 1899.000000
814 815 1897.000000
662 663 1885.000000
814 835 1878.000000
834 835 1878.000000
663 664 1877.000000
1290 1291 1869.000000
246 247 1865.000000
107 129 1862.000000
1117 1118 1858.000000
1118 1119 1858.000000
1119 1120 1858.000000
1030 1031 1857.000000
1031 1032 1857.000000
1032 1033 1857.000000
1447 1448 1854.000000
1535 1536 1840.000000
795 796 1834.000000
1059 1081 1828.000000
1559 1560 1819.000000
375 376 1813.000000
1299 1300 1813.000000
1082 1083 1782.000000
792 813 1780.000000
837 838 1774.000000
792 793 1766.000000
1491 1492 1763.000000
904 905 1747.000000
85 86 1742.000000
1122 1143 1741.000000
63 85 1732.000000
729 730 1727.000000
1100 1121 1722.000000
81 82 1720.000000
82 83 1720.000000
1012 1033 1696.000000
289 290 1694.000000
80 81 1689.000000
225 226 1684.000000
441 442 1684.000000
313 314 1670.000000
1534 1535 1665.000000
1015 1037 1664.000000
440 441 1661.000000
1014 1036 1646.000000
1469 1470 1645.000000
1204 1205 1607.000000
1205 1206 1601.000000
1206 1207 1601.000000
105 106 1596.000000
1536 1537 1589.000000
324 325 1587.000000
484 485 1583.000000
665 666 1579.000000
812 813 1575.000000
1148 1149 1573.000000
312 334 1548.000000
794 795 1546.000000
1012 10167 1543.000000
1378 1379 1528.000000
1379 1380 1528.000000
1380 1381 1528.000000
1448 1449 1523.000000
18 40 1522.000000
860 861 1509.000000
1013 10280 1482.000000
926 948 1479.000000
1007 1008 1476.000000
1335 1336 1476.000000
1336 1337 1476.000000
325 326 1474.000000
1207 1208 1472.000000
793 794 1465.000000
748 769 1459.000000
748 749 1455.000000
749 750 1455.000000
83 84 1448.000000
310 332 1437.000000
15 16 1436.000000
1203 1204 1426.000000
237 238 1420.000000
102 103 1406.000000
1278 1300 1406.000000
1579 1580 1394.000000
796 797 1387.000000
302 324 1382.000000
1034 1055 1378.000000
247 248 1377.000000
1580 1581 1370.000000
986 987 1357.000000
41 42 1356.000000
223 245 1351.000000
971 993 1351.000000
1225 1226 1341.000000
1120 1121 1336.000000
1125 1126 1320.000000
269 270 1319.000000
730 731 1310.000000
1213 1214 1309.000000
685 686 1302.000000
334 335 1299.000000
335 336 1291.000000
1234 1256 1277.000000
1471 1472 1267.000000
346 347 1265.000000
1470 1471 1263.000000
726 727 1234.000000
727 728 1234.000000
726 747 1230.000000
1169 1170 1225.000000
314 315 1224.000000
1403 1425 1210.000000
684 685 1209.000000
902 903 1181.000000
1235 1236 1173.000000
270 271 1171.000000
1191 1213 1170.000000
1472 1473 1164.000000
1556 1557 1160.000000
1246 1247 1159.000000
1365 1366 1152.000000
248 249 1150.000000
347 348 1148.000000
376 377 1139.000000
281 282 1137.000000
1186 1187 1133.000000
1191 1192 1128.000000
168 169 1118.000000
169 170 1118.000000
369 370 1103.000000
370 371 1103.000000
882 904 1102.000000
1490 1491 1099.000000
642 643 1094.000000
1557 1558 1092.000000
1452 1473 1089.000000
1537 1538 1070.000000
222 244 1059.000000
150 172 1052.000000
972 973 1052.000000
746 747 1040.000000
963 964 1031.000000
215 216 1030.000000
311 333 1026.000000
833 834 1022.000000
108 130 1006.000000
1126 1127 1006.000000
290 291 1004.000000
291 292 1000.000000
397 398 998.000000
709 710 998.000000
920 921 998.000000
1581 1582 987.000000
660 681 979.000000
704 725 975.000000
1192 1193 975.000000
1359 1381 971.000000
356 357 963.000000
768 769 960.000000
1148 1170 951.000000
1035 10618 950.000000
1450 1451 946.000000
204 205 944.000000
1377 1378 940.000000
883 905 933.000000
750 751 922.000000
751 752 918.000000
368 369 909.000000
1224 1225 908.000000
1034 10357 898.000000
106 128 872.000000
1578 1579 870.000000
58 59 869.000000
1430 1451 866.000000
1062 1063 864.000000
400 401 862.000000
280 281 860.000000
745 746 855.000000
1334 1335 854.000000
272 273 847.000000
273 274 847.000000
274 275 847.000000
275 276 847.000000
276 277 847.000000
277 278 847.000000
278 279 847.000000
279 280 843.000000
1356 1357 838.000000
1357 1358 838.000000
226 227 837.000000
172 194 836.000000
377 378 836.000000
202 203 833.000000
203 204 833.000000
752 753 827.000000
173 174 824.000000
378 379 813.000000
224 246 811.000000
1079 10796 809.000000
1142 1143 808.000000
680 681 804.000000
162 163 799.000000
163 164 799.000000
164 165 799.000000
165 166 799.000000
166 167 799.000000
167 168 799.000000
200 201 798.000000
1190 1212 793.000000
1278 1279 790.000000
379 380 786.000000
773 774 784.000000
1016 1017 782.000000
354 376 780.000000
772 773 778.000000
399 400 777.000000
1474 1495 769.000000
195 217 767.000000
330 351 765.000000
348 349 765.000000
349 350 765.000000
350 351 765.000000
573 574 755.000000
574 575 755.000000
575 576 755.000000
239 261 749.000000
0 21 747.000000
141 142 743.000000
142 143 743.000000
143 144 743.000000
144 145 743.000000
293 294 743.000000
294 295 743.000000
295 296 743.000000
296 297 743.000000
297 298 743.000000
298 299 743.000000
299 300 743.000000
300 301 743.000000
643 644 739.000000
638 659 738.000000
216 238 737.000000
1138 1139 737.000000
1139 1140 737.000000
1140 1141 737.000000
1141 1142 737.000000
1050 1051 736.000000
1105 1106 731.000000
1516 1517 730.000000
119 120 725.000000
120 121 725.000000
121 122 725.000000
122 123 725.000000
666 667 724.000000
62 84 720.000000
686 687 714.000000
1582 1583 713.000000
816 817 712.000000
1116 1117 707.000000
644 645 690.000000
170 171 683.000000
970 992 676.000000
1193 1194 672.000000
1194 1195 672.000000
1170 1171 670.000000
201 202 664.000000
301 302 664.000000
357 358 663.000000
1446 1447 661.000000
1171 1172 654.000000
1172 1173 654.000000
178 179 653.000000
1358 1359 652.000000
1060 1082 647.000000
1293 1315 642.000000
292 293 631.000000
1017 1039 630.000000
398 399 629.000000
1014 10979 629.000000
145 146 620.000000
146 147 620.000000
147 148 620.000000
148 149 620.000000
883 884 618.000000
1061 1083 617.000000
815 816 615.000000
1035 10446 603.000000
1560 1561 602.000000
1254 1276 598.000000
118 119 583.000000
1214 1215 582.000000
1215 1216 582.000000
1216 1217 582.000000
266 288 580.000000
724 725 574.000000
1164 1165 574.000000
861 862 563.000000
1012 10509 562.000000
948 949 561.000000
1015 10950 560.000000
770 771 557.000000
1013 10277 556.000000
1533 1534 544.000000
420 421 543.000000
770 791 543.000000
790 791 543.000000
812 834 542.000000
817 818 537.000000
206 207 533.000000
207 208 533.000000
208 209 533.000000
209 210 533.000000
210 211 533.000000
211 212 533.000000
212 213 533.000000
213 214 533.000000
330 331 530.000000
1029 1030 525.000000
268 290 523.000000
709 731 523.000000
1120 1142 522.000000
42 43 521.000000
1236 1237 519.000000
1237 1238 519.000000
1238 1239 519.000000
492 514 518.000000
1103 1125 514.000000
1072 1073 511.000000
1014 10143 509.000000
420 442 508.000000
620 621 508.000000
401 402 506.000000
1104 1126 506.000000
1137 1138 500.000000
1063 1064 494.000000
1077 10831 491.000000
238 260 489.000000
666 688 486.000000
271 293 483.000000
774 775 483.000000
927 949 481.000000
106 10862 479.000000
1343 1344 473.000000
1149 1150 467.000000
1150 1151 467.000000
1151 1152 467.000000
129 151 466.000000
227 228 464.000000
925 947 460.000000
271 272 458.000000
214 215 447.000000
621 622 447.000000
179 180 445.000000
358 359 445.000000
1073 10944 440.000000
1496 1517 433.000000
462 463 430.000000
105 127 428.000000
789 790 426.000000
687 688 421.000000
1267 1268 421.000000
103 10784 418.000000
1078 10901 416.000000
1012 10277 415.000000
1160 1161 415.000000
1161 1162 415.000000
1162 1163 415.000000
1163 1164 415.000000
489 490 410.000000
490 491 410.000000
491 492 410.000000
442 443 407.000000
443 444 407.000000
444 445 407.000000
1452 1453 407.000000
1037 1038 402.000000
1159 1160 402.000000
180 181 401.000000
181 182 401.000000
1057 10922 400.000000
1239 1240 399.000000
315 337 398.000000
236 237 397.000000
1079 10953 397.000000
228 229 395.000000
229 230 395.000000
230 231 395.000000
231 232 395.000000
232 233 395.000000
233 234 395.000000
234 235 395.000000
235 236 395.000000
401 423 395.000000
1007 10406 390.000000
1256 1257 389.000000
1270 1292 384.000000
1059 10696 380.000000
1073 10835 380.000000
225 247 378.000000
1217 1218 374.000000
1094 1095 371.000000
1038 1039 370.000000
1577 1578 370.000000
14 15 369.000000
576 577 369.000000
1014 10469 369.000000
267 289 368.000000
1051 10999 368.000000
1061 10678 368.000000
1013 10982 366.000000
1106 1107 364.000000
1107 1108 364.000000
152 174 363.000000
185 186 363.000000
186 187 363.000000
187 188 363.000000
188 189 363.000000
189 190 363.000000
190 191 363.000000
191 192 363.000000
192 193 363.000000
771 772 363.000000
108 10889 357.000000
106 10774 355.000000
106 10865 355.000000
106 10956 355.000000
1538 1539 354.000000
217 239 353.000000
1127 1128 351.000000
1128 1129 351.000000
1490 1512 351.000000
1182 1183 349.000000
1183 1184 349.000000
1184 1185 349.000000
337 338 347.000000
338 339 347.000000
339 340 347.000000
340 341 347.000000
341 342 347.000000
342 343 347.000000
343 344 347.000000
344 345 347.000000
1037 10886 346.000000
1073 10852 346.000000
1011 10831 342.000000
1015 10717 341.000000
108 109 337.000000
226 248 337.000000
1202 1203 337.000000
303 325 336.000000
794 816 335.000000
1057 10850 335.000000
1249 1271 335.000000
1056 10603 334.000000
612 613 331.000000
613 614 331.000000
1034 10745 331.000000
1185 1186 331.000000
608 609 330.000000
609 610 330.000000
610 611 330.000000
611 612 330.000000
182 183 329.000000
1427 1449 328.000000
64 86 327.000000
985 986 325.000000
1381 1403 324.000000
1074 10898 323.000000
1079 10979 322.000000
1012 10268 320.000000
265 287 319.000000
1013 10254 319.000000
1269 1291 317.000000
336 337 316.000000
1039 10431 316.000000
123 124 315.000000
753 754 315.000000
1562 1563 311.000000
1563 1564 311.000000
1564 1565 311.000000
106 10769 310.000000
106 10789 310.000000
36 58 309.000000
106 10638 309.000000
793 815 309.000000
0 10911 308.000000
838 860 305.000000
1081 10818 300.000000
1083 10846 300.000000
1468 1469 300.000000
1062 10643 298.000000
421 422 296.000000
422 423 296.000000
106 10733 295.000000
106 10837 292.000000
832 833 291.000000
1014 10971 291.000000
1430 1431 290.000000
396 397 289.000000
1015 10550 289.000000
162 184 288.000000
124 125 287.000000
125 126 287.000000
126 127 287.000000
1015 10246 287.000000
678 679 286.000000
797 798 284.000000
1057 10689 282.000000
353 375 279.000000
313 335 278.000000
1015 10702 277.000000
1082 10995 277.000000
21 43 276.000000
1039 10844 275.000000
1007 10531 274.000000
1058 10668 273.000000
594 595 269.000000
595 596 269.000000
596 597 269.000000
102 10418 266.000000
1470 1492 266.000000
818 819 264.000000
1105 1127 264.000000
309 331 263.000000
1409 1410 262.000000
106 10863 261.000000
193 215 261.000000
682 683 259.000000
683 684 259.000000
1144 1166 259.000000
1059 10837 258.000000
1007 10149 256.000000
1059 10733 256.000000
1030 10878 255.000000
1081 10924 254.000000
183 184 253.000000
250 251 252.000000
251 252 252.000000
252 253 252.000000
253 254 252.000000
254 255 252.000000
255 256 252.000000
256 257 252.000000
257 258 252.000000
445 446 251.000000
1014 10421 251.000000
550 571 250.000000
1218 1219 250.000000
1219 1220 250.000000
1220 1221 250.000000
1221 1222 250.000000
1222 1223 250.000000
215 237 249.000000
702 703 249.000000
1008 10274 249.000000
1051 1073 249.000000
665 687 248.000000
1016 10346 248.000000
682 703 247.000000
40 62 246.000000
1311 1312 246.000000
1072 10856 245.000000
1015 10435 244.000000
969 991 243.000000
1016 10510 242.000000
1016 10862 242.000000
1016 10269 241.000000
1036 10613 241.000000
106 10824 240.000000
1016 10663 240.000000
347 369 238.000000
1016 10244 238.000000
1016 10586 238.000000
106 10920 236.000000
1081 10947 234.000000
1060 10740 233.000000
333 355 232.000000
881 903 232.000000
597 598 230.000000
0 10566 228.000000
1355 1356 228.000000
1016 10240 227.000000
106 10663 226.000000
731 732 225.000000
1016 10337 225.000000
1337 1359 225.000000
920 942 224.000000
1039 10561 224.000000
486 487 223.000000
487 488 223.000000
488 489 223.000000
1059 10868 222.000000
1081 10998 222.000000
1195 1196 222.000000
658 659 221.000000
315 316 220.000000
316 317 220.000000
317 318 220.000000
318 319 220.000000
319 320 220.000000
320 321 220.000000
321 322 220.000000
322 323 220.000000
324 346 220.000000
1059 10996 220.000000
1035 1057 219.000000
620 642 218.000000
634 635 218.000000
635 636 218.000000
1030 10898 218.000000
1034 1056 218.000000
767 768 217.000000
398 420 216.000000
1080 10985 216.000000
198 220 215.000000
837 859 214.000000
202 224 213.000000
179 201 211.000000
1013 10446 211.000000
1081 10863 211.000000
1083 10927 211.000000
679 680 210.000000
1093 1094 210.000000
1362 1384 210.000000
1012 10831 208.000000
1064 1065 208.000000
323 324 207.000000
249 250 206.000000
1058 10971 206.000000
1196 1197 204.000000
1197 1198 204.000000
1198 1199 204.000000
1199 1200 204.000000
1200 1201 204.000000
184 185 202.000000
576 598 202.000000
1342 1364 201.000000
1426 1448 200.000000
994 995 199.000000
995 996 199.000000
996 997 199.000000
1037 10868 198.000000
314 336 197.000000
1213 1235 197.000000
1383 1405 196.000000
1013 10245 194.000000
1061 10844 193.000000
796 818 192.000000
1037 10996 192.000000
140 141 191.000000
1058 10613 190.000000
291 313 189.000000
645 646 189.000000
646 647 189.000000
647 648 189.000000
648 649 189.000000
649 650 189.000000
905 927 189.000000
1014 10283 189.000000
1016 10970 188.000000
1232 1254 187.000000
1007 10444 186.000000
1013 10384 186.000000
1315 1337 185.000000
1007 10430 184.000000
1020 1042 184.000000
1322 1344 184.000000
1015 10265 182.000000
1017 1018 182.000000
1018 1019 182.000000
1019 1020 182.000000
1080 10894 182.000000
1016 10864 181.000000
1016 10968 181.000000
1036 10669 181.000000
106 10886 180.000000
1016 10188 179.000000
815 837 178.000000
1035 10922 178.000000
643 665 177.000000
1080 10879 177.000000
1080 10972 177.000000
1016 10175 176.000000
1016 10182 176.000000
1016 10193 176.000000
1016 10202 176.000000
1016 10215 176.000000
1016 10453 176.000000
1472 1494 176.000000
334 356 175.000000
621 643 175.000000
1059 10940 175.000000
1201 1202 175.000000
1015 10301 174.000000
1015 10364 174.000000
1015 10824 174.000000
108 10873 172.000000
1007 10589 172.000000
1079 10964 172.000000
1016 10349 170.000000
1100 1122 170.000000
359 360 168.000000
360 361 168.000000
361 362 168.000000
362 363 168.000000
363 364 168.000000
364 365 168.000000
365 366 168.000000
1471 1493 168.000000
358 380 167.000000
950 972 167.000000
1014 10669 167.000000
345 346 166.000000
376 398 166.000000
1013 10330 166.000000
1016 10163 166.000000
44 45 165.000000
44 65 165.000000
45 46 165.000000
46 47 165.000000
366 367 164.000000
710 732 164.000000
1016 10383 164.000000
1016 10871 164.000000
132 133 161.000000
132 153 161.000000
133 134 161.000000
1014 10490 161.000000
1014 10900 161.000000
1036 10971 161.000000
1223 1224 161.000000
258 280 160.000000
1240 1241 160.000000
1241 1242 160.000000
1242 1243 160.000000
1243 1244 160.000000
1244 1245 160.000000
346 368 159.000000
485 486 159.000000
1014 10390 157.000000
664 686 156.000000
1016 10733 156.000000
128 150 154.000000
286 308 153.000000
973 974 152.000000
974 975 152.000000
975 976 152.000000
1013 10399 152.000000
1014 10935 152.000000
622 623 151.000000
1030 10757 150.000000
1016 10303 149.000000
1016 10500 149.000000
1059 10730 149.000000
1012 10407 148.000000
1016 10837 148.000000
61 83 147.000000
1016 10438 147.000000
1033 10407 147.000000
1405 1427 146.000000
396 417 145.000000
412 413 145.000000
413 414 145.000000
414 415 145.000000
415 416 145.000000
416 417 145.000000
446 447 145.000000
447 448 145.000000
710 711 145.000000
290 312 144.000000
572 573 144.000000
1016 10221 144.000000
367 368 143.000000
1056 10883 143.000000
119 141 142.000000
108 10930 141.000000
152 153 141.000000
650 651 141.000000
1013 10487 141.000000
1014 10796 141.000000
1037 10510 141.000000
1037 10862 141.000000
127 149 140.000000
134 135 140.000000
135 136 140.000000
136 137 140.000000
137 138 140.000000
138 139 140.000000
139 140 140.000000
1036 10435 140.000000
1196 1218 140.000000
1513 1535 140.000000
876 898 139.000000
1059 10593 139.000000
1059 10619 139.000000
335 357 138.000000
927 928 138.000000
1016 10428 138.000000
1059 10763 138.000000
1059 10895 138.000000
1084 1085 138.000000
1085 1086 138.000000
1540 1561 138.000000
1037 10782 137.000000
1037 10948 137.000000
1056 10783 135.000000
1083 1084 134.000000
1008 10405 132.000000
1034 10821 132.000000
1255 1277 132.000000
1274 1296 132.000000
101 102 130.000000
1015 10857 130.000000
662 684 129.000000
1207 1229 129.000000
1056 10775 128.000000
1056 10848 128.000000
1056 10902 128.000000
1056 10921 128.000000
280 302 127.000000
1036 10857 127.000000
1056 10951 127.000000
1057 10982 127.000000
1039 1040 126.000000
1040 1041 126.000000
1322 1323 126.000000
118 140 125.000000
1012 10842 125.000000
1016 10976 125.000000
102 10224 124.000000
102 10651 124.000000
332 354 124.000000
1016 10687 124.000000
754 755 123.000000
1015 10910 123.000000
101 10106 122.000000
701 702 121.000000
1056 10969 121.000000
1059 10894 121.000000
1081 10837 121.000000
102 10396 120.000000
102 10540 120.000000
1056 10703 119.000000
1386 1408 119.000000
1059 10857 118.000000
1284 1285 118.000000
1285 1286 118.000000
1286 1287 118.000000
1287 1288 118.000000
1288 1289 118.000000
902 924 117.000000
1279 1280 117.000000
1280 1281 117.000000
1281 1282 117.000000
1282 1283 117.000000
1283 1284 117.000000
1489 1490 117.000000
630 631 116.000000
631 632 116.000000
632 633 116.000000
633 634 116.000000
750 772 116.000000
1211 1233 116.000000
840 841 115.000000
861 883 115.000000
357 379 114.000000
1013 10249 114.000000
106 10910 113.000000
1037 10475 113.000000
968 990 112.000000
1056 10841 112.000000
1059 10977 112.000000
184 206 111.000000
1035 10542 111.000000
1056 10777 111.000000
1056 10810 111.000000
1080 10977 111.000000
1035 10499 110.000000
1050 10835 110.000000
1080 10895 110.000000
1518 1539 110.000000
1037 10586 109.000000
1169 1191 109.000000
448 470 108.000000
470 492 108.000000
1012 10386 108.000000
1059 10879 108.000000
1059 10972 108.000000
106 10977 107.000000
772 794 107.000000
928 950 107.000000
1012 10640 107.000000
1262 1263 107.000000
1263 1264 107.000000
1264 1265 107.000000
1265 1266 107.000000
1266 1267 107.000000
106 10717 106.000000
106 10894 106.000000
622 644 106.000000
706 728 106.000000
1016 10782 106.000000
1016 10948 106.000000
1036 10702 106.000000
1037 10387 106.000000
106 10940 105.000000
423 424 105.000000
599 600 105.000000
839 861 105.000000
1012 10664 105.000000
1016 10920 105.000000
1037 10663 105.000000
1447 1469 105.000000
183 205 104.000000
380 381 104.000000
381 382 104.000000
382 383 104.000000
383 384 104.000000
384 385 104.000000
385 386 104.000000
386 387 104.000000
387 388 104.000000
388 389 104.000000
600 601 104.000000
1012 10179 104.000000
1012 10250 104.000000
1012 10575 104.000000
1012 10718 104.000000
1012 10788 104.000000
1012 10965 104.000000
1014 10305 104.000000
1014 10412 104.000000
1014 10677 104.000000
1365 1387 104.000000
293 315 103.000000
1013 10659 103.000000
1035 10781 102.000000
624 625 101.000000
625 626 101.000000
626 627 101.000000
627 628 101.000000
628 629 101.000000
1008 10814 101.000000
1058 10669 101.000000
1298 1320 101.000000
246 268 100.000000
599 621 100.000000
708 730 100.000000
1014 10563 100.000000
1014 10567 100.000000
1014 10744 100.000000
1014 10925 100.000000
1037 10486 100.000000
1036 10950 99.000000
685 707 98.000000
924 946 98.000000
1014 10499 98.000000
1014 10781 98.000000
1036 10550 98.000000
1065 1066 98.000000
1066 1067 98.000000
1067 1068 98.000000
1068 1069 98.000000
1069 1070 98.000000
1070 1071 98.000000
1318 1340 98.000000
1515 1537 98.000000
572 593 97.000000
1036 10910 97.000000
270 292 96.000000
775 776 96.000000
834 856 96.000000
1012 10568 96.000000
1056 10816 96.000000
1079 1101 96.000000
205 206 95.000000
783 784 95.000000
784 785 95.000000
785 786 95.000000
786 787 95.000000
787 788 95.000000
1008 1030 95.000000
1268 1290 95.000000
1037 10920 94.000000
1057 10665 94.000000
1057 10752 94.000000
1301 1302 94.000000
1302 1303 94.000000
1303 1304 94.000000
1304 1305 94.000000
464 465 93.000000
465 466 93.000000
466 467 93.000000
542 543 93.000000
543 544 93.000000
544 545 93.000000
545 546 93.000000
546 547 93.000000
547 548 93.000000
548 549 93.000000
1559 1581 93.000000
1562 1583 93.000000
598 599 92.000000
1188 1210 92.000000
594 615 91.000000
919 920 91.000000
1035 10487 91.000000
1041 1042 91.000000
1037 10730 90.000000
1013 10681 89.000000
1016 10184 89.000000
1029 10449 89.000000
1037 10894 89.000000
1071 1072 89.000000
1037 10432 88.000000
1129 1130 88.000000
1300 1301 88.000000
585 586 87.000000
819 820 86.000000
0 10963 85.000000
903 925 85.000000
106 10619 84.000000
337 359 84.000000
607 608 84.000000
623 645 84.000000
1233 1255 84.000000
948 970 83.000000
1039 1061 83.000000
106 10879 82.000000
106 10972 82.000000
949 950 82.000000
1035 10412 82.000000
1181 1182 82.000000
1055 10565 81.000000
245 267 80.000000
247 269 80.000000
1012 10136 80.000000
1057 10618 80.000000
440 461 79.000000
454 455 79.000000
455 456 79.000000
456 457 79.000000
457 458 79.000000
458 459 79.000000
459 460 79.000000
460 461 79.000000
1037 10776 79.000000
1181 1203 79.000000
389 390 78.000000
1245 1246 78.000000
1013 10554 77.000000
1013 10627 77.000000
1152 1153 77.000000
1153 1154 77.000000
1154 1155 77.000000
1155 1156 77.000000
1156 1157 77.000000
1157 1158 77.000000
679 701 76.000000
1056 10745 76.000000
1146 1168 76.000000
1158 1159 76.000000
1558 1580 76.000000
236 258 75.000000
237 259 75.000000
1035 10627 75.000000
1035 10713 75.000000
1035 10964 75.000000
269 291 74.000000
702 724 74.000000
1014 10253 74.000000
1037 10879 74.000000
1037 10972 74.000000
1050 10531 74.000000
667 668 73.000000
668 669 73.000000
669 670 73.000000
670 671 73.000000
671 672 73.000000
672 673 73.000000
921 943 73.000000
1014 10713 73.000000
1108 1130 73.000000
182 204 72.000000
858 880 72.000000
1050 10852 72.000000
1387 1388 72.000000
1014 10964 71.000000
1073 10878 71.000000
1229 1251 71.000000
14 36 70.000000
107 10917 70.000000
1226 1248 70.000000
577 578 69.000000
1035 10469 69.000000
1056 1078 69.000000
1073 10999 69.000000
1428 1450 69.000000
380 402 68.000000
623 624 67.000000
1014 10393 67.000000
1034 10721 67.000000
1034 10811 67.000000
1034 10955 67.000000
1210 1232 67.000000
130 152 66.000000
688 689 66.000000
1034 10946 66.000000
1057 10627 66.000000
109 10911 65.000000
687 709 65.000000
1016 10940 65.000000
1108 1109 65.000000
1109 1110 65.000000
1110 1111 65.000000
1111 1112 65.000000
1112 1113 65.000000
1113 1114 65.000000
1114 1115 65.000000
1257 1258 65.000000
1258 1259 65.000000
1259 1260 65.000000
1260 1261 65.000000
1261 1262 65.000000
244 266 64.000000
1034 10949 64.000000
1059 10638 64.000000
1059 10769 64.000000
1059 10789 64.000000
528 529 63.000000
1078 1100 63.000000
1013 10542 62.000000
1037 10414 62.000000
1225 1247 62.000000
1247 1269 62.000000
1251 1273 62.000000
1289 1290 62.000000
1514 1536 62.000000
529 530 61.000000
530 531 61.000000
531 532 61.000000
877 899 59.000000
1037 10428 59.000000
1126 1148 59.000000
0 10767 58.000000
0 10826 58.000000
249 271 58.000000
289 311 58.000000
964 986 58.000000
1035 10796 58.000000
336 358 57.000000
658 680 57.000000
1056 10946 57.000000
1059 10702 57.000000
1333 1334 57.000000
17 39 56.000000
39 61 56.000000
331 353 56.000000
1035 10935 56.000000
1060 10687 56.000000
1469 1491 56.000000
577 599 55.000000
1060 10976 55.000000
1095 1117 55.000000
1202 1224 55.000000
1246 1268 55.000000
616 637 54.000000
860 882 54.000000
1055 10816 54.000000
1321 1343 54.000000
616 617 53.000000
617 618 53.000000
618 619 53.000000
619 620 53.000000
201 223 52.000000
1037 10733 52.000000
1037 10837 52.000000
1130 1131 52.000000
1131 1132 52.000000
1132 1133 52.000000
1133 1134 52.000000
1134 1135 52.000000
1135 1136 52.000000
1136 1137 52.000000
644 666 51.000000
717 739 51.000000
1015 10605 51.000000
1043 1044 51.000000
1044 1045 51.000000
1045 1046 51.000000
1046 1047 51.000000
1047 1048 51.000000
1048 1049 51.000000
1049 1050 51.000000
1101 1123 51.000000
22 23 50.000000
22 43 50.000000
23 24 50.000000
24 25 50.000000
636 637 50.000000
859 881 50.000000
951 973 50.000000
1014 10260 50.000000
1035 10677 50.000000
0 1 49.000000
1 2 49.000000
2 3 49.000000
3 4 49.000000
106 10868 49.000000
106 10996 49.000000
684 706 49.000000
788 789 49.000000
1013 10839 49.000000
1029 10406 49.000000
1186 1208 49.000000
507 508 48.000000
508 509 48.000000
509 510 48.000000
510 511 48.000000
511 512 48.000000
512 513 48.000000
513 514 48.000000
673 674 48.000000
674 675 48.000000
675 676 48.000000
676 677 48.000000
677 678 48.000000
1012 10738 48.000000
1037 1059 48.000000
106 10730 47.000000
374 395 47.000000
390 391 47.000000
391 392 47.000000
392 393 47.000000
393 394 47.000000
394 395 47.000000
752 774 47.000000
1035 10544 47.000000
250 272 46.000000
411 412 46.000000
1012 10808 46.000000
1012 10877 46.000000
1029 10444 46.000000
1050 1072 46.000000
541 542 45.000000
1012 10934 45.000000
1038 10970 45.000000
1059 10824 45.000000
1474 1475 45.000000
1555 1556 45.000000
109 10963 44.000000
154 155 44.000000
154 175 44.000000
155 156 44.000000
174 175 44.000000
180 202 44.000000
532 533 44.000000
578 579 44.000000
579 580 44.000000
816 838 44.000000
1012 10298 44.000000
1013 10694 44.000000
1029 10430 44.000000
1029 10531 44.000000
1029 10589 44.000000
1275 1297 44.000000
403 404 43.000000
768 790 43.000000
904 926 43.000000
1115 1116 43.000000
1143 1165 43.000000
1167 1189 43.000000
106 10696 42.000000
243 265 42.000000
330 352 42.000000
817 839 42.000000
1015 10938 42.000000
1037 10940 42.000000
1059 10717 42.000000
1123 1145 42.000000
1540 1541 42.000000
1541 1542 42.000000
1542 1543 42.000000
1543 1544 42.000000
204 226 41.000000
404 405 41.000000
405 406 41.000000
406 407 41.000000
407 408 41.000000
408 409 41.000000
409 410 41.000000
1060 10996 41.000000
41 63 40.000000
564 586 40.000000
1012 10484 40.000000
1077 1099 40.000000
1086 1087 40.000000
1087 1088 40.000000
1088 1089 40.000000
1089 1090 40.000000
1090 1091 40.000000
1091 1092 40.000000
1092 1093 40.000000
410 411 39.000000
448 449 39.000000
449 450 39.000000
450 451 39.000000
451 452 39.000000
452 453 39.000000
453 454 39.000000
580 581 39.000000
581 582 39.000000
582 583 39.000000
583 584 39.000000
584 585 39.000000
689 690 39.000000
690 691 39.000000
691 692 39.000000
692 693 39.000000
693 694 39.000000
1034 10384 39.000000
14 1576 38.000000
600 622 38.000000
0 10794 37.000000
1035 10421 37.000000
1340 1362 37.000000
424 446 36.000000
641 663 36.000000
820 821 36.000000
821 822 36.000000
822 823 36.000000
823 824 36.000000
824 825 36.000000
825 826 36.000000
1060 10920 36.000000
1406 1428 36.000000
514 515 35.000000
515 516 35.000000
516 517 35.000000
517 518 35.000000
518 519 35.000000
739 740 35.000000
740 741 35.000000
741 742 35.000000
742 743 35.000000
743 744 35.000000
744 745 35.000000
753 775 35.000000
854 855 35.000000
171 193 34.000000
281 303 34.000000
551 552 34.000000
552 553 34.000000
553 554 34.000000
554 555 34.000000
555 556 34.000000
556 557 34.000000
557 558 34.000000
598 620 34.000000
629 630 34.000000
1037 10717 34.000000
1056 10721 34.000000
1056 10811 34.000000
1056 10955 34.000000
1124 1146 34.000000
1296 1318 34.000000
156 178 33.000000
711 712 33.000000
712 713 33.000000
713 714 33.000000
714 715 33.000000
715 716 33.000000
716 717 33.000000
1013 10719 33.000000
1056 10949 33.000000
1057 10796 33.000000
1060 10886 33.000000
86 87 32.000000
156 157 32.000000
402 424 32.000000
1037 10489 32.000000
1037 10774 32.000000
1037 10865 32.000000
1037 10956 32.000000
1058 1080 32.000000
1512 1534 32.000000
1516 1538 32.000000
227 249 31.000000
542 564 31.000000
586 587 31.000000
587 588 31.000000
588 589 31.000000
589 590 31.000000
590 591 31.000000
591 592 31.000000
592 593 31.000000
928 929 31.000000
1042 1043 31.000000
1057 10979 31.000000
929 951 30.000000
976 977 30.000000
977 978 30.000000
978 979 30.000000
979 980 30.000000
980 981 30.000000
981 982 30.000000
982 983 30.000000
983 984 30.000000
984 985 30.000000
1055 10946 30.000000
1056 10659 30.000000
1059 10910 30.000000
1060 10663 30.000000
1060 10782 30.000000
1077 10842 30.000000
1142 1164 30.000000
1201 1223 30.000000
16 38 29.000000
157 158 29.000000
158 159 29.000000
159 160 29.000000
160 161 29.000000
161 162 29.000000
325 347 29.000000
1056 10821 29.000000
1424 1425 29.000000
19 41 28.000000
200 222 28.000000
374 375 28.000000
402 403 28.000000
528 549 28.000000
533 534 28.000000
534 535 28.000000
535 536 28.000000
614 615 28.000000
1013 10529 28.000000
1013 10665 28.000000
1056 10681 28.000000
1137 1159 28.000000
1496 1497 28.000000
43 65 27.000000
149 171 27.000000
558 559 27.000000
559 560 27.000000
560 561 27.000000
561 562 27.000000
562 563 27.000000
1012 10331 27.000000
1012 10603 27.000000
1012 10721 27.000000
1012 10777 27.000000
1012 10810 27.000000
1012 10841 27.000000
1012 10883 27.000000
1038 10715 27.000000
1081 10868 27.000000
1425 1447 27.000000
96 97 26.000000
97 98 26.000000
98 99 26.000000
100 101 26.000000
140 162 26.000000
789 811 26.000000
840 862 26.000000
898 920 26.000000
1012 10369 26.000000
1012 10380 26.000000
1014 10190 26.000000
1034 10529 26.000000
1034 10665 26.000000
578 600 25.000000
855 877 25.000000
1012 10225 25.000000
1012 10256 25.000000
1012 10450 25.000000
1012 10476 25.000000
1012 10505 25.000000
1012 10506 25.000000
1012 10659 25.000000
1012 10703 25.000000
1012 10775 25.000000
1012 10816 25.000000
1012 10848 25.000000
1012 10902 25.000000
1012 10921 25.000000
1012 10951 25.000000
1012 10969 25.000000
1013 10493 25.000000
1013 10752 25.000000
947 969 24.000000
1017 10715 24.000000
1083 10844 24.000000
1449 1471 24.000000
15 37 23.000000
805 806 23.000000
806 807 23.000000
807 808 23.000000
808 809 23.000000
809 810 23.000000
1008 10326 23.000000
1021 1022 23.000000
1022 1023 23.000000
1023 1024 23.000000
1024 1025 23.000000
1025 1026 23.000000
1026 1027 23.000000
1027 1028 23.000000
1060 10948 23.000000
1122 1144 23.000000
1180 1202 23.000000
287 309 22.000000
463 464 22.000000
795 817 22.000000
950 951 22.000000
1016 10776 22.000000
1020 1021 22.000000
1038 10438 22.000000
1038 10687 22.000000
1038 10976 22.000000
1057 1079 22.000000
1077 10788 22.000000
1077 10965 22.000000
1173 1174 22.000000
134 156 21.000000
790 812 21.000000
942 964 21.000000
1012 10783 21.000000
1013 10148 21.000000
1043 1065 21.000000
1174 1175 21.000000
1175 1176 21.000000
1176 1177 21.000000
1177 1178 21.000000
1178 1179 21.000000
205 227 20.000000
533 555 20.000000
555 577 20.000000
642 664 20.000000
810 811 20.000000
1020 10255 20.000000
1036 10938 20.000000
1080 1102 20.000000
1130 1152 20.000000
1179 1180 20.000000
1344 1345 20.000000
1345 1346 20.000000
1346 1347 20.000000
1347 1348 20.000000
1348 1349 20.000000
1349 1350 20.000000
1350 1351 20.000000
1351 1352 20.000000
1352 1353 20.000000
1353 1354 20.000000
323 345 19.000000
797 819 19.000000
814 836 19.000000
954 976 19.000000
1230 1252 19.000000
1430 1452 19.000000
695 717 18.000000
728 750 18.000000
747 769 18.000000
1082 1104 18.000000
1180 1181 18.000000
1295 1317 18.000000
1446 1468 18.000000
110 111 17.000000
110 131 17.000000
111 112 17.000000
112 113 17.000000
113 114 17.000000
114 115 17.000000
115 116 17.000000
116 117 17.000000
117 118 17.000000
130 131 17.000000
532 554 17.000000
536 558 17.000000
554 576 17.000000
638 660 17.000000
1077 10783 17.000000
1099 1121 17.000000
177 199 16.000000
199 221 16.000000
673 695 16.000000
688 710 16.000000
954 955 16.000000
955 956 16.000000
956 957 16.000000
957 958 16.000000
958 959 16.000000
959 960 16.000000
960 961 16.000000
961 962 16.000000
962 963 16.000000
1016 10489 16.000000
1016 10774 16.000000
1016 10865 16.000000
1016 10956 16.000000
1034 10493 16.000000
1034 10694 16.000000
1034 10752 16.000000
432 454 15.000000
732 733 15.000000
733 734 15.000000
734 735 15.000000
735 736 15.000000
736 737 15.000000
737 738 15.000000
738 739 15.000000
1028 1029 15.000000
1055 10703 15.000000
1055 10775 15.000000
1055 10848 15.000000
1055 10902 15.000000
1055 10921 15.000000
1055 10934 15.000000
1055 10951 15.000000
1055 10969 15.000000
1208 1230 15.000000
1339 1361 15.000000
0 1562 14.000000
292 314 14.000000
432 433 14.000000
645 667 14.000000
770 792 14.000000
833 855 14.000000
1007 1029 14.000000
1073 1095 14.000000
1245 1267 14.000000
1300 1322 14.000000
946 968 13.000000
1013 1035 13.000000
1361 1383 13.000000
1474 1496 13.000000
682 704 12.000000
774 796 12.000000
818 840 12.000000
1013 10922 12.000000
1174 1196 12.000000
651 652 11.000000
652 653 11.000000
653 654 11.000000
654 655 11.000000
723 724 11.000000
1008 10425 11.000000
1012 10270 11.000000
1037 10824 11.000000
1080 10857 11.000000
1080 10910 11.000000
1081 10886 11.000000
1152 1174 11.000000
218 240 10.000000
773 795 10.000000
899 921 10.000000
1224 1246 10.000000
1299 1321 10.000000
88 89 9.000000
89 90 9.000000
90 91 9.000000
91 92 9.000000
92 93 9.000000
93 94 9.000000
94 95 9.000000
95 96 9.000000
564 565 9.000000
565 566 9.000000
566 567 9.000000
567 568 9.000000
568 569 9.000000
569 570 9.000000
570 571 9.000000
602 603 9.000000
603 604 9.000000
604 605 9.000000
605 606 9.000000
606 607 9.000000
755 756 9.000000
756 757 9.000000
757 758 9.000000
758 759 9.000000
759 760 9.000000
760 761 9.000000
1012 10357 9.000000
1012 10811 9.000000
1012 10946 9.000000
1012 10949 9.000000
1012 10955 9.000000
1071 1093 9.000000
1160 1182 9.000000
1493 1515 9.000000
1535 1557 9.000000
1556 1578 9.000000
288 310 8.000000
379 401 8.000000
410 432 8.000000
811 833 8.000000
1011 10167 8.000000
1011 10179 8.000000
1011 10250 8.000000
1011 10386 8.000000
1011 10568 8.000000
1011 10575 8.000000
1011 10640 8.000000
1011 10664 8.000000
1011 10718 8.000000
1011 10788 8.000000
1011 10965 8.000000
1016 10237 8.000000
1016 10263 8.000000
1016 10638 8.000000
1016 10769 8.000000
1016 10789 8.000000
1028 1050 8.000000
1033 10842 8.000000
1035 10979 8.000000
1037 10638 8.000000
1037 10769 8.000000
1037 10789 8.000000
1078 10982 8.000000
1164 1186 8.000000
1170 1192 8.000000
1171 1193 8.000000
1204 1226 8.000000
418 440 7.000000
424 425 7.000000
425 426 7.000000
426 427 7.000000
427 428 7.000000
428 429 7.000000
429 430 7.000000
430 431 7.000000
431 432 7.000000
464 486 7.000000
467 468 7.000000
468 469 7.000000
469 470 7.000000
470 471 7.000000
471 472 7.000000
472 473 7.000000
473 474 7.000000
474 475 7.000000
601 602 7.000000
745 767 7.000000
746 768 7.000000
1011 10407 7.000000
1011 10842 7.000000
1034 10399 7.000000
1034 10681 7.000000
1038 10948 7.000000
1055 10568 7.000000
1055 10575 7.000000
1055 10640 7.000000
1055 10664 7.000000
1055 10718 7.000000
1055 10783 7.000000
1055 10788 7.000000
1055 10831 7.000000
1055 10965 7.000000
1115 1137 7.000000
1252 1274 7.000000
1450 1472 7.000000
1534 1556 7.000000
20 42 6.000000
42 64 6.000000
101 10402 6.000000
301 323 6.000000
973 995 6.000000
1012 1034 6.000000
1033 1055 6.000000
1051 10898 6.000000
1094 10999 6.000000
1116 1138 6.000000
1121 1143 6.000000
1125 1147 6.000000
1205 1227 6.000000
1227 1249 6.000000
1253 1275 6.000000
1301 1323 6.000000
1323 1324 6.000000
1324 1325 6.000000
1325 1326 6.000000
1326 1327 6.000000
1327 1328 6.000000
1328 1329 6.000000
1329 1330 6.000000
1330 1331 6.000000
1331 1332 6.000000
1332 1333 6.000000
1557 1579 6.000000
214 236 5.000000
418 439 5.000000
433 434 5.000000
434 435 5.000000
435 436 5.000000
436 437 5.000000
437 438 5.000000
438 439 5.000000
536 537 5.000000
537 538 5.000000
538 539 5.000000
539 540 5.000000
540 541 5.000000
663 685 5.000000
798 799 5.000000
799 800 5.000000
800 801 5.000000
801 802 5.000000
802 803 5.000000
803 804 5.000000
804 805 5.000000
949 971 5.000000
1034 10659 5.000000
1055 10842 5.000000
1081 10996 5.000000
15 1577 4.000000
279 301 4.000000
366 388 4.000000
388 410 4.000000
506 507 4.000000
506 527 4.000000
550 551 4.000000
726 748 4.000000
751 773 4.000000
1029 1051 4.000000
1036 1058 4.000000
1084 1106 4.000000
1166 1188 4.000000
1209 1231 4.000000
1305 1306 4.000000
1306 1307 4.000000
1307 1308 4.000000
1308 1309 4.000000
1309 1310 4.000000
1494 1516 4.000000
1537 1559 4.000000
1540 1562 4.000000
1555 1577 4.000000
47 48 3.000000
48 49 3.000000
49 50 3.000000
50 51 3.000000
51 52 3.000000
52 74 3.000000
74 96 3.000000
157 179 3.000000
520 521 3.000000
521 522 3.000000
522 523 3.000000
523 524 3.000000
524 525 3.000000
525 526 3.000000
526 527 3.000000
585 607 3.000000
686 708 3.000000
775 797 3.000000
776 777 3.000000
777 778 3.000000
778 779 3.000000
779 780 3.000000
780 781 3.000000
781 782 3.000000
782 783 3.000000
810 832 3.000000
1492 1514 3.000000
1576 1577 3.000000
4 5 2.000000
5 6 2.000000
6 7 2.000000
7 8 2.000000
8 9 2.000000
10 11 2.000000
11 12 2.000000
12 13 2.000000
13 14 2.000000
404 426 2.000000
426 448 2.000000
520 542 2.000000
602 624 2.000000
655 656 2.000000
656 657 2.000000
657 658 2.000000
941 942 2.000000
951 952 2.000000
952 953 2.000000
953 954 2.000000
963 985 2.000000
1081 1103 2.000000
1203 1225 2.000000
59 81 1.000000
248 270 1.000000
506 528 1.000000
519 520 1.000000
572 594 1.000000
594 616 1.000000
612 634 1.000000
694 695 1.000000
695 696 1.000000
696 697 1.000000
697 698 1.000000
698 699 1.000000
761 762 1.000000
762 763 1.000000
763 764 1.000000
764 765 1.000000
765 766 1.000000
766 767 1.000000
929 930 1.000000
930 931 1.000000
931 932 1.000000
932 954 1.000000
1021 1043 1.000000
1051 10878 1.000000
1083 1105 1.000000
1094 10944 1.000000
1127 1149 1.000000
1158 1180 1.000000
1179 1201 1.000000
1187 1209 1.000000
1212 1234 1.000000
1289 1311 1.000000
1317 1339 1.000000
1424 1446 1.000000
1518 1540 1.000000
