184 185 18199.000000
185 186 18199.000000
186 187 18199.000000
183 184 16375.000000
1155 1156 14990.000000
227 228 14004.000000
228 229 14004.000000
229 230 14004.000000
230 231 14004.000000
187 188 13973.000000
1199 1200 12446.000000
1156 1157 11633.000000
1154 1155 11057.000000
94 95 10999.000000
1220 1221 10773.000000
980 981 10747.000000
205 206 10312.000000
206 207 10312.000000
207 208 10312.000000
208 209 10312.000000
1219 1220 10309.000000
1023 1024 10275.000000
936 937 10232.000000
979 980 10062.000000
231 232 9519.000000
1215 1216 9234.000000
1221 1222 9185.000000
1024 1025 9028.000000
226 227 8954.000000
1198 1199 8825.000000
93 94 8541.000000
1216 1217 8397.000000
1213 1214 8379.000000
1214 1215 8379.000000
1197 1198 8349.000000
1001 1002 8318.000000
1264 1265 8139.000000
188 189 8045.000000
935 936 7879.000000
1263 1264 7786.000000
1177 1178 7687.000000
1243 1244 7680.000000
844 845 7679.000000
845 846 7679.000000
50 51 7661.000000
28 29 7615.000000
232 233 7588.000000
1218 1219 7474.000000
937 938 7398.000000
204 205 7388.000000
1259 1260 7303.000000
1196 1197 7260.000000
1133 1134 7137.000000
1217 1218 7128.000000
1262 1263 7117.000000
1022 1023 7090.000000
1257 1258 7066.000000
1260 1261 6872.000000
978 979 6806.000000
1175 1176 6781.000000
1153 1154 6759.000000
1067 1068 6727.000000
319 320 6686.000000
1241 1242 6678.000000
1242 1243 6557.000000
1176 1177 6533.000000
182 183 6519.000000
6 7 6494.000000
1000 1001 6473.000000
934 935 6471.000000
1258 1259 6371.000000
1068 1069 6263.000000
4 5 6257.000000
1212 1213 5967.000000
5 6 5888.000000
1261 1262 5881.000000
3 4 5813.000000
822 823 5733.000000
823 824 5733.000000
209 210 5716.000000
843 844 5624.000000
1044 1045 5609.000000
1240 1241 5476.000000
1369 1370 5474.000000
800 801 5464.000000
801 802 5464.000000
821 822 5417.000000
802 803 5354.000000
1200 1201 5295.000000
1370 1371 5280.000000
1256 1257 5250.000000
1480 1481 5223.000000
1391 1392 5213.000000
846 847 5179.000000
1390 1391 5178.000000
7 8 5152.000000
1393 1394 5053.000000
842 843 5033.000000
1132 1133 5025.000000
276 277 5013.000000
1174 1175 5001.000000
1045 1046 4998.000000
1002 1003 4982.000000
865 866 4881.000000
866 867 4881.000000
867 868 4881.000000
1069 1070 4815.000000
1195 1196 4809.000000
1134 1135 4721.000000
233 234 4719.000000
1347 1348 4708.000000
271 272 4690.000000
272 273 4690.000000
273 274 4690.000000
274 275 4690.000000
1110 1111 4681.000000
210 211 4580.000000
1111 1112 4541.000000
847 848 4528.000000
1192 1193 4514.000000
820 821 4494.000000
891 892 4426.000000
909 910 4417.000000
910 911 4417.000000
1043 1044 4410.000000
1394 1395 4386.000000
629 630 4365.000000
1066 1067 4339.000000
1348 1349 4332.000000
1346 1347 4291.000000
1112 1113 4290.000000
187 209 4234.000000
1065 1066 4213.000000
1131 1132 4150.000000
1152 1153 4112.000000
275 276 4099.000000
161 162 4085.000000
162 163 4085.000000
163 164 4085.000000
164 165 4085.000000
165 166 4079.000000
1017 1018 4074.000000
1018 1019 4074.000000
1019 1020 4074.000000
1020 1021 4055.000000
1193 1194 3974.000000
1194 1195 3974.000000
1306 1307 3940.000000
1130 1131 3929.000000
1308 1309 3922.000000
626 627 3912.000000
627 628 3912.000000
1025 1026 3910.000000
189 190 3900.000000
981 982 3886.000000
1307 1308 3860.000000
1392 1393 3840.000000
1109 1110 3835.000000
1325 1326 3816.000000
1046 1047 3807.000000
628 629 3775.000000
912 913 3774.000000
160 161 3697.000000
887 888 3687.000000
888 889 3687.000000
889 890 3687.000000
320 321 3667.000000
277 278 3660.000000
778 779 3646.000000
779 780 3646.000000
908 909 3622.000000
1371 1372 3621.000000
799 800 3611.000000
1021 1022 3583.000000
1479 1480 3498.000000
1026 1027 3492.000000
931 932 3467.000000
932 933 3467.000000
933 934 3467.000000
72 73 3439.000000
1326 1327 3398.000000
1545 1546 3380.000000
71 72 3358.000000
1286 1287 3355.000000
95 96 3337.000000
406 407 3334.000000
1281 1282 3312.000000
1459 1460 3310.000000
1285 1286 3308.000000
1282 1283 3298.000000
29 30 3229.000000
825 826 3182.000000
911 912 3181.000000
755 756 3118.000000
1088 1089 3099.000000
1236 1237 3082.000000
1239 1240 3079.000000
1237 1238 3075.000000
202 203 3059.000000
1238 1239 3033.000000
958 959 3032.000000
1283 1284 3030.000000
1546 1547 3012.000000
2 3 3005.000000
803 804 3001.000000
1047 1048 2998.000000
913 914 2994.000000
957 958 2992.000000
138 139 2980.000000
1070 1071 2956.000000
1284 1285 2952.000000
1372 1373 2939.000000
1502 1503 2937.000000
1330 1331 2931.000000
890 891 2927.000000
1327 1328 2919.000000
1436 1437 2855.000000
1349 1350 2842.000000
268 269 2816.000000
1501 1502 2796.000000
181 182 2768.000000
1305 1306 2767.000000
1173 1174 2740.000000
1395 1396 2738.000000
1089 1090 2728.000000
864 865 2726.000000
1329 1330 2723.000000
203 204 2722.000000
694 695 2676.000000
956 957 2673.000000
270 271 2669.000000
1373 1374 2654.000000
321 322 2645.000000
937 959 2645.000000
140 141 2608.000000
141 142 2608.000000
142 143 2608.000000
143 144 2606.000000
1156 1178 2593.000000
49 50 2588.000000
907 908 2566.000000
757 758 2557.000000
758 759 2556.000000
892 893 2554.000000
1458 1459 2554.000000
51 52 2543.000000
777 778 2533.000000
1235 1236 2509.000000
974 975 2505.000000
975 976 2505.000000
976 977 2505.000000
159 160 2502.000000
630 631 2494.000000
995 996 2481.000000
996 997 2481.000000
997 998 2481.000000
998 999 2481.000000
249 250 2466.000000
250 251 2466.000000
251 252 2466.000000
252 253 2466.000000
1328 1329 2458.000000
1061 1062 2423.000000
1062 1063 2423.000000
1063 1064 2423.000000
1303 1304 2401.000000
1191 1192 2394.000000
1350 1351 2369.000000
868 869 2357.000000
139 140 2337.000000
672 673 2329.000000
673 674 2329.000000
246 247 2316.000000
1460 1461 2309.000000
234 235 2306.000000
1457 1458 2299.000000
1413 1414 2293.000000
756 757 2276.000000
1287 1288 2255.000000
1351 1352 2255.000000
824 825 2214.000000
1544 1545 2213.000000
1279 1280 2209.000000
1039 1040 2203.000000
1040 1041 2203.000000
1041 1042 2203.000000
826 827 2193.000000
225 226 2189.000000
138 160 2183.000000
189 211 2164.000000
1478 1479 2163.000000
47 48 2156.000000
211 212 2145.000000
982 983 2119.000000
144 166 2084.000000
48 49 2065.000000
1304 1305 2047.000000
1151 1152 2036.000000
977 978 2035.000000
869 870 2022.000000
1157 1158 2009.000000
212 213 1989.000000
1352 1353 1988.000000
1456 1457 1987.000000
407 408 1975.000000
253 254 1974.000000
1148 1149 1973.000000
1149 1150 1972.000000
1521 1522 1967.000000
137 138 1960.000000
190 191 1946.000000
51 73 1914.000000
269 270 1911.000000
1150 1151 1909.000000
1038 1039 1892.000000
776 777 1863.000000
1090 1091 1861.000000
1374 1375 1837.000000
886 887 1821.000000
804 805 1820.000000
1522 1523 1804.000000
1172 1173 1803.000000
738 739 1791.000000
1280 1281 1785.000000
1415 1416 1776.000000
734 735 1767.000000
735 736 1767.000000
736 737 1767.000000
1178 1179 1764.000000
363 364 1757.000000
234 256 1753.000000
1523 1524 1751.000000
1500 1501 1734.000000
1414 1415 1732.000000
254 255 1729.000000
650 651 1728.000000
930 931 1706.000000
586 608 1697.000000
631 632 1681.000000
191 192 1670.000000
247 248 1638.000000
1503 1504 1634.000000
1481 1482 1624.000000
1135 1136 1622.000000
27 28 1600.000000
820 842 1599.000000
973 974 1599.000000
1170 1171 1594.000000
1171 1172 1594.000000
994 995 1586.000000
1547 1548 1583.000000
320 342 1582.000000
255 256 1575.000000
213 214 1566.000000
804 826 1536.000000
780 781 1535.000000
160 182 1528.000000
848 870 1521.000000
1169 1170 1500.000000
279 280 1488.000000
1087 1088 1485.000000
1524 1525 1476.000000
117 139 1467.000000
739 740 1458.000000
46 47 1457.000000
1147 1148 1455.000000
1278 1279 1454.000000
1265 1266 1445.000000
651 652 1443.000000
848 849 1437.000000
235 236 1416.000000
1001 10283 1388.000000
674 675 1385.000000
1064 1065 1377.000000
1234 1235 1364.000000
1435 1436 1363.000000
582 583 1361.000000
583 584 1361.000000
584 585 1361.000000
116 117 1355.000000
1027 1028 1355.000000
342 343 1354.000000
1412 1413 1353.000000
585 586 1352.000000
1003 1004 1347.000000
1004 1005 1347.000000
1113 1135 1321.000000
362 363 1318.000000
278 300 1307.000000
539 540 1297.000000
540 541 1297.000000
541 542 1297.000000
278 279 1296.000000
586 587 1292.000000
301 302 1291.000000
782 783 1287.000000
691 692 1275.000000
692 693 1275.000000
1104 1105 1272.000000
1105 1106 1272.000000
1106 1107 1268.000000
761 762 1266.000000
805 806 1265.000000
652 653 1262.000000
1168 1169 1257.000000
8 9 1244.000000
1048 1049 1244.000000
1113 1114 1233.000000
280 281 1231.000000
1482 1483 1221.000000
24 25 1219.000000
364 365 1204.000000
1107 1108 1198.000000
1255 1256 1174.000000
276 298 1168.000000
136 137 1167.000000
1434 1435 1165.000000
300 301 1163.000000
587 588 1161.000000
892 914 1159.000000
762 763 1157.000000
695 696 1152.000000
1108 1109 1151.000000
245 246 1142.000000
760 761 1134.000000
1477 1478 1128.000000
693 694 1126.000000
894 916 1123.000000
1548 1549 1101.000000
115 116 1091.000000
798 799 1090.000000
1190 1191 1088.000000
893 894 1085.000000
737 738 1083.000000
1461 1462 1083.000000
248 249 1078.000000
781 782 1078.000000
224 225 1027.000000
236 237 1024.000000
1211 1212 1021.000000
1042 1043 1006.000000
653 654 1004.000000
952 953 1004.000000
953 954 1004.000000
954 955 1004.000000
25 26 1002.000000
26 27 998.000000
759 760 994.000000
863 864 991.000000
1179 1180 987.000000
733 734 981.000000
366 367 978.000000
1025 1047 973.000000
1022 10270 971.000000
870 871 970.000000
1200 1222 966.000000
192 193 962.000000
322 323 939.000000
696 697 939.000000
783 784 934.000000
669 670 932.000000
670 671 932.000000
671 672 932.000000
712 713 929.000000
1112 1134 927.000000
713 714 921.000000
714 715 921.000000
1543 1544 920.000000
1023 10446 919.000000
668 669 916.000000
166 167 913.000000
717 718 908.000000
716 717 907.000000
1180 1181 891.000000
1181 1182 891.000000
929 930 888.000000
116 138 886.000000
66 87 871.000000
84 85 871.000000
85 86 871.000000
86 87 871.000000
711 712 861.000000
314 315 855.000000
315 316 855.000000
316 317 855.000000
317 318 855.000000
256 257 842.000000
365 366 837.000000
1046 10857 835.000000
588 589 830.000000
914 915 808.000000
1016 1017 798.000000
1067 10796 795.000000
645 646 791.000000
183 205 783.000000
313 314 783.000000
246 268 782.000000
299 300 778.000000
646 647 778.000000
214 215 777.000000
955 956 775.000000
1303 1325 772.000000
90 91 769.000000
91 92 769.000000
92 93 769.000000
117 118 767.000000
1114 1115 765.000000
1546 1568 764.000000
1103 1104 749.000000
170 171 747.000000
242 243 742.000000
243 244 742.000000
244 245 742.000000
1564 1565 742.000000
318 319 731.000000
23 24 723.000000
715 716 720.000000
718 719 719.000000
1023 10953 718.000000
915 916 716.000000
132 153 707.000000
150 151 707.000000
151 152 707.000000
152 153 707.000000
277 299 706.000000
1091 1092 704.000000
132 133 696.000000
133 134 696.000000
134 135 696.000000
135 136 696.000000
168 169 695.000000
169 170 695.000000
1565 1566 690.000000
73 74 687.000000
232 254 687.000000
450 451 686.000000
1037 1038 680.000000
242 263 677.000000
259 260 677.000000
260 261 677.000000
261 262 677.000000
262 263 677.000000
1002 10143 675.000000
73 95 667.000000
1002 10039 665.000000
625 626 663.000000
319 341 660.000000
89 90 653.000000
176 177 649.000000
176 197 649.000000
177 178 649.000000
178 179 649.000000
179 180 649.000000
194 195 649.000000
195 196 649.000000
196 197 649.000000
1000 10277 649.000000
1028 1029 648.000000
1159 1160 646.000000
1160 1161 646.000000
180 181 645.000000
344 345 645.000000
1201 1202 644.000000
343 344 637.000000
139 161 632.000000
1416 1417 628.000000
257 258 623.000000
983 984 617.000000
984 985 617.000000
1001 10979 617.000000
690 691 616.000000
1060 1061 616.000000
1287 1309 616.000000
167 168 610.000000
632 633 610.000000
289 290 605.000000
951 952 599.000000
1437 1438 596.000000
110 111 591.000000
111 112 591.000000
112 113 591.000000
113 114 591.000000
110 131 588.000000
128 129 588.000000
129 130 588.000000
130 131 588.000000
367 368 587.000000
1129 1130 586.000000
1023 10421 579.000000
1158 1159 578.000000
1321 1322 573.000000
1322 1323 573.000000
1323 1324 573.000000
1008 10090 567.000000
106 107 566.000000
107 108 566.000000
108 109 566.000000
190 212 565.000000
1044 10493 563.000000
298 299 555.000000
66 67 553.000000
471 472 550.000000
1022 10401 543.000000
1021 10565 542.000000
1114 1136 542.000000
1023 10469 541.000000
1193 1215 541.000000
697 698 536.000000
1417 1418 534.000000
1331 1332 533.000000
675 676 529.000000
647 648 528.000000
648 649 528.000000
649 650 528.000000
542 543 524.000000
144 145 522.000000
88 89 519.000000
959 960 519.000000
1167 1168 514.000000
345 346 509.000000
1016 10856 502.000000
740 741 496.000000
1136 1137 495.000000
1137 1138 495.000000
1138 1139 495.000000
70 71 492.000000
938 960 492.000000
1023 10413 488.000000
1244 1266 481.000000
341 342 478.000000
323 324 476.000000
247 269 474.000000
137 159 464.000000
192 214 462.000000
1069 1091 462.000000
408 409 456.000000
1017 10207 456.000000
1017 10474 456.000000
1023 10542 454.000000
1086 1087 453.000000
407 429 451.000000
759 781 446.000000
188 210 445.000000
233 255 445.000000
342 364 444.000000
1302 1303 443.000000
1024 10985 438.000000
1438 1439 438.000000
632 654 437.000000
202 224 432.000000
387 388 432.000000
1021 10298 432.000000
1233 1234 430.000000
1065 10831 428.000000
1205 1206 428.000000
543 544 427.000000
1280 1302 424.000000
1115 1116 423.000000
1116 1117 423.000000
1347 1369 417.000000
1023 10305 416.000000
985 986 413.000000
1002 10763 412.000000
542 564 411.000000
1026 1048 411.000000
544 545 410.000000
323 345 408.000000
1005 10176 406.000000
1005 10455 406.000000
1066 1088 406.000000
290 291 404.000000
291 292 404.000000
1002 10279 404.000000
1002 10372 404.000000
1002 10426 404.000000
1002 10532 404.000000
1016 10161 404.000000
1000 10022 403.000000
1525 1526 403.000000
1047 10997 400.000000
781 803 397.000000
1071 10778 394.000000
1061 10731 393.000000
1044 10901 392.000000
1092 1093 392.000000
264 285 389.000000
281 282 389.000000
282 283 389.000000
283 284 389.000000
284 285 389.000000
1299 1300 384.000000
1300 1301 384.000000
1301 1302 384.000000
1504 1505 383.000000
1550 1551 383.000000
1551 1552 383.000000
1552 1553 383.000000
28 50 379.000000
386 387 374.000000
936 958 374.000000
67 68 370.000000
891 913 370.000000
1349 1371 368.000000
1188 1189 366.000000
1188 1209 366.000000
1206 1207 366.000000
1207 1208 366.000000
1208 1209 366.000000
1222 1223 366.000000
1324 1346 360.000000
68 69 357.000000
69 70 357.000000
312 313 357.000000
1259 1281 353.000000
578 579 350.000000
579 580 350.000000
1025 10358 350.000000
1025 10379 350.000000
1025 10818 350.000000
1037 10635 350.000000
885 886 349.000000
1000 10982 349.000000
308 329 345.000000
325 326 345.000000
326 327 345.000000
327 328 345.000000
328 329 345.000000
1502 1524 343.000000
849 871 342.000000
1029 1030 342.000000
308 309 341.000000
128 150 340.000000
1146 1147 339.000000
1478 1500 339.000000
309 310 329.000000
310 311 329.000000
689 690 328.000000
1202 1203 326.000000
1203 1204 326.000000
1204 1205 326.000000
581 582 325.000000
264 265 324.000000
265 266 324.000000
266 267 324.000000
545 567 321.000000
624 625 321.000000
1017 10590 321.000000
1066 10681 321.000000
667 668 320.000000
938 939 320.000000
27 49 317.000000
259 281 317.000000
1071 10927 314.000000
1005 10327 313.000000
1049 1050 311.000000
1050 1051 311.000000
1566 1567 308.000000
267 268 306.000000
1124 1125 306.000000
1002 10335 305.000000
1021 10407 304.000000
334 335 303.000000
335 336 303.000000
336 337 303.000000
337 338 303.000000
338 339 303.000000
339 340 303.000000
675 697 302.000000
1002 10895 301.000000
1126 1127 301.000000
1127 1128 301.000000
1128 1129 301.000000
198 199 300.000000
198 219 300.000000
199 200 300.000000
200 201 300.000000
201 202 300.000000
215 216 300.000000
216 217 300.000000
217 218 300.000000
218 219 300.000000
1436 1458 300.000000
292 293 299.000000
293 294 299.000000
294 295 299.000000
295 296 299.000000
1024 10668 299.000000
587 609 297.000000
191 213 296.000000
1023 10689 296.000000
1023 10850 296.000000
819 820 295.000000
340 341 294.000000
1342 1343 294.000000
1343 1344 294.000000
1344 1345 294.000000
1345 1346 294.000000
1002 10218 293.000000
1002 10977 293.000000
1005 10523 293.000000
1002 10613 292.000000
1017 10391 291.000000
1003 10329 290.000000
1003 10375 290.000000
1003 10863 290.000000
1003 10886 290.000000
1028 10436 290.000000
1022 10254 288.000000
1002 10824 287.000000
1027 10431 287.000000
1002 10081 286.000000
1002 10271 285.000000
1027 10553 285.000000
1027 10340 283.000000
608 609 282.000000
1003 10740 281.000000
631 653 280.000000
388 389 276.000000
1002 10347 276.000000
1002 10180 275.000000
1125 1126 275.000000
1439 1440 273.000000
71 93 270.000000
1003 10346 270.000000
1003 10428 270.000000
1003 10996 270.000000
1005 1006 269.000000
1006 1007 269.000000
1022 10399 269.000000
1093 1094 269.000000
1094 1095 269.000000
145 146 268.000000
1007 1008 267.000000
1017 10272 267.000000
1021 10703 267.000000
149 150 266.000000
1017 10711 266.000000
1017 10932 266.000000
1025 10398 265.000000
118 119 264.000000
119 120 264.000000
120 121 264.000000
121 122 264.000000
122 123 264.000000
159 181 264.000000
1017 10411 264.000000
1003 10502 263.000000
145 167 260.000000
146 147 260.000000
147 148 260.000000
148 149 260.000000
1198 1220 259.000000
123 124 258.000000
124 125 258.000000
125 126 258.000000
126 127 258.000000
1003 10163 258.000000
1157 1179 258.000000
1049 10751 257.000000
258 259 255.000000
1061 10711 255.000000
1061 10932 255.000000
1024 10669 253.000000
1003 10310 251.000000
1017 10234 251.000000
367 389 250.000000
803 825 250.000000
1072 1073 250.000000
1073 1074 250.000000
495 496 249.000000
496 497 249.000000
497 498 249.000000
1025 10696 249.000000
1281 1303 247.000000
1261 1283 245.000000
1071 1072 243.000000
565 566 242.000000
1047 10481 242.000000
566 567 240.000000
1005 10561 236.000000
1372 1394 236.000000
564 565 235.000000
182 204 234.000000
296 297 234.000000
1071 1093 233.000000
1166 1167 233.000000
1166 1187 233.000000
1184 1185 233.000000
1185 1186 233.000000
1186 1187 233.000000
1324 1325 233.000000
660 661 231.000000
1169 1191 229.000000
220 221 227.000000
220 241 227.000000
221 222 227.000000
222 223 227.000000
237 238 227.000000
238 239 227.000000
239 240 227.000000
240 241 227.000000
1017 10999 227.000000
1001 1023 226.000000
1068 10879 226.000000
1005 10844 225.000000
1521 1543 225.000000
1003 10303 224.000000
1003 10438 224.000000
1008 10378 224.000000
1433 1434 224.000000
50 72 223.000000
805 827 223.000000
1003 10687 223.000000
1027 1049 223.000000
386 408 221.000000
827 828 221.000000
609 610 220.000000
1182 1183 220.000000
1183 1184 220.000000
1017 10449 219.000000
212 234 217.000000
1393 1415 217.000000
1001 10143 216.000000
1499 1500 216.000000
1262 1284 215.000000
1025 10586 211.000000
1283 1305 209.000000
574 575 208.000000
575 576 208.000000
576 577 208.000000
577 578 208.000000
715 737 205.000000
1022 10325 205.000000
1047 10488 205.000000
1049 10846 205.000000
114 115 204.000000
643 644 204.000000
644 645 204.000000
650 672 203.000000
1002 10364 201.000000
1002 10550 201.000000
1002 10894 201.000000
1070 10981 201.000000
237 259 200.000000
297 298 199.000000
847 869 199.000000
1002 10717 199.000000
1025 10972 198.000000
1038 10835 198.000000
52 74 197.000000
1003 10363 197.000000
1038 10944 196.000000
1003 10351 195.000000
1024 10938 195.000000
1071 10751 195.000000
223 224 194.000000
1047 10947 194.000000
1526 1527 194.000000
1003 10782 193.000000
1232 1233 193.000000
1232 1253 193.000000
1250 1251 193.000000
1251 1252 193.000000
1252 1253 193.000000
1309 1310 193.000000
154 155 192.000000
154 175 192.000000
155 156 192.000000
156 157 192.000000
157 158 192.000000
158 159 192.000000
172 173 192.000000
173 174 192.000000
174 175 192.000000
333 334 192.000000
1027 10678 191.000000
1025 10920 190.000000
1025 10269 189.000000
1025 10730 189.000000
1025 10663 188.000000
280 302 187.000000
1001 10669 187.000000
1002 10121 186.000000
1047 10663 186.000000
409 410 185.000000
410 411 185.000000
1048 10561 184.000000
1434 1456 184.000000
1002 10857 183.000000
1002 10910 183.000000
916 938 182.000000
628 650 181.000000
1505 1506 180.000000
1038 10852 179.000000
1390 1412 179.000000
1027 10523 178.000000
1000 10487 177.000000
1161 1162 177.000000
1028 10583 175.000000
30 52 174.000000
1002 10265 174.000000
210 232 171.000000
224 246 171.000000
754 755 171.000000
1118 1140 171.000000
10 11 170.000000
11 12 170.000000
12 13 170.000000
538 539 170.000000
1003 10031 170.000000
1003 10948 170.000000
1003 10976 170.000000
1090 10998 170.000000
630 652 169.000000
825 847 169.000000
1277 1278 169.000000
762 784 168.000000
72 94 167.000000
560 561 167.000000
561 562 167.000000
562 563 167.000000
607 608 167.000000
1048 10844 167.000000
1139 1140 167.000000
1045 10613 166.000000
1048 10995 166.000000
1135 1157 166.000000
719 720 165.000000
1024 10246 165.000000
45 46 163.000000
952 974 163.000000
1048 10553 163.000000
1003 10244 162.000000
1046 10910 162.000000
1043 10603 161.000000
1047 10470 161.000000
1179 1201 161.000000
253 275 159.000000
1005 1027 158.000000
1082 1083 158.000000
1083 1084 158.000000
1084 1085 158.000000
1085 1086 158.000000
1090 10947 158.000000
1092 10927 157.000000
1117 1118 156.000000
29 51 155.000000
763 764 155.000000
951 973 155.000000
588 610 154.000000
1173 1195 154.000000
255 277 153.000000
939 940 153.000000
940 941 153.000000
941 942 153.000000
1023 10677 153.000000
286 287 152.000000
287 288 152.000000
288 289 152.000000
563 564 152.000000
738 760 152.000000
1023 10964 151.000000
1024 10271 151.000000
778 800 150.000000
1028 10293 150.000000
1047 10762 150.000000
676 698 149.000000
893 915 149.000000
1024 10702 149.000000
1028 10643 149.000000
286 307 148.000000
303 304 148.000000
304 305 148.000000
305 306 148.000000
306 307 148.000000
1069 10947 148.000000
115 137 147.000000
256 278 147.000000
603 604 147.000000
604 605 147.000000
605 606 147.000000
606 607 147.000000
1047 10998 146.000000
48 70 145.000000
1001 10796 145.000000
1046 10696 145.000000
1396 1397 145.000000
180 202 144.000000
1213 1235 144.000000
385 386 143.000000
580 581 143.000000
1021 10225 143.000000
1049 10583 143.000000
1071 10846 143.000000
777 799 142.000000
279 301 141.000000
290 312 141.000000
384 385 141.000000
1003 10387 141.000000
1070 10995 141.000000
498 499 140.000000
1001 10412 140.000000
1001 10781 140.000000
1522 1544 140.000000
594 615 139.000000
611 612 139.000000
612 613 139.000000
613 614 139.000000
614 615 139.000000
1067 10979 139.000000
268 290 138.000000
716 738 138.000000
1069 10762 138.000000
1091 10923 138.000000
1024 10895 137.000000
1024 10977 137.000000
1025 10824 137.000000
1069 10998 136.000000
1458 1480 136.000000
204 226 135.000000
1091 10995 135.000000
1025 10502 134.000000
1025 10740 134.000000
1069 10924 134.000000
49 71 133.000000
610 611 133.000000
783 805 133.000000
1025 10593 133.000000
1025 10619 133.000000
1025 10879 132.000000
302 303 131.000000
1045 10985 131.000000
1223 1224 131.000000
1224 1225 131.000000
1225 1226 131.000000
1226 1227 131.000000
1110 1132 130.000000
1002 10113 129.000000
1003 10142 129.000000
1046 10972 129.000000
602 603 128.000000
749 750 128.000000
750 751 128.000000
751 752 128.000000
752 753 128.000000
1002 10702 128.000000
1024 10335 128.000000
1025 10346 128.000000
1025 10428 128.000000
1025 10996 128.000000
1027 10327 128.000000
1288 1310 128.000000
1003 10868 127.000000
1048 10678 127.000000
1066 10901 127.000000
193 215 126.000000
753 754 126.000000
826 848 126.000000
1001 10393 126.000000
1046 10730 126.000000
1549 1550 126.000000
499 500 125.000000
500 501 125.000000
501 502 125.000000
734 756 125.000000
1024 10347 124.000000
1021 10256 123.000000
231 253 122.000000
311 312 122.000000
1046 10868 122.000000
1067 10953 122.000000
1068 10717 122.000000
864 886 120.000000
1022 10369 120.000000
1025 10329 120.000000
1025 10375 120.000000
1025 10863 120.000000
1025 10886 120.000000
1045 10668 120.000000
1368 1369 119.000000
254 276 118.000000
595 596 118.000000
596 597 118.000000
597 598 118.000000
598 599 118.000000
1023 10618 117.000000
1090 10924 117.000000
935 957 116.000000
1022 1044 116.000000
1066 10821 116.000000
1049 10643 115.000000
1212 1234 114.000000
168 190 113.000000
1025 10387 113.000000
1025 10868 113.000000
1023 10554 112.000000
96 97 111.000000
97 98 111.000000
98 99 111.000000
100 101 111.000000
101 102 111.000000
102 103 111.000000
103 104 111.000000
104 105 111.000000
105 106 111.000000
802 824 111.000000
1000 1022 111.000000
1025 10351 111.000000
1418 1419 111.000000
960 961 110.000000
1027 10561 110.000000
1042 10831 110.000000
498 520 109.000000
694 716 108.000000
1000 10554 108.000000
1327 1349 108.000000
1371 1393 107.000000
356 357 106.000000
357 358 106.000000
358 359 106.000000
359 360 106.000000
360 361 106.000000
361 362 106.000000
1025 10308 106.000000
1025 10432 106.000000
1025 10475 106.000000
1025 10486 106.000000
782 804 105.000000
1001 10040 105.000000
1024 10613 105.000000
1081 1082 105.000000
1081 1103 105.000000
890 912 104.000000
1044 10982 104.000000
1091 10981 104.000000
599 600 103.000000
600 601 103.000000
1002 10246 103.000000
1022 10745 103.000000
1047 10924 102.000000
1022 10280 101.000000
1023 10627 101.000000
1189 1190 101.000000
689 711 100.000000
934 956 100.000000
1003 10663 100.000000
1038 10731 100.000000
559 560 99.000000
961 962 99.000000
962 963 99.000000
1001 10421 99.000000
1567 1568 98.000000
299 321 97.000000
324 346 97.000000
1003 10269 97.000000
1065 10738 97.000000
1030 10378 96.000000
1043 1065 96.000000
556 557 95.000000
557 558 95.000000
990 991 95.000000
991 992 95.000000
992 993 95.000000
993 994 95.000000
1003 10037 95.000000
1003 10586 95.000000
1059 1060 95.000000
1191 1213 95.000000
1001 10260 94.000000
1047 10609 94.000000
1170 1192 94.000000
181 203 93.000000
508 509 93.000000
509 510 93.000000
510 511 93.000000
511 512 93.000000
512 513 93.000000
513 514 93.000000
821 843 93.000000
1022 10946 93.000000
1022 10949 93.000000
1047 10600 93.000000
1001 10469 92.000000
1008 1009 92.000000
1009 1010 92.000000
1010 1011 92.000000
1022 10357 92.000000
1022 10811 92.000000
1022 10955 92.000000
550 571 91.000000
567 568 91.000000
568 569 91.000000
569 570 91.000000
570 571 91.000000
1003 10920 91.000000
223 245 89.000000
429 430 89.000000
430 431 89.000000
431 432 89.000000
537 538 89.000000
545 546 89.000000
1023 10487 89.000000
1242 1264 89.000000
551 552 88.000000
552 553 88.000000
553 554 88.000000
554 555 88.000000
555 556 88.000000
1025 10363 88.000000
1022 10821 87.000000
1043 10810 87.000000
616 637 86.000000
633 634 86.000000
634 635 86.000000
635 636 86.000000
636 637 86.000000
660 681 86.000000
677 678 86.000000
678 679 86.000000
679 680 86.000000
680 681 86.000000
1025 10310 86.000000
1027 10844 86.000000
1168 1190 86.000000
1190 1212 86.000000
1243 1265 86.000000
1457 1479 85.000000
1044 10689 84.000000
1044 10850 84.000000
1065 10808 84.000000
1065 10877 84.000000
1117 1139 84.000000
1245 1246 84.000000
1246 1247 84.000000
1247 1248 84.000000
1248 1249 84.000000
1249 1250 84.000000
236 258 83.000000
1024 10435 83.000000
1174 1196 83.000000
298 320 82.000000
300 322 82.000000
1022 10493 82.000000
1046 10475 82.000000
1046 10486 82.000000
1012 1033 81.000000
1030 1031 81.000000
1031 1032 81.000000
1032 1033 81.000000
1154 1176 81.000000
1326 1348 81.000000
1046 10593 80.000000
1046 10879 80.000000
1306 1328 80.000000
1483 1484 80.000000
842 864 79.000000
1003 10500 78.000000
1012 1013 78.000000
1013 1014 78.000000
1014 1015 78.000000
1046 10619 78.000000
638 659 77.000000
654 655 77.000000
655 656 77.000000
656 657 77.000000
657 658 77.000000
658 659 77.000000
1002 1024 77.000000
1003 10871 77.000000
1043 10484 77.000000
363 385 76.000000
1043 10509 76.000000
1130 1152 76.000000
1237 1259 76.000000
1043 10883 75.000000
1122 1123 75.000000
1123 1124 75.000000
1215 1237 75.000000
1563 1564 75.000000
676 677 74.000000
1000 10249 74.000000
1000 10659 74.000000
1000 10681 74.000000
1000 10721 74.000000
1043 10777 74.000000
1043 10841 74.000000
1437 1459 74.000000
1 10106 73.000000
355 356 73.000000
507 508 73.000000
1000 10254 73.000000
1 2 72.000000
193 194 72.000000
213 235 72.000000
594 595 72.000000
1043 10450 72.000000
1043 10476 72.000000
1043 10848 72.000000
1043 10902 72.000000
1043 10921 72.000000
1043 10951 72.000000
1068 10985 72.000000
1122 1143 72.000000
1140 1141 72.000000
1141 1142 72.000000
1142 1143 72.000000
756 778 71.000000
1043 10505 71.000000
1043 10506 71.000000
1043 10703 71.000000
1043 10775 71.000000
1043 10783 71.000000
1043 10816 71.000000
1043 10969 71.000000
1199 1221 71.000000
1479 1501 71.000000
297 319 70.000000
1007 10255 70.000000
1015 1016 70.000000
1044 10529 70.000000
1044 10665 70.000000
1044 10752 70.000000
1107 1129 70.000000
564 586 69.000000
617 618 69.000000
618 619 69.000000
619 620 69.000000
620 621 69.000000
1025 10510 69.000000
1025 10862 69.000000
1025 10956 69.000000
1065 10842 68.000000
1082 1104 68.000000
1455 1456 68.000000
225 247 67.000000
352 353 67.000000
352 373 67.000000
368 369 67.000000
369 370 67.000000
370 371 67.000000
371 372 67.000000
372 373 67.000000
739 761 67.000000
1150 1172 67.000000
1003 10188 66.000000
1025 10301 66.000000
171 172 65.000000
242 264 65.000000
1222 1244 65.000000
1545 1567 65.000000
550 551 64.000000
915 937 64.000000
1046 1068 64.000000
1065 10664 64.000000
1065 10718 64.000000
1065 10788 64.000000
1065 10965 64.000000
616 617 63.000000
621 622 63.000000
622 623 63.000000
324 325 62.000000
913 935 62.000000
961 983 62.000000
211 233 61.000000
733 755 61.000000
1003 10175 61.000000
1003 10182 61.000000
1003 10193 61.000000
1003 10202 61.000000
1003 10215 61.000000
1003 10383 61.000000
1003 10453 61.000000
1017 10186 61.000000
167 189 60.000000
849 850 60.000000
1003 1025 60.000000
1034 1035 60.000000
1034 1055 60.000000
1035 1036 60.000000
1036 1037 60.000000
1052 1053 60.000000
1053 1054 60.000000
1054 1055 60.000000
330 331 59.000000
330 351 59.000000
346 347 59.000000
347 348 59.000000
348 349 59.000000
349 350 59.000000
350 351 59.000000
398 399 59.000000
399 400 59.000000
400 401 59.000000
401 402 59.000000
402 403 59.000000
403 404 59.000000
404 405 59.000000
405 406 59.000000
907 929 59.000000
1017 10183 59.000000
697 719 58.000000
1087 10946 58.000000
1087 10949 58.000000
331 332 57.000000
332 333 57.000000
267 289 56.000000
565 587 56.000000
653 675 56.000000
1087 10955 56.000000
66 88 55.000000
1065 10934 55.000000
1066 10694 55.000000
1177 1199 55.000000
26 48 54.000000
1017 10878 54.000000
1021 10816 54.000000
1022 10659 54.000000
1413 1435 54.000000
353 375 53.000000
712 734 53.000000
737 759 53.000000
1022 10330 53.000000
1025 10733 53.000000
1025 10837 53.000000
1056 1057 53.000000
1056 1077 53.000000
1057 1058 53.000000
1058 1059 53.000000
1074 1075 53.000000
1075 1076 53.000000
1076 1077 53.000000
170 192 52.000000
645 667 52.000000
1100 1101 52.000000
1100 1121 52.000000
1118 1119 52.000000
1119 1120 52.000000
1120 1121 52.000000
1144 1165 52.000000
1162 1163 52.000000
1163 1164 52.000000
1164 1165 52.000000
1244 1245 52.000000
520 542 51.000000
607 629 51.000000
939 961 51.000000
1090 1112 51.000000
1101 1102 51.000000
1218 1240 51.000000
2 24 50.000000
346 368 50.000000
732 733 50.000000
1023 10796 50.000000
1025 10789 50.000000
1060 10835 50.000000
1239 1261 50.000000
1414 1436 50.000000
106 128 49.000000
741 742 49.000000
914 936 49.000000
1017 10898 49.000000
1025 10414 49.000000
1060 10944 49.000000
1144 1145 49.000000
956 978 48.000000
1022 10721 48.000000
1025 10940 48.000000
1064 1086 48.000000
719 741 47.000000
870 892 47.000000
964 986 47.000000
1089 1111 46.000000
957 979 45.000000
1003 10776 45.000000
480 502 44.000000
515 516 44.000000
558 559 44.000000
1016 10276 44.000000
1025 10279 44.000000
1025 10372 44.000000
1025 10426 44.000000
1025 10532 44.000000
1025 10550 44.000000
1025 10977 44.000000
1060 10852 44.000000
1065 10659 44.000000
924 925 43.000000
924 945 43.000000
925 926 43.000000
926 927 43.000000
927 928 43.000000
928 929 43.000000
942 943 43.000000
943 944 43.000000
944 945 43.000000
1047 10818 43.000000
1124 1146 43.000000
215 237 42.000000
1046 10702 42.000000
1087 10982 42.000000
1236 1258 42.000000
458 480 41.000000
672 694 41.000000
1025 10717 41.000000
1391 1413 41.000000
303 325 40.000000
683 684 40.000000
684 685 40.000000
685 686 40.000000
686 687 40.000000
687 688 40.000000
850 872 40.000000
872 894 40.000000
1022 10665 40.000000
1059 10635 40.000000
1068 10763 40.000000
589 611 39.000000
1016 10286 39.000000
1021 10386 39.000000
1021 10831 39.000000
1021 10842 39.000000
1022 10694 39.000000
1025 10263 39.000000
1025 10349 39.000000
1025 10638 39.000000
1025 10769 39.000000
1086 1108 39.000000
1195 1217 39.000000
1266 1267 39.000000
1267 1268 39.000000
1268 1269 39.000000
1269 1270 39.000000
1270 1271 39.000000
52 53 38.000000
136 158 38.000000
158 180 38.000000
455 456 38.000000
456 457 38.000000
457 458 38.000000
572 593 38.000000
589 590 38.000000
590 591 38.000000
591 592 38.000000
592 593 38.000000
690 712 38.000000
869 891 38.000000
1021 10934 38.000000
1025 10364 38.000000
1025 10894 38.000000
1210 1231 38.000000
1227 1228 38.000000
1228 1229 38.000000
1229 1230 38.000000
1230 1231 38.000000
353 354 36.000000
354 355 36.000000
740 762 36.000000
942 964 36.000000
1023 10979 36.000000
1044 10446 36.000000
1051 1052 36.000000
514 515 35.000000
543 565 35.000000
623 645 35.000000
912 934 35.000000
1021 10250 35.000000
1021 10568 35.000000
1021 10575 35.000000
1021 10640 35.000000
1021 10664 35.000000
1021 10718 35.000000
1021 10788 35.000000
1021 10965 35.000000
1022 10249 35.000000
1022 10681 35.000000
1046 10763 35.000000
1046 10895 35.000000
106 10616 34.000000
149 171 34.000000
1022 10277 34.000000
1091 1113 34.000000
1000 10627 33.000000
1003 10221 33.000000
1003 10414 33.000000
1091 10998 33.000000
1175 1197 33.000000
871 893 32.000000
1000 10493 32.000000
1059 10856 32.000000
1415 1437 32.000000
1416 1438 32.000000
1047 10996 31.000000
1022 10529 30.000000
1102 1103 30.000000
1145 1146 30.000000
661 662 29.000000
662 663 29.000000
663 664 29.000000
664 665 29.000000
665 666 29.000000
666 667 29.000000
1000 10446 29.000000
1047 10863 29.000000
1047 10886 29.000000
1069 10696 29.000000
1070 10997 29.000000
1527 1528 29.000000
1528 1529 29.000000
1529 1530 29.000000
1530 1531 29.000000
275 297 28.000000
528 529 28.000000
528 549 28.000000
530 531 28.000000
531 532 28.000000
532 533 28.000000
533 534 28.000000
534 535 28.000000
535 536 28.000000
536 537 28.000000
546 547 28.000000
547 548 28.000000
548 549 28.000000
623 624 28.000000
1003 10237 28.000000
1047 10502 28.000000
1047 10740 28.000000
1266 1288 28.000000
74 96 27.000000
760 782 27.000000
784 806 27.000000
1003 10940 27.000000
1003 10045 26.000000
1003 10184 26.000000
1126 1148 26.000000
375 376 25.000000
376 377 25.000000
377 378 25.000000
378 379 25.000000
379 380 25.000000
380 381 25.000000
381 382 25.000000
382 383 25.000000
1003 10062 25.000000
1003 10489 25.000000
1003 10733 25.000000
1003 10774 25.000000
1003 10789 25.000000
1003 10865 25.000000
1305 1327 25.000000
1506 1507 25.000000
1507 1508 25.000000
1508 1509 25.000000
1509 1531 25.000000
301 323 24.000000
1002 10938 24.000000
1049 10523 24.000000
1178 1200 24.000000
1189 1211 24.000000
1331 1353 24.000000
281 303 23.000000
572 573 23.000000
594 616 23.000000
1003 10059 23.000000
1221 1243 23.000000
302 324 22.000000
1068 10702 22.000000
1069 10818 22.000000
1132 1154 22.000000
1133 1155 22.000000
1460 1482 22.000000
566 588 21.000000
1102 1124 21.000000
1459 1481 21.000000
508 530 20.000000
1001 10563 20.000000
1001 10713 20.000000
1022 10752 20.000000
1044 10796 20.000000
1092 1114 20.000000
1145 1167 20.000000
603 625 19.000000
770 791 19.000000
784 785 19.000000
785 786 19.000000
786 787 19.000000
787 788 19.000000
788 789 19.000000
789 790 19.000000
790 791 19.000000
1020 1042 19.000000
1021 10484 19.000000
1042 1064 19.000000
1065 10883 19.000000
62 84 18.000000
383 384 18.000000
516 517 18.000000
517 518 18.000000
518 519 18.000000
519 520 18.000000
608 630 18.000000
1000 10542 18.000000
1003 10638 18.000000
1021 10450 18.000000
1021 10476 18.000000
1021 10505 18.000000
1021 10506 18.000000
1021 10775 18.000000
1021 10783 18.000000
1021 10848 18.000000
1021 10902 18.000000
1021 10921 18.000000
1021 10951 18.000000
1021 10969 18.000000
1068 10895 18.000000
1370 1392 18.000000
161 183 17.000000
432 433 17.000000
521 543 17.000000
544 566 17.000000
1000 10330 17.000000
1003 10263 17.000000
1046 10940 17.000000
1131 1153 17.000000
258 280 16.000000
609 631 16.000000
1001 10499 16.000000
1001 10925 16.000000
1003 10769 16.000000
1016 10944 16.000000
1066 10982 16.000000
1068 10977 16.000000
1069 10863 16.000000
1069 10886 16.000000
1069 10996 16.000000
499 521 15.000000
550 572 15.000000
688 689 15.000000
1003 10349 15.000000
1044 10979 15.000000
44 45 14.000000
44 65 14.000000
62 63 14.000000
63 64 14.000000
64 65 14.000000
331 353 14.000000
567 589 14.000000
754 776 14.000000
959 981 14.000000
1016 10166 14.000000
1028 10455 14.000000
1044 10618 14.000000
1065 10810 14.000000
1065 10841 14.000000
1078 1079 14.000000
1078 1099 14.000000
1079 1080 14.000000
1095 1096 14.000000
1096 1097 14.000000
1097 1098 14.000000
1098 1099 14.000000
718 740 13.000000
726 747 13.000000
742 743 13.000000
743 744 13.000000
744 745 13.000000
745 746 13.000000
746 747 13.000000
1003 10510 13.000000
1003 10837 13.000000
1003 10862 13.000000
1003 10956 13.000000
1016 10835 13.000000
1052 1074 13.000000
1065 10777 13.000000
1108 1130 13.000000
1147 1169 13.000000
1151 1173 13.000000
1500 1522 13.000000
309 331 12.000000
520 521 12.000000
521 522 12.000000
522 523 12.000000
646 668 12.000000
755 777 12.000000
958 980 12.000000
1000 10148 12.000000
1000 10529 12.000000
1000 10665 12.000000
1002 10435 12.000000
1069 10740 12.000000
1284 1306 12.000000
110 132 11.000000
452 453 11.000000
453 454 11.000000
454 455 11.000000
494 495 11.000000
529 530 11.000000
668 690 11.000000
1065 10721 11.000000
1065 10811 11.000000
1065 10946 11.000000
1065 10949 11.000000
1065 10955 11.000000
127 128 10.000000
345 367 10.000000
610 632 10.000000
776 798 10.000000
1000 10694 10.000000
1000 10752 10.000000
1001 10305 10.000000
1001 10677 10.000000
1001 10964 10.000000
1042 10484 10.000000
1042 10568 10.000000
1042 10575 10.000000
1042 10640 10.000000
1042 10664 10.000000
1042 10718 10.000000
1042 10788 10.000000
1042 10842 10.000000
1042 10965 10.000000
1043 10681 10.000000
1043 10745 10.000000
1043 10821 10.000000
1048 1070 10.000000
1134 1156 10.000000
1456 1478 10.000000
1462 1463 10.000000
1477 1499 10.000000
74 75 9.000000
75 76 9.000000
76 77 9.000000
77 78 9.000000
78 79 9.000000
79 80 9.000000
80 81 9.000000
81 82 9.000000
82 83 9.000000
83 84 9.000000
374 375 9.000000
374 395 9.000000
389 390 9.000000
390 391 9.000000
391 392 9.000000
392 393 9.000000
393 394 9.000000
394 395 9.000000
827 849 9.000000
920 942 9.000000
1001 10190 9.000000
1016 10852 9.000000
1043 10659 9.000000
1065 10951 9.000000
1065 10969 9.000000
1066 10665 9.000000
146 168 8.000000
165 187 8.000000
245 267 8.000000
257 279 8.000000
601 602 8.000000
696 718 8.000000
798 820 8.000000
929 951 8.000000
1015 1037 8.000000
1038 10474 8.000000
1065 10703 8.000000
1065 10775 8.000000
1065 10783 8.000000
1065 10816 8.000000
1065 10848 8.000000
1065 10902 8.000000
1065 10921 8.000000
1066 10752 8.000000
412 413 7.000000
413 414 7.000000
414 436 7.000000
436 458 7.000000
556 578 7.000000
639 661 7.000000
652 674 7.000000
761 783 7.000000
799 821 7.000000
946 947 7.000000
946 967 7.000000
947 948 7.000000
948 949 7.000000
949 950 7.000000
964 965 7.000000
965 966 7.000000
966 967 7.000000
1037 10856 7.000000
1046 10894 7.000000
1088 10953 7.000000
1125 1147 7.000000
1481 1503 7.000000
123 145 6.000000
602 624 6.000000
902 903 6.000000
902 923 6.000000
903 904 6.000000
904 905 6.000000
905 906 6.000000
906 907 6.000000
920 921 6.000000
921 922 6.000000
922 923 6.000000
973 995 6.000000
1021 1043 6.000000
1038 10411 6.000000
1038 10711 6.000000
1038 10932 6.000000
1049 10844 6.000000
1129 1151 6.000000
1152 1174 6.000000
1298 1319 6.000000
1310 1311 6.000000
1311 1312 6.000000
1312 1313 6.000000
1313 1314 6.000000
1314 1315 6.000000
1315 1316 6.000000
1316 1317 6.000000
1317 1318 6.000000
1318 1319 6.000000
1438 1460 6.000000
13 14 5.000000
14 15 5.000000
15 16 5.000000
16 17 5.000000
17 18 5.000000
205 227 5.000000
440 441 5.000000
493 494 5.000000
691 713 5.000000
705 706 5.000000
706 707 5.000000
707 708 5.000000
708 709 5.000000
709 710 5.000000
710 711 5.000000
1044 10487 5.000000
1044 10542 5.000000
1044 10554 5.000000
1044 10627 5.000000
1045 10669 5.000000
1046 10532 5.000000
1046 10550 5.000000
1046 10717 5.000000
1046 10977 5.000000
1067 1089 5.000000
1091 10997 5.000000
1254 1275 5.000000
1271 1272 5.000000
1272 1273 5.000000
1273 1274 5.000000
1274 1275 5.000000
1440 1441 5.000000
18 40 4.000000
40 62 4.000000
166 188 4.000000
203 225 4.000000
235 257 4.000000
286 308 4.000000
440 461 4.000000
441 463 4.000000
458 459 4.000000
459 460 4.000000
460 461 4.000000
463 485 4.000000
485 507 4.000000
682 683 4.000000
682 703 4.000000
698 699 4.000000
698 720 4.000000
699 700 4.000000
700 701 4.000000
701 702 4.000000
702 703 4.000000
741 763 4.000000
963 964 4.000000
1016 1038 4.000000
1088 10979 4.000000
1089 10985 4.000000
1106 1128 4.000000
1128 1150 4.000000
1146 1168 4.000000
1210 1211 4.000000
1211 1233 4.000000
1369 1391 4.000000
411 412 3.000000
451 452 3.000000
473 474 3.000000
474 475 3.000000
475 476 3.000000
476 477 3.000000
477 478 3.000000
478 479 3.000000
479 480 3.000000
529 551 3.000000
617 639 3.000000
638 639 3.000000
704 705 3.000000
704 725 3.000000
720 721 3.000000
721 722 3.000000
722 723 3.000000
723 724 3.000000
724 725 3.000000
977 999 3.000000
1038 10999 3.000000
1047 1069 3.000000
1082 10932 3.000000
1086 10946 3.000000
1086 10951 3.000000
1086 10969 3.000000
1122 1144 3.000000
1412 1434 3.000000
1548 1570 3.000000
143 165 2.000000
537 559 2.000000
674 696 2.000000
753 775 2.000000
775 797 2.000000
797 819 2.000000
894 895 2.000000
895 896 2.000000
896 897 2.000000
897 898 2.000000
898 920 2.000000
1043 10721 2.000000
1043 10811 2.000000
1043 10946 2.000000
1043 10949 2.000000
1043 10955 2.000000
1071 10844 2.000000
1086 10877 2.000000
1086 10902 2.000000
1086 10921 2.000000
1086 10934 2.000000
1223 1245 2.000000
1480 1502 2.000000
1524 1546 2.000000
1547 1569 2.000000
0 1 1.000000
0 21 1.000000
30 31 1.000000
18 19 1.000000
19 20 1.000000
20 21 1.000000
440 462 1.000000
462 484 1.000000
484 505 1.000000
502 503 1.000000
503 504 1.000000
504 505 1.000000
507 529 1.000000
573 574 1.000000
638 660 1.000000
639 640 1.000000
640 641 1.000000
641 642 1.000000
642 643 1.000000
667 689 1.000000
717 739 1.000000
726 748 1.000000
748 769 1.000000
758 780 1.000000
764 765 1.000000
765 766 1.000000
766 767 1.000000
767 768 1.000000
768 769 1.000000
770 792 1.000000
780 802 1.000000
792 813 1.000000
806 807 1.000000
807 808 1.000000
808 809 1.000000
809 810 1.000000
810 811 1.000000
811 812 1.000000
812 813 1.000000
916 917 1.000000
917 918 1.000000
918 919 1.000000
919 920 1.000000
1038 10449 1.000000
1049 1071 1.000000
1101 1123 1.000000
1103 1125 1.000000
1111 1133 1.000000
1123 1145 1.000000
1149 1171 1.000000
1171 1193 1.000000
