1235 1236 16997.000000
220 241 15686.000000
220 221 15610.000000
221 222 15610.000000
222 223 15610.000000
1191 1192 14851.000000
1059 1060 12967.000000
240 241 12483.000000
1404 1405 12088.000000
1405 1406 11490.000000
1234 1235 11452.000000
223 224 11346.000000
1406 1407 11195.000000
1233 1234 11145.000000
1256 1257 10707.000000
1212 1213 10693.000000
242 243 9906.000000
243 244 9906.000000
244 245 9906.000000
1190 1191 9896.000000
242 263 9792.000000
1293 1294 9693.000000
1255 1256 9540.000000
1211 1212 9539.000000
971 972 9485.000000
1189 1190 9332.000000
1058 1059 9326.000000
1037 1038 9253.000000
972 973 9062.000000
1254 1255 9042.000000
224 225 9035.000000
1213 1214 9020.000000
1386 1407 8958.000000
264 285 8851.000000
1295 1296 8753.000000
264 265 8737.000000
265 266 8737.000000
266 267 8671.000000
1296 1297 8523.000000
902 903 8514.000000
902 923 8496.000000
1273 1274 8378.000000
1294 1295 8206.000000
1254 1275 8073.000000
1386 1387 8028.000000
1271 1272 7993.000000
1272 1273 7988.000000
1060 1061 7791.000000
1057 1058 7706.000000
1188 1189 7674.000000
1232 1233 7617.000000
1015 1016 7575.000000
1278 1279 7308.000000
1274 1275 7143.000000
108 109 7136.000000
151 152 7053.000000
18 19 6950.000000
1036 1037 6938.000000
1277 1278 6921.000000
19 20 6903.000000
1276 1297 6886.000000
262 263 6877.000000
1292 1293 6857.000000
924 945 6833.000000
924 925 6815.000000
925 926 6806.000000
970 971 6637.000000
1016 1017 6614.000000
836 837 6599.000000
837 838 6599.000000
284 285 6588.000000
1081 1082 6583.000000
1276 1277 6573.000000
1210 1211 6504.000000
311 312 6447.000000
922 923 6331.000000
17 18 6285.000000
1192 1193 6269.000000
308 329 6246.000000
1080 1081 6219.000000
308 309 6211.000000
309 310 6211.000000
921 922 6023.000000
1147 1148 5895.000000
1387 1388 5804.000000
267 268 5796.000000
1035 1036 5659.000000
20 21 5474.000000
858 859 5466.000000
859 860 5466.000000
858 879 5464.000000
903 904 5443.000000
973 974 5429.000000
198 199 5415.000000
199 200 5415.000000
200 201 5415.000000
993 994 5415.000000
904 905 5341.000000
198 219 5339.000000
218 219 5291.000000
926 927 5256.000000
310 311 5195.000000
1014 1015 5182.000000
195 196 5070.000000
883 884 5036.000000
40 41 5033.000000
1148 1149 5031.000000
1270 1271 5001.000000
686 687 4981.000000
880 901 4939.000000
880 881 4937.000000
881 882 4937.000000
1146 1147 4918.000000
927 928 4870.000000
39 40 4806.000000
152 153 4759.000000
1298 1299 4728.000000
1279 1280 4721.000000
992 993 4692.000000
245 246 4687.000000
107 108 4670.000000
173 174 4662.000000
994 995 4585.000000
1322 1323 4579.000000
312 313 4561.000000
41 42 4539.000000
1299 1300 4527.000000
1079 1080 4353.000000
1104 1105 4337.000000
1300 1301 4305.000000
223 245 4264.000000
268 269 4253.000000
1034 1055 4200.000000
1053 1054 4200.000000
1054 1055 4200.000000
196 197 4192.000000
1210 1231 4188.000000
42 43 4153.000000
1321 1322 4150.000000
176 177 4043.000000
177 178 4043.000000
178 179 4043.000000
836 857 4042.000000
1298 1319 4040.000000
1169 1170 4018.000000
176 197 3945.000000
1192 1214 3936.000000
239 240 3925.000000
944 945 3912.000000
269 270 3907.000000
1494 1495 3749.000000
1471 1472 3722.000000
172 173 3701.000000
261 262 3632.000000
1125 1126 3561.000000
0 21 3527.000000
1145 1146 3495.000000
1452 1473 3494.000000
355 356 3450.000000
1230 1231 3448.000000
1232 1253 3437.000000
814 815 3410.000000
815 816 3410.000000
1101 1102 3405.000000
85 86 3366.000000
991 992 3365.000000
1096 1097 3345.000000
1097 1098 3345.000000
1098 1099 3345.000000
1472 1473 3340.000000
398 399 3332.000000
814 835 3330.000000
38 39 3327.000000
1102 1103 3326.000000
1078 1099 3318.000000
1082 1083 3316.000000
1320 1321 3316.000000
1470 1471 3311.000000
179 180 3304.000000
1227 1228 3254.000000
1228 1229 3254.000000
1229 1230 3254.000000
968 989 3207.000000
988 989 3207.000000
968 969 3203.000000
838 839 3166.000000
878 879 3154.000000
1167 1168 3149.000000
1061 1062 3133.000000
152 174 3129.000000
1361 1362 3104.000000
129 130 3096.000000
1122 1123 3078.000000
289 290 3070.000000
1168 1169 3049.000000
194 195 3039.000000
313 314 3039.000000
217 218 3036.000000
1052 1053 3020.000000
1188 1209 3000.000000
1103 1104 2991.000000
1105 1106 2989.000000
282 283 2985.000000
683 684 2981.000000
684 685 2981.000000
685 686 2981.000000
86 87 2969.000000
1383 1384 2934.000000
856 857 2929.000000
1124 1125 2894.000000
1362 1363 2894.000000
882 883 2880.000000
1123 1124 2866.000000
1038 1039 2852.000000
1360 1361 2844.000000
1538 1539 2825.000000
286 287 2812.000000
287 288 2812.000000
286 307 2777.000000
306 307 2777.000000
618 619 2761.000000
619 620 2761.000000
1492 1493 2756.000000
1364 1365 2747.000000
1537 1538 2747.000000
973 995 2721.000000
620 621 2717.000000
1364 1385 2702.000000
621 622 2679.000000
1320 1341 2656.000000
1365 1366 2651.000000
1126 1127 2640.000000
1452 1453 2603.000000
1034 1035 2598.000000
333 334 2584.000000
283 284 2567.000000
108 130 2558.000000
1339 1340 2535.000000
969 970 2532.000000
1384 1385 2513.000000
1083 1084 2446.000000
1166 1167 2437.000000
1493 1494 2431.000000
1062 1063 2414.000000
1491 1492 2414.000000
1214 1215 2408.000000
860 861 2404.000000
64 65 2391.000000
877 878 2353.000000
708 709 2322.000000
1078 1079 2304.000000
1226 1227 2300.000000
201 202 2298.000000
225 226 2286.000000
709 710 2276.000000
1144 1145 2258.000000
1366 1367 2258.000000
1337 1338 2257.000000
1427 1428 2252.000000
839 840 2237.000000
290 291 2234.000000
1318 1319 2232.000000
905 906 2211.000000
330 331 2196.000000
330 351 2196.000000
331 332 2196.000000
350 351 2196.000000
1340 1341 2195.000000
1317 1318 2174.000000
792 793 2166.000000
793 794 2166.000000
334 335 2161.000000
352 353 2157.000000
352 373 2157.000000
353 354 2157.000000
372 373 2157.000000
328 329 2138.000000
710 711 2130.000000
195 217 2128.000000
260 261 2119.000000
1039 1040 2102.000000
16 17 2100.000000
948 949 2089.000000
900 901 2077.000000
884 885 2073.000000
0 10345 2054.000000
303 304 2053.000000
1056 1077 2044.000000
1075 1076 2044.000000
1076 1077 2044.000000
861 862 2038.000000
246 247 2033.000000
1560 1561 2027.000000
226 227 2016.000000
834 835 2012.000000
291 292 2002.000000
1342 1363 1999.000000
1316 1317 1964.000000
1336 1337 1950.000000
354 355 1923.000000
1206 1207 1922.000000
794 795 1921.000000
1207 1208 1921.000000
790 791 1918.000000
304 305 1916.000000
622 623 1904.000000
104 105 1900.000000
105 106 1900.000000
1208 1209 1886.000000
271 272 1883.000000
943 944 1872.000000
61 62 1869.000000
1127 1128 1865.000000
62 63 1860.000000
109 131 1859.000000
22 43 1855.000000
1428 1429 1820.000000
270 271 1808.000000
288 289 1798.000000
840 841 1788.000000
130 131 1785.000000
348 349 1782.000000
106 107 1772.000000
1559 1560 1771.000000
327 328 1767.000000
1269 1270 1766.000000
0 1 1762.000000
1408 1429 1758.000000
1013 1014 1749.000000
103 104 1747.000000
1535 1536 1743.000000
1536 1537 1726.000000
247 248 1723.000000
1342 1343 1719.000000
1014 10331 1713.000000
305 306 1712.000000
1343 1344 1700.000000
60 61 1690.000000
1056 1057 1689.000000
174 175 1660.000000
726 727 1653.000000
727 728 1653.000000
728 729 1653.000000
1148 1170 1651.000000
1106 1107 1609.000000
1140 1141 1608.000000
1141 1142 1608.000000
1142 1143 1608.000000
292 293 1594.000000
270 292 1587.000000
1516 1517 1571.000000
1009 1010 1561.000000
1010 1011 1561.000000
1426 1427 1555.000000
1249 1250 1549.000000
1016 1038 1548.000000
227 228 1540.000000
1250 1251 1539.000000
1515 1516 1537.000000
399 400 1536.000000
1248 1249 1523.000000
326 327 1521.000000
792 813 1517.000000
1338 1339 1513.000000
196 218 1510.000000
928 929 1510.000000
1251 1252 1504.000000
1294 1316 1502.000000
1252 1253 1489.000000
1149 1150 1488.000000
399 421 1480.000000
817 818 1476.000000
332 333 1471.000000
356 357 1470.000000
726 747 1468.000000
622 644 1467.000000
63 64 1458.000000
1193 1194 1454.000000
774 775 1452.000000
818 819 1441.000000
1118 1119 1430.000000
1119 1120 1430.000000
1120 1121 1430.000000
1183 1184 1429.000000
1184 1185 1429.000000
1185 1186 1429.000000
1186 1187 1429.000000
1015 10487 1421.000000
987 988 1405.000000
347 348 1399.000000
990 991 1399.000000
357 358 1390.000000
687 688 1385.000000
248 249 1368.000000
1017 1018 1367.000000
775 776 1360.000000
224 246 1355.000000
65 87 1349.000000
225 247 1341.000000
355 377 1318.000000
862 863 1316.000000
1205 1206 1314.000000
1074 1075 1310.000000
1448 1449 1304.000000
816 817 1299.000000
1040 1041 1297.000000
752 753 1286.000000
770 771 1273.000000
771 772 1273.000000
772 773 1273.000000
1012 1033 1271.000000
1031 1032 1271.000000
1032 1033 1271.000000
949 950 1268.000000
1166 1187 1267.000000
730 731 1266.000000
1453 1454 1255.000000
623 624 1253.000000
1357 1358 1248.000000
1358 1359 1248.000000
1359 1360 1248.000000
1122 1143 1227.000000
729 730 1226.000000
1408 1409 1225.000000
1449 1450 1222.000000
1012 1013 1216.000000
268 290 1215.000000
1496 1517 1215.000000
946 947 1208.000000
946 967 1204.000000
966 967 1204.000000
773 774 1196.000000
1409 1410 1165.000000
202 203 1160.000000
312 334 1143.000000
293 294 1127.000000
180 181 1126.000000
1474 1495 1126.000000
44 65 1121.000000
705 706 1116.000000
706 707 1116.000000
1061 1083 1116.000000
770 791 1101.000000
128 129 1100.000000
349 350 1097.000000
463 464 1083.000000
1279 1301 1072.000000
731 732 1071.000000
37 38 1068.000000
1580 1581 1054.000000
249 250 1044.000000
314 315 1043.000000
358 359 1039.000000
272 294 1038.000000
707 708 1035.000000
1182 1183 1033.000000
1018 1019 1027.000000
421 422 1023.000000
1257 1258 1023.000000
1037 10613 1022.000000
228 229 1021.000000
686 708 1020.000000
682 683 1018.000000
1581 1582 1018.000000
186 187 1012.000000
187 188 1012.000000
188 189 1012.000000
189 190 1012.000000
190 191 1012.000000
191 192 1012.000000
192 193 1012.000000
193 194 1012.000000
666 667 1010.000000
812 813 1010.000000
884 906 1007.000000
1514 1515 1005.000000
1518 1539 991.000000
1474 1475 958.000000
1171 1172 945.000000
325 326 934.000000
1291 1292 933.000000
1095 1096 932.000000
1170 1171 927.000000
1410 1411 927.000000
1540 1561 920.000000
624 625 918.000000
972 994 917.000000
260 282 916.000000
335 336 916.000000
315 316 914.000000
238 239 912.000000
317 318 900.000000
318 319 900.000000
319 320 900.000000
320 321 900.000000
321 322 900.000000
322 323 900.000000
323 324 900.000000
324 325 900.000000
1314 1315 900.000000
1315 1316 900.000000
1579 1580 893.000000
180 202 889.000000
796 797 885.000000
1225 1226 883.000000
174 196 879.000000
259 260 879.000000
753 754 875.000000
1382 1383 860.000000
795 796 859.000000
1018 1040 858.000000
1344 1345 858.000000
66 87 855.000000
688 689 852.000000
130 152 847.000000
819 820 846.000000
131 153 834.000000
1037 10393 834.000000
841 842 833.000000
1015 10446 824.000000
1204 1205 820.000000
711 712 816.000000
336 337 808.000000
313 335 804.000000
281 282 788.000000
644 645 788.000000
1450 1451 786.000000
1015 10315 783.000000
1335 1336 782.000000
1151 1152 771.000000
1152 1153 771.000000
1323 1324 763.000000
179 201 752.000000
947 948 752.000000
359 360 746.000000
1121 1143 746.000000
207 208 739.000000
208 209 739.000000
209 210 739.000000
210 211 739.000000
211 212 739.000000
212 213 739.000000
213 214 739.000000
214 215 739.000000
151 173 727.000000
20 42 715.000000
1100 1121 711.000000
1016 10287 704.000000
1150 1151 702.000000
1430 1451 693.000000
704 725 691.000000
19 41 686.000000
754 755 677.000000
378 379 672.000000
1558 1559 667.000000
402 403 665.000000
203 204 662.000000
204 205 662.000000
251 252 662.000000
252 253 662.000000
253 254 662.000000
254 255 662.000000
255 256 662.000000
256 257 662.000000
257 258 662.000000
258 259 662.000000
218 240 655.000000
1040 10431 650.000000
1105 1127 650.000000
928 950 639.000000
1430 1431 633.000000
704 705 632.000000
1041 1042 632.000000
1197 1198 629.000000
173 195 628.000000
748 749 628.000000
749 750 628.000000
750 751 628.000000
638 639 623.000000
63 85 622.000000
400 401 622.000000
645 646 622.000000
899 900 616.000000
617 618 614.000000
1388 1389 610.000000
272 273 607.000000
667 668 605.000000
42 64 599.000000
797 798 598.000000
1215 1216 595.000000
1216 1217 595.000000
1217 1218 595.000000
1139 1140 588.000000
1270 1292 588.000000
682 703 587.000000
181 203 585.000000
205 206 584.000000
1 10911 582.000000
1254 1276 573.000000
665 666 572.000000
82 83 570.000000
83 84 570.000000
84 85 570.000000
965 966 555.000000
98 99 551.000000
100 101 551.000000
101 102 551.000000
102 103 551.000000
1194 1195 551.000000
1195 1196 551.000000
1196 1197 551.000000
107 10774 549.000000
442 443 549.000000
422 423 546.000000
181 182 543.000000
182 183 543.000000
1540 1541 542.000000
379 380 537.000000
638 659 534.000000
1019 1041 533.000000
273 274 531.000000
274 275 531.000000
275 276 531.000000
276 277 531.000000
277 278 531.000000
278 279 531.000000
279 280 531.000000
280 281 531.000000
1084 1085 524.000000
1107 1108 523.000000
1108 1109 523.000000
401 402 518.000000
531 532 512.000000
532 533 512.000000
150 151 509.000000
377 378 509.000000
1172 1173 509.000000
1173 1174 509.000000
423 424 500.000000
216 217 493.000000
642 643 490.000000
1496 1497 488.000000
107 129 484.000000
596 597 479.000000
597 598 479.000000
598 599 479.000000
1036 10493 476.000000
281 303 465.000000
1013 10565 465.000000
1117 1118 465.000000
1058 10901 461.000000
164 165 459.000000
165 166 459.000000
166 167 459.000000
167 168 459.000000
168 169 459.000000
169 170 459.000000
170 171 459.000000
171 172 459.000000
1100 1101 457.000000
370 371 456.000000
371 372 456.000000
1059 10979 446.000000
132 153 445.000000
1060 1082 445.000000
1031 10449 443.000000
1513 1514 443.000000
380 381 442.000000
107 10776 439.000000
1037 10713 439.000000
1040 10678 439.000000
215 216 436.000000
840 862 436.000000
184 185 431.000000
1016 10253 431.000000
1 10069 430.000000
1214 1236 429.000000
1431 1432 428.000000
1015 10542 426.000000
1378 1379 426.000000
1379 1380 426.000000
1380 1381 426.000000
1381 1382 426.000000
23 24 424.000000
24 25 424.000000
25 26 424.000000
748 769 422.000000
929 930 422.000000
325 347 421.000000
1052 10835 421.000000
1052 10852 421.000000
1247 1248 420.000000
183 184 417.000000
732 733 417.000000
1059 1081 413.000000
1083 10995 407.000000
533 534 406.000000
1014 10821 406.000000
1578 1579 405.000000
359 381 397.000000
1037 10964 397.000000
1198 1199 397.000000
1199 1200 397.000000
1200 1201 397.000000
1201 1202 397.000000
1202 1203 397.000000
751 752 396.000000
369 370 392.000000
1235 1257 392.000000
1338 1360 389.000000
1138 1139 388.000000
1203 1204 387.000000
574 575 382.000000
575 576 382.000000
576 577 382.000000
230 231 378.000000
231 232 378.000000
232 233 378.000000
233 234 378.000000
234 235 378.000000
235 236 378.000000
236 237 378.000000
310 332 376.000000
217 239 373.000000
163 164 366.000000
1015 1037 359.000000
930 952 357.000000
334 356 348.000000
1039 10502 346.000000
1238 1239 345.000000
1239 1240 345.000000
237 238 342.000000
206 207 341.000000
376 377 340.000000
1014 10270 340.000000
403 425 339.000000
639 640 339.000000
640 641 339.000000
641 642 339.000000
269 291 336.000000
290 312 335.000000
1008 1009 334.000000
1060 10613 334.000000
1237 1238 334.000000
0 10496 333.000000
1019 1020 333.000000
1020 1021 333.000000
577 578 332.000000
1015 10559 330.000000
1031 10999 328.000000
1218 1219 328.000000
1080 10953 322.000000
1009 10878 321.000000
148 149 320.000000
149 150 320.000000
304 326 320.000000
839 861 316.000000
1063 1085 316.000000
38 60 315.000000
1034 10484 314.000000
108 10972 313.000000
337 338 311.000000
424 425 311.000000
1009 10186 309.000000
1236 1237 309.000000
1017 10996 307.000000
1187 1209 305.000000
529 530 302.000000
1058 10618 302.000000
1017 10346 301.000000
1271 1293 301.000000
1017 10428 300.000000
838 860 298.000000
927 949 298.000000
1313 1314 298.000000
1537 1559 295.000000
1150 1172 291.000000
1021 1043 290.000000
1036 10982 289.000000
1019 10561 288.000000
1084 10927 288.000000
1053 10898 287.000000
1036 10618 286.000000
1080 10850 286.000000
126 127 284.000000
127 128 284.000000
643 644 283.000000
1041 10643 283.000000
1051 1052 283.000000
291 313 280.000000
1042 1043 279.000000
657 658 278.000000
658 659 278.000000
311 333 277.000000
1061 10886 276.000000
776 777 273.000000
1057 1079 272.000000
1083 10997 272.000000
15 16 270.000000
226 248 270.000000
1063 1064 268.000000
1064 1065 268.000000
1065 1066 268.000000
623 645 267.000000
794 816 267.000000
292 314 264.000000
534 535 263.000000
535 536 263.000000
536 537 263.000000
316 317 262.000000
81 82 261.000000
952 974 261.000000
240 262 260.000000
1361 1383 260.000000
103 10402 259.000000
103 10418 259.000000
104 10784 259.000000
314 336 259.000000
103 10651 258.000000
1015 10979 258.000000
108 10879 256.000000
1034 10568 256.000000
1061 10863 256.000000
316 338 254.000000
578 600 253.000000
1518 1519 253.000000
588 589 246.000000
589 590 246.000000
590 591 246.000000
1063 10846 243.000000
1073 1074 242.000000
664 665 240.000000
572 593 239.000000
591 592 239.000000
592 593 239.000000
1017 1039 239.000000
1382 1404 239.000000
1 10566 238.000000
1061 10818 238.000000
1317 1339 238.000000
746 747 236.000000
1058 1080 236.000000
378 400 235.000000
1104 1126 235.000000
795 817 234.000000
1061 10924 234.000000
1085 1086 234.000000
1086 1087 234.000000
1560 1582 234.000000
1015 10283 230.000000
1040 10561 230.000000
1109 1110 230.000000
1149 1171 230.000000
354 376 229.000000
1036 10689 229.000000
1190 1212 229.000000
1297 1319 229.000000
107 10871 228.000000
1015 10922 228.000000
1060 10894 228.000000
1061 10947 228.000000
1081 10985 228.000000
1323 1345 228.000000
1035 10509 226.000000
229 230 224.000000
305 327 222.000000
882 904 222.000000
1405 1427 221.000000
1038 10733 220.000000
294 316 219.000000
338 339 218.000000
339 340 218.000000
340 341 218.000000
341 342 218.000000
342 343 218.000000
343 344 218.000000
344 345 218.000000
345 346 218.000000
599 600 217.000000
660 661 217.000000
661 662 217.000000
662 663 217.000000
663 664 217.000000
1038 10475 214.000000
1074 10944 214.000000
103 10396 211.000000
1038 10868 211.000000
1038 10940 210.000000
103 10540 209.000000
1038 10769 208.000000
250 251 207.000000
1082 10886 204.000000
1082 10863 200.000000
1038 10837 199.000000
1009 10146 198.000000
108 10863 197.000000
465 466 197.000000
466 467 197.000000
467 468 197.000000
1 10591 196.000000
1082 10947 196.000000
41 63 195.000000
1128 1129 195.000000
1129 1130 195.000000
1130 1131 195.000000
403 404 193.000000
1082 10924 193.000000
1038 10426 192.000000
1061 10769 191.000000
1060 10972 190.000000
613 614 189.000000
614 615 189.000000
1060 10619 189.000000
1060 10730 189.000000
1060 10879 189.000000
660 681 185.000000
1052 10590 185.000000
1057 10831 184.000000
183 205 182.000000
1016 10971 181.000000
1041 10455 181.000000
1062 10678 181.000000
1063 10844 181.000000
1082 10894 181.000000
1009 10898 180.000000
1016 10857 180.000000
1016 10910 180.000000
1041 10523 180.000000
1060 10717 180.000000
76 98 179.000000
107 10782 179.000000
107 10948 179.000000
1557 1558 179.000000
76 77 178.000000
77 78 178.000000
78 79 178.000000
79 80 178.000000
107 10920 178.000000
922 944 178.000000
107 10976 177.000000
336 358 175.000000
108 10818 173.000000
108 10924 173.000000
1017 10351 172.000000
1084 10846 172.000000
444 445 171.000000
445 446 171.000000
446 447 171.000000
616 617 171.000000
679 680 171.000000
680 681 171.000000
703 725 171.000000
1013 10298 171.000000
974 975 170.000000
1013 10407 170.000000
1017 10940 170.000000
1039 10740 169.000000
1008 10286 168.000000
1014 10384 167.000000
1017 10774 167.000000
796 818 166.000000
862 884 166.000000
1008 10406 166.000000
1017 10776 166.000000
1038 10432 166.000000
1038 10486 166.000000
1037 10938 165.000000
625 626 164.000000
626 627 164.000000
627 628 164.000000
628 629 164.000000
629 630 164.000000
1017 10489 164.000000
1497 1498 164.000000
1017 10184 163.000000
1017 10221 163.000000
1038 10593 163.000000
1038 10619 163.000000
1038 10879 163.000000
1016 10435 162.000000
142 143 161.000000
143 144 161.000000
144 145 161.000000
145 146 161.000000
146 147 161.000000
147 148 161.000000
1015 10260 161.000000
1017 10868 161.000000
1062 1084 161.000000
216 238 160.000000
1015 10544 160.000000
1384 1406 159.000000
965 987 158.000000
975 976 158.000000
976 977 158.000000
1171 1193 158.000000
537 538 157.000000
883 905 157.000000
1016 10189 157.000000
1080 1102 157.000000
1258 1259 157.000000
1259 1260 157.000000
1260 1261 157.000000
1261 1262 157.000000
1262 1263 157.000000
153 175 156.000000
1009 1031 155.000000
295 296 154.000000
296 297 154.000000
297 298 154.000000
298 299 154.000000
299 300 154.000000
300 301 154.000000
301 302 154.000000
302 303 154.000000
534 556 154.000000
689 690 154.000000
1014 10330 154.000000
1038 10638 154.000000
624 646 152.000000
950 951 149.000000
951 952 149.000000
1060 10702 147.000000
1060 10763 147.000000
1060 10895 147.000000
1060 10977 147.000000
1063 10643 147.000000
1102 1124 147.000000
1017 10239 146.000000
1363 1385 146.000000
1034 10831 145.000000
1084 10844 144.000000
1017 10215 143.000000
1017 10453 143.000000
1035 10883 143.000000
1015 10190 142.000000
207 229 141.000000
294 295 141.000000
1242 1243 140.000000
1243 1244 140.000000
1244 1245 140.000000
1245 1246 140.000000
1246 1247 140.000000
464 465 139.000000
675 676 139.000000
676 677 139.000000
677 678 139.000000
678 679 139.000000
1015 10935 139.000000
1428 1450 139.000000
358 380 138.000000
389 390 138.000000
711 733 138.000000
1058 10982 138.000000
1256 1278 138.000000
106 128 137.000000
141 163 137.000000
421 443 137.000000
507 508 137.000000
1035 10484 137.000000
1 10767 136.000000
108 10947 135.000000
382 383 135.000000
383 384 135.000000
384 385 135.000000
385 386 135.000000
386 387 135.000000
387 388 135.000000
388 389 135.000000
1273 1295 134.000000
1471 1493 133.000000
1493 1515 133.000000
1015 10680 132.000000
1035 10450 132.000000
1035 10505 132.000000
1035 10506 132.000000
1035 10783 132.000000
374 375 131.000000
374 395 131.000000
391 392 131.000000
392 393 131.000000
393 394 131.000000
394 395 131.000000
1015 10499 131.000000
1015 10677 131.000000
107 10789 130.000000
107 10824 130.000000
326 348 130.000000
1015 10412 130.000000
1059 10796 130.000000
1181 1182 130.000000
154 175 129.000000
228 250 129.000000
817 839 129.000000
1015 10781 129.000000
1017 10663 129.000000
1017 10782 129.000000
1017 10920 129.000000
1144 1165 129.000000
1263 1264 129.000000
1264 1265 129.000000
1265 1266 129.000000
1266 1267 129.000000
1267 1268 129.000000
1017 10269 128.000000
1017 10865 128.000000
1017 10956 128.000000
1015 10941 127.000000
1030 1031 127.000000
107 10865 126.000000
107 10956 126.000000
1081 10895 126.000000
1473 1495 126.000000
1015 10305 125.000000
1017 10948 125.000000
1038 10977 125.000000
1081 10977 125.000000
154 155 124.000000
155 156 124.000000
156 157 124.000000
1015 10563 124.000000
1038 10702 124.000000
1038 10763 124.000000
1038 10895 124.000000
1061 10696 124.000000
1407 1429 124.000000
1036 10487 123.000000
1066 1067 123.000000
1067 1068 123.000000
1068 1069 123.000000
1069 1070 123.000000
1070 1071 123.000000
1071 1072 123.000000
1072 1073 123.000000
396 397 122.000000
396 417 122.000000
397 398 122.000000
414 415 122.000000
415 416 122.000000
416 417 122.000000
537 559 122.000000
1016 10669 122.000000
346 347 121.000000
926 948 121.000000
1038 10414 121.000000
1057 10934 121.000000
1356 1357 121.000000
1021 10255 120.000000
1036 1058 120.000000
1124 1146 120.000000
1017 10237 119.000000
157 158 118.000000
646 647 118.000000
647 648 118.000000
648 649 118.000000
649 650 118.000000
650 651 118.000000
651 652 118.000000
905 927 118.000000
1057 10842 118.000000
203 225 117.000000
239 261 117.000000
667 689 117.000000
1469 1470 117.000000
587 588 116.000000
1014 10946 116.000000
1017 10894 116.000000
1038 10532 115.000000
1038 10730 115.000000
1038 10972 115.000000
1162 1163 115.000000
1163 1164 115.000000
1164 1165 115.000000
242 264 114.000000
1017 10972 114.000000
1122 1144 114.000000
261 283 113.000000
879 901 113.000000
578 579 112.000000
1110 1111 112.000000
1111 1112 112.000000
1112 1113 112.000000
1113 1114 112.000000
1114 1115 112.000000
1298 1320 112.000000
798 799 111.000000
1036 10554 111.000000
1038 10387 111.000000
1052 1074 111.000000
1182 1204 111.000000
1231 1253 111.000000
1472 1494 111.000000
773 795 110.000000
164 186 109.000000
1014 10745 109.000000
1017 10730 109.000000
1057 10575 109.000000
1057 10640 109.000000
1 2 108.000000
2 3 108.000000
3 4 108.000000
4 5 108.000000
59 60 108.000000
768 769 108.000000
1057 10664 108.000000
1057 10718 108.000000
1057 10788 108.000000
1057 10965 108.000000
1115 1116 108.000000
630 631 107.000000
533 555 106.000000
1275 1297 106.000000
834 856 105.000000
1191 1213 105.000000
303 325 104.000000
357 379 104.000000
381 403 104.000000
1079 10949 104.000000
289 311 103.000000
573 574 103.000000
579 580 103.000000
1017 10414 103.000000
1017 10510 103.000000
1226 1248 103.000000
1296 1318 103.000000
552 553 102.000000
553 554 102.000000
554 555 102.000000
1541 1542 102.000000
1017 10586 101.000000
1017 10862 101.000000
248 270 100.000000
906 907 100.000000
906 928 100.000000
970 992 100.000000
621 643 99.000000
1009 10217 99.000000
1017 10387 99.000000
1058 10681 99.000000
1127 1149 99.000000
1073 10856 98.000000
1096 10999 97.000000
1475 1476 97.000000
580 581 96.000000
666 688 96.000000
1153 1154 96.000000
1280 1281 96.000000
1281 1282 96.000000
1282 1283 96.000000
1283 1284 96.000000
1284 1285 96.000000
1015 10925 95.000000
1038 10894 95.000000
1 10963 94.000000
1061 10740 94.000000
132 133 93.000000
133 134 93.000000
134 135 93.000000
1183 1205 93.000000
1014 10357 92.000000
1014 10949 92.000000
1166 1188 92.000000
1542 1543 92.000000
1543 1544 92.000000
1544 1545 92.000000
1035 10603 91.000000
1035 10808 91.000000
1035 10841 91.000000
1035 10877 91.000000
158 159 90.000000
159 160 90.000000
160 161 90.000000
161 162 90.000000
162 163 90.000000
609 610 90.000000
610 611 90.000000
611 612 90.000000
612 613 90.000000
1014 10811 90.000000
1014 10955 90.000000
1015 10796 90.000000
1038 10717 90.000000
107 10769 89.000000
707 729 89.000000
1035 10777 89.000000
1035 10810 89.000000
22 23 88.000000
107 10894 88.000000
1269 1291 88.000000
1360 1382 88.000000
80 81 87.000000
921 943 87.000000
135 136 86.000000
375 376 86.000000
381 382 86.000000
1014 10254 86.000000
1035 10369 86.000000
1492 1514 86.000000
726 748 85.000000
1014 1036 85.000000
1014 10721 85.000000
1035 10476 85.000000
1035 10848 85.000000
1035 10902 85.000000
1035 10921 85.000000
1035 10951 85.000000
1035 10969 85.000000
1240 1241 85.000000
1241 1242 85.000000
185 186 84.000000
669 670 84.000000
670 671 84.000000
671 672 84.000000
672 673 84.000000
673 674 84.000000
1035 10775 84.000000
1036 10694 84.000000
1035 10380 83.000000
1035 10821 82.000000
1036 10529 82.000000
1036 10665 82.000000
1036 10752 82.000000
1039 10715 82.000000
603 604 81.000000
604 605 81.000000
605 606 81.000000
606 607 81.000000
607 608 81.000000
1035 10703 81.000000
1035 10816 81.000000
814 836 80.000000
1035 10399 80.000000
1095 1117 80.000000
1017 10263 79.000000
1036 10979 79.000000
486 487 78.000000
933 955 78.000000
1015 10469 78.000000
1015 10627 78.000000
1116 1117 78.000000
1154 1155 78.000000
1155 1156 78.000000
1156 1157 78.000000
1157 1158 78.000000
1158 1159 78.000000
1079 10811 77.000000
1079 10955 77.000000
198 220 76.000000
485 486 76.000000
602 603 76.000000
751 773 76.000000
600 601 75.000000
601 602 75.000000
763 764 74.000000
764 765 74.000000
765 766 74.000000
766 767 74.000000
767 768 74.000000
1053 1075 74.000000
1079 10821 74.000000
1248 1270 74.000000
555 556 73.000000
1031 10878 73.000000
64 86 72.000000
952 953 72.000000
953 954 72.000000
954 955 72.000000
1210 1232 72.000000
1278 1300 72.000000
1582 1583 72.000000
631 632 71.000000
632 633 71.000000
633 634 71.000000
634 635 71.000000
668 669 71.000000
930 931 71.000000
931 932 71.000000
932 933 71.000000
1014 10529 71.000000
1052 10878 71.000000
1236 1258 71.000000
1247 1269 71.000000
43 65 70.000000
1014 10399 70.000000
1017 10717 70.000000
1036 10469 70.000000
246 268 69.000000
1017 10769 69.000000
1 10794 68.000000
288 310 68.000000
755 756 68.000000
861 883 68.000000
1404 1426 68.000000
1 10826 67.000000
109 10930 67.000000
418 419 67.000000
418 439 67.000000
433 434 67.000000
434 435 67.000000
435 436 67.000000
436 437 67.000000
437 438 67.000000
438 439 67.000000
635 636 67.000000
636 637 67.000000
1088 1089 67.000000
1089 1090 67.000000
1090 1091 67.000000
1091 1092 67.000000
1092 1093 67.000000
1093 1094 67.000000
1094 1095 67.000000
266 288 66.000000
674 675 66.000000
704 726 66.000000
1017 10349 66.000000
110 131 65.000000
238 260 65.000000
530 531 65.000000
1015 10421 65.000000
44 66 64.000000
689 711 64.000000
712 734 64.000000
1219 1220 64.000000
1220 1221 64.000000
1221 1222 64.000000
1222 1223 64.000000
1223 1224 64.000000
653 654 63.000000
654 655 63.000000
655 656 63.000000
656 657 63.000000
556 557 62.000000
557 558 62.000000
558 559 62.000000
1017 10638 62.000000
141 142 61.000000
819 841 61.000000
1061 10996 61.000000
136 137 60.000000
137 138 60.000000
138 139 60.000000
139 140 60.000000
140 141 60.000000
245 267 60.000000
949 971 60.000000
1017 10837 60.000000
1079 10982 60.000000
797 819 59.000000
813 835 59.000000
1017 10364 59.000000
360 361 58.000000
361 362 58.000000
362 363 58.000000
363 364 58.000000
364 365 58.000000
365 366 58.000000
366 367 58.000000
404 405 58.000000
1015 10713 58.000000
1301 1302 58.000000
443 444 57.000000
835 857 57.000000
929 951 57.000000
951 973 57.000000
1036 10796 57.000000
1491 1513 57.000000
0 10889 56.000000
247 269 56.000000
405 406 56.000000
411 433 56.000000
719 720 56.000000
720 721 56.000000
721 722 56.000000
722 723 56.000000
723 724 56.000000
770 792 56.000000
904 926 56.000000
1015 10964 56.000000
1039 10428 56.000000
1059 10713 56.000000
1059 10964 56.000000
1074 10835 56.000000
1074 10852 56.000000
664 686 55.000000
1103 1125 55.000000
1290 1291 55.000000
1367 1368 55.000000
1 10295 54.000000
158 180 54.000000
406 407 54.000000
407 408 54.000000
408 409 54.000000
409 410 54.000000
410 411 54.000000
1057 10603 53.000000
1057 10808 53.000000
1057 10877 53.000000
1168 1190 53.000000
267 289 52.000000
413 414 52.000000
1013 10256 52.000000
1017 10733 52.000000
1057 10841 52.000000
1014 10280 51.000000
1036 10421 51.000000
1100 1122 51.000000
60 82 50.000000
367 368 50.000000
368 369 50.000000
390 391 50.000000
577 599 50.000000
1014 10659 50.000000
1036 10922 50.000000
1536 1558 50.000000
1058 10627 49.000000
1075 10898 49.000000
1174 1175 49.000000
774 796 48.000000
799 800 48.000000
800 801 48.000000
801 802 48.000000
802 803 48.000000
803 804 48.000000
804 805 48.000000
805 806 48.000000
1170 1192 48.000000
572 573 47.000000
1037 10971 47.000000
1057 10777 47.000000
1058 10694 47.000000
1205 1227 47.000000
620 642 46.000000
969 991 46.000000
1039 10453 46.000000
1087 1088 46.000000
1430 1452 46.000000
251 273 45.000000
516 538 45.000000
1060 10857 45.000000
1060 10910 45.000000
1146 1168 45.000000
1454 1455 45.000000
129 151 44.000000
652 653 44.000000
712 713 43.000000
713 714 43.000000
714 715 43.000000
715 716 43.000000
716 717 43.000000
717 718 43.000000
718 719 43.000000
724 725 43.000000
955 956 43.000000
956 957 43.000000
957 958 43.000000
958 959 43.000000
959 960 43.000000
960 961 43.000000
961 962 43.000000
962 963 43.000000
963 964 43.000000
1016 10938 43.000000
1039 10438 43.000000
1039 10864 43.000000
1039 10968 43.000000
1039 10970 43.000000
1159 1160 43.000000
1449 1471 43.000000
550 551 42.000000
551 552 42.000000
1203 1225 42.000000
594 615 41.000000
752 774 41.000000
1016 10366 41.000000
107 10837 40.000000
219 241 40.000000
315 337 40.000000
337 359 40.000000
730 752 40.000000
733 734 40.000000
1018 10715 40.000000
1074 1096 40.000000
581 603 39.000000
616 637 39.000000
1159 1181 39.000000
1514 1536 39.000000
107 10862 38.000000
293 315 37.000000
1319 1341 37.000000
110 111 36.000000
111 112 36.000000
112 113 36.000000
113 114 36.000000
114 115 36.000000
115 116 36.000000
116 117 36.000000
117 118 36.000000
118 119 36.000000
237 259 36.000000
333 355 36.000000
556 578 36.000000
776 798 36.000000
1016 10950 36.000000
1038 10789 36.000000
1251 1273 36.000000
1 10328 35.000000
286 308 35.000000
516 517 35.000000
517 518 35.000000
518 519 35.000000
519 520 35.000000
857 879 35.000000
995 996 35.000000
1039 1061 35.000000
1039 10687 35.000000
1175 1176 35.000000
1208 1230 35.000000
1030 10430 34.000000
1030 10531 34.000000
1039 10663 34.000000
1039 10920 34.000000
1057 10810 34.000000
1057 10883 34.000000
1061 10663 34.000000
1061 10782 34.000000
1061 10920 34.000000
1061 10948 34.000000
1082 10996 34.000000
1452 1474 34.000000
263 285 33.000000
382 404 33.000000
1030 10444 33.000000
1176 1177 33.000000
1177 1178 33.000000
1178 1179 33.000000
1179 1180 33.000000
1180 1181 33.000000
1249 1271 33.000000
295 317 32.000000
419 420 32.000000
1018 10193 32.000000
1037 10950 32.000000
1061 10940 32.000000
1082 10972 32.000000
1204 1226 32.000000
1385 1407 32.000000
608 609 31.000000
1034 1056 31.000000
1061 10976 31.000000
600 622 30.000000
1057 10703 30.000000
1057 10816 30.000000
1057 10848 30.000000
1057 10902 30.000000
1057 10921 30.000000
1057 10946 30.000000
1057 10951 30.000000
1057 10969 30.000000
1061 10733 30.000000
1061 10862 30.000000
1116 1138 30.000000
15 37 29.000000
66 88 29.000000
107 10940 29.000000
690 691 29.000000
691 692 29.000000
692 693 29.000000
693 694 29.000000
694 695 29.000000
695 696 29.000000
1039 10862 29.000000
1057 10775 29.000000
1057 10783 29.000000
1058 10665 29.000000
1058 10752 29.000000
1061 10730 29.000000
21 43 28.000000
206 228 28.000000
420 421 28.000000
447 448 28.000000
448 449 28.000000
637 659 28.000000
1035 1057 28.000000
1039 10586 28.000000
1181 1203 28.000000
107 10733 27.000000
107 10868 27.000000
107 10996 27.000000
441 442 27.000000
642 664 27.000000
732 754 27.000000
974 996 27.000000
1013 1035 27.000000
1018 10240 27.000000
1099 1121 27.000000
1131 1132 27.000000
1132 1133 27.000000
1133 1134 27.000000
1134 1135 27.000000
1135 1136 27.000000
1136 1137 27.000000
1137 1138 27.000000
136 158 26.000000
175 197 26.000000
644 666 26.000000
1038 10824 26.000000
1038 10857 26.000000
1038 10910 26.000000
1078 1100 26.000000
1013 10386 25.000000
1013 10831 25.000000
1013 10842 25.000000
1014 10277 25.000000
1018 10383 25.000000
1018 10500 25.000000
1018 10871 25.000000
1057 10659 25.000000
1079 1101 25.000000
1082 10879 25.000000
120 121 24.000000
121 122 24.000000
122 123 24.000000
123 124 24.000000
271 293 24.000000
1013 10167 24.000000
1013 10179 24.000000
1013 10250 24.000000
1013 10568 24.000000
1013 10575 24.000000
1013 10640 24.000000
1013 10664 24.000000
1013 10718 24.000000
1013 10788 24.000000
1013 10965 24.000000
1014 10665 24.000000
1014 10681 24.000000
1014 10752 24.000000
1160 1161 24.000000
1257 1279 24.000000
1285 1286 24.000000
1286 1287 24.000000
1287 1288 24.000000
1288 1289 24.000000
1289 1290 24.000000
1429 1451 24.000000
1014 10249 23.000000
1018 10188 23.000000
1018 10303 23.000000
1018 10337 23.000000
1018 10438 23.000000
1018 10687 23.000000
1018 10864 23.000000
1018 10968 23.000000
1018 10970 23.000000
1038 10435 23.000000
1038 10550 23.000000
1056 1078 23.000000
1061 10868 23.000000
791 813 22.000000
818 840 22.000000
1039 10500 22.000000
1039 10871 22.000000
1082 10837 22.000000
1161 1162 22.000000
1559 1581 22.000000
22 44 21.000000
688 710 21.000000
806 807 21.000000
807 808 21.000000
808 809 21.000000
809 810 21.000000
810 811 21.000000
811 812 21.000000
1018 10782 21.000000
1034 10386 21.000000
1039 10837 21.000000
1061 10837 21.000000
1088 1110 21.000000
1367 1389 21.000000
1448 1470 21.000000
16 38 20.000000
646 668 20.000000
697 719 20.000000
820 842 20.000000
996 997 20.000000
1017 10789 20.000000
1018 10948 20.000000
1018 10976 20.000000
1035 10681 20.000000
1035 10745 20.000000
1044 1045 20.000000
1045 1046 20.000000
1046 1047 20.000000
1047 1048 20.000000
1048 1049 20.000000
1049 1050 20.000000
1050 1051 20.000000
1176 1198 20.000000
1451 1473 20.000000
1470 1492 20.000000
44 45 19.000000
273 295 19.000000
747 769 19.000000
1022 1023 19.000000
1023 1024 19.000000
1024 1025 19.000000
1025 1026 19.000000
1026 1027 19.000000
1027 1028 19.000000
1028 1029 19.000000
1031 1053 19.000000
88 89 18.000000
89 90 18.000000
90 91 18.000000
91 92 18.000000
92 93 18.000000
93 94 18.000000
94 95 18.000000
95 96 18.000000
96 97 18.000000
97 98 18.000000
282 304 18.000000
528 549 18.000000
543 544 18.000000
544 545 18.000000
545 546 18.000000
546 547 18.000000
547 548 18.000000
548 549 18.000000
877 899 18.000000
902 924 18.000000
1009 10405 18.000000
1034 10575 18.000000
1034 10640 18.000000
1034 10664 18.000000
1034 10718 18.000000
1034 10788 18.000000
1034 10965 18.000000
1039 10976 18.000000
1154 1176 18.000000
1167 1189 18.000000
1513 1535 18.000000
360 382 17.000000
1021 1022 17.000000
1035 10659 17.000000
1043 1044 17.000000
1131 1153 17.000000
1253 1275 17.000000
119 120 16.000000
119 141 16.000000
142 164 16.000000
194 216 16.000000
449 471 16.000000
471 493 16.000000
493 515 16.000000
515 537 16.000000
860 882 16.000000
1036 10446 16.000000
1082 10940 16.000000
1341 1363 16.000000
1518 1540 16.000000
377 399 15.000000
681 703 15.000000
1029 1030 15.000000
1034 10842 15.000000
1036 10627 15.000000
1078 10934 15.000000
1078 10946 15.000000
1272 1294 15.000000
1432 1433 15.000000
184 206 14.000000
229 251 14.000000
283 305 14.000000
449 450 14.000000
462 463 14.000000
462 483 14.000000
477 478 14.000000
478 479 14.000000
479 480 14.000000
480 481 14.000000
481 482 14.000000
482 483 14.000000
550 571 14.000000
566 567 14.000000
567 568 14.000000
568 569 14.000000
569 570 14.000000
570 571 14.000000
675 697 14.000000
683 705 14.000000
1013 10703 14.000000
1014 10148 14.000000
1037 10669 14.000000
1059 10669 14.000000
157 179 13.000000
566 588 13.000000
724 746 13.000000
997 998 13.000000
998 999 13.000000
1017 10301 13.000000
1017 10824 13.000000
1030 10406 13.000000
1039 10782 13.000000
1039 10948 13.000000
1041 1063 13.000000
1051 1073 13.000000
1078 10816 13.000000
1078 10848 13.000000
1078 10902 13.000000
1078 10921 13.000000
1078 10951 13.000000
1078 10969 13.000000
1082 10868 13.000000
1160 1182 13.000000
1209 1231 13.000000
1280 1302 13.000000
197 219 12.000000
450 472 12.000000
472 494 12.000000
494 516 12.000000
885 886 12.000000
975 997 12.000000
1017 10265 12.000000
1035 10357 12.000000
1035 10721 12.000000
1035 10811 12.000000
1035 10949 12.000000
1035 10955 12.000000
1078 10783 12.000000
1080 10979 12.000000
1340 1362 12.000000
389 411 11.000000
411 412 11.000000
412 413 11.000000
506 507 11.000000
512 534 11.000000
595 596 11.000000
863 885 11.000000
1034 10407 11.000000
1083 1105 11.000000
1109 1131 11.000000
1535 1557 11.000000
124 125 10.000000
125 126 10.000000
332 354 10.000000
356 378 10.000000
443 465 10.000000
734 735 10.000000
735 736 10.000000
736 737 10.000000
737 738 10.000000
738 739 10.000000
739 740 10.000000
947 969 10.000000
964 965 10.000000
1000 1001 10.000000
1001 1002 10.000000
1002 1003 10.000000
1003 1004 10.000000
1004 1005 10.000000
1005 1006 10.000000
1006 1007 10.000000
1007 1008 10.000000
1250 1272 10.000000
1342 1364 10.000000
62 84 9.000000
506 528 9.000000
528 529 9.000000
579 601 9.000000
601 623 9.000000
925 947 9.000000
950 972 9.000000
1030 1052 9.000000
1057 10949 9.000000
1117 1139 9.000000
1386 1408 9.000000
1519 1520 9.000000
120 142 8.000000
367 389 8.000000
425 426 8.000000
426 427 8.000000
427 428 8.000000
428 429 8.000000
429 430 8.000000
430 431 8.000000
431 432 8.000000
432 433 8.000000
487 488 8.000000
488 489 8.000000
489 490 8.000000
490 512 8.000000
602 624 8.000000
645 667 8.000000
1014 10493 8.000000
1014 10694 8.000000
1036 10542 8.000000
1057 10721 8.000000
1057 10811 8.000000
1057 10955 8.000000
1074 10999 8.000000
1538 1560 8.000000
135 157 7.000000
335 357 7.000000
465 487 7.000000
580 602 7.000000
581 582 7.000000
582 583 7.000000
583 584 7.000000
584 585 7.000000
585 586 7.000000
586 587 7.000000
591 613 7.000000
594 595 7.000000
911 933 7.000000
1013 10225 7.000000
1013 10450 7.000000
1013 10476 7.000000
1013 10484 7.000000
1013 10505 7.000000
1013 10506 7.000000
1013 10775 7.000000
1013 10783 7.000000
1013 10816 7.000000
1013 10848 7.000000
1013 10902 7.000000
1013 10921 7.000000
1013 10951 7.000000
1013 10969 7.000000
1056 10842 7.000000
1494 1516 7.000000
185 207 6.000000
202 224 6.000000
259 281 6.000000
733 755 6.000000
886 887 6.000000
886 908 6.000000
887 888 6.000000
888 889 6.000000
889 911 6.000000
908 930 6.000000
1031 10898 6.000000
1035 10946 6.000000
1078 10788 6.000000
1078 10965 6.000000
1084 1106 6.000000
1165 1187 6.000000
154 176 5.000000
690 712 5.000000
696 697 5.000000
725 747 5.000000
790 812 5.000000
856 878 5.000000
900 922 5.000000
977 999 5.000000
1044 1066 5.000000
1085 1107 5.000000
1161 1183 5.000000
1450 1472 5.000000
1474 1496 5.000000
1539 1561 5.000000
450 451 4.000000
451 452 4.000000
452 453 4.000000
453 454 4.000000
454 455 4.000000
559 560 4.000000
560 561 4.000000
561 562 4.000000
562 563 4.000000
563 564 4.000000
595 617 4.000000
603 625 4.000000
768 790 4.000000
841 863 4.000000
946 968 4.000000
971 993 4.000000
1029 1051 4.000000
1078 10842 4.000000
1115 1137 4.000000
1137 1159 4.000000
1172 1194 4.000000
1234 1256 4.000000
1302 1303 4.000000
1303 1304 4.000000
1304 1305 4.000000
1305 1306 4.000000
1306 1307 4.000000
1307 1308 4.000000
1308 1309 4.000000
1309 1310 4.000000
1310 1311 4.000000
1311 1312 4.000000
1516 1538 4.000000
1557 1579 4.000000
15 1577 3.000000
440 441 3.000000
440 461 3.000000
455 456 3.000000
456 457 3.000000
457 458 3.000000
458 459 3.000000
459 460 3.000000
460 461 3.000000
769 791 3.000000
812 834 3.000000
1009 10165 3.000000
1009 10274 3.000000
1009 10741 3.000000
1078 10831 3.000000
1345 1367 3.000000
1558 1580 3.000000
1577 1578 3.000000
5 6 2.000000
6 7 2.000000
7 8 2.000000
8 9 2.000000
110 132 2.000000
205 227 2.000000
405 427 2.000000
406 428 2.000000
427 449 2.000000
428 450 2.000000
506 527 2.000000
512 513 2.000000
513 514 2.000000
514 515 2.000000
515 516 2.000000
521 522 2.000000
521 543 2.000000
522 523 2.000000
523 524 2.000000
524 525 2.000000
525 526 2.000000
526 527 2.000000
538 539 2.000000
539 540 2.000000
540 541 2.000000
541 542 2.000000
542 543 2.000000
754 776 2.000000
777 778 2.000000
778 779 2.000000
779 780 2.000000
780 781 2.000000
781 782 2.000000
782 783 2.000000
783 784 2.000000
798 820 2.000000
858 880 2.000000
1022 1044 2.000000
1188 1210 2.000000
1232 1254 2.000000
10 11 1.000000
10 32 1.000000
11 12 1.000000
32 54 1.000000
12 13 1.000000
13 14 1.000000
14 15 1.000000
54 76 1.000000
484 485 1.000000
484 505 1.000000
499 500 1.000000
500 501 1.000000
501 502 1.000000
502 503 1.000000
503 504 1.000000
504 505 1.000000
508 509 1.000000
509 510 1.000000
510 511 1.000000
511 512 1.000000
565 566 1.000000
565 587 1.000000
587 609 1.000000
599 621 1.000000
697 698 1.000000
698 699 1.000000
699 700 1.000000
700 701 1.000000
701 702 1.000000
702 703 1.000000
710 732 1.000000
753 775 1.000000
775 797 1.000000
777 799 1.000000
899 921 1.000000
907 908 1.000000
908 909 1.000000
909 910 1.000000
910 911 1.000000
1008 10430 1.000000
1008 10531 1.000000
1037 1059 1.000000
1147 1169 1.000000
1207 1229 1.000000
1229 1251 1.000000
1447 1448 1.000000
1447 1469 1.000000
