277 278 20353.000000
278 279 20353.000000
279 280 20353.000000
280 281 20353.000000
276 277 14767.000000
1293 1294 14403.000000
1292 1293 13500.000000
1291 1292 12797.000000
1073 1074 11675.000000
1117 1118 11575.000000
281 282 11170.000000
1205 1206 10747.000000
1270 1271 10725.000000
1440 1441 10018.000000
12 13 10000.000000
1314 1315 9456.000000
1441 1442 9374.000000
1029 1030 9222.000000
321 322 8960.000000
322 323 8960.000000
323 324 8960.000000
324 325 8883.000000
1442 1443 8872.000000
282 283 8844.000000
1116 1117 8808.000000
1030 1031 8794.000000
1204 1205 8775.000000
1249 1250 8744.000000
915 916 8610.000000
916 917 8610.000000
11 12 8431.000000
1248 1249 8365.000000
1290 1291 8346.000000
320 321 8236.000000
1115 1116 8113.000000
1312 1313 8080.000000
1329 1330 8065.000000
1247 1248 8058.000000
1074 1075 7870.000000
981 982 7820.000000
982 983 7820.000000
1313 1314 7742.000000
1118 1119 7692.000000
1311 1312 7538.000000
1331 1332 7501.000000
1206 1207 7489.000000
1072 1073 7398.000000
1336 1337 7355.000000
255 256 7279.000000
256 257 7279.000000
257 258 7279.000000
258 259 7279.000000
1443 1444 7238.000000
1227 1228 7205.000000
1335 1336 7125.000000
1269 1270 7108.000000
1332 1333 7054.000000
984 985 6976.000000
1028 1029 6923.000000
1330 1331 6862.000000
165 166 6597.000000
100 101 6481.000000
1095 1096 6396.000000
983 984 6369.000000
1246 1247 6346.000000
1334 1335 6330.000000
1138 1139 6318.000000
187 188 6313.000000
1203 1204 6265.000000
1271 1272 6219.000000
254 255 6173.000000
1051 1052 6161.000000
299 300 6134.000000
300 301 6134.000000
301 302 6134.000000
302 303 6134.000000
234 235 6128.000000
235 236 6128.000000
236 237 6128.000000
1444 1445 6041.000000
980 981 5970.000000
1328 1329 5934.000000
1268 1269 5902.000000
298 299 5896.000000
1307 1308 5859.000000
1050 1051 5759.000000
13 14 5714.000000
917 918 5697.000000
325 326 5688.000000
1333 1334 5687.000000
894 895 5686.000000
895 896 5686.000000
456 457 5642.000000
1310 1311 5638.000000
237 238 5612.000000
914 915 5600.000000
985 986 5597.000000
1308 1309 5550.000000
1463 1464 5539.000000
233 234 5530.000000
143 144 5494.000000
1266 1267 5431.000000
1289 1290 5394.000000
369 370 5382.000000
1287 1288 5358.000000
1309 1310 5288.000000
1267 1268 5233.000000
1226 1227 5171.000000
1285 1286 5135.000000
1286 1287 5135.000000
1049 1050 5131.000000
1094 1095 5102.000000
232 233 5077.000000
121 122 5073.000000
1202 1203 4946.000000
297 298 4945.000000
231 232 4935.000000
937 938 4935.000000
938 939 4935.000000
939 940 4935.000000
1288 1289 4920.000000
1462 1463 4911.000000
893 894 4857.000000
10 11 4853.000000
1225 1226 4847.000000
913 914 4699.000000
1137 1138 4696.000000
1139 1140 4693.000000
144 145 4355.000000
959 960 4342.000000
960 961 4342.000000
303 304 4274.000000
1380 1381 4199.000000
209 210 4188.000000
1445 1446 4170.000000
1071 1072 4085.000000
1306 1307 4076.000000
1119 1120 4065.000000
1265 1266 4039.000000
1263 1264 4012.000000
1264 1265 4012.000000
1093 1094 3989.000000
958 959 3972.000000
1088 1089 3960.000000
1089 1090 3960.000000
1090 1091 3960.000000
1091 1092 3960.000000
1052 1053 3941.000000
326 327 3938.000000
1284 1285 3926.000000
1029 10487 3904.000000
1160 1161 3904.000000
370 371 3896.000000
33 34 3814.000000
1357 1358 3802.000000
1464 1465 3788.000000
1136 1137 3778.000000
101 10356 3766.000000
941 942 3720.000000
164 165 3712.000000
1356 1357 3706.000000
413 414 3673.000000
892 893 3672.000000
979 980 3627.000000
1206 1228 3592.000000
327 328 3522.000000
850 851 3495.000000
851 852 3495.000000
1031 1032 3472.000000
1358 1359 3471.000000
1419 1420 3425.000000
1355 1356 3408.000000
32 33 3401.000000
962 963 3353.000000
296 297 3350.000000
1161 1162 3322.000000
1400 1401 3304.000000
1401 1402 3300.000000
188 189 3280.000000
1398 1399 3275.000000
1396 1397 3264.000000
1224 1225 3257.000000
1353 1354 3257.000000
918 919 3224.000000
1352 1353 3205.000000
1379 1380 3191.000000
848 849 3183.000000
166 167 3161.000000
253 254 3071.000000
1420 1421 3050.000000
364 365 3047.000000
365 366 3047.000000
366 367 3047.000000
367 368 3047.000000
1397 1398 3044.000000
1378 1379 3031.000000
852 853 3028.000000
1140 1141 2998.000000
97 98 2980.000000
339 340 2962.000000
371 372 2955.000000
1354 1355 2951.000000
849 850 2937.000000
871 872 2931.000000
872 873 2931.000000
873 874 2931.000000
98 99 2873.000000
347 348 2825.000000
1111 1112 2824.000000
1112 1113 2824.000000
1113 1114 2824.000000
1159 1160 2823.000000
700 701 2777.000000
1162 1163 2765.000000
1132 1133 2740.000000
1133 1134 2740.000000
1134 1135 2740.000000
1135 1136 2740.000000
957 958 2733.000000
1399 1400 2731.000000
275 276 2730.000000
940 941 2693.000000
31 32 2644.000000
744 745 2612.000000
896 897 2604.000000
75 76 2603.000000
319 320 2602.000000
76 77 2597.000000
318 319 2592.000000
54 55 2564.000000
897 898 2542.000000
14 15 2529.000000
697 698 2526.000000
698 699 2526.000000
699 700 2526.000000
101 102 2485.000000
231 253 2451.000000
188 210 2448.000000
1045 1046 2447.000000
1046 1047 2447.000000
1047 1048 2447.000000
1337 1338 2443.000000
1465 1466 2442.000000
1486 1487 2419.000000
259 260 2412.000000
1097 1098 2404.000000
283 284 2394.000000
1027 1028 2391.000000
208 209 2372.000000
1466 1467 2355.000000
74 75 2348.000000
961 962 2342.000000
55 56 2320.000000
1418 1419 2308.000000
919 920 2305.000000
186 187 2295.000000
1024 1025 2292.000000
1025 1026 2292.000000
1026 1027 2292.000000
1530 1531 2268.000000
1120 1121 2260.000000
1096 1097 2251.000000
368 369 2240.000000
1006 1007 2209.000000
340 341 2202.000000
1075 1076 2179.000000
1183 1184 2179.000000
342 343 2156.000000
343 344 2156.000000
344 345 2156.000000
345 346 2156.000000
1467 1468 2149.000000
679 680 2145.000000
1110 1111 2136.000000
1219 1220 2129.000000
1220 1221 2129.000000
1221 1222 2129.000000
386 387 2126.000000
387 388 2126.000000
388 389 2126.000000
389 390 2126.000000
1092 1093 2117.000000
96 97 2097.000000
1207 1208 2097.000000
78 79 2094.000000
1250 1251 2085.000000
1507 1508 2083.000000
936 937 2082.000000
230 231 2067.000000
1377 1378 2061.000000
724 725 2057.000000
1182 1183 2035.000000
766 767 1994.000000
77 78 1983.000000
1262 1263 1983.000000
412 413 1979.000000
34 35 1963.000000
1508 1509 1961.000000
1272 1273 1957.000000
390 391 1955.000000
284 285 1951.000000
118 119 1940.000000
119 120 1940.000000
1141 1142 1935.000000
1421 1422 1921.000000
120 121 1907.000000
1048 1049 1898.000000
346 347 1895.000000
1181 1182 1892.000000
392 393 1875.000000
723 724 1870.000000
1114 1115 1850.000000
1222 1223 1845.000000
1250 1272 1840.000000
414 415 1824.000000
341 342 1822.000000
1422 1423 1807.000000
1180 1181 1793.000000
806 807 1790.000000
807 808 1790.000000
808 809 1790.000000
1509 1510 1789.000000
348 349 1784.000000
875 876 1783.000000
408 409 1775.000000
409 410 1775.000000
410 411 1775.000000
411 412 1775.000000
144 166 1767.000000
295 296 1765.000000
743 744 1765.000000
701 702 1764.000000
1245 1246 1763.000000
1423 1424 1760.000000
810 811 1758.000000
876 877 1755.000000
304 305 1749.000000
391 392 1740.000000
1528 1529 1738.000000
1527 1528 1730.000000
260 261 1713.000000
457 479 1695.000000
854 855 1668.000000
898 899 1652.000000
53 54 1620.000000
676 677 1614.000000
677 678 1614.000000
1223 1224 1609.000000
1163 1164 1597.000000
678 679 1590.000000
1551 1552 1588.000000
963 964 1587.000000
853 854 1586.000000
874 875 1583.000000
305 306 1577.000000
1550 1551 1576.000000
308 329 1554.000000
350 351 1548.000000
722 723 1544.000000
1506 1507 1535.000000
1393 1394 1532.000000
1394 1395 1532.000000
805 806 1528.000000
264 285 1513.000000
719 720 1513.000000
720 721 1513.000000
1305 1306 1506.000000
1424 1425 1505.000000
1076 1098 1500.000000
1484 1485 1500.000000
721 722 1494.000000
1218 1219 1493.000000
1184 1185 1492.000000
986 987 1486.000000
1119 1141 1481.000000
1485 1486 1479.000000
12 34 1475.000000
117 118 1460.000000
328 329 1458.000000
1074 1096 1447.000000
384 385 1446.000000
1185 1186 1430.000000
1002 1003 1418.000000
1003 1004 1418.000000
1004 1005 1418.000000
680 702 1404.000000
811 812 1376.000000
349 350 1364.000000
1552 1553 1364.000000
140 141 1353.000000
141 142 1353.000000
1529 1530 1319.000000
768 769 1316.000000
1228 1229 1314.000000
1154 1155 1280.000000
1155 1156 1280.000000
1156 1157 1280.000000
413 435 1277.000000
372 373 1271.000000
52 53 1270.000000
232 254 1268.000000
145 167 1267.000000
1031 1053 1262.000000
767 768 1261.000000
1327 1328 1261.000000
1510 1511 1250.000000
139 140 1247.000000
35 36 1237.000000
1283 1284 1227.000000
283 305 1225.000000
30 31 1217.000000
261 262 1205.000000
1330 1352 1203.000000
262 263 1202.000000
1350 1351 1201.000000
1351 1352 1201.000000
122 123 1200.000000
763 764 1196.000000
764 765 1196.000000
242 263 1184.000000
1531 1532 1175.000000
1005 1006 1173.000000
416 417 1167.000000
788 789 1163.000000
765 766 1149.000000
832 833 1141.000000
1240 1241 1135.000000
1067 1068 1124.000000
1068 1069 1124.000000
1069 1070 1124.000000
1070 1071 1124.000000
142 143 1105.000000
809 810 1105.000000
1023 1024 1101.000000
787 788 1099.000000
352 373 1092.000000
1395 1396 1081.000000
238 239 1074.000000
870 871 1064.000000
306 307 1062.000000
56 57 1053.000000
100 10398 1051.000000
330 351 1047.000000
920 921 1045.000000
1532 1533 1045.000000
1241 1242 1034.000000
1242 1243 1034.000000
740 741 1032.000000
741 742 1032.000000
742 743 1032.000000
1376 1377 1025.000000
833 834 1023.000000
1243 1244 1020.000000
209 231 1019.000000
274 275 1014.000000
1464 1486 1012.000000
1029 10979 1010.000000
702 703 1009.000000
415 416 1007.000000
457 458 994.000000
1375 1376 987.000000
831 832 985.000000
363 364 984.000000
282 304 981.000000
1549 1550 977.000000
680 681 974.000000
1244 1245 970.000000
682 703 938.000000
362 363 937.000000
458 459 935.000000
849 871 933.000000
1030 1052 926.000000
281 303 921.000000
435 436 920.000000
745 746 906.000000
79 80 903.000000
1251 1252 902.000000
1188 1209 898.000000
479 480 893.000000
1044 1045 893.000000
784 785 892.000000
785 786 892.000000
786 787 892.000000
1098 1099 887.000000
718 719 885.000000
361 362 882.000000
1164 1165 876.000000
145 146 875.000000
812 813 874.000000
942 943 874.000000
187 209 872.000000
1208 1209 866.000000
1372 1373 865.000000
1373 1374 865.000000
935 936 864.000000
1049 10575 864.000000
789 790 863.000000
184 185 862.000000
185 186 862.000000
1001 1002 844.000000
55 77 839.000000
1188 1189 835.000000
286 307 829.000000
370 392 824.000000
1392 1393 824.000000
210 211 819.000000
459 460 818.000000
243 244 814.000000
244 245 814.000000
245 246 814.000000
246 247 814.000000
247 248 814.000000
248 249 814.000000
249 250 814.000000
250 251 814.000000
1157 1158 813.000000
436 437 810.000000
1337 1359 807.000000
1349 1350 803.000000
1293 1315 799.000000
942 964 794.000000
717 718 788.000000
1414 1415 784.000000
1415 1416 784.000000
1416 1417 784.000000
1417 1418 784.000000
385 386 776.000000
1158 1159 776.000000
1049 10681 772.000000
632 633 764.000000
633 634 764.000000
634 635 764.000000
1076 1077 760.000000
826 827 752.000000
739 740 751.000000
189 190 749.000000
500 501 746.000000
264 265 740.000000
1294 1295 731.000000
210 232 730.000000
317 318 719.000000
178 179 715.000000
179 180 715.000000
180 181 715.000000
181 182 715.000000
383 384 713.000000
1007 1008 712.000000
1049 10509 710.000000
287 288 705.000000
288 289 705.000000
289 290 705.000000
290 291 705.000000
291 292 705.000000
292 293 705.000000
293 294 705.000000
294 295 705.000000
396 417 702.000000
855 856 702.000000
1009 10776 701.000000
57 58 700.000000
406 407 695.000000
407 408 695.000000
10 10243 689.000000
1153 1154 688.000000
252 253 686.000000
704 725 686.000000
437 438 671.000000
460 461 671.000000
1074 10977 669.000000
200 201 667.000000
201 202 667.000000
202 203 667.000000
203 204 667.000000
204 205 667.000000
205 206 667.000000
206 207 667.000000
828 829 667.000000
829 830 667.000000
405 406 664.000000
1179 1180 659.000000
101 123 658.000000
10 10072 654.000000
1374 1375 649.000000
1402 1403 643.000000
1229 1230 637.000000
1572 1573 635.000000
1029 10446 634.000000
309 310 633.000000
310 311 633.000000
311 312 633.000000
312 313 633.000000
313 314 633.000000
314 315 633.000000
315 316 633.000000
316 317 633.000000
1276 1297 633.000000
1295 1296 633.000000
1296 1297 633.000000
393 394 632.000000
761 762 631.000000
783 784 620.000000
1118 1140 620.000000
95 96 613.000000
1488 1489 613.000000
762 763 608.000000
1239 1240 606.000000
308 330 604.000000
239 240 595.000000
240 241 594.000000
1487 1488 584.000000
1029 10493 578.000000
1571 1572 576.000000
143 165 573.000000
1030 10605 573.000000
830 831 566.000000
855 877 564.000000
394 395 561.000000
1175 1176 561.000000
1176 1177 561.000000
1177 1178 561.000000
1178 1179 561.000000
1066 1067 560.000000
1254 1275 560.000000
1273 1274 560.000000
1274 1275 560.000000
308 309 557.000000
339 361 557.000000
326 348 556.000000
328 350 556.000000
660 681 555.000000
251 252 554.000000
635 636 554.000000
438 439 540.000000
182 183 538.000000
183 184 538.000000
480 481 538.000000
481 482 538.000000
166 188 535.000000
199 200 532.000000
1024 10297 532.000000
827 828 531.000000
238 260 530.000000
1233 1234 530.000000
1574 1575 525.000000
222 223 523.000000
223 224 523.000000
224 225 523.000000
225 226 523.000000
226 227 523.000000
227 228 523.000000
228 229 523.000000
229 230 523.000000
237 259 519.000000
1006 10745 517.000000
58 59 511.000000
1162 1184 501.000000
1100 1121 500.000000
369 391 497.000000
1078 1099 495.000000
134 135 494.000000
135 136 494.000000
136 137 494.000000
137 138 494.000000
1261 1262 494.000000
1207 1229 488.000000
73 74 484.000000
239 261 479.000000
1210 1231 479.000000
1230 1231 479.000000
100 10081 474.000000
371 393 474.000000
782 783 472.000000
121 143 470.000000
138 139 470.000000
102 10794 469.000000
1232 1253 468.000000
1252 1253 468.000000
852 874 467.000000
1157 1179 467.000000
1440 1462 465.000000
1381 1382 459.000000
167 189 456.000000
1465 1487 455.000000
368 390 450.000000
1120 1142 450.000000
1399 1421 449.000000
284 306 447.000000
958 980 447.000000
156 157 445.000000
157 158 445.000000
158 159 445.000000
159 160 445.000000
897 919 444.000000
1573 1574 443.000000
957 979 441.000000
1087 1088 433.000000
220 241 432.000000
1100 1101 431.000000
660 661 429.000000
1511 1512 426.000000
1131 1132 425.000000
1109 1110 424.000000
317 339 414.000000
896 918 412.000000
898 920 403.000000
15 16 400.000000
1074 10950 399.000000
1553 1554 397.000000
1031 10774 395.000000
1023 10430 393.000000
220 221 391.000000
1073 10935 389.000000
1088 10999 389.000000
155 156 383.000000
746 747 383.000000
1174 1175 383.000000
649 650 379.000000
650 651 379.000000
1005 10114 378.000000
1254 1255 376.000000
207 208 372.000000
1077 1099 372.000000
1249 1271 372.000000
1029 10457 371.000000
8 9 370.000000
1234 1235 369.000000
1235 1236 369.000000
1236 1237 369.000000
1237 1238 369.000000
1238 1239 369.000000
30 52 365.000000
417 439 365.000000
748 769 364.000000
1276 1277 364.000000
374 375 360.000000
375 376 360.000000
376 377 360.000000
377 378 360.000000
378 379 360.000000
379 380 360.000000
380 381 360.000000
381 382 360.000000
1000 1001 358.000000
877 878 355.000000
1006 10148 355.000000
1072 10982 354.000000
254 276 351.000000
1052 10894 349.000000
1007 10796 348.000000
1002 10425 345.000000
327 349 343.000000
1007 10421 343.000000
1028 10821 342.000000
1232 1233 341.000000
100 10972 338.000000
1144 1145 337.000000
1144 1165 337.000000
1073 1095 336.000000
37 38 333.000000
38 39 333.000000
39 40 333.000000
1031 10865 333.000000
1031 10956 333.000000
804 805 331.000000
1396 1418 325.000000
340 362 323.000000
1074 10971 322.000000
1031 10638 321.000000
1031 10769 321.000000
1029 10412 319.000000
1029 10499 319.000000
1029 10781 319.000000
725 747 315.000000
296 318 314.000000
1223 1245 311.000000
636 658 310.000000
1001 10217 309.000000
1483 1484 309.000000
1008 10605 308.000000
265 266 307.000000
266 267 307.000000
267 268 307.000000
268 269 307.000000
269 270 307.000000
270 271 307.000000
271 272 307.000000
272 273 307.000000
352 374 307.000000
350 372 305.000000
941 963 303.000000
1418 1440 303.000000
1306 1328 302.000000
1029 10933 298.000000
100 10550 295.000000
1006 10529 294.000000
1029 10677 294.000000
1371 1372 293.000000
160 161 291.000000
1006 10249 291.000000
529 551 290.000000
330 331 289.000000
331 332 289.000000
332 333 289.000000
333 334 289.000000
334 335 289.000000
335 336 289.000000
336 337 289.000000
337 338 289.000000
338 339 289.000000
1030 10567 289.000000
1201 1202 289.000000
1045 10898 287.000000
34 56 282.000000
1050 10554 281.000000
1075 10864 280.000000
51 52 279.000000
100 10246 278.000000
122 144 278.000000
1029 10290 278.000000
1029 10382 278.000000
675 676 273.000000
1072 10811 273.000000
1008 10938 272.000000
16 17 271.000000
17 18 271.000000
18 19 271.000000
1029 10305 271.000000
100 10039 270.000000
834 835 270.000000
100 10113 269.000000
100 10702 269.000000
1052 10717 269.000000
190 191 268.000000
191 192 268.000000
192 193 268.000000
193 194 268.000000
242 243 268.000000
11 33 265.000000
101 10917 265.000000
412 434 265.000000
1008 1009 264.000000
77 99 263.000000
100 10239 263.000000
273 274 263.000000
696 697 263.000000
1166 1187 263.000000
1186 1187 263.000000
10 10631 261.000000
100 10271 260.000000
142 164 258.000000
899 900 258.000000
940 962 257.000000
100 10364 256.000000
100 10894 256.000000
1374 1396 254.000000
100 10475 253.000000
100 10717 252.000000
1029 10680 251.000000
1029 10941 251.000000
1142 1143 251.000000
353 354 248.000000
354 355 248.000000
355 356 248.000000
356 357 248.000000
357 358 248.000000
358 359 248.000000
359 360 248.000000
360 361 248.000000
1006 10357 248.000000
1029 10964 247.000000
1052 10550 247.000000
1272 1294 246.000000
1053 10663 245.000000
1029 10585 244.000000
1007 10190 243.000000
1029 10839 243.000000
1029 10542 242.000000
645 646 240.000000
646 647 240.000000
647 648 240.000000
648 649 240.000000
1075 10996 240.000000
1489 1490 240.000000
374 395 239.000000
1052 10857 239.000000
1052 10910 239.000000
161 162 238.000000
162 163 238.000000
163 164 238.000000
1007 10395 238.000000
1029 10559 237.000000
252 274 236.000000
100 10730 235.000000
434 435 233.000000
1029 10646 233.000000
1029 10859 233.000000
1185 1207 233.000000
100 10310 232.000000
1096 10972 232.000000
1443 1465 232.000000
1029 10544 231.000000
1053 10782 229.000000
1053 10948 229.000000
1446 1447 228.000000
1029 10315 227.000000
10 10128 226.000000
1056 1057 226.000000
1056 1077 226.000000
1053 10920 225.000000
100 10130 221.000000
1023 10589 221.000000
176 177 220.000000
176 197 220.000000
194 195 220.000000
195 196 220.000000
196 197 220.000000
392 414 220.000000
790 791 220.000000
1000 10531 220.000000
1468 1469 218.000000
744 766 217.000000
10 10658 215.000000
348 370 215.000000
869 870 214.000000
1029 10935 211.000000
1030 10669 210.000000
1053 10968 210.000000
1075 10871 210.000000
100 10387 209.000000
100 10696 208.000000
1007 10080 208.000000
1052 10824 206.000000
1078 1079 203.000000
693 694 202.000000
694 695 202.000000
1073 10925 202.000000
1029 10719 201.000000
1030 10423 201.000000
854 876 200.000000
1029 10469 199.000000
1122 1123 198.000000
1122 1143 198.000000
1007 10469 197.000000
1053 10970 197.000000
1163 1185 197.000000
1182 1204 197.000000
523 524 196.000000
524 525 196.000000
525 526 196.000000
1030 10366 196.000000
1053 10715 196.000000
100 10593 195.000000
100 10879 195.000000
325 347 195.000000
1032 1033 195.000000
1255 1256 195.000000
1256 1257 195.000000
1257 1258 195.000000
1258 1259 195.000000
1259 1260 195.000000
100 10432 194.000000
1052 10789 193.000000
100 10868 192.000000
352 353 192.000000
1057 1079 192.000000
100 10486 191.000000
589 590 190.000000
590 591 190.000000
1088 1110 190.000000
1067 10878 189.000000
303 325 188.000000
100 122 187.000000
1031 10789 187.000000
100 10414 185.000000
1012 1013 185.000000
1012 1033 185.000000
1101 1102 185.000000
318 340 184.000000
1031 10824 184.000000
1138 1160 184.000000
1208 1230 184.000000
499 500 183.000000
1032 10337 183.000000
1032 10968 183.000000
241 263 182.000000
1032 10715 182.000000
286 308 181.000000
1333 1355 181.000000
1505 1506 180.000000
102 10491 179.000000
349 371 179.000000
1023 10878 179.000000
1044 10531 179.000000
1032 10970 178.000000
100 10142 177.000000
330 352 177.000000
100 10363 176.000000
1053 10586 175.000000
102 10889 174.000000
1006 10270 174.000000
100 10002 173.000000
100 10308 173.000000
661 662 172.000000
662 663 172.000000
663 664 172.000000
664 665 172.000000
665 666 172.000000
1013 10255 172.000000
1053 10862 172.000000
306 328 171.000000
658 680 171.000000
674 675 170.000000
1001 10598 170.000000
1074 10857 170.000000
1074 10910 170.000000
1552 1574 170.000000
1029 10395 169.000000
100 10121 168.000000
1353 1375 168.000000
1002 10095 166.000000
1028 10476 166.000000
485 507 165.000000
507 529 165.000000
1028 10725 165.000000
36 37 164.000000
102 10836 164.000000
1029 10421 164.000000
1117 1139 164.000000
1315 1316 164.000000
461 483 163.000000
1066 10852 163.000000
723 745 162.000000
1073 10979 162.000000
1024 10807 160.000000
200 222 159.000000
695 696 159.000000
1028 10738 159.000000
10 10975 158.000000
870 892 158.000000
1053 10837 158.000000
1205 1227 158.000000
1005 10407 157.000000
1030 10938 157.000000
1071 1093 157.000000
1028 10645 156.000000
242 264 155.000000
123 124 154.000000
100 10977 153.000000
853 875 153.000000
1006 10825 152.000000
591 592 151.000000
1032 10976 151.000000
1096 10996 151.000000
297 319 150.000000
623 624 149.000000
624 625 149.000000
625 626 149.000000
626 627 149.000000
1030 10390 149.000000
1030 10490 149.000000
1030 10900 149.000000
1032 10438 149.000000
1032 10687 149.000000
286 287 148.000000
587 588 148.000000
211 212 147.000000
212 213 147.000000
213 214 147.000000
214 215 147.000000
963 985 146.000000
1045 10757 146.000000
627 628 145.000000
628 629 145.000000
629 630 145.000000
1094 1116 145.000000
123 145 144.000000
215 216 144.000000
101 10118 143.000000
382 383 143.000000
652 653 143.000000
920 942 143.000000
1028 10380 143.000000
1030 10713 142.000000
1262 1284 142.000000
1420 1442 142.000000
1032 10383 141.000000
1051 10971 141.000000
1075 10920 141.000000
1307 1329 141.000000
1032 10864 140.000000
1051 10950 140.000000
1072 10821 140.000000
167 168 139.000000
1000 10430 139.000000
482 483 138.000000
610 611 138.000000
611 612 138.000000
612 613 138.000000
657 658 138.000000
1032 10871 138.000000
1485 1507 138.000000
1032 10453 137.000000
1052 10605 137.000000
1008 10950 136.000000
1299 1300 136.000000
1300 1301 136.000000
1301 1302 136.000000
1302 1303 136.000000
1303 1304 136.000000
1032 10500 135.000000
638 659 134.000000
1029 10922 134.000000
1075 10862 134.000000
1130 1131 134.000000
1008 10157 132.000000
1051 10744 132.000000
1075 10782 132.000000
1075 10948 132.000000
875 897 131.000000
1008 10971 131.000000
1007 10257 130.000000
1007 10585 130.000000
1030 10950 130.000000
439 461 129.000000
545 546 129.000000
546 547 129.000000
547 548 129.000000
658 659 129.000000
1007 10559 129.000000
1023 10460 129.000000
1381 1403 128.000000
102 10345 127.000000
484 485 127.000000
484 505 127.000000
1028 10369 127.000000
1121 1143 127.000000
1210 1232 127.000000
1397 1419 127.000000
1005 10386 126.000000
1029 10796 126.000000
528 529 125.000000
528 549 125.000000
548 549 125.000000
1005 10842 125.000000
261 283 124.000000
1050 10681 123.000000
1217 1218 123.000000
1030 10971 122.000000
1075 10976 119.000000
177 199 118.000000
1024 10814 118.000000
1028 10825 118.000000
1072 1094 118.000000
1072 10955 118.000000
572 573 117.000000
572 593 117.000000
592 593 117.000000
253 275 116.000000
1145 1167 116.000000
831 853 115.000000
767 789 114.000000
1027 10407 114.000000
1051 10669 114.000000
1053 10687 114.000000
1248 1270 114.000000
304 326 113.000000
1075 10868 113.000000
100 10180 112.000000
100 10347 112.000000
216 238 112.000000
1007 10157 112.000000
1028 1050 112.000000
1028 10775 112.000000
1028 10848 112.000000
1028 10921 112.000000
1075 10837 112.000000
177 178 111.000000
1030 10563 111.000000
1030 10925 111.000000
1196 1197 111.000000
1197 1198 110.000000
1198 1199 110.000000
1199 1200 110.000000
1200 1201 110.000000
361 383 109.000000
1049 10568 109.000000
1075 10940 109.000000
1044 10444 108.000000
1007 10393 107.000000
1007 10563 107.000000
1007 10925 107.000000
1049 10788 107.000000
1298 1299 107.000000
1298 1319 107.000000
1316 1317 107.000000
1317 1318 107.000000
1318 1319 107.000000
1049 10664 106.000000
1049 10718 106.000000
1049 10965 106.000000
189 211 105.000000
651 652 105.000000
1028 10902 105.000000
1049 10640 105.000000
726 747 104.000000
1049 10506 104.000000
1049 10783 104.000000
987 988 103.000000
1028 10777 103.000000
1028 10841 103.000000
1028 10951 103.000000
871 893 102.000000
1007 10260 101.000000
1007 10390 101.000000
1007 10490 101.000000
1277 1278 101.000000
1278 1279 101.000000
1279 1280 101.000000
1280 1281 101.000000
1281 1282 101.000000
579 601 100.000000
1028 10603 100.000000
1028 10808 100.000000
1028 10877 100.000000
501 502 99.000000
502 503 99.000000
503 504 99.000000
613 614 99.000000
1007 10567 99.000000
1071 10842 99.000000
636 637 98.000000
969 991 98.000000
1007 10900 98.000000
1029 10665 98.000000
1053 10871 98.000000
1072 10721 98.000000
1550 1572 98.000000
276 298 97.000000
715 716 97.000000
724 746 97.000000
1029 10529 97.000000
1029 10752 97.000000
1071 10831 97.000000
968 969 96.000000
968 989 96.000000
988 989 96.000000
1002 10482 96.000000
1007 10744 96.000000
1053 10864 96.000000
1179 1201 96.000000
1507 1529 96.000000
1002 10326 95.000000
1007 10713 95.000000
100 10335 94.000000
716 717 94.000000
1028 10969 94.000000
666 667 93.000000
874 896 93.000000
1028 10331 93.000000
1028 10703 93.000000
1028 10816 93.000000
1028 10946 93.000000
1102 1103 93.000000
1103 1104 93.000000
1104 1105 93.000000
1105 1106 93.000000
1106 1107 93.000000
1107 1108 93.000000
544 545 92.000000
1006 10955 92.000000
56 78 91.000000
616 637 91.000000
682 683 91.000000
683 684 91.000000
684 685 91.000000
685 686 91.000000
686 687 91.000000
687 688 91.000000
768 790 91.000000
1051 10781 91.000000
1006 10810 90.000000
1006 10811 90.000000
1073 10781 90.000000
1073 10964 89.000000
1184 1206 89.000000
543 544 87.000000
1115 1137 87.000000
221 222 86.000000
1002 10198 86.000000
1008 10189 86.000000
1051 10796 86.000000
769 791 85.000000
1002 10075 85.000000
1051 10677 85.000000
1305 1327 85.000000
273 295 84.000000
631 632 84.000000
1006 10949 84.000000
1051 10964 84.000000
1108 1109 84.000000
1123 1124 84.000000
1124 1125 84.000000
1125 1126 84.000000
1126 1127 84.000000
1127 1128 84.000000
1128 1129 84.000000
1129 1130 84.000000
1166 1167 84.000000
1283 1305 84.000000
1094 10964 83.000000
1311 1333 83.000000
198 199 82.000000
395 417 82.000000
1053 10976 82.000000
346 368 81.000000
198 219 80.000000
216 217 80.000000
217 218 80.000000
218 219 80.000000
394 416 80.000000
469 470 80.000000
470 471 80.000000
471 472 80.000000
472 473 80.000000
473 474 80.000000
474 475 80.000000
475 476 80.000000
476 477 80.000000
1007 1029 80.000000
1030 10672 80.000000
1180 1202 80.000000
112 134 79.000000
1007 10922 79.000000
1189 1190 79.000000
112 113 78.000000
113 114 78.000000
114 115 78.000000
115 116 78.000000
1228 1250 78.000000
324 346 77.000000
1093 10946 77.000000
1093 10951 77.000000
116 117 76.000000
425 426 76.000000
1006 10138 76.000000
1050 10542 76.000000
1093 10949 76.000000
1093 10969 76.000000
616 617 75.000000
1024 10326 75.000000
1049 10645 75.000000
274 296 74.000000
396 397 74.000000
397 398 74.000000
398 399 74.000000
399 400 74.000000
400 401 74.000000
401 402 74.000000
402 403 74.000000
784 806 74.000000
154 155 73.000000
154 175 73.000000
168 169 73.000000
169 170 73.000000
170 171 73.000000
171 172 73.000000
172 173 73.000000
173 174 73.000000
174 175 73.000000
705 706 73.000000
706 707 73.000000
707 708 73.000000
708 709 73.000000
709 710 73.000000
1049 10934 73.000000
1267 1289 73.000000
1441 1463 73.000000
704 705 72.000000
811 833 72.000000
1554 1555 72.000000
1007 10283 71.000000
1007 10412 71.000000
1007 10499 71.000000
1007 10781 71.000000
1028 10694 71.000000
1527 1549 71.000000
102 124 70.000000
275 297 70.000000
418 419 70.000000
418 439 70.000000
419 420 70.000000
420 421 70.000000
421 422 70.000000
422 423 70.000000
423 424 70.000000
424 425 70.000000
1190 1191 70.000000
1191 1192 70.000000
1192 1193 70.000000
1193 1194 70.000000
1194 1195 70.000000
1555 1556 70.000000
667 668 69.000000
668 669 69.000000
669 670 69.000000
670 671 69.000000
788 810 69.000000
792 813 69.000000
964 986 69.000000
1002 10684 69.000000
1030 10393 69.000000
1078 1100 69.000000
1270 1292 69.000000
102 10295 68.000000
1027 1049 68.000000
1239 1261 68.000000
1282 1283 68.000000
1551 1573 68.000000
11 1573 67.000000
436 458 67.000000
671 672 67.000000
672 673 67.000000
1029 10627 67.000000
1356 1378 67.000000
1007 10305 66.000000
1007 10677 66.000000
1007 10964 66.000000
1023 10598 66.000000
1024 10425 66.000000
1024 10482 66.000000
876 898 65.000000
1028 10810 65.000000
1049 10505 65.000000
1332 1354 65.000000
639 640 64.000000
640 641 64.000000
641 642 64.000000
642 643 64.000000
643 644 64.000000
695 717 64.000000
1008 10366 64.000000
1050 10694 64.000000
1218 1240 64.000000
1284 1306 64.000000
700 722 63.000000
765 787 63.000000
1006 10681 63.000000
1166 1188 63.000000
156 178 62.000000
362 384 62.000000
478 479 62.000000
594 595 62.000000
594 615 62.000000
614 615 62.000000
660 682 62.000000
673 695 62.000000
856 878 62.000000
373 395 61.000000
630 631 61.000000
1006 10277 61.000000
1006 10721 61.000000
1049 10883 61.000000
199 221 60.000000
504 505 60.000000
33 55 59.000000
73 95 59.000000
403 404 59.000000
404 405 59.000000
1028 10745 59.000000
1093 1115 59.000000
820 821 58.000000
821 822 58.000000
822 823 58.000000
823 824 58.000000
824 825 58.000000
1241 1263 58.000000
305 327 57.000000
710 711 57.000000
809 831 57.000000
1023 10274 57.000000
1028 10357 57.000000
1028 10949 57.000000
1167 1168 57.000000
1167 1189 57.000000
1168 1169 57.000000
1169 1170 57.000000
1170 1171 57.000000
1171 1172 57.000000
1172 1173 57.000000
1173 1174 57.000000
755 756 56.000000
756 757 56.000000
757 758 56.000000
758 759 56.000000
759 760 56.000000
1030 10758 56.000000
29 30 55.000000
29 51 55.000000
32 54 55.000000
653 654 55.000000
654 655 55.000000
655 656 55.000000
656 657 55.000000
1030 10462 55.000000
1030 10698 55.000000
1314 1336 55.000000
1549 1571 55.000000
221 243 54.000000
440 441 54.000000
787 809 54.000000
1116 1138 54.000000
579 580 53.000000
580 581 53.000000
581 582 53.000000
582 583 53.000000
583 584 53.000000
584 585 53.000000
585 586 53.000000
1007 10817 53.000000
1007 10861 53.000000
1160 1182 53.000000
383 405 52.000000
609 610 52.000000
962 984 52.000000
638 639 51.000000
688 689 51.000000
689 690 51.000000
690 691 51.000000
691 692 51.000000
692 693 51.000000
990 991 51.000000
1009 1010 51.000000
1010 1011 51.000000
1075 1097 51.000000
287 309 50.000000
1001 10771 50.000000
1006 10719 50.000000
1097 1119 50.000000
1244 1266 50.000000
1268 1290 50.000000
220 242 49.000000
391 413 49.000000
551 552 49.000000
552 553 49.000000
553 554 49.000000
554 555 49.000000
555 556 49.000000
1071 10788 49.000000
1195 1196 49.000000
194 216 48.000000
372 394 48.000000
477 478 48.000000
1075 10776 48.000000
1263 1285 48.000000
1326 1327 48.000000
1509 1531 48.000000
682 704 47.000000
991 992 47.000000
992 993 47.000000
993 994 47.000000
994 995 47.000000
995 996 47.000000
996 997 47.000000
997 998 47.000000
998 999 47.000000
1217 1239 46.000000
255 277 45.000000
595 596 45.000000
596 597 45.000000
597 598 45.000000
598 599 45.000000
599 600 45.000000
1576 1577 45.000000
440 461 44.000000
726 727 44.000000
727 728 44.000000
728 729 44.000000
729 730 44.000000
730 731 44.000000
828 850 44.000000
1006 10665 44.000000
1006 10752 44.000000
1023 10741 44.000000
1048 10788 43.000000
100 10426 42.000000
100 10619 42.000000
100 10763 42.000000
264 286 42.000000
711 712 42.000000
712 713 42.000000
713 714 42.000000
714 715 42.000000
1006 10280 42.000000
1006 10659 42.000000
102 10328 41.000000
703 725 41.000000
738 739 41.000000
1006 10493 41.000000
1265 1287 41.000000
1533 1534 41.000000
441 463 40.000000
463 485 40.000000
592 614 40.000000
635 657 40.000000
739 761 40.000000
748 770 40.000000
842 843 40.000000
843 844 40.000000
844 845 40.000000
845 846 40.000000
846 847 40.000000
1080 1081 40.000000
1081 1082 40.000000
1082 1083 40.000000
1083 1084 40.000000
1084 1085 40.000000
1085 1086 40.000000
1086 1087 40.000000
591 613 39.000000
1161 1183 39.000000
1229 1251 39.000000
100 10218 38.000000
100 10279 38.000000
100 10372 38.000000
100 10532 38.000000
100 10895 38.000000
124 146 38.000000
260 282 38.000000
588 589 38.000000
679 701 38.000000
760 761 38.000000
1052 10938 38.000000
133 155 37.000000
165 187 37.000000
608 609 37.000000
1359 1381 37.000000
449 450 36.000000
450 451 36.000000
451 452 36.000000
452 453 36.000000
453 454 36.000000
454 455 36.000000
455 456 36.000000
479 501 36.000000
892 914 36.000000
1007 10109 36.000000
1074 10938 36.000000
1096 10977 36.000000
1225 1247 36.000000
1336 1358 36.000000
1377 1399 36.000000
447 469 35.000000
1006 10694 35.000000
1050 1072 35.000000
1071 10808 35.000000
1097 10976 35.000000
1508 1530 35.000000
1528 1550 35.000000
259 281 34.000000
702 724 34.000000
770 791 34.000000
1075 10824 34.000000
1075 10894 34.000000
1320 1321 34.000000
1320 1341 34.000000
1338 1339 34.000000
1339 1340 34.000000
1340 1341 34.000000
351 373 33.000000
827 849 33.000000
1005 10369 33.000000
1075 10769 33.000000
1079 1080 33.000000
557 579 32.000000
847 848 32.000000
915 937 32.000000
1006 1028 32.000000
1304 1305 32.000000
1364 1365 32.000000
1364 1385 32.000000
1365 1366 32.000000
1366 1367 32.000000
1367 1368 32.000000
1368 1369 32.000000
1369 1370 32.000000
1382 1383 32.000000
1383 1384 32.000000
1384 1385 32.000000
1512 1513 32.000000
601 602 31.000000
602 603 31.000000
603 604 31.000000
604 605 31.000000
605 606 31.000000
606 607 31.000000
607 608 31.000000
681 703 31.000000
740 762 31.000000
919 941 31.000000
733 755 30.000000
1005 10883 30.000000
1007 10419 30.000000
1007 10445 30.000000
1007 10604 30.000000
1075 10774 30.000000
1095 10971 30.000000
133 134 29.000000
522 523 29.000000
535 557 29.000000
1028 10399 29.000000
1067 10898 29.000000
1075 10865 29.000000
1075 10956 29.000000
1095 10950 29.000000
1145 1146 29.000000
1146 1147 29.000000
1147 1148 29.000000
1148 1149 29.000000
1149 1150 29.000000
1150 1151 29.000000
1575 1576 29.000000
15 37 28.000000
76 98 28.000000
638 660 28.000000
748 749 28.000000
749 750 28.000000
750 751 28.000000
751 752 28.000000
752 753 28.000000
753 754 28.000000
754 755 28.000000
1027 10831 28.000000
1071 10934 28.000000
1151 1152 28.000000
1288 1310 28.000000
1355 1377 28.000000
1027 10386 27.000000
1027 10842 27.000000
1028 10280 27.000000
1028 10811 27.000000
1071 10877 27.000000
1110 1132 27.000000
10 1572 26.000000
678 700 26.000000
832 854 26.000000
1028 10659 26.000000
1028 10721 26.000000
1028 10955 26.000000
1049 10745 26.000000
1071 10848 26.000000
1071 10921 26.000000
1240 1262 26.000000
51 73 25.000000
52 74 25.000000
230 252 25.000000
747 769 25.000000
1005 10539 25.000000
1057 1058 25.000000
1058 1059 25.000000
1059 1060 25.000000
1060 1061 25.000000
1061 1062 25.000000
1062 1063 25.000000
1063 1064 25.000000
1071 10775 25.000000
1071 10783 25.000000
178 200 24.000000
1053 1075 24.000000
1054 1076 24.000000
1064 1065 24.000000
1261 1283 24.000000
1553 1575 24.000000
80 81 23.000000
81 82 23.000000
82 83 23.000000
83 84 23.000000
435 457 23.000000
721 743 23.000000
1005 10136 23.000000
1032 1054 23.000000
1245 1267 23.000000
1484 1506 23.000000
54 76 22.000000
393 415 22.000000
600 601 22.000000
810 832 22.000000
1071 10718 22.000000
1071 10965 22.000000
1073 10796 22.000000
1094 10979 22.000000
1158 1180 22.000000
1195 1217 22.000000
1483 1505 22.000000
425 447 21.000000
462 463 21.000000
462 483 21.000000
463 464 21.000000
464 465 21.000000
465 466 21.000000
466 467 21.000000
467 468 21.000000
468 469 21.000000
573 595 21.000000
826 848 21.000000
913 935 21.000000
1000 10006 21.000000
1114 1136 21.000000
1142 1164 21.000000
146 168 20.000000
168 190 20.000000
295 317 20.000000
1022 1023 20.000000
1044 1066 20.000000
1049 1071 20.000000
211 233 19.000000
426 427 19.000000
792 793 19.000000
793 794 19.000000
794 795 19.000000
795 796 19.000000
796 797 19.000000
797 798 19.000000
1028 10384 19.000000
1212 1213 19.000000
1213 1214 19.000000
1214 1215 19.000000
1215 1216 19.000000
1216 1217 19.000000
13 1575 18.000000
132 133 18.000000
132 153 18.000000
146 147 18.000000
147 148 18.000000
148 149 18.000000
149 150 18.000000
150 151 18.000000
151 152 18.000000
152 153 18.000000
265 287 18.000000
329 351 18.000000
1045 1067 18.000000
1075 10789 18.000000
1152 1174 18.000000
1285 1307 18.000000
14 1576 17.000000
15 1577 17.000000
726 748 17.000000
770 771 17.000000
771 772 17.000000
772 773 17.000000
773 774 17.000000
774 775 17.000000
775 776 17.000000
833 855 17.000000
1009 1031 17.000000
1065 1066 17.000000
1092 10921 17.000000
1210 1211 17.000000
1211 1212 17.000000
1321 1322 17.000000
1322 1323 17.000000
1323 1324 17.000000
1324 1325 17.000000
1325 1326 17.000000
616 638 16.000000
783 805 16.000000
1137 1159 16.000000
1226 1248 16.000000
13 35 15.000000
403 425 15.000000
550 551 15.000000
550 571 15.000000
566 567 15.000000
567 568 15.000000
568 569 15.000000
569 570 15.000000
570 571 15.000000
711 733 15.000000
1050 10559 15.000000
1529 1551 15.000000
441 442 14.000000
442 443 14.000000
443 444 14.000000
444 445 14.000000
445 446 14.000000
446 447 14.000000
614 636 14.000000
644 645 14.000000
825 826 14.000000
1006 10141 14.000000
1006 10245 14.000000
1006 10839 14.000000
1028 10681 14.000000
1035 1057 14.000000
1051 10567 14.000000
1072 10752 14.000000
1092 10965 14.000000
1243 1265 14.000000
586 587 13.000000
848 870 13.000000
1007 10174 13.000000
1007 10201 13.000000
1013 1035 13.000000
1027 10568 13.000000
1027 10788 13.000000
1053 1054 13.000000
1053 10774 13.000000
1071 10816 13.000000
1088 10898 13.000000
1486 1508 13.000000
243 265 12.000000
659 681 12.000000
722 744 12.000000
733 734 12.000000
734 735 12.000000
735 736 12.000000
1001 1023 12.000000
1005 10331 12.000000
1005 10357 12.000000
1005 10946 12.000000
1005 10949 12.000000
1027 10575 12.000000
1050 10627 12.000000
1050 10922 12.000000
1054 1055 12.000000
1071 10902 12.000000
1530 1552 12.000000
347 369 11.000000
736 737 11.000000
737 738 11.000000
1007 10290 11.000000
1007 10382 11.000000
1007 10680 11.000000
1007 10941 11.000000
1027 10450 11.000000
1027 10484 11.000000
1027 10505 11.000000
1027 10506 11.000000
1027 10640 11.000000
1027 10664 11.000000
1027 10718 11.000000
1027 10783 11.000000
1027 10965 11.000000
1034 1035 11.000000
1034 1055 11.000000
1050 10719 11.000000
1050 10839 11.000000
1055 1077 11.000000
1071 10951 11.000000
1071 10969 11.000000
1212 1234 11.000000
1289 1311 11.000000
1425 1447 11.000000
12 1574 10.000000
120 142 10.000000
390 412 10.000000
836 837 10.000000
836 857 10.000000
837 838 10.000000
838 839 10.000000
839 840 10.000000
840 841 10.000000
841 842 10.000000
856 857 10.000000
1022 10444 10.000000
1023 10757 10.000000
1033 1055 10.000000
1035 1036 10.000000
1036 1037 10.000000
1037 1038 10.000000
1038 1039 10.000000
1039 1040 10.000000
1040 1041 10.000000
1041 1042 10.000000
1042 1043 10.000000
1043 1044 10.000000
1051 10900 10.000000
1053 10776 10.000000
1066 1088 10.000000
1071 10883 10.000000
1071 10946 10.000000
1071 10949 10.000000
1108 1130 10.000000
1143 1165 10.000000
1152 1153 10.000000
1186 1208 10.000000
374 396 9.000000
523 545 9.000000
617 639 9.000000
717 739 9.000000
1002 10089 9.000000
1049 10725 9.000000
1051 10563 9.000000
1051 10713 9.000000
1051 10925 9.000000
1053 10638 9.000000
1053 10865 9.000000
1053 10956 9.000000
1071 10955 9.000000
1190 1212 9.000000
617 618 8.000000
618 619 8.000000
619 620 8.000000
620 621 8.000000
621 622 8.000000
622 623 8.000000
639 661 8.000000
847 869 8.000000
1008 10423 8.000000
1049 10659 8.000000
1049 10721 8.000000
1049 10738 8.000000
1049 10777 8.000000
1049 10810 8.000000
1049 10811 8.000000
1049 10841 8.000000
1049 10955 8.000000
1050 10529 8.000000
1050 10665 8.000000
1050 10752 8.000000
1141 1163 8.000000
1153 1175 8.000000
155 177 7.000000
637 659 7.000000
1001 10814 7.000000
1005 10565 7.000000
1007 10544 7.000000
1007 10935 7.000000
1008 10462 7.000000
1008 10672 7.000000
1010 1032 7.000000
1027 10775 7.000000
1032 10776 7.000000
1049 10603 7.000000
1049 10703 7.000000
1049 10808 7.000000
1049 10816 7.000000
1049 10877 7.000000
1049 10946 7.000000
1049 10949 7.000000
1049 10951 7.000000
1049 10969 7.000000
1065 1087 7.000000
1080 1102 7.000000
1183 1205 7.000000
1376 1398 7.000000
233 255 6.000000
570 592 6.000000
762 784 6.000000
805 827 6.000000
1001 10071 6.000000
1007 10115 6.000000
1007 10315 6.000000
1007 10646 6.000000
1007 10859 6.000000
1048 10575 6.000000
1048 10842 6.000000
1049 10775 6.000000
1049 10848 6.000000
1049 10902 6.000000
1049 10921 6.000000
1093 10955 6.000000
1196 1218 6.000000
1197 1219 6.000000
1271 1293 6.000000
10 32 5.000000
263 285 5.000000
673 674 5.000000
761 783 5.000000
766 788 5.000000
1001 10297 5.000000
1001 10807 5.000000
1005 10268 5.000000
1005 10603 5.000000
1006 10679 5.000000
1008 10698 5.000000
1008 10758 5.000000
1421 1443 5.000000
44 45 4.000000
44 65 4.000000
63 64 4.000000
64 65 4.000000
262 284 4.000000
548 570 4.000000
627 649 4.000000
701 723 4.000000
891 892 4.000000
1005 10256 4.000000
1005 10298 4.000000
1005 10380 4.000000
1005 10476 4.000000
1005 10703 4.000000
1005 10808 4.000000
1005 10816 4.000000
1005 10848 4.000000
1005 10877 4.000000
1005 10902 4.000000
1005 10921 4.000000
1005 10934 4.000000
1005 10951 4.000000
1005 10969 4.000000
1006 10254 4.000000
1006 10384 4.000000
1006 10399 4.000000
1008 10287 4.000000
1260 1261 4.000000
1442 1464 4.000000
215 237 3.000000
557 558 3.000000
558 559 3.000000
559 560 3.000000
560 561 3.000000
561 562 3.000000
562 563 3.000000
563 564 3.000000
564 565 3.000000
565 566 3.000000
716 738 3.000000
731 732 3.000000
732 733 3.000000
745 767 3.000000
814 815 3.000000
814 835 3.000000
815 816 3.000000
816 817 3.000000
817 818 3.000000
818 819 3.000000
819 820 3.000000
877 899 3.000000
1000 10214 3.000000
1005 10775 3.000000
1174 1196 3.000000
1201 1223 3.000000
1230 1252 3.000000
1403 1425 3.000000
1487 1509 3.000000
37 59 2.000000
45 46 2.000000
45 67 2.000000
67 89 2.000000
111 133 2.000000
198 220 2.000000
414 436 2.000000
485 486 2.000000
486 487 2.000000
487 488 2.000000
488 489 2.000000
489 490 2.000000
490 491 2.000000
491 492 2.000000
492 493 2.000000
493 494 2.000000
494 495 2.000000
495 496 2.000000
496 497 2.000000
497 498 2.000000
498 499 2.000000
704 726 2.000000
760 782 2.000000
789 811 2.000000
798 799 2.000000
799 800 2.000000
800 801 2.000000
801 802 2.000000
802 803 2.000000
803 804 2.000000
924 925 2.000000
924 945 2.000000
925 947 2.000000
935 957 2.000000
936 958 2.000000
943 944 2.000000
944 945 2.000000
947 969 2.000000
1000 10507 2.000000
1000 10854 2.000000
1000 10962 2.000000
1001 10165 2.000000
1001 10405 2.000000
1001 10741 2.000000
1002 10065 2.000000
1002 10394 2.000000
1002 10525 2.000000
1002 10538 2.000000
1002 10706 2.000000
1002 10792 2.000000
1002 10833 2.000000
1002 10897 2.000000
1002 11000 2.000000
1005 10225 2.000000
1005 10450 2.000000
1005 10484 2.000000
1005 10505 2.000000
1005 10506 2.000000
1005 10568 2.000000
1005 10640 2.000000
1005 10664 2.000000
1005 10718 2.000000
1005 10783 2.000000
1005 10831 2.000000
1005 10965 2.000000
1044 10598 2.000000
1044 10878 2.000000
1087 1109 2.000000
1379 1401 2.000000
1506 1528 2.000000
46 47 1.000000
46 68 1.000000
47 48 1.000000
48 49 1.000000
49 50 1.000000
50 51 1.000000
68 90 1.000000
74 96 1.000000
240 262 1.000000
535 536 1.000000
536 537 1.000000
537 538 1.000000
538 539 1.000000
539 540 1.000000
540 541 1.000000
541 542 1.000000
542 543 1.000000
613 635 1.000000
657 679 1.000000
943 965 1.000000
965 987 1.000000
1000 10144 1.000000
1000 10149 1.000000
1000 10444 1.000000
1000 10460 1.000000
1000 10562 1.000000
1000 10570 1.000000
1000 10589 1.000000
1000 10599 1.000000
1000 10648 1.000000
1000 10688 1.000000
1000 10768 1.000000
1000 10945 1.000000
1001 10058 1.000000
1001 10274 1.000000
1001 10547 1.000000
1001 10757 1.000000
1005 1027 1.000000
1005 10167 1.000000
1005 10179 1.000000
1005 10250 1.000000
1005 10575 1.000000
1005 10788 1.000000
1008 1030 1.000000
1064 1086 1.000000
1086 1108 1.000000
1096 1118 1.000000
1136 1158 1.000000
1151 1173 1.000000
1173 1195 1.000000
