282 283 13609.000000
283 284 13609.000000
284 285 13609.000000
264 285 13547.000000
1188 1189 12720.000000
1056 1057 12430.000000
1254 1275 12164.000000
220 241 11462.000000
238 239 11462.000000
239 240 11462.000000
240 241 11462.000000
1232 1233 11390.000000
1232 1253 10609.000000
242 263 10560.000000
260 261 10560.000000
261 262 10560.000000
262 263 10560.000000
281 282 10471.000000
1252 1253 10365.000000
220 221 10287.000000
1210 1211 10258.000000
1034 1035 9522.000000
1276 1297 9430.000000
1188 1209 9381.000000
1210 1231 9256.000000
1296 1297 9137.000000
1056 1077 8988.000000
259 260 8842.000000
1057 1058 8793.000000
1274 1275 8688.000000
105 106 8565.000000
968 969 8393.000000
1208 1209 8334.000000
1401 1402 7993.000000
16 17 7907.000000
264 265 7867.000000
237 238 7859.000000
148 149 7775.000000
1273 1274 7745.000000
303 304 7520.000000
304 305 7520.000000
305 306 7520.000000
306 307 7520.000000
1402 1403 7506.000000
1298 1319 7487.000000
1251 1252 7472.000000
968 989 7422.000000
1272 1273 7371.000000
17 18 7306.000000
1276 1277 7273.000000
1207 1208 7182.000000
1271 1272 7093.000000
1290 1291 7054.000000
1230 1231 7017.000000
1295 1296 7010.000000
1292 1293 6975.000000
1270 1271 6954.000000
1034 1055 6952.000000
1334 1335 6939.000000
920 921 6899.000000
921 922 6899.000000
1012 1013 6873.000000
1076 1077 6798.000000
265 266 6776.000000
149 150 6762.000000
1291 1292 6743.000000
1403 1404 6710.000000
969 970 6693.000000
1293 1294 6662.000000
1268 1269 6545.000000
1269 1270 6545.000000
15 16 6492.000000
1294 1295 6449.000000
192 193 6341.000000
1078 1099 6117.000000
942 943 6114.000000
943 944 6114.000000
944 945 6110.000000
1189 1190 6087.000000
1336 1337 6085.000000
919 920 6048.000000
1320 1341 5895.000000
986 987 5879.000000
987 988 5879.000000
899 900 5852.000000
900 901 5852.000000
1340 1341 5812.000000
14 15 5796.000000
1054 1055 5742.000000
1445 1446 5721.000000
1335 1336 5651.000000
1317 1318 5616.000000
374 395 5526.000000
1406 1407 5523.000000
1405 1406 5504.000000
1339 1340 5487.000000
1446 1447 5463.000000
1404 1405 5423.000000
221 222 5417.000000
918 919 5409.000000
990 991 5350.000000
898 899 5342.000000
1318 1319 5321.000000
991 992 5298.000000
1078 1079 5286.000000
1013 1014 5267.000000
1333 1334 5248.000000
880 881 5198.000000
1101 1102 5174.000000
1337 1338 5147.000000
988 989 5051.000000
170 171 4999.000000
1122 1123 4994.000000
855 856 4961.000000
856 857 4961.000000
876 877 4938.000000
877 878 4938.000000
878 879 4938.000000
1058 1059 4919.000000
1289 1290 4908.000000
1100 1121 4890.000000
1254 1255 4805.000000
242 243 4804.000000
1122 1143 4773.000000
1229 1230 4596.000000
1316 1317 4487.000000
1100 1101 4484.000000
922 923 4479.000000
326 327 4449.000000
327 328 4449.000000
328 329 4449.000000
266 267 4355.000000
1338 1339 4310.000000
683 684 4307.000000
924 925 4276.000000
236 237 4246.000000
286 307 4246.000000
258 259 4226.000000
126 127 4224.000000
1012 1033 4196.000000
308 329 4190.000000
985 986 4188.000000
1098 1099 4168.000000
924 945 4163.000000
58 59 4140.000000
1267 1268 4133.000000
302 303 4089.000000
1059 1060 4085.000000
61 62 4063.000000
1424 1425 4048.000000
286 287 4020.000000
1050 1051 3933.000000
1051 1052 3933.000000
1052 1053 3933.000000
1120 1121 3923.000000
308 309 3922.000000
347 348 3914.000000
348 349 3914.000000
349 350 3914.000000
350 351 3914.000000
60 61 3897.000000
37 38 3879.000000
59 60 3836.000000
1468 1469 3768.000000
1093 1094 3767.000000
1094 1095 3767.000000
1095 1096 3767.000000
1096 1097 3767.000000
1425 1426 3758.000000
902 923 3737.000000
1102 1103 3734.000000
1123 1124 3710.000000
38 39 3674.000000
1491 1492 3654.000000
1144 1165 3649.000000
191 192 3594.000000
1010 1011 3569.000000
1470 1471 3554.000000
1467 1468 3543.000000
1144 1145 3537.000000
369 370 3529.000000
370 371 3529.000000
371 372 3529.000000
372 373 3529.000000
682 683 3529.000000
330 331 3474.000000
682 703 3437.000000
702 703 3437.000000
970 971 3418.000000
897 898 3410.000000
1384 1385 3369.000000
18 19 3360.000000
330 351 3357.000000
941 942 3339.000000
62 84 3338.000000
374 375 3333.000000
1383 1384 3293.000000
193 215 3288.000000
1364 1385 3288.000000
352 373 3273.000000
193 194 3265.000000
57 58 3231.000000
1513 1514 3217.000000
1186 1187 3135.000000
970 992 3098.000000
1314 1315 3093.000000
1469 1470 3093.000000
243 244 3057.000000
1227 1228 3051.000000
880 901 3048.000000
1313 1314 3014.000000
1447 1448 2994.000000
1053 1054 2990.000000
831 832 2950.000000
1035 1036 2941.000000
309 310 2940.000000
396 417 2940.000000
875 876 2925.000000
1185 1186 2917.000000
169 170 2900.000000
1166 1167 2897.000000
36 37 2886.000000
82 83 2859.000000
1315 1316 2815.000000
854 855 2812.000000
1448 1449 2777.000000
375 376 2775.000000
1250 1251 2730.000000
1312 1313 2726.000000
280 281 2706.000000
946 967 2692.000000
106 107 2690.000000
1141 1142 2667.000000
127 128 2655.000000
149 171 2649.000000
1361 1362 2644.000000
1211 1212 2622.000000
833 834 2616.000000
834 835 2616.000000
1079 1080 2614.000000
310 311 2612.000000
1013 1035 2591.000000
1166 1187 2585.000000
1362 1363 2585.000000
1228 1229 2508.000000
83 84 2501.000000
1359 1360 2465.000000
1142 1143 2461.000000
1358 1359 2446.000000
858 879 2416.000000
1449 1450 2404.000000
881 882 2403.000000
257 258 2396.000000
1164 1165 2396.000000
1124 1125 2394.000000
1224 1225 2393.000000
1225 1226 2393.000000
1226 1227 2393.000000
1557 1558 2390.000000
279 280 2380.000000
106 128 2376.000000
1049 1050 2376.000000
1426 1427 2374.000000
836 857 2373.000000
1145 1146 2369.000000
832 833 2366.000000
1116 1117 2348.000000
1117 1118 2348.000000
1357 1358 2341.000000
352 353 2337.000000
331 332 2330.000000
1189 1211 2326.000000
1080 1081 2316.000000
39 40 2313.000000
267 268 2313.000000
1311 1312 2312.000000
963 964 2304.000000
964 965 2304.000000
965 966 2304.000000
171 172 2300.000000
287 288 2300.000000
1535 1536 2279.000000
214 215 2246.000000
1360 1361 2245.000000
1012 10487 2215.000000
1115 1116 2179.000000
288 289 2170.000000
1490 1491 2162.000000
345 346 2156.000000
1097 1098 2151.000000
482 483 2134.000000
616 617 2125.000000
616 637 2125.000000
617 618 2125.000000
925 926 2092.000000
1489 1490 2092.000000
984 985 2091.000000
215 216 2084.000000
1190 1191 2082.000000
902 903 2065.000000
962 963 2059.000000
40 41 2057.000000
706 707 2055.000000
325 326 2043.000000
1423 1424 2043.000000
19 20 2034.000000
727 728 2026.000000
125 126 2005.000000
618 619 1996.000000
1471 1472 1995.000000
1380 1381 1989.000000
1382 1383 1984.000000
853 854 1977.000000
858 859 1977.000000
684 685 1962.000000
323 324 1952.000000
396 397 1951.000000
1534 1535 1949.000000
726 727 1941.000000
301 302 1924.000000
705 706 1924.000000
104 105 1911.000000
1072 1073 1910.000000
1073 1074 1910.000000
1074 1075 1910.000000
324 325 1898.000000
1223 1224 1879.000000
1007 1008 1878.000000
1008 1009 1878.000000
1009 1010 1878.000000
1075 1076 1856.000000
462 483 1852.000000
1556 1557 1812.000000
1342 1363 1810.000000
811 812 1808.000000
812 813 1808.000000
35 36 1800.000000
268 269 1766.000000
1472 1473 1750.000000
749 750 1741.000000
244 245 1735.000000
1514 1515 1730.000000
1536 1537 1726.000000
245 246 1716.000000
344 345 1706.000000
1118 1119 1676.000000
1381 1382 1650.000000
1320 1321 1647.000000
1103 1104 1618.000000
1071 1072 1614.000000
1533 1534 1613.000000
215 237 1610.000000
1555 1556 1610.000000
946 947 1593.000000
792 813 1578.000000
859 860 1560.000000
192 214 1540.000000
1427 1428 1539.000000
101 102 1524.000000
102 103 1524.000000
222 244 1508.000000
707 708 1493.000000
107 10767 1481.000000
940 941 1472.000000
1137 1138 1466.000000
1138 1139 1466.000000
1139 1140 1466.000000
289 290 1463.000000
836 837 1459.000000
1181 1182 1458.000000
1182 1183 1458.000000
619 641 1456.000000
353 354 1454.000000
1183 1184 1454.000000
1532 1533 1445.000000
267 289 1442.000000
966 967 1441.000000
1428 1429 1422.000000
346 347 1408.000000
1376 1377 1407.000000
1377 1378 1407.000000
1378 1379 1407.000000
1145 1167 1406.000000
79 80 1396.000000
1034 10499 1385.000000
246 247 1384.000000
810 811 1382.000000
355 356 1381.000000
1180 1181 1381.000000
1492 1493 1380.000000
300 301 1374.000000
237 259 1359.000000
1233 1234 1355.000000
1184 1185 1345.000000
750 751 1337.000000
1450 1451 1337.000000
354 355 1333.000000
1332 1333 1319.000000
815 816 1316.000000
194 195 1304.000000
771 772 1299.000000
685 686 1292.000000
80 81 1284.000000
81 82 1284.000000
1408 1429 1279.000000
396 418 1267.000000
356 357 1264.000000
1206 1207 1241.000000
814 815 1232.000000
264 286 1231.000000
704 725 1229.000000
724 725 1229.000000
1245 1246 1207.000000
619 620 1191.000000
1246 1247 1190.000000
1163 1164 1184.000000
1247 1248 1182.000000
220 242 1165.000000
198 199 1156.000000
222 223 1153.000000
198 219 1146.000000
216 217 1146.000000
217 218 1146.000000
218 219 1146.000000
726 747 1140.000000
745 746 1140.000000
746 747 1140.000000
1488 1489 1139.000000
744 745 1137.000000
1140 1141 1135.000000
1512 1513 1135.000000
837 838 1134.000000
100 101 1129.000000
728 729 1129.000000
322 323 1115.000000
223 224 1107.000000
352 374 1101.000000
309 331 1097.000000
814 835 1091.000000
1167 1168 1089.000000
399 400 1087.000000
183 184 1085.000000
184 185 1085.000000
185 186 1085.000000
186 187 1085.000000
187 188 1085.000000
188 189 1085.000000
189 190 1085.000000
190 191 1085.000000
103 104 1082.000000
704 705 1076.000000
1288 1289 1071.000000
751 752 1070.000000
748 769 1069.000000
768 769 1069.000000
816 817 1069.000000
772 773 1068.000000
663 664 1066.000000
265 287 1064.000000
150 151 1044.000000
1248 1249 1042.000000
1203 1204 1035.000000
1204 1205 1035.000000
770 771 1028.000000
1276 1298 1020.000000
1249 1250 1019.000000
290 291 1014.000000
1011 10270 1014.000000
311 312 1008.000000
662 663 1004.000000
620 621 1003.000000
1006 1007 1001.000000
312 313 992.000000
723 724 980.000000
1205 1206 978.000000
224 225 974.000000
1255 1256 965.000000
1081 1082 956.000000
1493 1494 956.000000
333 334 951.000000
221 243 942.000000
314 315 941.000000
315 316 941.000000
316 317 941.000000
317 318 941.000000
318 319 941.000000
319 320 941.000000
320 321 941.000000
321 322 941.000000
123 124 931.000000
124 125 931.000000
722 723 931.000000
398 399 926.000000
176 177 925.000000
176 197 925.000000
195 196 925.000000
196 197 925.000000
1032 1033 925.000000
236 258 915.000000
1233 1255 911.000000
397 398 909.000000
1179 1180 909.000000
1386 1407 903.000000
1119 1120 900.000000
1554 1555 899.000000
150 172 897.000000
874 875 881.000000
1232 1254 881.000000
969 991 838.000000
257 279 837.000000
1168 1169 837.000000
1379 1380 835.000000
788 789 830.000000
1056 10677 825.000000
1014 1015 823.000000
708 709 818.000000
418 419 816.000000
748 749 813.000000
770 791 813.000000
789 790 813.000000
790 791 813.000000
269 270 806.000000
1033 10703 805.000000
787 788 804.000000
1092 1093 791.000000
1266 1267 788.000000
1222 1223 782.000000
128 150 781.000000
225 226 780.000000
145 146 776.000000
146 147 776.000000
13 14 775.000000
1057 1079 775.000000
1310 1311 770.000000
621 622 753.000000
1012 10330 749.000000
148 170 748.000000
837 859 748.000000
1213 1214 734.000000
1214 1215 734.000000
147 148 733.000000
332 333 731.000000
1335 1357 730.000000
1058 1080 729.000000
1146 1147 725.000000
701 702 719.000000
1082 1083 719.000000
1010 10407 718.000000
793 794 717.000000
60 82 716.000000
235 236 709.000000
122 123 701.000000
78 79 689.000000
266 288 684.000000
962 984 674.000000
1118 1140 672.000000
1059 1081 661.000000
641 642 657.000000
1379 1401 652.000000
1212 1213 647.000000
1267 1289 647.000000
660 661 645.000000
660 681 645.000000
661 662 645.000000
680 681 645.000000
376 377 644.000000
838 839 644.000000
1014 1036 640.000000
334 335 637.000000
17 39 634.000000
1511 1512 634.000000
308 330 631.000000
144 145 630.000000
1191 1192 629.000000
1192 1193 629.000000
1193 1194 629.000000
400 401 623.000000
594 595 622.000000
594 615 622.000000
595 596 622.000000
95 96 621.000000
96 97 621.000000
97 98 621.000000
98 99 621.000000
1558 1559 620.000000
62 63 619.000000
171 193 617.000000
1056 1078 616.000000
161 162 614.000000
162 163 614.000000
163 164 614.000000
164 165 614.000000
165 166 614.000000
1537 1538 614.000000
367 368 610.000000
368 369 610.000000
729 730 602.000000
1062 1063 600.000000
792 793 596.000000
103 125 594.000000
248 249 588.000000
249 250 588.000000
250 251 588.000000
251 252 588.000000
252 253 588.000000
253 254 588.000000
254 255 588.000000
255 256 588.000000
256 257 588.000000
1235 1236 587.000000
1236 1237 587.000000
214 236 581.000000
794 795 579.000000
924 946 579.000000
881 903 576.000000
1028 1029 574.000000
1029 1030 574.000000
1030 1031 574.000000
1031 1032 574.000000
767 768 565.000000
1060 1061 563.000000
1061 1062 563.000000
1010 10509 556.000000
1036 1037 555.000000
1234 1235 553.000000
1557 1579 545.000000
313 314 540.000000
925 947 533.000000
1515 1516 528.000000
377 378 525.000000
34 35 518.000000
389 390 518.000000
390 391 518.000000
391 392 518.000000
392 393 518.000000
393 394 518.000000
394 395 518.000000
1354 1355 518.000000
1355 1356 518.000000
1356 1357 518.000000
809 810 517.000000
1559 1560 517.000000
1083 1084 508.000000
1076 10831 507.000000
177 199 499.000000
683 705 499.000000
310 332 496.000000
1060 1082 493.000000
1104 1105 492.000000
1105 1106 492.000000
1578 1579 492.000000
127 149 488.000000
227 228 488.000000
228 229 488.000000
229 230 488.000000
230 231 488.000000
231 232 488.000000
232 233 488.000000
233 234 488.000000
234 235 488.000000
84 85 478.000000
366 367 474.000000
39 61 473.000000
323 345 472.000000
640 641 471.000000
686 687 471.000000
857 879 470.000000
1015 1016 469.000000
1010 10565 467.000000
1202 1203 465.000000
1256 1257 465.000000
1257 1258 465.000000
1258 1259 465.000000
462 463 457.000000
463 464 457.000000
464 465 457.000000
313 335 453.000000
420 421 452.000000
1081 10846 452.000000
22 23 446.000000
419 420 446.000000
1013 10390 445.000000
160 161 443.000000
301 323 439.000000
1404 1426 438.000000
1114 1115 432.000000
1011 10330 430.000000
22 43 428.000000
42 43 428.000000
177 178 426.000000
1033 10331 423.000000
1012 10529 422.000000
1035 10938 420.000000
526 527 416.000000
1254 1276 414.000000
104 126 413.000000
100 10106 412.000000
1147 1148 409.000000
166 167 407.000000
167 168 407.000000
168 169 407.000000
204 205 402.000000
205 206 402.000000
206 207 402.000000
207 208 402.000000
208 209 402.000000
209 210 402.000000
210 211 402.000000
211 212 402.000000
1060 10643 399.000000
1038 10455 398.000000
178 179 391.000000
179 180 391.000000
180 181 391.000000
181 182 391.000000
1037 1038 391.000000
1211 1233 391.000000
642 643 387.000000
1015 1037 385.000000
105 127 380.000000
278 279 374.000000
1148 1149 372.000000
1149 1150 372.000000
1577 1578 372.000000
289 311 371.000000
1201 1202 370.000000
1006 10217 364.000000
63 64 363.000000
636 637 361.000000
101 10558 360.000000
880 902 360.000000
269 291 359.000000
1259 1260 356.000000
1035 10475 354.000000
400 422 353.000000
903 904 353.000000
1035 10972 353.000000
664 686 352.000000
270 271 348.000000
271 272 348.000000
272 273 348.000000
273 274 348.000000
274 275 348.000000
275 276 348.000000
276 277 348.000000
277 278 348.000000
1364 1365 347.000000
1035 10387 346.000000
1035 10730 346.000000
1035 10868 346.000000
1320 1342 343.000000
1006 10878 342.000000
247 248 341.000000
1057 10619 341.000000
743 744 340.000000
1050 10898 338.000000
1194 1195 336.000000
329 351 335.000000
1011 10249 333.000000
322 344 331.000000
442 443 331.000000
1510 1511 330.000000
700 701 328.000000
1076 1098 327.000000
411 412 324.000000
412 413 324.000000
413 414 324.000000
414 415 324.000000
415 416 324.000000
416 417 324.000000
664 665 321.000000
353 375 320.000000
1012 10979 319.000000
1033 10821 319.000000
1291 1313 319.000000
1014 10163 316.000000
1014 10733 316.000000
300 322 315.000000
1055 10618 315.000000
1080 10997 312.000000
1102 1124 312.000000
1016 1038 310.000000
766 767 308.000000
441 442 307.000000
170 192 304.000000
896 897 303.000000
105 10972 298.000000
676 677 297.000000
677 678 297.000000
1188 1210 296.000000
199 200 290.000000
421 422 290.000000
572 573 290.000000
572 593 290.000000
573 574 290.000000
1125 1126 289.000000
1260 1261 289.000000
1261 1262 289.000000
1262 1263 289.000000
1263 1264 289.000000
1264 1265 289.000000
203 204 288.000000
1036 10715 288.000000
792 814 285.000000
200 201 282.000000
201 202 282.000000
202 203 282.000000
105 10763 280.000000
105 10895 280.000000
105 10977 280.000000
901 923 279.000000
1147 1169 279.000000
1244 1245 279.000000
679 680 278.000000
1055 10982 278.000000
1268 1290 276.000000
715 716 275.000000
672 673 273.000000
673 674 273.000000
674 675 273.000000
675 676 273.000000
302 324 272.000000
375 397 271.000000
1010 10167 270.000000
1036 10663 269.000000
1049 1071 269.000000
213 214 268.000000
574 575 266.000000
105 10924 263.000000
126 148 260.000000
1445 1467 259.000000
654 655 258.000000
655 656 258.000000
1060 10844 258.000000
1516 1517 258.000000
1309 1310 257.000000
1058 10996 256.000000
104 10586 252.000000
212 213 251.000000
105 10532 247.000000
105 10593 247.000000
105 10619 247.000000
105 10879 247.000000
105 10730 245.000000
105 10868 244.000000
443 444 244.000000
1058 10886 244.000000
1013 10189 241.000000
1038 1039 241.000000
1055 10554 241.000000
1058 10818 241.000000
1576 1577 241.000000
172 194 240.000000
1035 10372 239.000000
1035 10763 239.000000
1035 10895 239.000000
1035 10977 239.000000
1012 10585 238.000000
1058 10740 238.000000
104 10489 237.000000
104 10774 237.000000
104 10862 237.000000
104 10865 237.000000
104 10920 237.000000
104 10956 237.000000
1036 10502 235.000000
104 10776 233.000000
1078 10985 233.000000
1093 10932 232.000000
1058 10863 231.000000
813 835 230.000000
1012 10964 225.000000
1239 1240 224.000000
1240 1241 224.000000
1241 1242 224.000000
1242 1243 224.000000
1243 1244 224.000000
1013 10435 223.000000
1035 10717 223.000000
440 461 222.000000
331 353 220.000000
379 380 216.000000
380 381 216.000000
381 382 216.000000
382 383 216.000000
383 384 216.000000
384 385 216.000000
385 386 216.000000
386 387 216.000000
410 411 216.000000
1057 10613 216.000000
1159 1160 216.000000
1160 1161 216.000000
1161 1162 216.000000
1035 10426 215.000000
1035 10532 215.000000
1035 10593 215.000000
1035 10879 215.000000
1055 10796 215.000000
242 264 213.000000
333 355 212.000000
430 431 211.000000
1168 1190 210.000000
1005 1006 209.000000
1035 10638 209.000000
1035 10789 209.000000
1035 10940 207.000000
56 57 206.000000
596 597 206.000000
292 293 205.000000
293 294 205.000000
294 295 205.000000
295 296 205.000000
296 297 205.000000
297 298 205.000000
298 299 205.000000
299 300 205.000000
1014 10301 205.000000
100 10035 204.000000
1035 10414 204.000000
1005 10406 203.000000
1035 10769 203.000000
63 85 202.000000
335 336 202.000000
336 337 202.000000
337 338 202.000000
338 339 202.000000
339 340 202.000000
340 341 202.000000
341 342 202.000000
342 343 202.000000
343 344 202.000000
1071 10835 202.000000
1071 10852 202.000000
1071 10944 202.000000
41 42 200.000000
620 642 199.000000
1058 10663 198.000000
1077 1099 198.000000
1237 1238 198.000000
1238 1239 198.000000
657 658 197.000000
224 246 193.000000
388 389 193.000000
1058 10782 192.000000
1103 1125 192.000000
139 140 191.000000
140 141 191.000000
141 142 191.000000
142 143 191.000000
143 144 191.000000
1058 10687 191.000000
663 685 190.000000
773 774 190.000000
1057 10717 190.000000
1079 10996 189.000000
1093 10999 189.000000
1055 10839 188.000000
1012 10941 187.000000
105 10863 185.000000
373 395 184.000000
1049 10590 184.000000
484 505 183.000000
161 183 182.000000
504 505 182.000000
817 818 182.000000
1049 10999 182.000000
105 10600 181.000000
105 10609 181.000000
105 10696 181.000000
1012 10382 181.000000
707 729 179.000000
100 10402 178.000000
431 432 178.000000
1106 1107 178.000000
1298 1299 177.000000
1012 10315 176.000000
1012 10680 176.000000
1126 1127 176.000000
1127 1128 176.000000
100 10224 175.000000
100 10418 175.000000
100 10651 175.000000
107 10836 174.000000
665 666 174.000000
1058 10696 173.000000
1079 10886 173.000000
814 836 172.000000
1056 10669 172.000000
1162 1163 172.000000
106 10930 171.000000
182 183 171.000000
1035 10550 171.000000
1056 10925 171.000000
1036 10428 170.000000
235 257 169.000000
528 529 169.000000
529 530 169.000000
530 531 169.000000
720 721 169.000000
946 968 169.000000
1057 10894 169.000000
1304 1305 169.000000
1305 1306 169.000000
1306 1307 169.000000
1307 1308 169.000000
1308 1309 169.000000
1375 1376 168.000000
1014 10184 167.000000
1014 10221 167.000000
1014 10237 167.000000
1079 10818 167.000000
1135 1136 167.000000
1012 10544 166.000000
1032 10407 166.000000
1035 10824 166.000000
1016 1017 165.000000
1017 1018 165.000000
1014 10414 163.000000
1014 10940 163.000000
107 10952 162.000000
585 586 161.000000
586 587 161.000000
587 588 161.000000
588 589 161.000000
589 590 161.000000
590 591 161.000000
287 309 160.000000
836 858 160.000000
1081 10844 160.000000
1215 1216 160.000000
721 722 159.000000
1013 10143 159.000000
1034 10563 159.000000
1054 10645 159.000000
1013 10253 158.000000
1033 10493 158.000000
1136 1137 158.000000
644 645 157.000000
645 646 157.000000
646 647 157.000000
647 648 157.000000
648 649 157.000000
656 657 157.000000
643 644 154.000000
1057 10763 154.000000
1057 10895 154.000000
1057 10977 154.000000
1012 10257 153.000000
1469 1491 153.000000
59 81 152.000000
73 95 152.000000
1012 10713 152.000000
1012 10499 151.000000
1057 10593 150.000000
1057 10879 150.000000
1294 1316 149.000000
182 204 148.000000
1012 10421 148.000000
1012 10469 148.000000
1034 10796 148.000000
1036 10687 148.000000
1036 10782 148.000000
1058 10789 148.000000
1012 10190 147.000000
1012 10677 147.000000
1056 10979 147.000000
1077 10821 146.000000
1014 10489 145.000000
1014 10774 145.000000
1014 10862 145.000000
1014 10865 145.000000
1014 10920 145.000000
1014 10956 145.000000
794 816 144.000000
531 532 143.000000
532 533 143.000000
533 534 143.000000
534 535 143.000000
1012 10935 143.000000
1014 10776 143.000000
1012 10305 142.000000
73 74 141.000000
74 75 141.000000
75 76 141.000000
76 77 141.000000
795 796 141.000000
992 993 141.000000
1012 10283 141.000000
1012 10412 141.000000
1012 10781 140.000000
1035 10894 140.000000
1248 1270 140.000000
1035 10364 139.000000
1314 1336 139.000000
1402 1424 139.000000
357 358 137.000000
358 359 137.000000
359 360 137.000000
360 361 137.000000
361 362 137.000000
362 363 137.000000
363 364 137.000000
1146 1168 137.000000
838 860 136.000000
1013 10938 136.000000
1099 1121 136.000000
291 292 135.000000
1425 1447 135.000000
678 679 134.000000
364 365 133.000000
365 366 133.000000
1013 10669 133.000000
1035 10702 133.000000
213 235 131.000000
292 314 130.000000
378 400 130.000000
1079 10863 130.000000
226 227 129.000000
1007 10089 128.000000
1010 10811 127.000000
1124 1146 127.000000
1255 1277 127.000000
16 38 126.000000
1012 10559 126.000000
1057 10702 126.000000
1014 10837 124.000000
1143 1165 124.000000
1494 1495 124.000000
1011 10721 123.000000
1012 10922 123.000000
38 60 122.000000
597 598 122.000000
1014 10510 122.000000
1011 10277 121.000000
1014 10824 121.000000
1033 10369 121.000000
1077 10982 121.000000
598 599 120.000000
1013 10393 120.000000
1013 10925 120.000000
1028 10598 120.000000
1468 1490 120.000000
311 333 119.000000
599 600 118.000000
1228 1250 118.000000
1058 10586 117.000000
1195 1196 116.000000
1196 1197 116.000000
1197 1198 116.000000
1198 1199 116.000000
1199 1200 116.000000
1452 1473 116.000000
752 753 115.000000
1054 10775 115.000000
1054 10783 115.000000
245 267 113.000000
374 396 113.000000
278 300 112.000000
1010 10386 112.000000
1010 10842 112.000000
1012 10752 112.000000
1015 10687 112.000000
1034 10950 112.000000
238 260 111.000000
378 379 111.000000
666 667 111.000000
667 668 111.000000
668 669 111.000000
669 670 111.000000
670 671 111.000000
926 927 111.000000
927 949 111.000000
949 971 111.000000
1011 10811 111.000000
1015 10782 111.000000
1033 10816 111.000000
1033 10951 111.000000
635 636 110.000000
1104 1126 110.000000
1010 10114 109.000000
1012 10446 109.000000
1212 1234 107.000000
138 160 106.000000
882 883 106.000000
1036 10586 106.000000
1011 10745 105.000000
1027 1028 105.000000
1121 1143 105.000000
1358 1380 105.000000
0 1 104.000000
0 21 104.000000
1 2 104.000000
20 21 104.000000
1033 10384 104.000000
1034 1056 104.000000
286 308 103.000000
618 640 103.000000
671 672 103.000000
1007 10538 103.000000
1007 10897 103.000000
1270 1292 103.000000
77 78 102.000000
859 881 102.000000
1013 10260 102.000000
101 10626 101.000000
260 282 101.000000
335 357 101.000000
638 639 101.000000
638 659 101.000000
639 640 101.000000
658 659 101.000000
708 730 101.000000
1011 10446 101.000000
1011 10922 101.000000
440 462 100.000000
1107 1108 100.000000
1108 1109 100.000000
1109 1110 100.000000
1110 1111 100.000000
1111 1112 100.000000
1112 1113 100.000000
332 354 99.000000
1012 10665 99.000000
1018 10255 99.000000
1028 10898 99.000000
1033 10841 99.000000
1401 1423 99.000000
1470 1492 99.000000
101 10784 98.000000
1006 1028 98.000000
1012 10542 98.000000
1014 10364 98.000000
1076 10842 98.000000
945 967 97.000000
1010 10250 97.000000
1010 10575 97.000000
1010 10883 97.000000
1015 10715 97.000000
1034 10669 97.000000
1010 10640 96.000000
1033 1055 96.000000
379 401 95.000000
727 749 95.000000
903 925 95.000000
1054 10821 95.000000
1072 10878 95.000000
100 10396 94.000000
107 10794 94.000000
107 10826 94.000000
614 615 94.000000
621 643 94.000000
860 861 94.000000
1014 10894 94.000000
1033 10969 94.000000
1034 10964 94.000000
1076 10788 94.000000
100 10540 93.000000
154 155 93.000000
154 175 93.000000
155 156 93.000000
156 157 93.000000
157 158 93.000000
158 159 93.000000
159 160 93.000000
173 174 93.000000
174 175 93.000000
1076 10965 93.000000
682 704 92.000000
1033 10777 92.000000
1033 10810 92.000000
1113 1114 92.000000
244 266 91.000000
172 173 90.000000
1011 10659 90.000000
1012 10796 90.000000
575 576 89.000000
584 585 89.000000
1041 1063 89.000000
191 213 88.000000
356 378 88.000000
1055 10979 88.000000
1049 10531 87.000000
1085 1086 87.000000
1086 1087 87.000000
1087 1088 87.000000
1088 1089 87.000000
1089 1090 87.000000
1090 1091 87.000000
1091 1092 87.000000
1299 1300 87.000000
1300 1301 87.000000
1301 1302 87.000000
1302 1303 87.000000
1303 1304 87.000000
575 597 86.000000
709 710 86.000000
710 711 86.000000
711 712 86.000000
712 713 86.000000
713 714 86.000000
714 715 86.000000
902 924 86.000000
1054 10603 86.000000
1054 10808 86.000000
1054 10877 86.000000
1063 1064 86.000000
1064 1065 86.000000
1065 1066 86.000000
1066 1067 86.000000
1067 1068 86.000000
1068 1069 86.000000
401 402 85.000000
402 403 85.000000
403 404 85.000000
404 405 85.000000
405 406 85.000000
406 407 85.000000
407 408 85.000000
918 940 85.000000
1069 1070 85.000000
576 577 84.000000
1034 10677 84.000000
1056 10964 84.000000
650 651 83.000000
651 652 83.000000
652 653 83.000000
653 654 83.000000
847 848 83.000000
848 849 83.000000
849 850 83.000000
850 851 83.000000
851 852 83.000000
1011 10399 82.000000
1070 1071 82.000000
1471 1493 82.000000
288 310 81.000000
704 726 81.000000
854 876 81.000000
1033 10357 81.000000
1033 10946 81.000000
1033 10949 81.000000
1033 10955 81.000000
1054 10934 81.000000
1181 1203 81.000000
1338 1360 81.000000
1038 1060 80.000000
1266 1288 80.000000
1200 1201 79.000000
1277 1278 79.000000
1278 1279 79.000000
1279 1280 79.000000
1280 1281 79.000000
1281 1282 79.000000
577 578 78.000000
1013 10287 78.000000
1187 1209 78.000000
1054 10883 77.000000
1122 1144 77.000000
307 329 76.000000
440 441 76.000000
1018 1019 76.000000
1034 10713 76.000000
1055 10694 76.000000
291 313 75.000000
432 433 75.000000
433 434 75.000000
434 435 75.000000
435 436 75.000000
436 437 75.000000
437 438 75.000000
622 623 75.000000
623 624 75.000000
624 625 75.000000
625 626 75.000000
626 627 75.000000
627 628 75.000000
858 880 75.000000
1054 10848 75.000000
1054 10902 75.000000
1054 10921 75.000000
1055 10559 75.000000
968 990 74.000000
1014 10789 74.000000
1019 1041 74.000000
1209 1231 73.000000
243 265 72.000000
1012 10627 72.000000
1014 10769 72.000000
1014 10349 71.000000
1084 1085 71.000000
513 535 70.000000
789 811 70.000000
1010 10831 70.000000
1011 10681 70.000000
1032 1054 70.000000
852 853 69.000000
1010 10788 69.000000
1253 1275 69.000000
1381 1403 69.000000
330 352 68.000000
875 897 68.000000
926 948 68.000000
948 970 68.000000
971 993 68.000000
1011 10280 68.000000
1533 1555 68.000000
354 376 67.000000
833 855 67.000000
919 941 67.000000
1430 1451 67.000000
1014 10263 66.000000
1092 1114 66.000000
1223 1245 66.000000
57 79 65.000000
1014 10638 65.000000
1297 1319 65.000000
1298 1320 65.000000
1448 1470 65.000000
100 10151 64.000000
770 792 64.000000
1579 1580 64.000000
592 593 63.000000
993 994 63.000000
1011 10542 63.000000
1167 1189 63.000000
1265 1266 63.000000
285 307 62.000000
1057 10857 62.000000
1057 10910 62.000000
1337 1359 62.000000
104 10824 61.000000
138 139 61.000000
730 731 61.000000
1011 10665 61.000000
1205 1227 61.000000
1011 10529 60.000000
1057 10938 60.000000
1072 10898 60.000000
279 301 59.000000
745 767 59.000000
760 761 59.000000
761 762 59.000000
762 763 59.000000
763 764 59.000000
764 765 59.000000
1010 10136 59.000000
1076 10934 59.000000
1245 1267 59.000000
1488 1510 59.000000
14 36 58.000000
831 853 58.000000
1013 10366 58.000000
1013 10423 58.000000
13 35 57.000000
994 995 57.000000
995 996 57.000000
1011 10141 57.000000
1013 10605 57.000000
1056 10713 57.000000
1222 1244 57.000000
876 898 56.000000
1035 1057 56.000000
1011 10148 55.000000
1011 10627 55.000000
1011 10752 55.000000
709 731 54.000000
1033 10752 54.000000
1075 1097 54.000000
1079 10895 54.000000
1079 10977 54.000000
1575 1576 54.000000
1032 10831 53.000000
1058 10774 53.000000
1058 10776 53.000000
1058 10862 53.000000
1058 10865 53.000000
1058 10920 53.000000
1058 10956 53.000000
1076 10808 53.000000
1560 1561 53.000000
61 83 52.000000
132 133 52.000000
132 153 52.000000
133 134 52.000000
134 135 52.000000
135 136 52.000000
136 137 52.000000
137 138 52.000000
151 152 52.000000
152 153 52.000000
1058 10948 52.000000
1058 10976 52.000000
613 614 51.000000
810 832 51.000000
1169 1170 51.000000
1170 1171 51.000000
1171 1172 51.000000
128 129 50.000000
796 797 50.000000
971 972 49.000000
972 973 49.000000
973 974 49.000000
974 996 49.000000
1033 10399 49.000000
1033 10745 49.000000
35 57 48.000000
270 292 48.000000
357 379 48.000000
1033 10811 48.000000
200 222 47.000000
408 430 47.000000
600 601 47.000000
601 602 47.000000
602 603 47.000000
603 604 47.000000
604 605 47.000000
726 748 47.000000
1071 1093 47.000000
223 245 46.000000
591 592 46.000000
771 793 46.000000
1058 10972 46.000000
1078 1100 46.000000
1165 1187 46.000000
748 770 45.000000
1027 10444 45.000000
1056 10796 45.000000
1058 10733 45.000000
1080 1102 45.000000
1200 1222 45.000000
66 67 44.000000
408 409 44.000000
409 410 44.000000
1058 10837 44.000000
1162 1184 44.000000
1184 1206 44.000000
642 664 43.000000
649 650 43.000000
1032 10476 43.000000
1169 1191 43.000000
1172 1173 43.000000
1446 1468 42.000000
795 817 41.000000
1011 1033 41.000000
1028 10757 41.000000
1036 10383 41.000000
1036 10864 41.000000
1036 10968 41.000000
1036 10970 41.000000
1055 1077 41.000000
66 87 40.000000
85 86 40.000000
86 87 40.000000
104 10789 40.000000
246 268 40.000000
765 766 40.000000
1034 10971 40.000000
1119 1141 40.000000
1173 1174 40.000000
1174 1175 40.000000
1175 1176 40.000000
1176 1177 40.000000
1177 1178 40.000000
1058 10894 39.000000
1342 1364 39.000000
387 388 38.000000
700 722 38.000000
749 771 38.000000
996 997 38.000000
997 998 38.000000
998 999 38.000000
1000 1001 38.000000
1001 1002 38.000000
1002 1003 38.000000
1003 1004 38.000000
1004 1005 38.000000
1058 10638 38.000000
1098 1120 38.000000
1534 1556 38.000000
1013 10971 37.000000
1036 10438 37.000000
1036 10871 37.000000
1058 10769 37.000000
1058 10940 37.000000
1128 1129 37.000000
1129 1130 37.000000
1130 1131 37.000000
1131 1132 37.000000
1132 1133 37.000000
1133 1134 37.000000
1134 1135 37.000000
1150 1151 37.000000
1151 1152 37.000000
1152 1153 37.000000
1153 1154 37.000000
1154 1155 37.000000
1155 1156 37.000000
1382 1404 37.000000
225 247 36.000000
259 281 36.000000
513 514 36.000000
514 515 36.000000
515 516 36.000000
516 517 36.000000
716 717 36.000000
717 718 36.000000
718 719 36.000000
719 720 36.000000
1036 1058 36.000000
1178 1179 36.000000
1231 1253 36.000000
178 200 35.000000
334 356 35.000000
366 388 35.000000
597 619 35.000000
641 663 35.000000
1179 1201 35.000000
15 1577 34.000000
491 513 34.000000
563 564 34.000000
564 565 34.000000
565 566 34.000000
566 567 34.000000
567 568 34.000000
568 569 34.000000
685 707 34.000000
687 688 34.000000
688 689 34.000000
689 690 34.000000
690 691 34.000000
691 692 34.000000
692 693 34.000000
1013 10950 34.000000
1076 10775 34.000000
1076 10783 34.000000
1076 10848 34.000000
1076 10877 34.000000
1076 10902 34.000000
1076 10921 34.000000
1079 10837 34.000000
438 439 33.000000
550 551 33.000000
550 571 33.000000
551 552 33.000000
552 553 33.000000
569 570 33.000000
879 901 33.000000
1076 10816 33.000000
1076 10841 33.000000
1076 10951 33.000000
1156 1157 33.000000
1272 1294 33.000000
248 270 32.000000
422 423 32.000000
423 424 32.000000
424 425 32.000000
425 426 32.000000
426 427 32.000000
427 428 32.000000
428 429 32.000000
429 430 32.000000
553 575 32.000000
570 571 32.000000
665 687 32.000000
1275 1297 32.000000
1490 1512 32.000000
817 839 31.000000
1141 1163 31.000000
104 10638 30.000000
465 466 30.000000
1036 10453 30.000000
1036 10500 30.000000
1036 10948 30.000000
1036 10976 30.000000
1079 10879 30.000000
1229 1251 30.000000
1293 1315 30.000000
1364 1386 30.000000
40 62 29.000000
488 489 29.000000
489 490 29.000000
490 491 29.000000
628 629 29.000000
629 630 29.000000
630 631 29.000000
631 632 29.000000
418 439 28.000000
694 695 28.000000
695 696 28.000000
696 697 28.000000
697 698 28.000000
698 699 28.000000
699 700 28.000000
1034 10390 28.000000
1058 10730 28.000000
1058 10868 28.000000
1246 1268 28.000000
104 10510 27.000000
344 366 27.000000
553 554 27.000000
554 555 27.000000
555 556 27.000000
632 633 27.000000
633 634 27.000000
634 635 27.000000
693 694 27.000000
531 553 26.000000
578 600 26.000000
606 607 26.000000
607 608 26.000000
608 609 26.000000
609 610 26.000000
610 611 26.000000
611 612 26.000000
612 613 26.000000
797 798 26.000000
798 799 26.000000
799 800 26.000000
800 801 26.000000
801 802 26.000000
802 803 26.000000
1015 10215 26.000000
1277 1299 26.000000
1357 1379 26.000000
204 226 25.000000
247 269 25.000000
1015 10175 25.000000
1015 10182 25.000000
1015 10188 25.000000
1015 10193 25.000000
1015 10202 25.000000
1015 10240 25.000000
1015 10303 25.000000
1015 10337 25.000000
1015 10383 25.000000
1015 10864 25.000000
1015 10968 25.000000
1015 10970 25.000000
1028 10878 25.000000
1185 1207 25.000000
574 596 24.000000
662 684 24.000000
947 969 23.000000
1076 10811 23.000000
1157 1179 23.000000
1360 1382 23.000000
605 606 22.000000
1081 1103 22.000000
1157 1158 22.000000
1540 1541 22.000000
1540 1561 22.000000
1541 1542 22.000000
1542 1564 22.000000
897 919 21.000000
1014 10857 21.000000
1014 10910 21.000000
1158 1159 21.000000
1210 1232 21.000000
1489 1511 21.000000
147 169 20.000000
422 444 20.000000
729 751 20.000000
1033 10659 20.000000
1033 10721 20.000000
1037 1059 20.000000
1079 10940 20.000000
37 59 19.000000
108 109 19.000000
1015 10871 19.000000
1032 10386 19.000000
1032 10575 19.000000
1032 10640 19.000000
1032 10788 19.000000
1032 10842 19.000000
1036 10733 19.000000
1055 10922 19.000000
1250 1272 19.000000
22 44 18.000000
14 1576 18.000000
44 65 18.000000
64 65 18.000000
562 563 18.000000
562 584 18.000000
661 683 18.000000
1015 10438 18.000000
1032 10568 18.000000
1032 10664 18.000000
1032 10718 18.000000
1032 10965 18.000000
1033 10681 18.000000
1100 1122 18.000000
1202 1224 18.000000
1299 1321 18.000000
12 13 17.000000
12 34 17.000000
474 475 17.000000
475 476 17.000000
476 477 17.000000
477 478 17.000000
478 479 17.000000
479 480 17.000000
480 481 17.000000
481 482 17.000000
793 815 17.000000
967 989 17.000000
1035 10435 17.000000
1054 10659 17.000000
1054 10681 17.000000
1054 10721 17.000000
1054 10745 17.000000
1054 10777 17.000000
1054 10810 17.000000
1554 1576 17.000000
18 40 16.000000
104 10414 16.000000
104 10769 16.000000
104 10894 16.000000
104 10940 16.000000
312 334 16.000000
528 549 16.000000
563 585 16.000000
1034 10393 16.000000
1034 10925 16.000000
1035 10857 16.000000
1035 10910 16.000000
1036 10489 16.000000
1036 10774 16.000000
1036 10862 16.000000
1036 10865 16.000000
1036 10920 16.000000
1036 10956 16.000000
1055 10627 16.000000
1079 10868 16.000000
1079 10972 16.000000
1085 1107 16.000000
1207 1229 16.000000
1581 1582 16.000000
88 89 15.000000
89 90 15.000000
90 91 15.000000
91 92 15.000000
92 93 15.000000
93 94 15.000000
94 95 15.000000
731 732 15.000000
732 733 15.000000
733 734 15.000000
734 735 15.000000
735 736 15.000000
736 737 15.000000
832 854 15.000000
1005 10149 15.000000
1053 10568 15.000000
1053 10575 15.000000
1053 10640 15.000000
1053 10664 15.000000
1053 10718 15.000000
1053 10788 15.000000
1053 10842 15.000000
1053 10965 15.000000
1079 10894 15.000000
1580 1581 15.000000
101 10168 14.000000
107 108 14.000000
816 838 14.000000
852 874 14.000000
923 945 14.000000
1007 10394 14.000000
1007 10525 14.000000
1007 10792 14.000000
1036 10776 14.000000
1535 1557 14.000000
1556 1578 14.000000
34 56 13.000000
46 47 13.000000
47 48 13.000000
48 49 13.000000
49 50 13.000000
50 51 13.000000
104 10733 13.000000
104 10837 13.000000
129 151 13.000000
151 173 13.000000
173 195 13.000000
839 840 13.000000
840 841 13.000000
841 842 13.000000
842 843 13.000000
843 844 13.000000
844 845 13.000000
845 846 13.000000
846 847 13.000000
1007 11000 13.000000
1010 1032 13.000000
1010 10955 13.000000
1054 10811 13.000000
1054 10841 13.000000
1054 10946 13.000000
1054 10949 13.000000
1054 10955 13.000000
1076 10883 13.000000
1076 10969 13.000000
1144 1166 13.000000
1331 1332 13.000000
199 221 12.000000
678 700 12.000000
730 752 12.000000
1076 10946 12.000000
1076 10949 12.000000
1076 10955 12.000000
1216 1217 12.000000
1217 1218 12.000000
1218 1219 12.000000
1219 1220 12.000000
1220 1221 12.000000
1221 1222 12.000000
1282 1283 12.000000
1283 1284 12.000000
1284 1285 12.000000
1285 1286 12.000000
1286 1287 12.000000
1491 1513 12.000000
51 73 11.000000
139 161 11.000000
226 248 11.000000
940 962 11.000000
1010 10268 11.000000
1054 1076 11.000000
1447 1469 11.000000
198 220 10.000000
686 708 10.000000
705 727 10.000000
721 743 10.000000
773 795 10.000000
835 857 10.000000
853 875 10.000000
1036 10510 10.000000
1092 10944 10.000000
1313 1335 10.000000
774 775 9.000000
815 837 9.000000
1011 10245 9.000000
1011 10719 9.000000
1011 10839 9.000000
1014 10265 9.000000
1055 10665 9.000000
1113 1135 9.000000
1142 1164 9.000000
1512 1534 9.000000
1532 1554 9.000000
462 484 8.000000
578 579 8.000000
579 580 8.000000
580 581 8.000000
581 582 8.000000
582 583 8.000000
583 584 8.000000
599 621 8.000000
751 773 8.000000
1011 10493 8.000000
1019 1020 8.000000
1020 1021 8.000000
1021 1022 8.000000
1022 1023 8.000000
1023 1024 8.000000
1024 1025 8.000000
1025 1026 8.000000
1026 1027 8.000000
1036 10837 8.000000
1039 1040 8.000000
1040 1041 8.000000
1071 10999 8.000000
1178 1200 8.000000
1201 1223 8.000000
1244 1266 8.000000
1247 1269 8.000000
1269 1291 8.000000
1365 1366 8.000000
1366 1367 8.000000
1367 1368 8.000000
1368 1369 8.000000
1369 1370 8.000000
1370 1371 8.000000
1371 1372 8.000000
1372 1373 8.000000
1373 1374 8.000000
1374 1375 8.000000
1386 1408 8.000000
1538 1539 8.000000
444 445 7.000000
445 446 7.000000
446 447 7.000000
598 620 7.000000
744 766 7.000000
1010 10331 7.000000
1033 10694 7.000000
1041 1042 7.000000
1042 1043 7.000000
1043 1044 7.000000
1044 1045 7.000000
1045 1046 7.000000
1046 1047 7.000000
1047 1048 7.000000
1048 1049 7.000000
1054 10703 7.000000
1054 10816 7.000000
1054 10969 7.000000
1560 1582 7.000000
15 37 6.000000
56 78 6.000000
203 225 6.000000
280 302 6.000000
577 599 6.000000
596 618 6.000000
632 654 6.000000
656 678 6.000000
765 787 6.000000
772 794 6.000000
788 810 6.000000
803 804 6.000000
804 805 6.000000
805 806 6.000000
806 807 6.000000
807 808 6.000000
808 809 6.000000
1005 10599 6.000000
1028 1050 6.000000
1055 10752 6.000000
1361 1383 6.000000
1449 1471 6.000000
1513 1535 6.000000
1555 1577 6.000000
107 129 5.000000
108 10911 5.000000
469 491 5.000000
576 598 5.000000
600 622 5.000000
643 665 5.000000
702 724 5.000000
1011 10679 5.000000
1032 10450 5.000000
1032 10484 5.000000
1032 10505 5.000000
1032 10506 5.000000
1032 10775 5.000000
1032 10783 5.000000
1032 10848 5.000000
1032 10902 5.000000
1032 10921 5.000000
1082 1104 5.000000
1173 1195 5.000000
1536 1558 5.000000
66 88 4.000000
117 118 4.000000
118 119 4.000000
119 120 4.000000
120 121 4.000000
125 147 4.000000
364 386 4.000000
386 408 4.000000
447 469 4.000000
548 549 4.000000
722 744 4.000000
750 772 4.000000
775 776 4.000000
776 777 4.000000
777 778 4.000000
778 779 4.000000
779 780 4.000000
780 781 4.000000
860 882 4.000000
944 966 4.000000
966 988 4.000000
1010 10256 4.000000
1010 10298 4.000000
1010 10357 4.000000
1010 10369 4.000000
1010 10380 4.000000
1010 10603 4.000000
1010 10703 4.000000
1010 10808 4.000000
1010 10816 4.000000
1010 10841 4.000000
1010 10877 4.000000
1010 10934 4.000000
1010 10946 4.000000
1010 10949 4.000000
1010 10951 4.000000
1010 10969 4.000000
1011 10254 4.000000
1011 10384 4.000000
1011 10694 4.000000
1032 10951 4.000000
1049 10878 4.000000
1054 10951 4.000000
1156 1178 4.000000
1183 1205 4.000000
1251 1273 4.000000
1319 1341 4.000000
117 139 3.000000
418 440 3.000000
447 448 3.000000
448 449 3.000000
449 450 3.000000
450 451 3.000000
451 452 3.000000
694 716 3.000000
1005 10460 3.000000
1010 10225 3.000000
1010 10450 3.000000
1010 10476 3.000000
1010 10484 3.000000
1010 10505 3.000000
1010 10506 3.000000
1010 10775 3.000000
1010 10783 3.000000
1010 10848 3.000000
1010 10902 3.000000
1010 10921 3.000000
1015 10453 3.000000
1015 10500 3.000000
1015 10776 3.000000
1015 10948 3.000000
1015 10976 3.000000
1027 10406 3.000000
1027 10430 3.000000
1027 10531 3.000000
1070 1092 3.000000
1289 1311 3.000000
1492 1514 3.000000
13 1575 2.000000
41 63 2.000000
51 52 2.000000
52 53 2.000000
53 54 2.000000
54 55 2.000000
55 56 2.000000
484 485 2.000000
485 486 2.000000
486 487 2.000000
487 488 2.000000
644 666 2.000000
672 694 2.000000
687 709 2.000000
766 788 2.000000
874 896 2.000000
1010 10179 2.000000
1010 10568 2.000000
1010 10664 2.000000
1010 10718 2.000000
1010 10965 2.000000
1172 1194 2.000000
1180 1202 2.000000
1321 1322 2.000000
1322 1323 2.000000
1323 1324 2.000000
1324 1325 2.000000
1325 1326 2.000000
1326 1327 2.000000
1327 1328 2.000000
1328 1329 2.000000
1329 1330 2.000000
1330 1331 2.000000
1510 1532 2.000000
1562 1563 2.000000
1562 1583 2.000000
1563 1564 2.000000
1582 1583 2.000000
42 64 1.000000
116 117 1.000000
116 138 1.000000
351 373 1.000000
466 467 1.000000
467 468 1.000000
468 469 1.000000
496 497 1.000000
497 498 1.000000
498 499 1.000000
499 500 1.000000
500 501 1.000000
501 502 1.000000
502 503 1.000000
503 504 1.000000
584 606 1.000000
640 662 1.000000
1005 10430 1.000000
1005 10444 1.000000
1005 10531 1.000000
1005 10589 1.000000
1005 10648 1.000000
1005 10768 1.000000
1006 10165 1.000000
1006 10274 1.000000
1006 10405 1.000000
1006 10741 1.000000
1006 10757 1.000000
1006 10814 1.000000
1027 1049 1.000000
1069 1091 1.000000
1091 1113 1.000000
1158 1180 1.000000
