280 281 16983.000000
281 282 16983.000000
282 283 16983.000000
283 284 16660.000000
1076 1077 16403.000000
1252 1253 14738.000000
1295 1296 14115.000000
1251 1252 13318.000000
279 280 13187.000000
1075 1076 11591.000000
1294 1295 11087.000000
1250 1251 10649.000000
1273 1274 10496.000000
1272 1273 10322.000000
1293 1294 10037.000000
1271 1272 9997.000000
1292 1293 9730.000000
1074 1075 9403.000000
284 285 9187.000000
324 325 9162.000000
325 326 9162.000000
326 327 9162.000000
940 941 9099.000000
941 942 9099.000000
1290 1291 9051.000000
1032 1033 8923.000000
1229 1230 8674.000000
1291 1292 8595.000000
1288 1289 8549.000000
1289 1290 8548.000000
124 125 8530.000000
1339 1340 8423.000000
1270 1271 8268.000000
258 259 7974.000000
259 260 7974.000000
260 261 7974.000000
261 262 7974.000000
1421 1422 7714.000000
1422 1423 7714.000000
190 191 7587.000000
1012 1033 7383.000000
1228 1229 7257.000000
328 329 7217.000000
14 15 7117.000000
236 237 7069.000000
237 238 7069.000000
238 239 7069.000000
239 240 7069.000000
942 943 7054.000000
1249 1250 6905.000000
257 258 6828.000000
256 257 6824.000000
1423 1424 6810.000000
1465 1466 6458.000000
235 236 6449.000000
1466 1467 6424.000000
1208 1209 6419.000000
1296 1297 6402.000000
264 285 6372.000000
1287 1288 6332.000000
896 897 6312.000000
897 898 6312.000000
898 899 6312.000000
943 944 6262.000000
301 302 6242.000000
302 303 6242.000000
303 304 6242.000000
304 305 6242.000000
367 368 6226.000000
368 369 6226.000000
369 370 6226.000000
370 371 6226.000000
1315 1316 6226.000000
327 328 6206.000000
1164 1165 6179.000000
1120 1121 6118.000000
1056 1077 6093.000000
323 324 6054.000000
168 169 6052.000000
939 940 6037.000000
1100 1121 5988.000000
1316 1317 5948.000000
1119 1120 5897.000000
1163 1164 5874.000000
988 989 5569.000000
1317 1318 5569.000000
1338 1339 5546.000000
1031 1032 5444.000000
1097 1098 5436.000000
35 36 5416.000000
36 37 5394.000000
146 147 5380.000000
987 988 5339.000000
1337 1338 5337.000000
371 372 5306.000000
415 416 5305.000000
167 168 5285.000000
189 190 5276.000000
1269 1270 5193.000000
1009 1010 5173.000000
918 919 5137.000000
919 920 5137.000000
1230 1231 5059.000000
1467 1468 5051.000000
1227 1228 5042.000000
13 14 5035.000000
240 241 4997.000000
938 939 4991.000000
1207 1208 4987.000000
308 329 4973.000000
1054 1055 4939.000000
1206 1207 4829.000000
1314 1315 4801.000000
1425 1426 4796.000000
300 301 4782.000000
372 373 4767.000000
34 35 4725.000000
1424 1425 4717.000000
1096 1097 4709.000000
1118 1119 4664.000000
33 34 4654.000000
12 13 4629.000000
1205 1206 4628.000000
1426 1427 4625.000000
917 918 4612.000000
1008 1009 4498.000000
15 16 4490.000000
853 854 4386.000000
854 855 4386.000000
1053 1054 4349.000000
1336 1337 4313.000000
1266 1267 4285.000000
1267 1268 4285.000000
103 104 4262.000000
1056 1057 4225.000000
1268 1269 4199.000000
1226 1227 4178.000000
1309 1310 4100.000000
1310 1311 4100.000000
1399 1400 4095.000000
1100 1101 4029.000000
1468 1469 3926.000000
1311 1312 3903.000000
1332 1333 3890.000000
308 309 3853.000000
1144 1165 3827.000000
944 945 3825.000000
1140 1141 3825.000000
1355 1356 3794.000000
278 279 3765.000000
125 126 3761.000000
1333 1334 3757.000000
1005 1006 3751.000000
1006 1007 3751.000000
852 853 3727.000000
968 989 3688.000000
322 323 3687.000000
1091 1092 3676.000000
1092 1093 3676.000000
1093 1094 3676.000000
1094 1095 3673.000000
921 922 3669.000000
1334 1335 3669.000000
1162 1163 3660.000000
1098 1099 3640.000000
1312 1313 3628.000000
1161 1162 3609.000000
1095 1096 3593.000000
900 901 3591.000000
305 306 3575.000000
916 917 3572.000000
480 481 3569.000000
1070 1071 3541.000000
1071 1072 3541.000000
1072 1073 3541.000000
983 984 3527.000000
984 985 3527.000000
985 986 3527.000000
1052 1053 3522.000000
306 307 3504.000000
682 703 3495.000000
1403 1404 3466.000000
1010 1011 3444.000000
1248 1249 3444.000000
1313 1314 3444.000000
899 900 3437.000000
1402 1403 3407.000000
874 875 3379.000000
875 876 3379.000000
876 877 3379.000000
298 299 3371.000000
1007 1008 3360.000000
1030 1031 3318.000000
1404 1405 3280.000000
1400 1401 3226.000000
1356 1357 3196.000000
1141 1142 3188.000000
1360 1361 3186.000000
1335 1336 3183.000000
1381 1382 3176.000000
1139 1140 3170.000000
1359 1360 3163.000000
968 990 3156.000000
851 852 3153.000000
37 38 3117.000000
255 256 3110.000000
191 213 3109.000000
102 103 3078.000000
1353 1354 3049.000000
704 725 3041.000000
1382 1383 3031.000000
262 263 3027.000000
352 373 3001.000000
1308 1309 2952.000000
1142 1143 2947.000000
1265 1266 2947.000000
1188 1209 2946.000000
700 701 2929.000000
701 702 2929.000000
702 703 2929.000000
895 896 2906.000000
1073 1074 2905.000000
191 192 2873.000000
986 987 2857.000000
234 235 2855.000000
264 265 2818.000000
1184 1185 2802.000000
1532 1533 2784.000000
1489 1490 2782.000000
1113 1114 2777.000000
1114 1115 2777.000000
1115 1116 2777.000000
213 214 2762.000000
961 962 2762.000000
962 963 2762.000000
963 964 2762.000000
416 417 2758.000000
1358 1359 2753.000000
1032 10979 2739.000000
1331 1332 2734.000000
1380 1381 2711.000000
1185 1186 2671.000000
80 81 2661.000000
1401 1402 2660.000000
147 148 2629.000000
299 300 2628.000000
1252 1274 2624.000000
123 124 2616.000000
1469 1470 2614.000000
57 58 2568.000000
190 212 2559.000000
147 169 2545.000000
1186 1187 2542.000000
100 101 2538.000000
746 747 2512.000000
1122 1143 2504.000000
1377 1378 2502.000000
1378 1379 2502.000000
920 921 2494.000000
1511 1512 2491.000000
350 351 2478.000000
1296 1318 2470.000000
1225 1226 2448.000000
1357 1358 2441.000000
1352 1353 2436.000000
16 17 2429.000000
1354 1355 2426.000000
81 82 2417.000000
722 723 2399.000000
723 724 2399.000000
726 747 2386.000000
1077 1099 2367.000000
1057 1058 2361.000000
342 343 2347.000000
724 725 2333.000000
59 60 2287.000000
1509 1510 2239.000000
1383 1384 2189.000000
1510 1511 2178.000000
1004 1005 2173.000000
660 661 2159.000000
1069 1070 2156.000000
58 59 2146.000000
1183 1184 2126.000000
1247 1248 2124.000000
265 266 2123.000000
1232 1253 2117.000000
877 878 2109.000000
396 417 2106.000000
1443 1444 2087.000000
878 879 2084.000000
240 262 2073.000000
965 966 2053.000000
214 215 2025.000000
215 216 2025.000000
216 217 2025.000000
217 218 2025.000000
1533 1534 2025.000000
1379 1380 2015.000000
704 705 2011.000000
1116 1117 1994.000000
1188 1189 1984.000000
1274 1275 1946.000000
748 769 1939.000000
1244 1245 1937.000000
1245 1246 1937.000000
1246 1247 1934.000000
960 961 1896.000000
56 57 1855.000000
286 307 1854.000000
830 831 1853.000000
831 832 1853.000000
832 833 1853.000000
220 241 1827.000000
101 102 1820.000000
330 351 1820.000000
343 344 1820.000000
286 287 1815.000000
1444 1445 1800.000000
32 33 1798.000000
1165 1187 1760.000000
38 39 1753.000000
705 706 1751.000000
785 786 1748.000000
1555 1556 1747.000000
1222 1223 1745.000000
1223 1224 1745.000000
1224 1225 1745.000000
1554 1555 1729.000000
1117 1118 1724.000000
78 79 1723.000000
1027 1028 1711.000000
1028 1029 1711.000000
1029 1030 1711.000000
1374 1375 1708.000000
1375 1376 1708.000000
873 874 1707.000000
880 901 1702.000000
809 810 1696.000000
810 811 1696.000000
922 923 1689.000000
241 263 1680.000000
1487 1488 1675.000000
1210 1231 1671.000000
1552 1553 1661.000000
982 983 1654.000000
1101 1102 1653.000000
320 321 1648.000000
944 966 1646.000000
146 168 1633.000000
1576 1577 1623.000000
855 856 1622.000000
352 353 1619.000000
616 637 1612.000000
635 636 1612.000000
636 637 1612.000000
277 278 1604.000000
321 322 1596.000000
1575 1576 1589.000000
77 78 1588.000000
1553 1554 1581.000000
1078 1079 1577.000000
792 813 1576.000000
1122 1123 1570.000000
1376 1377 1570.000000
266 267 1568.000000
372 394 1568.000000
811 812 1563.000000
787 788 1562.000000
788 789 1562.000000
1243 1244 1557.000000
309 310 1546.000000
416 438 1540.000000
1026 1027 1536.000000
1574 1575 1527.000000
1078 1099 1521.000000
1445 1446 1502.000000
17 18 1498.000000
900 922 1485.000000
145 146 1483.000000
1048 1049 1452.000000
1049 1050 1452.000000
1050 1051 1452.000000
60 61 1442.000000
1286 1287 1442.000000
1209 1231 1438.000000
79 80 1426.000000
364 365 1425.000000
964 965 1417.000000
1446 1447 1416.000000
1508 1509 1413.000000
345 346 1409.000000
346 347 1409.000000
347 348 1409.000000
348 349 1409.000000
76 77 1404.000000
1488 1489 1404.000000
284 306 1401.000000
1447 1448 1397.000000
169 170 1392.000000
212 213 1374.000000
1047 1048 1364.000000
856 857 1359.000000
310 311 1358.000000
1033 1055 1356.000000
807 808 1352.000000
353 354 1343.000000
812 813 1340.000000
808 809 1339.000000
365 366 1333.000000
366 367 1333.000000
1003 1004 1330.000000
786 787 1321.000000
287 288 1318.000000
1135 1136 1316.000000
1136 1137 1316.000000
1137 1138 1316.000000
1057 1079 1302.000000
894 895 1301.000000
858 879 1300.000000
481 482 1292.000000
11 12 1291.000000
872 873 1245.000000
1399 1421 1231.000000
1178 1179 1230.000000
1179 1180 1230.000000
1180 1181 1230.000000
1181 1182 1230.000000
792 793 1221.000000
661 662 1217.000000
344 345 1205.000000
143 144 1175.000000
144 145 1175.000000
945 967 1155.000000
354 355 1151.000000
1490 1491 1150.000000
98 99 1135.000000
104 105 1134.000000
770 771 1126.000000
770 791 1125.000000
1264 1265 1121.000000
1491 1492 1121.000000
829 830 1120.000000
213 235 1114.000000
374 395 1113.000000
726 727 1107.000000
329 351 1102.000000
790 791 1097.000000
836 857 1095.000000
1512 1513 1093.000000
285 307 1092.000000
1448 1449 1081.000000
1144 1145 1076.000000
1486 1487 1073.000000
349 350 1072.000000
682 683 1069.000000
58 80 1048.000000
1427 1428 1047.000000
616 617 1045.000000
966 967 1045.000000
120 121 1042.000000
121 122 1042.000000
122 123 1042.000000
374 375 1038.000000
1157 1158 1018.000000
1158 1159 1018.000000
1159 1160 1018.000000
1032 10627 1015.000000
1361 1362 1015.000000
243 244 1012.000000
375 376 1011.000000
1182 1183 1001.000000
242 243 994.000000
748 749 991.000000
1470 1471 986.000000
55 56 979.000000
1077 10938 973.000000
244 245 968.000000
234 256 966.000000
298 320 955.000000
1090 1091 948.000000
916 938 941.000000
242 263 940.000000
1010 10950 940.000000
60 82 933.000000
102 124 932.000000
202 203 925.000000
203 204 925.000000
204 205 925.000000
205 206 925.000000
206 207 925.000000
207 208 925.000000
208 209 925.000000
209 210 925.000000
1008 10277 917.000000
1051 1052 914.000000
169 191 904.000000
1138 1139 899.000000
1233 1234 895.000000
1234 1235 895.000000
101 123 866.000000
1232 1233 861.000000
142 143 859.000000
1177 1178 859.000000
1221 1222 855.000000
1351 1352 848.000000
212 234 845.000000
1265 1287 845.000000
765 766 844.000000
766 767 844.000000
767 768 844.000000
288 289 841.000000
1204 1205 841.000000
617 618 839.000000
333 334 834.000000
334 335 834.000000
335 336 834.000000
336 337 834.000000
337 338 834.000000
338 339 834.000000
339 340 834.000000
340 341 834.000000
789 790 827.000000
459 460 824.000000
1034 1055 824.000000
1166 1167 812.000000
396 397 807.000000
1531 1532 800.000000
254 255 796.000000
1116 1138 786.000000
342 364 769.000000
159 160 767.000000
160 161 767.000000
161 162 767.000000
162 163 767.000000
1008 10299 755.000000
1032 10796 755.000000
660 681 753.000000
678 679 752.000000
679 680 752.000000
680 681 752.000000
438 439 749.000000
308 330 747.000000
1112 1113 718.000000
103 125 716.000000
397 398 716.000000
1134 1135 716.000000
193 194 713.000000
194 195 713.000000
195 196 713.000000
1556 1557 712.000000
1100 1122 706.000000
1160 1161 704.000000
235 257 702.000000
706 707 699.000000
1005 10089 695.000000
158 159 689.000000
246 247 687.000000
247 248 687.000000
248 249 687.000000
249 250 687.000000
250 251 687.000000
251 252 687.000000
252 253 687.000000
253 254 687.000000
1534 1535 683.000000
264 286 678.000000
968 969 677.000000
1101 1123 672.000000
192 193 665.000000
311 333 664.000000
699 700 662.000000
220 221 658.000000
221 222 658.000000
1330 1331 650.000000
1009 10384 649.000000
1557 1558 649.000000
1167 1168 647.000000
1168 1169 647.000000
1242 1243 643.000000
768 769 618.000000
1307 1308 616.000000
168 190 609.000000
1008 10179 608.000000
618 619 606.000000
1030 10407 597.000000
683 684 596.000000
482 483 592.000000
1166 1187 588.000000
1210 1211 587.000000
1211 1212 587.000000
1212 1213 587.000000
409 410 582.000000
410 411 582.000000
411 412 582.000000
412 413 582.000000
413 414 582.000000
414 415 582.000000
394 395 580.000000
104 126 575.000000
267 289 569.000000
330 331 563.000000
460 461 551.000000
1102 1103 551.000000
1103 1104 551.000000
743 744 550.000000
744 745 550.000000
745 746 550.000000
721 722 544.000000
163 164 542.000000
524 525 542.000000
677 678 536.000000
764 765 536.000000
742 743 528.000000
1011 10824 524.000000
103 10335 520.000000
200 201 520.000000
198 199 518.000000
199 200 518.000000
276 277 513.000000
1009 10330 506.000000
1053 10618 502.000000
164 165 499.000000
165 166 499.000000
265 287 499.000000
749 750 496.000000
720 721 495.000000
331 332 492.000000
1220 1221 491.000000
211 212 488.000000
418 419 488.000000
196 218 487.000000
119 120 486.000000
741 742 485.000000
440 441 484.000000
100 10216 481.000000
833 834 481.000000
662 663 479.000000
115 116 477.000000
116 117 477.000000
117 118 477.000000
118 119 477.000000
198 219 477.000000
857 879 477.000000
82 83 474.000000
114 115 473.000000
224 225 468.000000
225 226 468.000000
226 227 468.000000
227 228 468.000000
228 229 468.000000
229 230 468.000000
230 231 468.000000
231 232 468.000000
1340 1341 467.000000
698 699 464.000000
1530 1531 462.000000
1573 1574 462.000000
619 641 460.000000
267 268 459.000000
418 439 459.000000
836 837 459.000000
462 463 458.000000
341 342 454.000000
268 269 453.000000
269 270 453.000000
270 271 453.000000
271 272 453.000000
272 273 453.000000
273 274 453.000000
274 275 453.000000
275 276 453.000000
1080 1081 450.000000
54 55 449.000000
727 728 449.000000
218 219 447.000000
440 461 447.000000
1079 1080 446.000000
1254 1275 445.000000
1162 1184 443.000000
503 504 441.000000
502 503 439.000000
462 483 436.000000
1009 10138 433.000000
312 313 431.000000
313 314 431.000000
314 315 431.000000
315 316 431.000000
316 317 431.000000
317 318 431.000000
318 319 431.000000
319 320 431.000000
328 350 428.000000
1030 10565 426.000000
1189 1190 425.000000
1190 1191 425.000000
1191 1192 425.000000
232 233 423.000000
210 211 419.000000
398 420 417.000000
676 677 417.000000
814 835 414.000000
855 877 414.000000
1010 10190 414.000000
834 835 409.000000
1555 1577 408.000000
105 10566 405.000000
1058 1059 405.000000
1059 1060 405.000000
279 301 404.000000
1009 10148 400.000000
1008 10883 399.000000
441 442 397.000000
222 223 396.000000
148 170 395.000000
572 593 387.000000
591 592 387.000000
592 593 387.000000
233 234 386.000000
1031 10745 385.000000
726 748 383.000000
343 365 375.000000
1340 1362 375.000000
223 224 369.000000
166 167 364.000000
181 182 363.000000
182 183 363.000000
183 184 363.000000
184 185 363.000000
185 186 363.000000
186 187 363.000000
187 188 363.000000
188 189 363.000000
62 63 360.000000
63 64 360.000000
64 65 360.000000
1033 10857 358.000000
1033 10910 358.000000
814 815 355.000000
1027 10394 355.000000
1075 10982 354.000000
1208 1230 354.000000
682 704 351.000000
320 342 348.000000
705 727 347.000000
419 420 346.000000
1123 1124 345.000000
1124 1125 345.000000
125 147 344.000000
1012 10782 344.000000
1192 1193 344.000000
572 573 343.000000
1012 10948 342.000000
233 255 341.000000
1060 1061 340.000000
1012 10586 335.000000
1012 10920 335.000000
1133 1134 334.000000
1513 1514 334.000000
1266 1288 330.000000
684 685 329.000000
242 264 328.000000
1377 1399 326.000000
283 305 325.000000
276 298 324.000000
327 349 322.000000
1025 1026 321.000000
640 641 317.000000
1058 10643 317.000000
1026 10878 315.000000
1200 1201 315.000000
1201 1202 315.000000
1202 1203 315.000000
1077 10879 313.000000
103 10917 312.000000
289 290 310.000000
290 291 310.000000
291 292 310.000000
292 293 310.000000
293 294 310.000000
294 295 310.000000
295 296 310.000000
296 297 310.000000
297 298 310.000000
808 830 308.000000
1010 10713 307.000000
652 653 306.000000
653 654 306.000000
1047 1069 302.000000
1079 10844 298.000000
1235 1236 297.000000
1333 1355 297.000000
1069 10835 295.000000
1069 10852 295.000000
749 771 294.000000
330 352 292.000000
1007 10386 292.000000
102 10638 290.000000
616 638 289.000000
255 277 288.000000
1097 1119 287.000000
1530 1552 287.000000
1013 1014 285.000000
1258 1259 282.000000
1259 1260 282.000000
1260 1261 282.000000
1261 1262 282.000000
1262 1263 282.000000
1276 1297 282.000000
1121 1143 281.000000
1056 10740 280.000000
639 640 279.000000
1358 1380 278.000000
899 921 277.000000
141 142 276.000000
1003 10444 274.000000
1012 1013 274.000000
105 10911 272.000000
1031 10357 272.000000
103 10426 270.000000
1031 10330 270.000000
1054 10925 270.000000
355 356 269.000000
356 357 269.000000
357 358 269.000000
358 359 269.000000
359 360 269.000000
360 361 269.000000
361 362 269.000000
1032 10382 269.000000
1011 10265 268.000000
103 10398 266.000000
362 363 266.000000
363 364 266.000000
222 244 264.000000
1009 10542 264.000000
1033 10435 264.000000
103 10696 263.000000
1032 10646 263.000000
1052 10821 263.000000
604 605 262.000000
605 606 262.000000
606 607 262.000000
607 608 262.000000
608 609 262.000000
609 610 262.000000
1016 10255 262.000000
1254 1255 261.000000
1255 1256 261.000000
1256 1257 261.000000
1257 1258 261.000000
408 409 259.000000
662 684 258.000000
332 333 256.000000
1012 1034 254.000000
1009 10529 253.000000
211 233 252.000000
1193 1194 252.000000
1194 1195 252.000000
1195 1196 252.000000
1196 1197 252.000000
1329 1330 252.000000
189 211 251.000000
1003 10406 251.000000
1070 10898 251.000000
1199 1200 251.000000
287 309 248.000000
309 331 248.000000
1056 10687 248.000000
1156 1157 248.000000
1577 1578 248.000000
102 10263 247.000000
102 10349 247.000000
102 10837 244.000000
1398 1399 243.000000
852 874 242.000000
102 10510 241.000000
196 197 241.000000
102 10865 240.000000
102 10956 240.000000
634 635 240.000000
1010 10157 240.000000
856 878 237.000000
618 640 235.000000
1014 1015 235.000000
1015 1016 235.000000
1003 10531 233.000000
1077 10789 233.000000
1010 10964 232.000000
1053 10554 231.000000
1009 10752 230.000000
103 10619 229.000000
103 10432 227.000000
103 10486 227.000000
103 10593 227.000000
103 10879 227.000000
1036 1037 227.000000
1203 1204 227.000000
1405 1406 227.000000
1077 10940 226.000000
104 10873 225.000000
917 939 225.000000
104 10889 224.000000
660 682 222.000000
1402 1424 221.000000
102 10733 220.000000
1032 10559 220.000000
1268 1290 220.000000
1081 1082 219.000000
126 148 217.000000
1069 10944 217.000000
311 312 215.000000
1003 10430 215.000000
1012 10733 215.000000
1012 10638 214.000000
1012 10263 213.000000
1012 10349 213.000000
1012 10837 213.000000
1280 1281 213.000000
1281 1282 213.000000
1282 1283 213.000000
1283 1284 213.000000
1284 1285 213.000000
793 794 212.000000
1004 10217 211.000000
1012 10510 211.000000
1026 10898 211.000000
458 459 210.000000
771 772 210.000000
1077 10894 210.000000
1077 10972 210.000000
1012 10862 209.000000
1004 10058 208.000000
1355 1377 207.000000
1535 1536 207.000000
656 657 205.000000
657 658 205.000000
658 659 205.000000
1219 1220 205.000000
1270 1292 205.000000
1073 10788 204.000000
1090 1112 204.000000
102 10769 202.000000
102 10862 201.000000
1034 1035 201.000000
1011 10938 199.000000
1076 10796 198.000000
1077 10868 198.000000
1276 1277 198.000000
1277 1278 198.000000
1278 1279 198.000000
1279 1280 198.000000
1004 10165 197.000000
192 214 195.000000
1055 10868 195.000000
1273 1295 195.000000
704 726 194.000000
959 960 194.000000
102 10489 193.000000
102 10774 193.000000
836 858 193.000000
1052 10883 192.000000
1031 10679 191.000000
1035 1036 191.000000
638 639 189.000000
373 395 187.000000
351 373 186.000000
1032 10925 185.000000
1055 10940 185.000000
1047 10999 184.000000
1091 10999 184.000000
1486 1508 184.000000
333 355 181.000000
1098 10985 181.000000
1146 1147 181.000000
1147 1148 181.000000
532 554 179.000000
1032 10900 179.000000
61 62 178.000000
202 224 178.000000
638 659 178.000000
1075 10922 178.000000
1468 1490 178.000000
176 197 177.000000
639 661 177.000000
1077 10977 177.000000
901 923 175.000000
1009 10679 175.000000
1077 10895 175.000000
1005 10525 174.000000
1005 10538 174.000000
1005 10792 174.000000
1005 10897 174.000000
1056 10996 173.000000
713 735 171.000000
1032 10567 171.000000
1076 1098 171.000000
1263 1264 171.000000
32 54 170.000000
654 655 170.000000
1005 11000 170.000000
1054 10669 170.000000
220 242 169.000000
397 419 168.000000
792 814 168.000000
943 965 167.000000
1055 10862 167.000000
1004 10757 166.000000
1056 10886 165.000000
1314 1336 165.000000
12 34 164.000000
1010 10462 163.000000
0 21 162.000000
0 10594 162.000000
37 59 162.000000
18 19 162.000000
19 20 162.000000
20 21 162.000000
573 574 162.000000
1010 10287 162.000000
1010 10672 162.000000
924 945 161.000000
1010 10421 161.000000
1012 10337 161.000000
1012 10968 161.000000
484 505 160.000000
504 505 160.000000
574 575 160.000000
575 576 160.000000
1055 10638 160.000000
1055 10837 160.000000
1032 10922 159.000000
1034 10687 159.000000
124 146 158.000000
1010 10253 158.000000
1145 1146 157.000000
1166 1188 157.000000
256 278 156.000000
1032 10390 156.000000
1032 10680 155.000000
1055 10733 155.000000
1213 1214 155.000000
352 374 154.000000
1010 10393 154.000000
1026 10598 153.000000
1033 10698 152.000000
1033 10758 152.000000
706 728 151.000000
1010 10260 151.000000
1010 10971 151.000000
1373 1374 151.000000
393 394 150.000000
1379 1401 150.000000
1510 1532 150.000000
374 396 149.000000
1010 10680 149.000000
1056 10663 149.000000
176 177 148.000000
177 178 148.000000
178 179 148.000000
179 180 148.000000
1003 10149 148.000000
1376 1398 148.000000
1055 10717 147.000000
1055 10774 147.000000
619 620 146.000000
1055 10865 146.000000
1055 10956 146.000000
1122 1144 146.000000
1264 1286 146.000000
1332 1354 146.000000
438 460 145.000000
321 343 144.000000
812 834 144.000000
902 923 144.000000
1032 10677 144.000000
1467 1489 144.000000
1032 10935 142.000000
1032 10781 141.000000
1139 1161 141.000000
1155 1156 141.000000
14 36 140.000000
428 429 140.000000
1011 10423 140.000000
1012 10438 140.000000
1032 10563 139.000000
1054 10938 139.000000
1423 1445 139.000000
484 485 138.000000
674 675 138.000000
1053 10964 136.000000
1005 10394 135.000000
1032 10744 135.000000
1514 1515 134.000000
675 676 133.000000
811 833 133.000000
1055 10894 133.000000
1055 10972 133.000000
1009 10681 132.000000
1012 10864 132.000000
104 10930 131.000000
1031 10949 131.000000
1032 10412 131.000000
1197 1219 131.000000
1008 10568 130.000000
1060 1082 130.000000
1012 10182 129.000000
1012 10202 129.000000
1012 10215 129.000000
1012 10453 129.000000
1012 10776 129.000000
1012 10976 129.000000
1032 10499 128.000000
102 10435 127.000000
1074 10808 127.000000
1074 10877 127.000000
1197 1198 127.000000
633 634 126.000000
915 916 125.000000
1074 10821 125.000000
1032 10393 123.000000
307 329 122.000000
245 267 121.000000
1012 10175 121.000000
1012 10188 121.000000
1012 10193 121.000000
1012 10383 121.000000
1012 10500 121.000000
1012 10871 121.000000
57 79 120.000000
528 529 120.000000
528 549 120.000000
548 549 120.000000
102 10824 119.000000
1492 1493 119.000000
102 10301 118.000000
685 686 118.000000
686 687 118.000000
687 688 118.000000
688 689 118.000000
689 690 118.000000
1182 1204 116.000000
1003 10688 115.000000
1031 10955 115.000000
1141 1163 115.000000
1075 10979 114.000000
1052 1074 113.000000
1206 1228 113.000000
219 241 112.000000
691 692 112.000000
692 693 112.000000
693 694 112.000000
694 695 112.000000
833 855 112.000000
1030 10842 112.000000
420 442 111.000000
1030 10386 111.000000
1032 10713 111.000000
1051 10831 111.000000
386 387 110.000000
387 388 110.000000
388 389 110.000000
389 390 110.000000
390 391 110.000000
391 392 110.000000
815 816 110.000000
960 982 110.000000
1076 10964 110.000000
1253 1275 110.000000
641 642 109.000000
642 643 109.000000
643 644 109.000000
644 645 109.000000
645 646 109.000000
646 647 109.000000
664 665 109.000000
665 666 109.000000
666 667 109.000000
667 668 109.000000
668 669 109.000000
428 450 108.000000
1008 10167 108.000000
1036 1058 108.000000
1010 10941 107.000000
529 530 106.000000
530 531 106.000000
531 532 106.000000
770 792 106.000000
1010 10544 106.000000
1053 10796 106.000000
1074 10934 105.000000
1074 10965 105.000000
289 311 104.000000
655 656 104.000000
1032 10469 104.000000
136 158 103.000000
1012 10769 103.000000
1053 1075 103.000000
36 58 102.000000
1003 10768 102.000000
1008 10640 102.000000
148 149 101.000000
1012 10789 101.000000
1032 10421 101.000000
1004 10741 100.000000
1210 1232 100.000000
1320 1341 100.000000
1529 1530 100.000000
663 664 99.000000
695 696 99.000000
696 697 99.000000
1008 10250 99.000000
1008 10575 99.000000
1010 10283 99.000000
1030 1052 99.000000
11 33 97.000000
395 417 97.000000
1012 10237 97.000000
1032 10544 97.000000
1032 10941 97.000000
1076 10925 97.000000
1383 1405 97.000000
102 10265 96.000000
123 145 96.000000
331 353 96.000000
1104 1126 96.000000
1009 10627 95.000000
1056 10970 95.000000
1104 1105 95.000000
1105 1106 95.000000
1106 1107 95.000000
1107 1108 95.000000
1108 1109 95.000000
1109 1110 95.000000
1110 1111 95.000000
376 398 94.000000
399 400 94.000000
400 401 94.000000
401 402 94.000000
402 403 94.000000
403 404 94.000000
404 405 94.000000
405 406 94.000000
1010 10412 94.000000
1012 10184 94.000000
1031 10811 94.000000
1053 10680 94.000000
1055 10789 94.000000
1125 1126 94.000000
1198 1199 94.000000
1298 1299 94.000000
1299 1300 94.000000
1300 1301 94.000000
201 202 93.000000
748 770 93.000000
1009 10446 93.000000
1055 10769 93.000000
1055 10550 92.000000
1074 10775 92.000000
1074 10783 92.000000
1031 10659 91.000000
1034 10663 91.000000
1010 10781 90.000000
1031 10721 90.000000
1008 10903 89.000000
1010 10935 89.000000
1009 10665 88.000000
1048 1070 88.000000
1111 1112 88.000000
1203 1225 88.000000
617 639 87.000000
137 138 86.000000
138 139 86.000000
139 140 86.000000
140 141 86.000000
159 181 86.000000
244 266 86.000000
245 246 86.000000
582 583 86.000000
583 584 86.000000
584 585 86.000000
585 586 86.000000
586 587 86.000000
587 588 86.000000
588 589 86.000000
724 746 86.000000
102 10857 85.000000
102 10910 85.000000
1220 1242 85.000000
286 308 84.000000
661 683 84.000000
1031 1053 84.000000
1033 10423 84.000000
1231 1253 84.000000
1254 1276 84.000000
1320 1321 84.000000
1321 1322 84.000000
1322 1323 84.000000
1323 1324 84.000000
1324 1325 84.000000
1325 1326 84.000000
1326 1327 84.000000
1327 1328 84.000000
1328 1329 84.000000
105 10836 83.000000
663 685 83.000000
1008 10831 83.000000
1311 1333 83.000000
1579 1580 83.000000
102 10789 82.000000
105 10952 82.000000
136 137 82.000000
550 551 82.000000
550 571 82.000000
569 570 82.000000
570 571 82.000000
750 751 82.000000
429 430 81.000000
763 764 81.000000
1053 10752 81.000000
1069 10878 80.000000
1578 1579 80.000000
1008 10721 79.000000
1008 10788 79.000000
198 220 78.000000
1033 10938 78.000000
1053 10542 78.000000
1126 1127 78.000000
1127 1128 78.000000
1128 1129 78.000000
1129 1130 78.000000
1130 1131 78.000000
1131 1132 78.000000
1132 1133 78.000000
1298 1319 78.000000
1442 1443 78.000000
1443 1465 78.000000
1096 10982 77.000000
406 407 76.000000
1008 10965 76.000000
1012 10865 76.000000
1012 10956 76.000000
1097 10979 76.000000
1099 10996 76.000000
105 10591 75.000000
946 968 75.000000
1008 10664 75.000000
1488 1510 75.000000
814 836 74.000000
1032 10964 74.000000
1285 1286 74.000000
1033 10605 73.000000
1074 10777 73.000000
1074 10810 73.000000
1074 10841 73.000000
1236 1237 73.000000
1237 1238 73.000000
1238 1239 73.000000
1239 1240 73.000000
1240 1241 73.000000
1241 1242 73.000000
13 1575 72.000000
437 438 72.000000
1008 10718 72.000000
1004 1026 71.000000
1056 10968 71.000000
1061 1062 71.000000
1062 1063 71.000000
1063 1064 71.000000
1064 1065 71.000000
1065 1066 71.000000
1066 1067 71.000000
670 671 70.000000
671 672 70.000000
672 673 70.000000
673 674 70.000000
690 691 70.000000
1067 1068 70.000000
1318 1319 70.000000
1074 10816 69.000000
1075 10752 69.000000
450 451 68.000000
451 452 68.000000
452 453 68.000000
453 454 68.000000
454 455 68.000000
455 456 68.000000
456 457 68.000000
457 458 68.000000
966 988 68.000000
1009 10315 68.000000
1009 10399 68.000000
1076 10971 68.000000
1096 1118 68.000000
167 189 67.000000
611 612 66.000000
620 621 66.000000
621 622 66.000000
622 623 66.000000
623 624 66.000000
624 625 66.000000
1010 10469 66.000000
1010 10928 66.000000
1012 10489 66.000000
1012 10774 66.000000
1052 10777 66.000000
1052 10810 66.000000
1052 10841 66.000000
1078 1100 66.000000
713 714 65.000000
714 715 65.000000
715 716 65.000000
716 717 65.000000
717 718 65.000000
718 719 65.000000
922 944 65.000000
1007 10575 65.000000
1317 1339 65.000000
197 219 64.000000
1052 10603 64.000000
1074 10848 64.000000
1074 10902 64.000000
1074 10921 64.000000
1464 1465 64.000000
874 896 63.000000
1012 10301 63.000000
1056 10586 63.000000
1068 1069 63.000000
1384 1406 63.000000
39 40 62.000000
40 41 62.000000
41 42 62.000000
42 43 62.000000
349 371 62.000000
394 416 62.000000
981 982 62.000000
1054 10713 62.000000
1056 10864 62.000000
1010 10305 61.000000
1053 10979 61.000000
707 708 60.000000
708 709 60.000000
709 710 60.000000
710 711 60.000000
711 712 60.000000
712 713 60.000000
1033 10971 59.000000
1052 10816 59.000000
924 946 58.000000
1008 10484 58.000000
1025 10444 58.000000
1052 10703 58.000000
1052 10848 58.000000
1052 10902 58.000000
1052 10921 58.000000
1052 10946 58.000000
1052 10951 58.000000
1052 10969 58.000000
1295 1317 58.000000
354 376 57.000000
488 510 57.000000
510 532 57.000000
735 736 57.000000
736 737 57.000000
737 738 57.000000
738 739 57.000000
739 740 57.000000
740 741 57.000000
1009 10694 57.000000
1009 10257 56.000000
1292 1314 56.000000
1053 10665 55.000000
420 421 54.000000
421 422 54.000000
422 423 54.000000
423 424 54.000000
424 425 54.000000
425 426 54.000000
426 427 54.000000
427 428 54.000000
878 900 54.000000
1031 10384 54.000000
1056 10920 54.000000
1056 10948 54.000000
1149 1150 54.000000
1150 1151 54.000000
1151 1152 54.000000
1152 1153 54.000000
350 372 53.000000
486 487 53.000000
487 488 53.000000
1004 10326 53.000000
1148 1149 53.000000
392 393 52.000000
551 552 52.000000
552 553 52.000000
553 554 52.000000
1010 10677 52.000000
1016 1017 52.000000
684 706 51.000000
1008 10136 51.000000
1153 1154 51.000000
1154 1155 51.000000
10 11 50.000000
10 32 50.000000
551 573 50.000000
1011 10189 50.000000
1014 1036 50.000000
1025 10599 50.000000
1031 10399 50.000000
1034 10715 50.000000
1056 10776 50.000000
1056 10782 50.000000
1056 10976 50.000000
1118 1140 50.000000
102 10364 49.000000
102 10717 49.000000
170 171 49.000000
171 172 49.000000
172 173 49.000000
173 174 49.000000
729 730 49.000000
730 731 49.000000
731 732 49.000000
732 733 49.000000
733 734 49.000000
779 780 49.000000
780 781 49.000000
781 782 49.000000
782 783 49.000000
783 784 49.000000
784 785 49.000000
1056 10871 49.000000
1074 10745 49.000000
1384 1385 49.000000
1427 1449 49.000000
728 729 48.000000
1053 10544 48.000000
258 280 47.000000
305 327 47.000000
923 945 47.000000
1026 10741 47.000000
1026 10757 47.000000
1030 10831 47.000000
1053 10941 47.000000
1074 10883 47.000000
1074 10951 47.000000
1074 10969 47.000000
1077 10824 47.000000
1214 1215 47.000000
1215 1216 47.000000
1216 1217 47.000000
1217 1218 47.000000
1218 1219 47.000000
1291 1313 47.000000
102 10246 46.000000
102 10550 46.000000
232 254 46.000000
590 591 46.000000
1074 10946 46.000000
1074 10949 46.000000
1095 10955 46.000000
1471 1472 46.000000
1010 10490 45.000000
1030 10788 45.000000
154 155 44.000000
154 175 44.000000
155 156 44.000000
156 157 44.000000
157 158 44.000000
174 175 44.000000
263 285 44.000000
572 594 44.000000
719 741 44.000000
1008 10270 44.000000
1030 10575 44.000000
77 99 43.000000
1025 10430 43.000000
1031 10529 43.000000
1031 10542 43.000000
1287 1309 43.000000
858 880 42.000000
879 901 42.000000
1017 1018 42.000000
1018 1019 42.000000
1019 1020 42.000000
1020 1021 42.000000
1021 1022 42.000000
1022 1023 42.000000
1023 1024 42.000000
1024 1025 42.000000
1075 1097 42.000000
1188 1210 42.000000
460 482 41.000000
938 960 41.000000
1026 10274 41.000000
1026 10405 41.000000
1031 10665 41.000000
1031 10752 41.000000
1033 10950 41.000000
1082 1083 41.000000
1083 1084 41.000000
1084 1085 41.000000
1085 1086 41.000000
1086 1087 41.000000
1087 1088 41.000000
1088 1089 41.000000
1089 1090 41.000000
1271 1293 41.000000
14 1576 40.000000
126 127 40.000000
589 590 40.000000
1025 10589 40.000000
1025 10648 40.000000
1226 1248 40.000000
1274 1296 40.000000
1401 1423 40.000000
647 648 39.000000
648 649 39.000000
649 650 39.000000
650 651 39.000000
651 652 39.000000
1008 10659 39.000000
61 83 38.000000
594 615 38.000000
612 613 38.000000
613 614 38.000000
614 615 38.000000
1077 10857 38.000000
1077 10910 38.000000
1554 1576 38.000000
105 10963 37.000000
407 408 37.000000
830 852 37.000000
877 899 37.000000
1011 10366 37.000000
1053 10559 37.000000
15 37 36.000000
102 10237 36.000000
180 202 36.000000
610 611 36.000000
683 705 36.000000
102 10940 35.000000
398 399 35.000000
547 548 35.000000
1445 1467 35.000000
1465 1487 35.000000
105 10767 34.000000
105 10794 34.000000
105 10826 34.000000
603 604 34.000000
640 662 34.000000
921 943 34.000000
1010 10390 34.000000
1183 1205 34.000000
1466 1488 34.000000
1509 1531 34.000000
83 84 33.000000
84 85 33.000000
85 86 33.000000
86 87 33.000000
703 725 33.000000
1030 10883 33.000000
1053 10677 33.000000
1053 10935 33.000000
1198 1220 33.000000
595 596 32.000000
595 617 32.000000
596 597 32.000000
669 670 32.000000
801 802 32.000000
802 803 32.000000
803 804 32.000000
804 805 32.000000
805 806 32.000000
806 807 32.000000
1034 1056 32.000000
33 55 31.000000
1031 10839 31.000000
1033 10366 31.000000
1053 10922 31.000000
1446 1468 31.000000
1532 1554 31.000000
554 576 30.000000
1008 10268 30.000000
1025 10406 30.000000
1025 10531 30.000000
54 76 29.000000
176 198 29.000000
442 443 29.000000
443 444 29.000000
698 720 29.000000
791 813 29.000000
816 817 29.000000
817 818 29.000000
818 819 29.000000
819 820 29.000000
820 821 29.000000
821 822 29.000000
1275 1297 29.000000
1335 1357 29.000000
254 276 28.000000
482 504 28.000000
573 595 28.000000
594 595 28.000000
594 616 28.000000
1004 10482 28.000000
1056 10769 28.000000
1056 10837 28.000000
1117 1139 28.000000
223 245 27.000000
1025 1047 27.000000
1032 1054 27.000000
376 377 26.000000
377 378 26.000000
378 379 26.000000
379 380 26.000000
380 381 26.000000
381 382 26.000000
382 383 26.000000
383 384 26.000000
625 626 26.000000
1010 1032 26.000000
1011 10605 26.000000
1056 10774 26.000000
1056 10862 26.000000
1056 10865 26.000000
1056 10956 26.000000
1155 1177 26.000000
1380 1402 26.000000
384 385 25.000000
444 445 25.000000
445 446 25.000000
446 447 25.000000
447 448 25.000000
448 449 25.000000
449 450 25.000000
1007 10407 25.000000
1030 10568 25.000000
1030 10640 25.000000
1030 10664 25.000000
1030 10965 25.000000
1031 10694 25.000000
1035 1057 25.000000
1160 1182 25.000000
1167 1189 25.000000
1421 1443 25.000000
1489 1511 25.000000
102 10279 24.000000
102 10308 24.000000
102 10351 24.000000
102 10475 24.000000
102 10730 24.000000
170 192 24.000000
851 873 24.000000
1030 10450 24.000000
1030 10484 24.000000
1030 10505 24.000000
1030 10506 24.000000
1030 10775 24.000000
1030 10783 24.000000
1030 10934 24.000000
1074 10811 24.000000
1163 1185 24.000000
1185 1207 24.000000
1229 1251 24.000000
1553 1575 24.000000
102 10239 23.000000
102 10387 23.000000
102 10414 23.000000
102 10868 23.000000
102 10894 23.000000
102 10972 23.000000
626 627 23.000000
627 628 23.000000
628 629 23.000000
629 630 23.000000
630 631 23.000000
631 632 23.000000
632 633 23.000000
790 812 23.000000
1030 10718 23.000000
1031 10681 23.000000
1039 1061 23.000000
1073 10842 23.000000
1074 10955 23.000000
102 10221 22.000000
102 10426 22.000000
102 10432 22.000000
102 10486 22.000000
102 10593 22.000000
102 10879 22.000000
262 284 22.000000
406 428 22.000000
462 484 22.000000
532 533 22.000000
533 534 22.000000
534 535 22.000000
535 536 22.000000
536 537 22.000000
1008 10114 22.000000
1009 1031 22.000000
1055 1077 22.000000
145 167 21.000000
375 397 21.000000
598 599 21.000000
599 600 21.000000
600 601 21.000000
601 602 21.000000
602 603 21.000000
719 720 21.000000
734 735 21.000000
946 967 21.000000
1056 10733 21.000000
1552 1574 21.000000
158 180 20.000000
243 265 20.000000
418 440 20.000000
529 551 20.000000
746 768 20.000000
768 790 20.000000
1200 1222 20.000000
353 375 19.000000
873 895 19.000000
947 969 19.000000
1055 10857 19.000000
1055 10910 19.000000
180 181 18.000000
654 676 18.000000
793 815 18.000000
1009 10395 18.000000
1009 10457 18.000000
1009 10585 18.000000
1054 10950 18.000000
1286 1308 18.000000
415 437 17.000000
494 495 17.000000
495 496 17.000000
496 497 17.000000
497 498 17.000000
498 499 17.000000
499 500 17.000000
500 501 17.000000
501 502 17.000000
1008 1030 17.000000
1009 10559 17.000000
1079 1101 17.000000
1091 1113 17.000000
149 150 16.000000
150 151 16.000000
151 152 16.000000
747 769 16.000000
829 851 16.000000
1009 10922 16.000000
1010 10900 16.000000
1034 10970 16.000000
1051 10775 16.000000
1069 10999 16.000000
1142 1164 16.000000
1298 1320 16.000000
1449 1450 16.000000
16 38 15.000000
114 136 15.000000
174 196 15.000000
925 947 15.000000
1010 10563 15.000000
1010 10567 15.000000
1010 10744 15.000000
1010 10925 15.000000
1013 1035 15.000000
1034 10383 15.000000
1034 10438 15.000000
1034 10453 15.000000
1034 10500 15.000000
1034 10776 15.000000
1034 10782 15.000000
1034 10864 15.000000
1034 10871 15.000000
1034 10920 15.000000
1034 10948 15.000000
1034 10976 15.000000
1171 1172 15.000000
1172 1173 15.000000
1173 1174 15.000000
1174 1175 15.000000
66 67 14.000000
66 87 14.000000
67 68 14.000000
68 69 14.000000
69 70 14.000000
110 111 14.000000
110 131 14.000000
111 112 14.000000
112 113 14.000000
113 114 14.000000
127 128 14.000000
128 129 14.000000
129 130 14.000000
130 131 14.000000
299 321 14.000000
834 856 14.000000
924 925 14.000000
1017 1039 14.000000
1030 10331 14.000000
1034 10968 14.000000
1090 10999 14.000000
1175 1176 14.000000
1176 1177 14.000000
1242 1264 14.000000
1511 1533 14.000000
751 752 13.000000
752 753 13.000000
753 754 13.000000
754 755 13.000000
755 756 13.000000
756 757 13.000000
895 917 13.000000
1030 10369 13.000000
1038 1060 13.000000
1051 10568 13.000000
1052 10694 13.000000
70 92 12.000000
97 98 12.000000
742 764 12.000000
1008 10522 12.000000
1008 10725 12.000000
1008 10738 12.000000
1009 10141 12.000000
1031 10493 12.000000
1073 1095 12.000000
1095 10951 12.000000
1095 10969 12.000000
1170 1171 12.000000
1186 1208 12.000000
1187 1209 12.000000
1301 1302 12.000000
1302 1303 12.000000
1303 1304 12.000000
1304 1305 12.000000
1305 1306 12.000000
1556 1578 12.000000
463 464 11.000000
464 465 11.000000
465 466 11.000000
466 467 11.000000
467 468 11.000000
468 469 11.000000
469 470 11.000000
470 471 11.000000
741 763 11.000000
1009 10719 11.000000
1009 10933 11.000000
1010 10499 11.000000
1016 1038 11.000000
1133 1155 11.000000
1143 1165 11.000000
1248 1270 11.000000
92 93 10.000000
93 94 10.000000
94 95 10.000000
95 96 10.000000
96 97 10.000000
152 174 10.000000
604 626 10.000000
1008 10280 10.000000
1008 10645 10.000000
1008 10745 10.000000
1008 10777 10.000000
1008 10810 10.000000
1008 10811 10.000000
1008 10841 10.000000
1009 10245 10.000000
1009 10839 10.000000
1054 10971 10.000000
1055 10824 10.000000
1184 1206 10.000000
1354 1376 10.000000
385 386 9.000000
697 698 9.000000
1007 10842 9.000000
1008 10357 9.000000
1008 10369 9.000000
1008 10603 9.000000
1008 10949 9.000000
1008 10955 9.000000
1009 10254 9.000000
1009 10493 9.000000
1013 10240 9.000000
1013 10715 9.000000
1030 10380 9.000000
1030 10476 9.000000
1030 10703 9.000000
1030 10816 9.000000
1030 10848 9.000000
1030 10902 9.000000
1030 10921 9.000000
1030 10946 9.000000
1030 10951 9.000000
1030 10969 9.000000
1051 10640 9.000000
1051 10783 9.000000
1221 1243 9.000000
1222 1244 9.000000
1244 1266 9.000000
88 89 8.000000
89 90 8.000000
90 91 8.000000
91 92 8.000000
105 106 8.000000
106 107 8.000000
107 108 8.000000
108 109 8.000000
137 159 8.000000
676 698 8.000000
691 713 8.000000
1053 10627 8.000000
1095 10965 8.000000
1111 1133 8.000000
1243 1265 8.000000
1319 1341 8.000000
11 1573 7.000000
277 299 7.000000
485 486 7.000000
669 691 7.000000
787 809 7.000000
1012 10824 7.000000
1030 10357 7.000000
1030 10949 7.000000
1039 1040 7.000000
1040 1041 7.000000
1041 1042 7.000000
1042 1043 7.000000
1043 1044 7.000000
1044 1045 7.000000
1045 1046 7.000000
1052 10681 7.000000
1068 1090 7.000000
1558 1559 7.000000
12 1574 6.000000
132 133 6.000000
132 153 6.000000
133 134 6.000000
134 135 6.000000
135 136 6.000000
152 153 6.000000
246 268 6.000000
638 660 6.000000
685 707 6.000000
786 808 6.000000
994 995 6.000000
995 996 6.000000
996 997 6.000000
997 998 6.000000
998 999 6.000000
1000 1001 6.000000
1001 1002 6.000000
1002 1003 6.000000
1004 10425 6.000000
1052 10659 6.000000
1052 10721 6.000000
1052 10745 6.000000
1052 10811 6.000000
1119 1141 6.000000
1170 1192 6.000000
1362 1384 6.000000
1533 1555 6.000000
597 598 5.000000
675 697 5.000000
794 795 5.000000
795 796 5.000000
796 797 5.000000
797 798 5.000000
798 799 5.000000
799 800 5.000000
800 801 5.000000
815 837 5.000000
835 857 5.000000
902 924 5.000000
1004 10297 5.000000
1004 10807 5.000000
1004 10814 5.000000
1008 10225 5.000000
1008 10256 5.000000
1008 10298 5.000000
1008 10331 5.000000
1008 10380 5.000000
1008 10450 5.000000
1008 10476 5.000000
1008 10505 5.000000
1008 10506 5.000000
1008 10703 5.000000
1008 10775 5.000000
1008 10783 5.000000
1008 10808 5.000000
1008 10816 5.000000
1008 10848 5.000000
1008 10877 5.000000
1008 10902 5.000000
1008 10921 5.000000
1008 10934 5.000000
1008 10946 5.000000
1008 10951 5.000000
1008 10969 5.000000
1013 10303 5.000000
1051 10664 5.000000
1051 10965 5.000000
1098 1120 5.000000
1204 1226 5.000000
1247 1269 5.000000
115 137 4.000000
384 406 4.000000
444 466 4.000000
466 488 4.000000
567 568 4.000000
568 569 4.000000
728 750 4.000000
785 807 4.000000
872 894 4.000000
946 947 4.000000
1037 1038 4.000000
1046 1047 4.000000
1051 10575 4.000000
1051 10718 4.000000
1051 10788 4.000000
1051 10842 4.000000
1052 10949 4.000000
1052 10955 4.000000
1069 1091 4.000000
1074 1096 4.000000
1080 1102 4.000000
1169 1170 4.000000
1171 1193 4.000000
1175 1197 4.000000
1531 1553 4.000000
1551 1552 4.000000
15 1577 3.000000
236 258 3.000000
362 384 3.000000
396 418 3.000000
430 431 3.000000
431 432 3.000000
432 433 3.000000
433 434 3.000000
434 435 3.000000
435 436 3.000000
436 437 3.000000
807 829 3.000000
880 902 3.000000
967 989 3.000000
1094 1116 3.000000
1153 1175 3.000000
1199 1221 3.000000
1225 1247 3.000000
1227 1249 3.000000
1246 1268 3.000000
1342 1343 3.000000
1342 1363 3.000000
1343 1344 3.000000
1344 1345 3.000000
1345 1346 3.000000
1346 1347 3.000000
1347 1348 3.000000
1348 1349 3.000000
1349 1350 3.000000
1364 1365 3.000000
1364 1385 3.000000
1365 1366 3.000000
1366 1367 3.000000
1367 1368 3.000000
1368 1369 3.000000
1369 1370 3.000000
1370 1371 3.000000
1371 1372 3.000000
1372 1373 3.000000
38 60 2.000000
59 81 2.000000
70 71 2.000000
71 72 2.000000
72 73 2.000000
73 74 2.000000
74 75 2.000000
200 222 2.000000
257 279 2.000000
574 596 2.000000
576 577 2.000000
577 578 2.000000
578 579 2.000000
579 580 2.000000
580 581 2.000000
596 618 2.000000
641 663 2.000000
681 703 2.000000
721 743 2.000000
729 751 2.000000
757 758 2.000000
758 759 2.000000
759 760 2.000000
760 761 2.000000
761 762 2.000000
762 763 2.000000
772 773 2.000000
773 774 2.000000
774 775 2.000000
775 776 2.000000
776 777 2.000000
777 778 2.000000
778 779 2.000000
964 986 2.000000
969 970 2.000000
970 971 2.000000
971 972 2.000000
972 994 2.000000
990 991 2.000000
991 992 2.000000
992 993 2.000000
993 994 2.000000
1038 1039 2.000000
1046 10531 2.000000
1140 1162 2.000000
1285 1307 2.000000
1288 1310 2.000000
1310 1332 2.000000
1318 1340 2.000000
1362 1363 2.000000
1464 1486 2.000000
35 57 1.000000
210 232 1.000000
218 240 1.000000
560 561 1.000000
560 582 1.000000
561 562 1.000000
562 563 1.000000
563 564 1.000000
564 565 1.000000
565 566 1.000000
566 567 1.000000
581 582 1.000000
581 603 1.000000
659 681 1.000000
707 729 1.000000
769 791 1.000000
880 881 1.000000
881 903 1.000000
903 925 1.000000
1003 10217 1.000000
1003 10460 1.000000
1003 10570 1.000000
1003 10598 1.000000
1013 10337 1.000000
1013 10968 1.000000
1013 10970 1.000000
1047 10898 1.000000
1067 1089 1.000000
1089 1111 1.000000
1090 10944 1.000000
1149 1171 1.000000
1161 1183 1.000000
1164 1186 1.000000
1289 1311 1.000000
1336 1358 1.000000
1363 1385 1.000000
1447 1469 1.000000
1490 1512 1.000000
1508 1530 1.000000
