225 226 15239.000000
226 227 15239.000000
227 228 15239.000000
228 229 15239.000000
203 204 13228.000000
204 205 13228.000000
205 206 13228.000000
206 207 13228.000000
224 225 12564.000000
182 183 11872.000000
183 184 11872.000000
184 185 11872.000000
1021 1022 11365.000000
1218 1219 11329.000000
185 186 11294.000000
1175 1176 11214.000000
1197 1198 11099.000000
48 49 11078.000000
1196 1197 11046.000000
202 203 10723.000000
181 182 10582.000000
1195 1196 10418.000000
1240 1241 10291.000000
1153 1154 10152.000000
1239 1240 9932.000000
1022 1023 9194.000000
1174 1175 8790.000000
1241 1242 8615.000000
247 248 8569.000000
248 249 8569.000000
249 250 8569.000000
229 230 8448.000000
933 934 8404.000000
1173 1174 8360.000000
1020 1021 8333.000000
977 978 8300.000000
1152 1153 8180.000000
1262 1263 8107.000000
1194 1195 8096.000000
1388 1389 7954.000000
863 864 7927.000000
864 865 7927.000000
998 999 7913.000000
180 181 7706.000000
1217 1218 7706.000000
1344 1345 7683.000000
932 933 7636.000000
92 93 7469.000000
91 92 7459.000000
1389 1390 7433.000000
1213 1214 7302.000000
230 231 7189.000000
1261 1262 7123.000000
1214 1215 7085.000000
1215 1216 7060.000000
1216 1217 7059.000000
1260 1261 7055.000000
1151 1152 7038.000000
1211 1212 7035.000000
1345 1346 7035.000000
1212 1213 7033.000000
934 935 7022.000000
1238 1239 6885.000000
1233 1234 6780.000000
1235 1236 6698.000000
978 979 6658.000000
1234 1235 6500.000000
135 136 6438.000000
997 998 6413.000000
2 3 6214.000000
1236 1237 6182.000000
929 930 6069.000000
930 931 6069.000000
1219 1220 5992.000000
1346 1347 5945.000000
1237 1238 5926.000000
1 2 5875.000000
4 5 5823.000000
1086 1087 5811.000000
1154 1155 5785.000000
246 247 5760.000000
3 4 5754.000000
1019 1020 5745.000000
865 866 5742.000000
1348 1349 5725.000000
1259 1260 5719.000000
1347 1348 5692.000000
842 843 5619.000000
843 844 5619.000000
862 863 5522.000000
1064 1065 5471.000000
1349 1350 5466.000000
186 187 5441.000000
1150 1151 5382.000000
1500 1501 5353.000000
1042 1043 5342.000000
976 977 5328.000000
69 70 5315.000000
1066 1067 5311.000000
931 932 5306.000000
841 842 5304.000000
885 886 5289.000000
886 887 5289.000000
887 888 5289.000000
207 208 5255.000000
1232 1233 5123.000000
1277 1278 5103.000000
1087 1088 5050.000000
861 862 5047.000000
1390 1391 5020.000000
1284 1285 5009.000000
1065 1066 4967.000000
819 820 4963.000000
820 821 4963.000000
821 822 4963.000000
1023 1024 4944.000000
250 251 4808.000000
1279 1280 4804.000000
231 232 4771.000000
1283 1284 4704.000000
845 846 4595.000000
1499 1500 4593.000000
1367 1368 4552.000000
1043 1044 4524.000000
955 956 4520.000000
251 252 4512.000000
956 957 4407.000000
1063 1064 4398.000000
889 890 4322.000000
1172 1173 4299.000000
1280 1281 4270.000000
1024 1025 4255.000000
404 405 4236.000000
993 994 4193.000000
994 995 4193.000000
995 996 4193.000000
928 929 4189.000000
1067 1068 4184.000000
1368 1369 4179.000000
1276 1277 4139.000000
1328 1329 4121.000000
0 1 4109.000000
1278 1279 4096.000000
49 50 4059.000000
1210 1211 4052.000000
269 270 4039.000000
270 271 4039.000000
271 272 4039.000000
1391 1392 4037.000000
272 273 4036.000000
1131 1132 3922.000000
1109 1110 3908.000000
1000 1001 3897.000000
1108 1109 3893.000000
935 936 3869.000000
1282 1283 3869.000000
798 799 3802.000000
799 800 3802.000000
1257 1258 3782.000000
1088 1089 3766.000000
113 114 3765.000000
338 339 3732.000000
1256 1257 3719.000000
1258 1259 3682.000000
1041 1042 3681.000000
179 180 3675.000000
208 209 3660.000000
888 889 3613.000000
273 274 3611.000000
1478 1479 3603.000000
136 158 3574.000000
1255 1256 3536.000000
317 318 3496.000000
134 135 3487.000000
840 841 3477.000000
1498 1499 3477.000000
1193 1194 3437.000000
1281 1282 3415.000000
245 246 3358.000000
223 224 3339.000000
1305 1306 3287.000000
1304 1305 3278.000000
136 137 3273.000000
1015 1016 3263.000000
1016 1017 3263.000000
1017 1018 3263.000000
866 867 3261.000000
996 997 3234.000000
954 955 3209.000000
1544 1545 3209.000000
800 801 3199.000000
1392 1393 3199.000000
1543 1544 3183.000000
49 71 3173.000000
1018 1019 3173.000000
201 202 3138.000000
884 885 3137.000000
158 159 3130.000000
1327 1328 3123.000000
1085 1086 3019.000000
1084 1085 2995.000000
1110 1111 2992.000000
1170 1171 2965.000000
844 845 2937.000000
818 819 2923.000000
1036 1037 2891.000000
1037 1038 2891.000000
1038 1039 2891.000000
1039 1040 2891.000000
1306 1307 2889.000000
1326 1327 2870.000000
648 649 2864.000000
627 628 2859.000000
1130 1131 2826.000000
1107 1108 2818.000000
295 296 2804.000000
157 158 2739.000000
1129 1130 2733.000000
1413 1414 2725.000000
776 777 2684.000000
777 778 2684.000000
624 625 2683.000000
625 626 2683.000000
339 340 2679.000000
274 275 2667.000000
1303 1304 2630.000000
910 911 2612.000000
1167 1168 2600.000000
1168 1169 2600.000000
1169 1170 2600.000000
822 823 2585.000000
626 627 2582.000000
70 71 2515.000000
252 253 2501.000000
1477 1478 2488.000000
935 957 2487.000000
1128 1129 2471.000000
340 341 2468.000000
823 824 2434.000000
1171 1172 2412.000000
775 776 2397.000000
44 45 2396.000000
45 46 2396.000000
275 276 2376.000000
906 907 2358.000000
907 908 2358.000000
908 909 2358.000000
992 993 2354.000000
1254 1255 2352.000000
692 693 2333.000000
797 798 2317.000000
927 928 2316.000000
222 223 2295.000000
1089 1090 2292.000000
1323 1324 2291.000000
1301 1302 2288.000000
47 48 2261.000000
318 319 2259.000000
1479 1480 2249.000000
200 201 2234.000000
645 646 2186.000000
646 647 2186.000000
647 648 2186.000000
112 113 2183.000000
1300 1301 2174.000000
953 954 2172.000000
253 254 2144.000000
1414 1415 2143.000000
268 269 2113.000000
1302 1303 2108.000000
232 233 2106.000000
158 180 2092.000000
1176 1177 2069.000000
46 47 2066.000000
1155 1156 2049.000000
1542 1543 2048.000000
1393 1394 2041.000000
867 868 2038.000000
266 267 2001.000000
288 289 2000.000000
796 797 2000.000000
1166 1167 1998.000000
114 115 1994.000000
1325 1326 1987.000000
26 27 1982.000000
319 320 1982.000000
1324 1325 1971.000000
1369 1370 1971.000000
1476 1477 1964.000000
267 268 1953.000000
801 802 1952.000000
824 825 1937.000000
774 775 1935.000000
1154 1176 1924.000000
1285 1286 1924.000000
1045 1046 1920.000000
1044 1045 1908.000000
360 361 1907.000000
950 951 1892.000000
951 952 1892.000000
952 953 1892.000000
1068 1069 1858.000000
209 210 1850.000000
296 297 1849.000000
137 138 1845.000000
1415 1416 1843.000000
905 906 1841.000000
210 211 1809.000000
1411 1412 1793.000000
1475 1476 1789.000000
68 69 1787.000000
1541 1542 1781.000000
93 94 1740.000000
1198 1199 1734.000000
1370 1371 1719.000000
361 362 1718.000000
1021 10677 1716.000000
691 692 1706.000000
1132 1133 1706.000000
1434 1435 1698.000000
5 6 1691.000000
287 288 1676.000000
187 209 1668.000000
1040 1041 1667.000000
25 26 1666.000000
232 254 1666.000000
714 715 1656.000000
911 912 1648.000000
846 847 1644.000000
1371 1372 1644.000000
211 212 1633.000000
736 737 1628.000000
1080 1081 1616.000000
1081 1082 1616.000000
1082 1083 1616.000000
1432 1433 1601.000000
1059 1060 1585.000000
1060 1061 1585.000000
244 245 1568.000000
780 781 1555.000000
135 157 1554.000000
909 910 1527.000000
672 673 1513.000000
1110 1132 1501.000000
890 891 1499.000000
1497 1498 1493.000000
290 291 1489.000000
291 292 1489.000000
292 293 1489.000000
293 294 1489.000000
671 672 1489.000000
233 234 1478.000000
715 716 1447.000000
1366 1367 1444.000000
628 629 1443.000000
670 671 1433.000000
254 255 1432.000000
1133 1134 1432.000000
711 712 1422.000000
712 713 1422.000000
1372 1373 1416.000000
754 755 1414.000000
755 756 1414.000000
1058 1059 1404.000000
1433 1434 1399.000000
802 803 1395.000000
779 780 1393.000000
778 779 1386.000000
693 694 1377.000000
243 244 1376.000000
1520 1521 1372.000000
289 290 1367.000000
1320 1321 1350.000000
1320 1341 1350.000000
1321 1322 1350.000000
781 782 1346.000000
187 188 1341.000000
1020 10280 1332.000000
1189 1190 1318.000000
1190 1191 1314.000000
737 738 1293.000000
756 757 1287.000000
1412 1413 1285.000000
1501 1502 1279.000000
188 189 1277.000000
883 884 1262.000000
1191 1192 1262.000000
1410 1411 1261.000000
580 581 1260.000000
581 582 1260.000000
582 583 1260.000000
649 650 1254.000000
979 980 1246.000000
1192 1193 1236.000000
22 23 1221.000000
364 365 1210.000000
1083 1084 1205.000000
265 266 1202.000000
405 427 1180.000000
298 299 1178.000000
1564 1565 1174.000000
583 584 1170.000000
126 127 1164.000000
127 128 1164.000000
128 129 1164.000000
129 130 1164.000000
1019 10386 1161.000000
320 321 1157.000000
735 736 1141.000000
1521 1522 1134.000000
1014 1015 1129.000000
716 717 1126.000000
1149 1150 1123.000000
1198 1220 1122.000000
159 160 1108.000000
160 161 1108.000000
161 162 1108.000000
162 163 1108.000000
163 164 1108.000000
1188 1189 1102.000000
753 754 1100.000000
802 824 1089.000000
949 950 1081.000000
321 322 1080.000000
312 313 1079.000000
313 314 1079.000000
314 315 1079.000000
315 316 1079.000000
23 24 1078.000000
24 25 1078.000000
1106 1107 1067.000000
425 426 1061.000000
274 296 1059.000000
1457 1458 1058.000000
1519 1520 1056.000000
189 190 1046.000000
264 285 1045.000000
279 280 1045.000000
280 281 1045.000000
281 282 1045.000000
282 283 1045.000000
283 284 1045.000000
284 285 1045.000000
229 251 1043.000000
1563 1564 1042.000000
130 131 1041.000000
294 295 1034.000000
1061 1062 1033.000000
710 711 1030.000000
1241 1263 1024.000000
66 67 1022.000000
67 68 1022.000000
732 733 1022.000000
733 734 1022.000000
734 735 1022.000000
264 265 1016.000000
317 339 1014.000000
803 804 1014.000000
1127 1128 1012.000000
6 7 1000.000000
673 674 999.000000
426 427 998.000000
138 139 995.000000
139 140 995.000000
140 141 995.000000
141 142 995.000000
975 976 994.000000
276 277 993.000000
688 689 991.000000
689 690 991.000000
690 691 991.000000
1111 1112 987.000000
363 364 985.000000
277 278 975.000000
1565 1566 975.000000
667 668 973.000000
668 669 973.000000
186 208 966.000000
669 670 965.000000
1350 1351 964.000000
255 256 960.000000
650 651 960.000000
1220 1221 959.000000
132 153 942.000000
148 149 942.000000
149 150 942.000000
150 151 942.000000
151 152 942.000000
152 153 942.000000
731 732 940.000000
1232 1253 937.000000
230 252 936.000000
132 133 934.000000
133 134 934.000000
1276 1297 932.000000
817 818 930.000000
1046 1047 919.000000
1210 1231 917.000000
1522 1523 917.000000
362 363 912.000000
234 235 909.000000
558 559 906.000000
559 560 906.000000
560 561 906.000000
1545 1546 906.000000
44 65 903.000000
110 111 902.000000
111 112 902.000000
110 131 894.000000
584 585 894.000000
1023 1045 892.000000
1431 1432 891.000000
971 972 882.000000
972 973 882.000000
973 974 882.000000
974 975 882.000000
1456 1457 876.000000
316 317 875.000000
1435 1436 870.000000
297 298 852.000000
713 714 850.000000
709 710 847.000000
299 300 834.000000
1455 1456 825.000000
666 667 817.000000
1035 1036 814.000000
687 688 811.000000
1146 1147 799.000000
1147 1148 798.000000
71 93 796.000000
1177 1178 786.000000
585 586 782.000000
176 197 779.000000
192 193 779.000000
193 194 779.000000
194 195 779.000000
195 196 779.000000
196 197 779.000000
200 222 778.000000
176 177 774.000000
177 178 774.000000
1178 1179 772.000000
1179 1180 772.000000
1166 1187 769.000000
1102 1103 767.000000
1103 1104 767.000000
1104 1105 762.000000
665 666 761.000000
1124 1125 761.000000
1125 1126 761.000000
1126 1127 761.000000
1019 10407 758.000000
178 179 751.000000
1148 1149 747.000000
1480 1481 742.000000
584 606 740.000000
190 191 731.000000
27 28 728.000000
890 912 726.000000
1024 1046 724.000000
694 695 719.000000
1000 10002 717.000000
1122 1123 715.000000
1020 10277 712.000000
1123 1124 710.000000
606 607 705.000000
1021 10487 703.000000
980 981 700.000000
1047 1048 699.000000
1156 1157 698.000000
1157 1158 698.000000
1158 1159 698.000000
1210 1232 696.000000
1105 1106 693.000000
278 279 689.000000
1000 10938 685.000000
382 383 676.000000
1025 1047 670.000000
0 10035 667.000000
383 384 664.000000
644 645 664.000000
1500 1522 661.000000
1 10784 656.000000
365 366 655.000000
586 587 655.000000
1298 1299 652.000000
1299 1300 652.000000
1322 1323 644.000000
1322 1344 644.000000
361 383 641.000000
1062 1063 638.000000
341 342 613.000000
1027 1028 609.000000
1020 10399 608.000000
1278 1300 608.000000
800 822 604.000000
1 10073 596.000000
1025 1026 584.000000
1026 1027 584.000000
1040 10565 580.000000
1001 1002 579.000000
185 207 578.000000
384 385 576.000000
1002 1003 573.000000
846 868 572.000000
0 10224 561.000000
0 10418 561.000000
318 340 561.000000
0 10651 560.000000
88 89 560.000000
89 90 560.000000
212 213 558.000000
275 297 557.000000
385 386 557.000000
1285 1307 557.000000
1112 1113 556.000000
1061 1083 552.000000
104 105 548.000000
105 106 548.000000
106 107 548.000000
107 108 548.000000
108 109 548.000000
623 624 545.000000
1069 1070 544.000000
1070 1071 544.000000
342 343 536.000000
758 759 534.000000
759 760 534.000000
22 43 527.000000
142 164 524.000000
1113 1114 524.000000
1114 1115 524.000000
231 253 520.000000
310 311 518.000000
311 312 518.000000
90 91 509.000000
114 136 506.000000
629 630 503.000000
332 333 502.000000
333 334 502.000000
334 335 502.000000
335 336 502.000000
336 337 502.000000
337 338 502.000000
1048 1049 501.000000
1458 1459 501.000000
607 608 495.000000
46 68 491.000000
934 956 490.000000
47 69 488.000000
730 731 488.000000
278 300 480.000000
1 10097 478.000000
1 10441 476.000000
1566 1567 472.000000
142 143 471.000000
1347 1369 468.000000
1197 1219 466.000000
1364 1365 465.000000
1364 1385 465.000000
1384 1385 465.000000
1365 1366 464.000000
1 10914 463.000000
1001 10244 461.000000
0 10790 457.000000
1454 1455 455.000000
629 651 453.000000
605 606 452.000000
561 562 451.000000
757 758 451.000000
889 911 451.000000
1254 1275 450.000000
1043 10985 448.000000
1015 10474 443.000000
651 652 440.000000
1221 1222 440.000000
1222 1223 440.000000
1223 1224 440.000000
1567 1568 436.000000
157 179 432.000000
1064 10901 428.000000
1035 10635 427.000000
70 92 426.000000
868 869 424.000000
221 222 422.000000
143 144 419.000000
144 145 419.000000
145 146 419.000000
146 147 419.000000
427 428 419.000000
428 429 419.000000
429 430 419.000000
1014 10161 419.000000
0 21 418.000000
1298 1319 416.000000
1263 1264 414.000000
643 644 411.000000
1021 1043 410.000000
1042 10953 410.000000
115 137 409.000000
244 266 408.000000
1020 1042 408.000000
1067 1089 408.000000
1546 1547 408.000000
1003 10455 403.000000
1020 10254 401.000000
154 155 392.000000
752 753 392.000000
1025 10643 392.000000
1145 1146 391.000000
1001 10502 388.000000
154 175 387.000000
169 170 387.000000
170 171 387.000000
171 172 387.000000
172 173 387.000000
173 174 387.000000
174 175 387.000000
1022 1044 383.000000
113 135 382.000000
1022 10335 382.000000
319 341 379.000000
1015 10272 379.000000
273 295 375.000000
1015 10411 375.000000
265 287 374.000000
309 310 374.000000
243 265 373.000000
1000 10239 373.000000
1000 10475 373.000000
1000 10730 373.000000
1000 10972 373.000000
386 387 372.000000
1000 10387 371.000000
1562 1563 370.000000
622 623 369.000000
1000 10308 368.000000
1000 10879 368.000000
1015 10150 365.000000
198 199 364.000000
199 200 364.000000
365 387 361.000000
1035 10856 361.000000
1329 1330 361.000000
66 87 360.000000
198 219 358.000000
213 214 358.000000
214 215 358.000000
215 216 358.000000
216 217 358.000000
217 218 358.000000
218 219 358.000000
1544 1566 358.000000
220 241 356.000000
235 236 356.000000
236 237 356.000000
237 238 356.000000
238 239 356.000000
239 240 356.000000
240 241 356.000000
1044 10609 356.000000
905 927 355.000000
48 70 354.000000
1015 10207 354.000000
1019 10831 353.000000
1144 1145 352.000000
1112 1134 351.000000
220 221 350.000000
1021 10305 350.000000
1057 1058 350.000000
0 10212 347.000000
738 739 347.000000
1045 10481 344.000000
25 47 341.000000
354 355 338.000000
355 356 338.000000
356 357 338.000000
357 358 338.000000
358 359 338.000000
359 360 338.000000
0 10396 334.000000
164 165 330.000000
717 718 326.000000
1047 10583 326.000000
1036 10944 320.000000
1204 1205 320.000000
1205 1206 320.000000
1206 1207 320.000000
1207 1208 320.000000
1208 1209 320.000000
1001 10715 318.000000
1199 1200 315.000000
1025 10327 314.000000
1046 10678 314.000000
168 169 312.000000
1019 1041 311.000000
1014 10276 310.000000
1025 10844 310.000000
1043 10668 308.000000
266 288 305.000000
1000 10763 304.000000
1000 10039 303.000000
1224 1225 302.000000
1000 10113 301.000000
1000 10218 301.000000
1000 10372 301.000000
1203 1204 301.000000
340 362 300.000000
1003 1004 300.000000
1015 10999 300.000000
165 166 299.000000
166 167 299.000000
167 168 299.000000
155 156 298.000000
1000 10895 298.000000
1000 10977 298.000000
1045 10997 294.000000
648 670 293.000000
1004 10255 292.000000
1000 10593 290.000000
1089 10981 288.000000
1436 1437 288.000000
1211 1233 287.000000
757 779 286.000000
1234 1256 286.000000
125 126 285.000000
469 470 285.000000
1000 10426 284.000000
1003 10523 283.000000
1079 1080 283.000000
1159 1160 282.000000
242 243 279.000000
1001 10740 279.000000
1000 10005 278.000000
1040 10476 277.000000
179 201 276.000000
680 681 276.000000
1044 10586 275.000000
1000 10279 274.000000
1000 10532 274.000000
0 10872 270.000000
1000 10702 269.000000
1459 1460 269.000000
562 563 268.000000
26 48 267.000000
619 620 267.000000
620 621 267.000000
1020 10982 267.000000
1042 10689 267.000000
1042 10850 267.000000
1088 10947 267.000000
1064 10694 264.000000
1569 1570 263.000000
1570 1571 263.000000
1571 1572 263.000000
563 564 262.000000
845 867 262.000000
1025 10431 262.000000
1025 10561 262.000000
1080 10932 262.000000
564 565 259.000000
1000 10550 257.000000
0 10540 252.000000
245 267 252.000000
242 263 250.000000
257 258 250.000000
258 259 250.000000
259 260 250.000000
260 261 250.000000
261 262 250.000000
262 263 250.000000
1000 10246 250.000000
1090 1091 250.000000
406 407 249.000000
1001 10269 249.000000
1001 10663 249.000000
407 408 247.000000
408 409 247.000000
1023 10329 247.000000
1023 10886 247.000000
1000 10081 245.000000
1225 1226 245.000000
1226 1227 245.000000
1227 1228 245.000000
1228 1229 245.000000
1229 1230 245.000000
189 211 243.000000
1069 10778 243.000000
630 631 241.000000
1023 10310 241.000000
1036 10731 241.000000
181 203 240.000000
616 617 240.000000
616 637 240.000000
617 618 240.000000
618 619 240.000000
782 783 240.000000
1058 10835 240.000000
1111 1133 238.000000
1025 10340 237.000000
1025 10553 237.000000
1088 10998 237.000000
1023 10375 235.000000
1023 10863 235.000000
1023 10358 234.000000
1023 10379 234.000000
1023 10818 234.000000
1042 10529 233.000000
1523 1524 233.000000
628 650 232.000000
1067 10947 232.000000
298 320 231.000000
1003 1025 231.000000
1069 10751 231.000000
1200 1201 231.000000
1201 1202 231.000000
1202 1203 231.000000
1133 1155 229.000000
844 866 228.000000
1000 10271 227.000000
1028 10378 225.000000
1001 10346 224.000000
344 345 223.000000
345 346 223.000000
346 347 223.000000
347 348 223.000000
348 349 223.000000
349 350 223.000000
350 351 223.000000
760 761 223.000000
1000 10045 223.000000
1000 10184 223.000000
1000 10237 223.000000
156 157 222.000000
330 351 222.000000
1000 10940 222.000000
331 332 221.000000
1001 10428 221.000000
1001 10996 221.000000
1188 1209 221.000000
1000 10347 219.000000
1036 10711 219.000000
1036 10932 219.000000
663 664 218.000000
1001 10438 218.000000
1171 1193 217.000000
1180 1181 217.000000
405 406 216.000000
254 276 215.000000
353 354 215.000000
536 537 215.000000
537 538 215.000000
538 539 215.000000
801 823 212.000000
1000 10180 212.000000
1067 10998 212.000000
202 224 210.000000
1000 10121 210.000000
1000 10221 210.000000
1000 10894 210.000000
948 949 209.000000
1068 1090 209.000000
1000 10638 208.000000
1437 1438 208.000000
1022 10613 206.000000
695 717 202.000000
1022 10910 202.000000
1000 10263 201.000000
1000 10769 201.000000
1000 10062 200.000000
1000 10789 200.000000
1043 10435 200.000000
1476 1498 200.000000
1036 10391 199.000000
1036 10590 199.000000
253 275 198.000000
1000 10301 197.000000
1023 10687 197.000000
1023 10948 197.000000
1023 10976 197.000000
1001 10586 196.000000
1023 10782 196.000000
1090 10927 196.000000
1345 1367 196.000000
557 558 195.000000
448 449 194.000000
600 601 194.000000
447 448 193.000000
1019 10331 193.000000
539 540 192.000000
1000 10414 192.000000
104 10616 191.000000
234 256 190.000000
1014 10166 190.000000
1014 10835 190.000000
286 287 189.000000
1071 1072 189.000000
1502 1503 189.000000
1022 10265 187.000000
286 307 186.000000
300 301 186.000000
301 302 186.000000
302 303 186.000000
303 304 186.000000
304 305 186.000000
305 306 186.000000
306 307 186.000000
528 529 186.000000
529 530 186.000000
530 531 186.000000
531 532 186.000000
532 533 186.000000
533 534 186.000000
1269 1270 186.000000
1270 1271 186.000000
1271 1272 186.000000
1272 1273 186.000000
1273 1274 186.000000
1020 10554 185.000000
296 318 184.000000
803 825 184.000000
1176 1198 184.000000
71 72 183.000000
981 982 183.000000
982 983 183.000000
1000 10824 183.000000
1023 10269 183.000000
1023 10663 183.000000
1412 1434 183.000000
824 846 182.000000
1023 10351 182.000000
1043 10669 182.000000
1023 10301 181.000000
1044 10550 180.000000
1069 10846 179.000000
0 10321 178.000000
664 665 177.000000
911 933 177.000000
1237 1259 175.000000
221 243 174.000000
686 687 174.000000
1036 10449 173.000000
178 200 172.000000
976 998 172.000000
1091 1092 171.000000
1092 1093 171.000000
823 845 170.000000
1023 10696 170.000000
1089 10995 170.000000
1068 10995 169.000000
1274 1275 169.000000
1503 1504 169.000000
1101 1102 168.000000
1046 10523 167.000000
1069 10927 167.000000
1023 10363 166.000000
1078 1079 166.000000
343 344 165.000000
1021 10669 165.000000
69 91 164.000000
374 395 164.000000
579 580 164.000000
493 494 163.000000
494 495 163.000000
495 496 163.000000
1044 10886 163.000000
2 24 161.000000
24 46 161.000000
692 714 160.000000
1021 10421 160.000000
1001 10037 159.000000
1022 10550 159.000000
1453 1454 157.000000
7 8 156.000000
8 9 156.000000
10 11 156.000000
147 148 156.000000
933 955 156.000000
914 936 155.000000
608 609 154.000000
779 801 154.000000
1134 1135 154.000000
1135 1136 154.000000
1136 1137 154.000000
126 148 153.000000
210 232 153.000000
597 598 153.000000
598 599 153.000000
847 848 153.000000
1001 10782 153.000000
374 375 152.000000
147 169 151.000000
1000 10717 151.000000
1044 10996 150.000000
1067 10762 150.000000
673 695 149.000000
1065 10985 149.000000
1001 10687 148.000000
1001 10948 148.000000
1001 10976 148.000000
1000 10364 147.000000
1001 10031 147.000000
1022 10364 147.000000
1388 1410 147.000000
1058 10852 146.000000
1086 1108 146.000000
496 497 145.000000
497 498 145.000000
498 499 145.000000
499 500 145.000000
251 273 144.000000
957 958 144.000000
1066 10696 144.000000
1524 1525 143.000000
1020 10821 142.000000
643 665 141.000000
891 892 141.000000
1196 1218 140.000000
892 914 139.000000
1022 10279 139.000000
1257 1279 139.000000
631 632 138.000000
632 633 138.000000
633 634 138.000000
634 635 138.000000
635 636 138.000000
1044 10818 138.000000
1066 10868 138.000000
1044 10863 137.000000
609 610 136.000000
610 611 136.000000
611 612 136.000000
612 613 136.000000
613 614 136.000000
868 890 136.000000
1020 10811 136.000000
1022 10246 136.000000
1065 10668 136.000000
782 804 135.000000
819 841 134.000000
1023 10486 134.000000
1046 10844 134.000000
1067 10997 134.000000
1085 10901 133.000000
839 840 132.000000
1019 10842 132.000000
1023 10432 132.000000
1340 1341 132.000000
1411 1433 131.000000
1022 10717 129.000000
1152 1174 129.000000
626 648 127.000000
756 778 127.000000
1022 10763 127.000000
1240 1262 127.000000
1023 10868 126.000000
604 605 124.000000
1000 10910 124.000000
276 298 122.000000
540 562 122.000000
585 607 122.000000
1022 10372 122.000000
1022 10895 122.000000
1022 10977 122.000000
506 507 121.000000
507 508 121.000000
508 509 121.000000
509 510 121.000000
510 511 121.000000
511 512 121.000000
1000 10265 121.000000
601 602 120.000000
602 603 120.000000
603 604 120.000000
1394 1395 120.000000
257 279 119.000000
1022 10271 119.000000
1020 10446 118.000000
1022 10532 117.000000
1023 10244 116.000000
599 600 115.000000
1022 10426 115.000000
1416 1417 115.000000
366 367 114.000000
367 368 114.000000
368 369 114.000000
369 370 114.000000
370 371 114.000000
371 372 114.000000
372 373 114.000000
1023 10502 114.000000
1023 10740 114.000000
1301 1323 114.000000
776 798 113.000000
1001 10163 113.000000
1056 1077 113.000000
1072 1073 113.000000
1073 1074 113.000000
1074 1075 113.000000
1075 1076 113.000000
1076 1077 113.000000
1019 10509 111.000000
1064 1086 111.000000
1022 10702 109.000000
1391 1413 109.000000
1414 1436 109.000000
1477 1499 109.000000
27 49 108.000000
1042 1064 108.000000
115 116 107.000000
713 735 107.000000
1034 1035 107.000000
252 274 106.000000
316 338 106.000000
636 637 106.000000
732 754 106.000000
1080 1102 106.000000
0 10626 105.000000
116 117 105.000000
117 118 105.000000
118 119 105.000000
119 120 105.000000
120 121 105.000000
121 122 105.000000
122 123 105.000000
123 124 105.000000
124 125 105.000000
583 605 105.000000
1264 1265 105.000000
1265 1266 105.000000
1266 1267 105.000000
1267 1268 105.000000
1268 1269 105.000000
1568 1569 105.000000
1064 10689 104.000000
1064 10850 104.000000
1067 10924 104.000000
1069 1091 104.000000
1023 10586 103.000000
1020 10955 102.000000
1177 1199 102.000000
134 156 101.000000
156 178 101.000000
343 365 101.000000
1015 10878 101.000000
1167 1189 101.000000
1281 1303 101.000000
1025 10455 100.000000
1088 10924 100.000000
1368 1390 100.000000
797 819 99.000000
191 192 98.000000
556 557 98.000000
888 910 98.000000
1562 1583 98.000000
674 696 96.000000
1019 10575 96.000000
1019 10788 96.000000
1020 10659 96.000000
1020 10721 96.000000
818 840 95.000000
1025 10523 94.000000
1034 1055 94.000000
1050 1051 94.000000
1051 1052 94.000000
1052 1053 94.000000
1053 1054 94.000000
1054 1055 94.000000
203 225 93.000000
322 323 93.000000
323 324 93.000000
324 325 93.000000
325 326 93.000000
326 327 93.000000
327 328 93.000000
328 329 93.000000
1014 10944 93.000000
717 739 92.000000
1044 10619 92.000000
1044 10696 92.000000
1089 1111 92.000000
28 29 91.000000
29 30 91.000000
30 31 91.000000
31 32 91.000000
308 329 91.000000
322 344 91.000000
1006 1028 91.000000
1063 10783 91.000000
738 760 90.000000
1018 1040 90.000000
540 541 89.000000
541 542 89.000000
1021 10964 89.000000
1042 10554 89.000000
1042 10982 89.000000
1056 1057 89.000000
1063 10777 89.000000
1063 10810 89.000000
1063 10841 89.000000
308 309 88.000000
1022 10347 88.000000
1543 1565 87.000000
1049 1050 86.000000
1172 1194 86.000000
1012 1033 85.000000
1015 10186 85.000000
1021 10979 85.000000
1028 1029 85.000000
1029 1030 85.000000
1030 1031 85.000000
1031 1032 85.000000
1032 1033 85.000000
1307 1308 85.000000
82 83 84.000000
83 84 84.000000
84 85 84.000000
85 86 84.000000
1023 10428 84.000000
1044 10868 84.000000
165 187 83.000000
256 257 83.000000
506 527 83.000000
542 543 83.000000
674 675 83.000000
675 676 83.000000
676 677 83.000000
677 678 83.000000
678 679 83.000000
679 680 83.000000
1046 10553 82.000000
1160 1161 82.000000
1161 1162 82.000000
1162 1163 82.000000
1163 1164 82.000000
1164 1165 82.000000
1260 1282 82.000000
72 94 81.000000
975 997 81.000000
983 984 81.000000
1042 10618 81.000000
1046 10561 81.000000
180 202 80.000000
714 736 80.000000
1020 10627 80.000000
1067 10696 80.000000
1086 10953 80.000000
1215 1237 80.000000
1012 1013 79.000000
1022 10938 79.000000
1043 10613 79.000000
50 72 78.000000
1518 1519 78.000000
1021 10260 77.000000
1087 10985 77.000000
1304 1326 77.000000
321 343 76.000000
695 696 76.000000
1013 1014 76.000000
774 796 75.000000
1023 10996 75.000000
1044 10486 75.000000
375 376 74.000000
376 377 74.000000
377 378 74.000000
378 379 74.000000
379 380 74.000000
380 381 74.000000
478 500 74.000000
1021 10469 74.000000
1236 1258 74.000000
1021 10393 73.000000
1023 10346 72.000000
1041 10745 72.000000
352 373 71.000000
770 771 71.000000
770 791 71.000000
771 772 71.000000
772 773 71.000000
790 791 71.000000
1497 1519 71.000000
208 230 70.000000
344 366 70.000000
1040 10450 70.000000
1042 10627 70.000000
1087 1109 70.000000
1242 1264 70.000000
630 652 69.000000
1015 10898 69.000000
1021 10713 69.000000
1021 10925 69.000000
1105 1127 69.000000
512 513 68.000000
932 954 68.000000
1023 10920 68.000000
339 361 67.000000
1041 10883 67.000000
66 88 66.000000
867 889 66.000000
1019 10357 66.000000
1041 10951 66.000000
1041 10969 66.000000
1063 10934 66.000000
1041 10946 65.000000
1041 10949 65.000000
1042 10469 65.000000
1063 10808 65.000000
1063 10877 65.000000
1220 1242 65.000000
1231 1253 65.000000
103 125 64.000000
188 210 64.000000
297 319 64.000000
513 514 64.000000
949 971 64.000000
1042 10421 64.000000
1063 10816 64.000000
1144 1165 64.000000
1280 1302 64.000000
0 10558 63.000000
256 278 63.000000
1042 10665 63.000000
1063 10775 63.000000
1262 1284 63.000000
936 958 62.000000
1001 10240 62.000000
1001 10303 62.000000
1001 10970 62.000000
1023 10774 62.000000
1063 10703 62.000000
1063 10848 62.000000
1063 10902 62.000000
1063 10921 62.000000
1064 10752 62.000000
761 762 61.000000
1023 10489 61.000000
1042 10446 61.000000
1042 10542 61.000000
190 212 60.000000
760 782 60.000000
958 959 60.000000
1084 10842 60.000000
1242 1243 60.000000
1243 1244 60.000000
1244 1245 60.000000
1245 1246 60.000000
1246 1247 60.000000
1324 1346 60.000000
1022 10857 59.000000
587 588 58.000000
588 589 58.000000
589 590 58.000000
590 591 58.000000
591 592 58.000000
592 593 58.000000
1021 10796 58.000000
1023 10453 58.000000
1213 1235 58.000000
1457 1479 58.000000
352 353 57.000000
1014 10286 57.000000
1134 1156 57.000000
28 50 56.000000
94 95 56.000000
95 96 56.000000
96 97 56.000000
97 98 56.000000
98 99 56.000000
100 101 56.000000
101 102 56.000000
102 103 56.000000
103 104 56.000000
211 233 56.000000
825 826 56.000000
1148 1170 56.000000
1187 1209 56.000000
660 661 55.000000
660 681 55.000000
661 662 55.000000
662 663 55.000000
1124 1146 54.000000
1218 1240 54.000000
535 536 53.000000
970 971 53.000000
1062 1084 53.000000
1191 1213 53.000000
143 165 52.000000
373 395 52.000000
621 622 52.000000
687 709 52.000000
753 775 52.000000
910 932 52.000000
956 978 52.000000
1014 10406 52.000000
1137 1138 52.000000
207 229 51.000000
1035 1057 51.000000
1058 10590 51.000000
1058 10944 51.000000
1138 1139 51.000000
1139 1140 51.000000
1140 1141 51.000000
1141 1142 51.000000
1142 1143 51.000000
1189 1211 51.000000
209 231 50.000000
430 431 50.000000
1019 10250 50.000000
1019 10568 50.000000
1019 10640 50.000000
1019 10664 50.000000
1019 10718 50.000000
1019 10965 50.000000
1057 10635 50.000000
1041 10493 49.000000
235 257 48.000000
1020 10681 48.000000
1023 10862 48.000000
1057 10856 48.000000
1122 1143 48.000000
164 186 47.000000
300 322 47.000000
330 331 47.000000
627 649 47.000000
959 960 47.000000
960 961 47.000000
1023 10865 47.000000
1023 10956 47.000000
1087 10895 47.000000
1087 10977 47.000000
159 181 46.000000
578 579 46.000000
1109 1131 46.000000
1366 1388 46.000000
427 449 45.000000
565 566 45.000000
566 567 45.000000
567 568 45.000000
568 569 45.000000
569 570 45.000000
1022 10435 45.000000
1023 10349 45.000000
1023 10510 45.000000
1023 10733 45.000000
1023 10837 45.000000
1041 1063 45.000000
1344 1366 45.000000
736 758 44.000000
1001 10188 44.000000
1001 10193 44.000000
1001 10337 44.000000
1001 10864 44.000000
1001 10968 44.000000
86 87 43.000000
287 309 43.000000
1019 10298 43.000000
1019 10811 43.000000
1058 10999 43.000000
1329 1351 43.000000
456 478 42.000000
954 976 42.000000
1044 10879 42.000000
1065 1087 42.000000
1115 1137 42.000000
453 454 41.000000
454 455 41.000000
455 456 41.000000
652 653 41.000000
653 654 41.000000
654 655 41.000000
655 656 41.000000
656 657 41.000000
657 658 41.000000
664 686 41.000000
672 694 41.000000
1019 10268 41.000000
792 793 40.000000
792 813 40.000000
793 794 40.000000
794 795 40.000000
812 813 40.000000
912 934 40.000000
1045 1067 40.000000
1084 1106 40.000000
1525 1526 40.000000
1526 1527 40.000000
1527 1528 40.000000
1528 1529 40.000000
614 615 39.000000
862 884 39.000000
939 961 39.000000
946 947 39.000000
946 967 39.000000
947 948 39.000000
961 962 39.000000
962 963 39.000000
963 964 39.000000
964 965 39.000000
965 966 39.000000
966 967 39.000000
1044 10763 39.000000
299 321 38.000000
506 528 38.000000
562 584 38.000000
606 628 38.000000
1001 10175 38.000000
1001 10182 38.000000
1001 10202 38.000000
1001 10383 38.000000
1001 10871 38.000000
1023 10239 38.000000
1023 10475 38.000000
1023 10730 38.000000
1023 10972 38.000000
1069 10844 38.000000
704 705 37.000000
704 725 37.000000
705 706 37.000000
706 707 37.000000
707 708 37.000000
936 937 37.000000
937 938 37.000000
938 939 37.000000
1001 10500 37.000000
1001 10733 37.000000
381 382 36.000000
688 710 36.000000
773 774 36.000000
1023 10237 36.000000
1023 10638 36.000000
1023 10789 36.000000
1023 10894 36.000000
1023 10940 36.000000
1044 10717 36.000000
1084 10965 36.000000
1230 1231 36.000000
1455 1477 36.000000
528 549 35.000000
586 608 35.000000
1002 1024 35.000000
1023 10364 35.000000
1044 10733 35.000000
1044 10837 35.000000
1067 10818 35.000000
1067 10863 35.000000
1078 1099 35.000000
1086 10979 35.000000
1093 1094 35.000000
1094 1095 35.000000
1095 1096 35.000000
1096 1097 35.000000
1097 1098 35.000000
1098 1099 35.000000
607 629 34.000000
913 935 34.000000
1023 10263 34.000000
1023 10769 34.000000
1127 1149 34.000000
1325 1347 34.000000
1504 1505 34.000000
1505 1506 34.000000
1506 1507 34.000000
1507 1529 34.000000
1540 1541 34.000000
1019 10808 33.000000
1019 10877 33.000000
1019 10934 33.000000
1044 10702 33.000000
1044 10895 33.000000
1044 10977 33.000000
384 406 32.000000
478 479 32.000000
479 480 32.000000
480 481 32.000000
481 482 32.000000
1019 10380 32.000000
1019 10603 32.000000
1019 10816 32.000000
1041 10752 32.000000
1067 10886 32.000000
1067 10996 32.000000
1122 1144 32.000000
309 331 31.000000
534 535 31.000000
1001 10029 31.000000
1001 10453 31.000000
1019 10225 31.000000
1019 10450 31.000000
1019 10484 31.000000
1019 10505 31.000000
1019 10506 31.000000
1019 10775 31.000000
1019 10783 31.000000
1020 10249 31.000000
1044 10593 31.000000
1499 1521 31.000000
514 515 30.000000
515 516 30.000000
516 517 30.000000
517 518 30.000000
1019 10476 30.000000
1019 10703 30.000000
1019 10848 30.000000
1019 10902 30.000000
1019 10921 30.000000
1020 10330 30.000000
1020 10694 30.000000
1062 10831 30.000000
242 264 29.000000
650 672 29.000000
795 796 29.000000
1015 10183 29.000000
1020 10493 29.000000
1020 10752 29.000000
1066 10730 29.000000
1066 10894 29.000000
1066 10972 29.000000
1547 1548 29.000000
1548 1549 29.000000
1549 1550 29.000000
1550 1551 29.000000
295 317 28.000000
891 913 28.000000
1000 10435 28.000000
1042 10796 28.000000
1130 1152 28.000000
518 540 27.000000
1023 10387 27.000000
1023 10414 27.000000
1044 10532 27.000000
1064 10665 27.000000
1065 10669 27.000000
1066 10702 27.000000
1066 10717 27.000000
1066 10763 27.000000
1066 10879 27.000000
1066 10895 27.000000
1066 10977 27.000000
1389 1411 27.000000
1519 1541 27.000000
762 763 26.000000
763 764 26.000000
764 765 26.000000
765 766 26.000000
766 767 26.000000
767 768 26.000000
780 802 26.000000
861 883 26.000000
957 979 26.000000
1063 10951 26.000000
1128 1150 26.000000
222 244 25.000000
543 565 25.000000
1047 10643 25.000000
1155 1177 25.000000
1165 1187 25.000000
775 797 24.000000
1001 1023 24.000000
387 388 23.000000
388 389 23.000000
389 390 23.000000
390 391 23.000000
391 392 23.000000
392 393 23.000000
393 394 23.000000
394 395 23.000000
539 561 23.000000
550 551 23.000000
550 571 23.000000
551 552 23.000000
552 553 23.000000
553 554 23.000000
554 555 23.000000
555 556 23.000000
572 573 23.000000
572 593 23.000000
573 574 23.000000
574 575 23.000000
1001 10059 23.000000
1044 10769 23.000000
1044 10789 23.000000
1045 10502 23.000000
1045 10740 23.000000
1132 1154 23.000000
1166 1188 23.000000
1392 1414 23.000000
1431 1453 23.000000
570 571 22.000000
716 738 22.000000
731 753 22.000000
912 913 22.000000
1001 10349 22.000000
1001 10776 22.000000
1209 1231 22.000000
1478 1500 22.000000
518 519 21.000000
519 520 21.000000
520 521 21.000000
931 953 21.000000
1001 10837 21.000000
1014 10852 21.000000
1188 1210 21.000000
638 639 20.000000
638 659 20.000000
639 640 20.000000
640 641 20.000000
641 642 20.000000
642 643 20.000000
694 716 20.000000
1001 10215 20.000000
1044 10940 20.000000
1063 10745 20.000000
1067 10740 20.000000
1503 1525 20.000000
169 191 19.000000
575 576 19.000000
576 577 19.000000
577 578 19.000000
658 659 19.000000
953 975 19.000000
990 991 19.000000
991 992 19.000000
1001 10489 19.000000
1001 10774 19.000000
1001 10920 19.000000
1005 1006 19.000000
1046 1068 19.000000
1115 1116 19.000000
1116 1117 19.000000
1117 1118 19.000000
1118 1119 19.000000
1119 1120 19.000000
1120 1121 19.000000
277 299 18.000000
496 518 18.000000
796 818 18.000000
955 977 18.000000
1014 10234 18.000000
1020 10529 18.000000
1020 10542 18.000000
1020 10665 18.000000
1286 1308 18.000000
1432 1454 18.000000
22 44 17.000000
213 235 17.000000
418 419 17.000000
418 439 17.000000
419 420 17.000000
420 421 17.000000
421 422 17.000000
422 423 17.000000
423 424 17.000000
424 425 17.000000
696 697 17.000000
697 698 17.000000
698 699 17.000000
699 700 17.000000
700 701 17.000000
701 702 17.000000
758 780 17.000000
840 862 17.000000
1000 10012 17.000000
1000 10857 17.000000
1001 10865 17.000000
1001 10956 17.000000
1019 10256 17.000000
1019 10369 17.000000
1019 10883 17.000000
1019 10946 17.000000
1019 10949 17.000000
1019 10969 17.000000
1036 10898 17.000000
1044 10730 17.000000
1044 10894 17.000000
1044 10972 17.000000
1089 10997 17.000000
1181 1182 17.000000
1182 1183 17.000000
1183 1184 17.000000
1184 1185 17.000000
1185 1186 17.000000
1186 1187 17.000000
1194 1216 17.000000
1219 1241 17.000000
544 545 16.000000
545 546 16.000000
546 547 16.000000
547 548 16.000000
548 549 16.000000
869 891 16.000000
913 914 16.000000
1000 1022 16.000000
1019 10955 16.000000
1044 10475 16.000000
1063 10883 16.000000
1063 10946 16.000000
1063 10949 16.000000
1064 10982 16.000000
1088 10886 16.000000
1475 1497 16.000000
543 544 15.000000
708 709 15.000000
735 757 15.000000
825 847 15.000000
1001 10862 15.000000
1014 1036 15.000000
1019 10951 15.000000
1041 10694 15.000000
1047 10523 15.000000
1063 10969 15.000000
1100 1121 15.000000
1145 1167 15.000000
104 126 14.000000
330 352 14.000000
1006 1007 14.000000
1007 1008 14.000000
1008 1009 14.000000
1009 1010 14.000000
1010 1011 14.000000
1034 1056 14.000000
1042 10979 14.000000
1063 10811 14.000000
1063 10955 14.000000
1088 10996 14.000000
1303 1325 14.000000
1498 1520 14.000000
168 190 13.000000
959 981 13.000000
1001 10510 13.000000
1035 10835 13.000000
1035 10944 13.000000
1085 1107 13.000000
1085 10982 13.000000
1481 1482 13.000000
565 587 12.000000
621 643 12.000000
804 805 12.000000
805 806 12.000000
806 807 12.000000
807 808 12.000000
808 809 12.000000
809 810 12.000000
810 811 12.000000
811 812 12.000000
1035 10852 12.000000
1040 10484 12.000000
1040 10505 12.000000
1040 10506 12.000000
1040 10703 12.000000
1040 10775 12.000000
1040 10783 12.000000
1040 10831 12.000000
1040 10848 12.000000
1040 10902 12.000000
1040 10921 12.000000
1040 10951 12.000000
1042 10487 12.000000
1056 1078 12.000000
1084 10841 12.000000
651 673 11.000000
795 817 11.000000
1005 10255 11.000000
1078 10856 11.000000
60 82 10.000000
492 493 10.000000
645 667 10.000000
669 691 10.000000
1001 10263 10.000000
1001 10769 10.000000
1041 10821 10.000000
1100 1122 10.000000
1193 1215 10.000000
116 138 9.000000
561 583 9.000000
564 586 9.000000
600 622 9.000000
739 740 9.000000
883 905 9.000000
1041 10659 9.000000
1041 10681 9.000000
1041 10721 9.000000
1084 10883 9.000000
1296 1297 9.000000
1300 1322 9.000000
1520 1542 9.000000
60 61 8.000000
61 62 8.000000
62 63 8.000000
63 64 8.000000
64 65 8.000000
110 132 8.000000
191 213 8.000000
527 549 8.000000
1004 1005 8.000000
1050 1072 8.000000
1058 10711 8.000000
1058 10932 8.000000
1144 1166 8.000000
1369 1391 8.000000
1435 1457 8.000000
971 993 7.000000
977 999 7.000000
1014 10391 7.000000
1014 10449 7.000000
1014 10590 7.000000
1040 10407 7.000000
1040 10568 7.000000
1040 10575 7.000000
1040 10640 7.000000
1040 10664 7.000000
1040 10718 7.000000
1040 10788 7.000000
1040 10842 7.000000
1040 10965 7.000000
1064 10979 7.000000
1143 1165 7.000000
1518 1540 7.000000
21 43 6.000000
198 220 6.000000
542 564 6.000000
563 585 6.000000
670 692 6.000000
740 741 6.000000
741 742 6.000000
742 743 6.000000
743 744 6.000000
744 745 6.000000
745 746 6.000000
1047 1069 6.000000
1084 10946 6.000000
1084 10949 6.000000
1084 10955 6.000000
1212 1234 6.000000
1247 1248 6.000000
1248 1249 6.000000
1249 1250 6.000000
1250 1251 6.000000
1251 1252 6.000000
1330 1331 6.000000
1331 1332 6.000000
1332 1333 6.000000
1333 1334 6.000000
1334 1335 6.000000
1335 1336 6.000000
1336 1337 6.000000
1337 1338 6.000000
1338 1339 6.000000
1339 1340 6.000000
1434 1456 6.000000
1456 1478 6.000000
68 90 5.000000
154 176 5.000000
223 245 5.000000
434 456 5.000000
449 450 5.000000
450 451 5.000000
451 452 5.000000
452 453 5.000000
594 595 5.000000
594 615 5.000000
595 596 5.000000
596 597 5.000000
608 630 5.000000
847 869 5.000000
1001 10638 5.000000
1014 10999 5.000000
1058 10731 5.000000
1084 10969 5.000000
1104 1126 5.000000
1126 1148 5.000000
1138 1160 5.000000
1232 1254 5.000000
1413 1435 5.000000
1433 1455 5.000000
11 12 4.000000
12 13 4.000000
13 14 4.000000
14 15 4.000000
15 16 4.000000
212 234 4.000000
409 410 4.000000
410 411 4.000000
411 412 4.000000
456 457 4.000000
457 458 4.000000
458 459 4.000000
459 460 4.000000
460 461 4.000000
461 483 4.000000
483 505 4.000000
505 527 4.000000
575 597 4.000000
604 626 4.000000
665 687 4.000000
709 731 4.000000
1041 10811 4.000000
1041 10955 4.000000
1062 10640 4.000000
1062 10842 4.000000
1078 1100 4.000000
1084 10877 4.000000
1084 10934 4.000000
1121 1143 4.000000
1149 1171 4.000000
1190 1212 4.000000
1307 1329 4.000000
1454 1476 4.000000
1522 1544 4.000000
272 294 3.000000
286 308 3.000000
294 316 3.000000
351 373 3.000000
383 405 3.000000
412 434 3.000000
659 681 3.000000
968 969 3.000000
968 989 3.000000
969 970 3.000000
984 985 3.000000
985 986 3.000000
986 987 3.000000
987 988 3.000000
988 989 3.000000
1013 1035 3.000000
1062 10664 3.000000
1062 10718 3.000000
1062 10788 3.000000
1062 10965 3.000000
1063 10659 3.000000
1063 10681 3.000000
1063 10721 3.000000
1063 10821 3.000000
1264 1286 3.000000
1541 1563 3.000000
0 22 2.000000
0 1562 2.000000
16 17 2.000000
16 38 2.000000
17 18 2.000000
38 60 2.000000
18 19 2.000000
19 20 2.000000
20 21 2.000000
329 351 2.000000
431 432 2.000000
432 433 2.000000
433 434 2.000000
491 492 2.000000
609 631 2.000000
637 659 2.000000
652 674 2.000000
783 784 2.000000
784 785 2.000000
785 786 2.000000
786 787 2.000000
787 788 2.000000
788 789 2.000000
789 790 2.000000
892 893 2.000000
893 894 2.000000
894 895 2.000000
895 917 2.000000
917 939 2.000000
1036 10411 2.000000
1036 10474 2.000000
1084 10951 2.000000
1150 1172 2.000000
1252 1253 2.000000
1286 1287 2.000000
1287 1288 2.000000
1288 1289 2.000000
1289 1290 2.000000
1290 1291 2.000000
1291 1292 2.000000
1292 1293 2.000000
1293 1294 2.000000
1294 1295 2.000000
1295 1296 2.000000
1436 1458 2.000000
1523 1545 2.000000
1 1563 1.000000
412 413 1.000000
413 414 1.000000
414 415 1.000000
415 416 1.000000
416 417 1.000000
440 441 1.000000
440 461 1.000000
441 442 1.000000
442 443 1.000000
443 444 1.000000
444 445 1.000000
445 446 1.000000
446 447 1.000000
605 627 1.000000
696 718 1.000000
708 730 1.000000
710 732 1.000000
778 800 1.000000
817 839 1.000000
927 949 1.000000
970 992 1.000000
1012 1034 1.000000
1036 10999 1.000000
1079 10835 1.000000
1079 10852 1.000000
1079 10944 1.000000
1084 10848 1.000000
1084 10902 1.000000
1084 10921 1.000000
1100 1101 1.000000
1102 1124 1.000000
1106 1128 1.000000
1107 1129 1.000000
1137 1159 1.000000
1147 1169 1.000000
1169 1191 1.000000
1365 1387 1.000000
1387 1409 1.000000
1409 1431 1.000000
