238 239 15922.000000
239 240 15922.000000
240 241 15922.000000
1232 1253 15566.000000
237 238 13608.000000
1056 1057 13608.000000
1254 1275 12649.000000
1252 1253 12402.000000
282 283 11988.000000
283 284 11988.000000
284 285 11988.000000
1276 1297 11654.000000
220 241 11338.000000
264 285 11207.000000
1232 1233 11042.000000
1423 1424 11037.000000
1251 1252 10914.000000
1296 1297 10533.000000
1056 1077 10292.000000
1210 1231 10088.000000
1424 1425 9975.000000
1295 1296 9941.000000
1425 1426 9803.000000
259 260 9772.000000
260 261 9772.000000
261 262 9772.000000
262 263 9772.000000
1012 1013 9739.000000
942 943 9292.000000
943 944 9292.000000
148 149 9107.000000
16 17 9081.000000
1273 1274 8927.000000
1294 1295 8704.000000
1274 1275 8492.000000
1188 1189 8337.000000
1012 1033 8293.000000
220 221 8221.000000
1426 1427 8196.000000
281 282 8094.000000
1250 1251 7886.000000
1100 1101 7788.000000
1188 1209 7602.000000
15 16 7563.000000
941 942 7560.000000
258 259 7547.000000
1078 1099 7478.000000
1100 1121 7433.000000
924 945 7296.000000
898 899 7280.000000
899 900 7280.000000
900 901 7280.000000
264 265 7264.000000
1290 1291 7264.000000
1076 1077 7223.000000
1427 1428 7184.000000
1013 1014 7072.000000
1293 1294 7040.000000
1291 1292 7000.000000
1208 1209 6938.000000
1292 1293 6918.000000
192 193 6656.000000
944 945 6625.000000
1313 1314 6559.000000
308 309 6555.000000
1230 1231 6475.000000
1098 1099 6422.000000
1144 1145 6312.000000
1272 1273 6170.000000
940 941 6123.000000
1311 1312 6044.000000
1312 1313 6044.000000
1314 1315 5983.000000
104 105 5909.000000
191 192 5886.000000
1101 1102 5884.000000
1229 1230 5693.000000
876 877 5622.000000
877 878 5622.000000
1097 1098 5589.000000
1032 1033 5561.000000
352 373 5256.000000
1120 1121 5233.000000
126 127 5210.000000
1289 1290 5204.000000
1340 1341 5146.000000
968 969 5144.000000
280 281 5129.000000
1339 1340 5096.000000
14 15 5079.000000
1428 1429 5072.000000
309 310 5065.000000
1072 1073 5058.000000
1073 1074 5058.000000
1074 1075 5058.000000
1057 1058 5050.000000
325 326 5046.000000
326 327 5046.000000
327 328 5046.000000
328 329 5046.000000
242 263 5031.000000
1249 1250 4991.000000
1246 1247 4965.000000
1228 1229 4888.000000
369 370 4878.000000
370 371 4878.000000
371 372 4878.000000
372 373 4878.000000
1320 1341 4827.000000
1207 1208 4822.000000
1210 1211 4749.000000
968 989 4697.000000
1058 1059 4697.000000
105 106 4682.000000
1144 1165 4680.000000
438 439 4672.000000
241 263 4609.000000
221 222 4568.000000
897 898 4460.000000
990 991 4460.000000
1163 1164 4431.000000
1034 1055 4403.000000
1247 1248 4385.000000
1248 1249 4385.000000
1164 1165 4384.000000
880 901 4365.000000
1318 1319 4361.000000
1401 1402 4351.000000
1034 1035 4328.000000
1310 1311 4291.000000
1010 1011 4270.000000
147 148 4254.000000
705 706 4247.000000
1338 1339 4234.000000
300 301 4232.000000
236 237 4228.000000
308 329 4226.000000
242 243 4205.000000
854 855 4196.000000
855 856 4196.000000
856 857 4156.000000
963 964 4114.000000
964 965 4114.000000
965 966 4114.000000
1362 1363 4070.000000
1271 1272 4021.000000
17 18 3968.000000
1071 1072 3949.000000
1269 1270 3923.000000
35 36 3905.000000
1361 1362 3870.000000
149 171 3800.000000
1360 1361 3783.000000
1315 1316 3782.000000
192 214 3764.000000
1489 1490 3760.000000
61 62 3718.000000
58 59 3677.000000
1402 1403 3658.000000
1317 1318 3611.000000
330 351 3610.000000
1403 1404 3575.000000
875 876 3573.000000
310 311 3565.000000
303 304 3542.000000
304 305 3542.000000
305 306 3542.000000
306 307 3542.000000
919 920 3532.000000
920 921 3532.000000
921 922 3532.000000
1316 1317 3529.000000
1078 1079 3484.000000
1227 1228 3473.000000
1268 1269 3473.000000
59 60 3465.000000
1245 1246 3461.000000
1102 1103 3374.000000
257 258 3357.000000
1145 1167 3335.000000
36 37 3330.000000
1270 1271 3327.000000
896 897 3326.000000
1145 1146 3319.000000
1404 1405 3319.000000
1491 1492 3305.000000
1075 1076 3302.000000
1186 1187 3297.000000
1166 1187 3294.000000
265 266 3270.000000
969 970 3248.000000
1119 1120 3212.000000
352 353 3177.000000
1357 1358 3171.000000
704 725 3146.000000
724 725 3146.000000
127 128 3145.000000
1447 1448 3138.000000
216 217 3121.000000
217 218 3121.000000
218 219 3121.000000
198 219 3120.000000
704 705 3113.000000
1267 1268 3071.000000
18 19 3068.000000
1337 1338 3065.000000
902 923 3061.000000
924 925 3044.000000
1488 1489 3023.000000
1054 1055 3021.000000
1359 1360 3021.000000
1490 1491 3000.000000
215 216 2997.000000
1405 1406 2968.000000
324 325 2941.000000
1166 1167 2932.000000
1336 1337 2923.000000
302 303 2920.000000
169 170 2894.000000
991 992 2891.000000
460 461 2881.000000
1335 1336 2868.000000
170 171 2862.000000
60 61 2855.000000
946 967 2853.000000
1142 1143 2789.000000
880 881 2786.000000
214 215 2781.000000
1115 1116 2776.000000
1116 1117 2776.000000
1117 1118 2776.000000
330 331 2768.000000
1118 1119 2765.000000
440 461 2748.000000
37 38 2721.000000
149 150 2721.000000
1333 1334 2715.000000
1334 1335 2715.000000
1379 1380 2713.000000
1380 1381 2713.000000
1358 1359 2712.000000
1298 1319 2660.000000
966 967 2654.000000
1513 1514 2639.000000
985 986 2617.000000
986 987 2617.000000
987 988 2617.000000
38 39 2609.000000
988 989 2574.000000
970 992 2539.000000
331 332 2521.000000
878 879 2516.000000
1381 1382 2508.000000
193 194 2496.000000
962 963 2465.000000
1557 1558 2465.000000
1079 1080 2458.000000
1288 1289 2457.000000
1492 1493 2453.000000
1028 1029 2445.000000
1029 1030 2445.000000
1030 1031 2445.000000
874 875 2444.000000
125 126 2412.000000
1122 1123 2399.000000
286 307 2397.000000
662 663 2367.000000
101 102 2358.000000
102 103 2358.000000
1406 1407 2341.000000
347 348 2327.000000
348 349 2327.000000
349 350 2327.000000
286 287 2316.000000
1510 1511 2294.000000
1057 1079 2288.000000
1122 1143 2281.000000
222 223 2271.000000
1266 1267 2247.000000
1224 1225 2238.000000
1225 1226 2238.000000
1226 1227 2238.000000
809 810 2222.000000
1384 1385 2215.000000
301 302 2210.000000
1511 1512 2197.000000
1383 1384 2173.000000
353 354 2162.000000
1031 1032 2143.000000
148 170 2139.000000
661 662 2138.000000
969 991 2127.000000
223 224 2109.000000
1013 1035 2100.000000
57 58 2059.000000
1011 10330 2043.000000
726 727 2042.000000
1382 1383 2033.000000
836 837 2032.000000
1006 1007 2031.000000
1007 1008 2031.000000
1008 1009 2031.000000
311 312 2025.000000
1556 1557 2022.000000
1233 1234 2009.000000
902 903 2004.000000
924 946 1988.000000
1445 1446 1961.000000
100 101 1955.000000
853 854 1947.000000
221 243 1938.000000
350 351 1935.000000
1512 1513 1935.000000
82 83 1925.000000
1448 1449 1907.000000
858 879 1897.000000
103 104 1862.000000
1232 1254 1858.000000
1449 1450 1850.000000
62 63 1823.000000
1059 1060 1816.000000
1093 1094 1812.000000
1094 1095 1812.000000
1095 1096 1812.000000
34 35 1804.000000
279 280 1801.000000
660 681 1800.000000
680 681 1800.000000
1206 1207 1798.000000
83 84 1797.000000
13 14 1794.000000
918 919 1789.000000
1185 1186 1787.000000
811 812 1758.000000
812 813 1758.000000
310 332 1745.000000
727 728 1737.000000
660 661 1735.000000
1141 1142 1731.000000
1123 1124 1717.000000
1332 1333 1714.000000
322 323 1711.000000
706 707 1708.000000
836 857 1706.000000
1049 1050 1699.000000
1050 1051 1699.000000
1051 1052 1699.000000
1052 1053 1699.000000
39 40 1696.000000
418 439 1685.000000
1276 1298 1674.000000
323 324 1653.000000
1080 1081 1651.000000
748 769 1634.000000
767 768 1634.000000
768 769 1634.000000
1202 1203 1634.000000
858 859 1633.000000
1203 1204 1630.000000
1204 1205 1630.000000
1446 1447 1611.000000
244 245 1600.000000
793 794 1596.000000
1554 1555 1584.000000
1533 1534 1581.000000
922 923 1566.000000
1555 1556 1560.000000
344 345 1535.000000
810 811 1532.000000
309 331 1515.000000
832 833 1512.000000
833 834 1512.000000
834 835 1512.000000
243 244 1506.000000
1189 1190 1491.000000
194 195 1488.000000
195 196 1488.000000
196 197 1488.000000
1096 1097 1481.000000
1211 1212 1479.000000
1009 1010 1478.000000
312 313 1470.000000
1059 1081 1468.000000
176 197 1464.000000
792 793 1459.000000
837 838 1456.000000
1532 1533 1453.000000
1189 1211 1452.000000
616 617 1443.000000
616 637 1443.000000
617 618 1443.000000
1205 1206 1438.000000
352 374 1431.000000
1005 1006 1427.000000
1467 1468 1426.000000
300 322 1425.000000
663 664 1425.000000
266 267 1418.000000
1376 1377 1416.000000
1377 1378 1416.000000
770 771 1410.000000
748 749 1390.000000
749 750 1389.000000
794 795 1377.000000
750 751 1350.000000
1401 1423 1348.000000
728 729 1338.000000
256 257 1337.000000
1146 1147 1321.000000
1244 1245 1321.000000
376 377 1305.000000
16 38 1297.000000
213 214 1277.000000
1468 1469 1277.000000
1159 1160 1273.000000
1160 1161 1273.000000
1161 1162 1273.000000
880 902 1265.000000
792 813 1262.000000
245 246 1259.000000
345 346 1254.000000
176 198 1245.000000
1534 1535 1242.000000
332 333 1236.000000
367 368 1232.000000
368 369 1232.000000
214 236 1207.000000
333 334 1193.000000
287 288 1173.000000
104 126 1171.000000
171 193 1167.000000
766 767 1166.000000
246 247 1152.000000
1201 1202 1137.000000
1223 1224 1137.000000
440 441 1135.000000
193 215 1128.000000
377 378 1118.000000
308 330 1098.000000
1167 1168 1094.000000
726 747 1089.000000
745 746 1089.000000
746 747 1089.000000
618 619 1083.000000
224 225 1079.000000
374 395 1077.000000
1354 1355 1071.000000
1355 1356 1071.000000
1162 1163 1063.000000
1558 1559 1063.000000
366 367 1058.000000
771 772 1047.000000
105 127 1045.000000
1184 1185 1036.000000
723 724 1034.000000
984 985 1031.000000
374 375 1023.000000
170 192 1022.000000
289 290 1020.000000
1012 10979 1020.000000
78 79 1006.000000
1053 1054 1003.000000
79 80 996.000000
80 81 996.000000
396 417 973.000000
961 962 971.000000
1190 1191 964.000000
1114 1115 954.000000
375 376 953.000000
707 708 943.000000
881 882 943.000000
1577 1578 927.000000
1054 10946 913.000000
1356 1357 901.000000
346 347 894.000000
278 279 893.000000
1375 1376 892.000000
145 146 886.000000
146 147 886.000000
288 289 881.000000
1012 10544 867.000000
1444 1445 867.000000
354 355 865.000000
1012 1034 864.000000
1378 1379 862.000000
19 20 861.000000
1124 1125 858.000000
267 268 851.000000
204 205 850.000000
205 206 850.000000
206 207 850.000000
207 208 850.000000
208 209 850.000000
209 210 850.000000
210 211 850.000000
211 212 850.000000
814 815 846.000000
1535 1536 841.000000
1469 1470 837.000000
638 639 834.000000
127 149 832.000000
638 659 828.000000
658 659 828.000000
504 505 821.000000
1011 10254 815.000000
60 82 812.000000
1493 1494 807.000000
639 640 801.000000
285 307 786.000000
814 835 784.000000
1578 1579 781.000000
268 269 780.000000
1060 1061 765.000000
160 161 760.000000
161 162 760.000000
162 163 760.000000
163 164 760.000000
164 165 760.000000
165 166 760.000000
970 971 760.000000
106 128 757.000000
1470 1471 757.000000
1103 1104 754.000000
1027 1028 753.000000
81 82 750.000000
1579 1580 749.000000
1188 1210 737.000000
1364 1385 735.000000
744 745 729.000000
291 292 728.000000
292 293 728.000000
293 294 728.000000
294 295 728.000000
295 296 728.000000
296 297 728.000000
297 298 728.000000
298 299 728.000000
831 832 728.000000
212 213 726.000000
945 967 719.000000
106 107 718.000000
264 286 715.000000
1471 1472 713.000000
237 259 711.000000
772 773 710.000000
1092 1093 709.000000
166 167 704.000000
167 168 704.000000
299 300 704.000000
396 397 696.000000
859 860 692.000000
1222 1223 687.000000
1011 10487 686.000000
1514 1515 683.000000
355 356 669.000000
373 395 668.000000
202 203 667.000000
116 117 666.000000
117 118 666.000000
118 119 666.000000
119 120 666.000000
120 121 666.000000
664 665 661.000000
441 442 656.000000
442 443 656.000000
397 398 652.000000
1055 10922 647.000000
56 57 646.000000
398 399 646.000000
1169 1170 640.000000
1170 1171 640.000000
40 41 635.000000
270 271 632.000000
271 272 632.000000
272 273 632.000000
273 274 632.000000
274 275 632.000000
275 276 632.000000
276 277 632.000000
1168 1169 628.000000
684 685 626.000000
171 172 625.000000
277 278 624.000000
1212 1213 618.000000
1213 1214 618.000000
1214 1215 618.000000
743 744 615.000000
1158 1159 607.000000
1013 10189 606.000000
815 816 599.000000
103 125 598.000000
200 201 598.000000
201 202 598.000000
1531 1532 597.000000
1032 10509 590.000000
788 789 586.000000
789 790 586.000000
790 791 586.000000
1247 1269 584.000000
946 947 576.000000
1012 10143 569.000000
1054 10745 566.000000
1010 10249 562.000000
1400 1401 559.000000
722 723 553.000000
1102 1124 552.000000
618 640 548.000000
1191 1192 548.000000
1192 1193 548.000000
266 288 547.000000
679 680 544.000000
1070 1071 544.000000
1234 1235 531.000000
1235 1236 531.000000
1236 1237 531.000000
235 236 529.000000
143 144 527.000000
290 291 523.000000
1146 1168 523.000000
1357 1379 519.000000
1466 1467 510.000000
1378 1400 509.000000
1580 1581 509.000000
107 10911 503.000000
335 336 503.000000
336 337 503.000000
337 338 503.000000
338 339 503.000000
339 340 503.000000
340 341 503.000000
341 342 503.000000
342 343 503.000000
418 440 503.000000
1136 1137 501.000000
1137 1138 501.000000
1138 1139 501.000000
1139 1140 501.000000
968 990 499.000000
144 145 496.000000
813 835 496.000000
640 641 486.000000
199 200 485.000000
881 903 482.000000
104 10865 481.000000
104 10956 481.000000
1049 1071 481.000000
925 947 479.000000
642 643 477.000000
619 620 476.000000
1071 10835 476.000000
1071 10852 476.000000
729 730 472.000000
1576 1577 471.000000
1059 10678 466.000000
12 13 465.000000
265 287 464.000000
765 766 458.000000
641 642 457.000000
1061 1062 456.000000
198 199 454.000000
224 246 450.000000
1056 10713 444.000000
1157 1158 444.000000
1037 10561 442.000000
215 237 441.000000
678 679 436.000000
1058 1080 435.000000
482 483 433.000000
1014 1015 431.000000
1450 1451 429.000000
572 573 428.000000
572 593 428.000000
573 574 428.000000
707 729 428.000000
917 918 428.000000
234 235 426.000000
1342 1363 424.000000
399 400 422.000000
226 227 418.000000
227 228 418.000000
228 229 418.000000
229 230 418.000000
230 231 418.000000
231 232 418.000000
232 233 418.000000
233 234 418.000000
1027 10406 416.000000
1049 10999 416.000000
418 419 412.000000
443 444 409.000000
1103 1125 409.000000
34 56 408.000000
1254 1255 407.000000
1268 1290 402.000000
1147 1148 401.000000
1148 1149 401.000000
191 213 400.000000
657 658 398.000000
278 300 394.000000
104 10769 393.000000
606 607 390.000000
607 608 390.000000
608 609 390.000000
609 610 390.000000
610 611 390.000000
611 612 390.000000
291 313 389.000000
1265 1266 387.000000
1071 10944 383.000000
345 367 380.000000
1104 1105 377.000000
1105 1106 377.000000
1335 1357 375.000000
343 344 373.000000
1215 1216 372.000000
1515 1516 371.000000
344 366 370.000000
1254 1276 367.000000
104 10789 366.000000
983 984 365.000000
619 641 364.000000
1472 1473 364.000000
104 10510 363.000000
1011 10141 362.000000
106 10889 360.000000
1010 10821 359.000000
1012 10935 357.000000
810 832 355.000000
837 859 355.000000
104 10824 351.000000
683 684 351.000000
770 791 347.000000
1135 1136 347.000000
1408 1429 345.000000
312 334 344.000000
1035 10428 344.000000
1035 10996 344.000000
138 139 343.000000
139 140 343.000000
140 141 343.000000
141 142 343.000000
142 143 343.000000
1072 10898 343.000000
354 376 340.000000
329 351 338.000000
1237 1238 338.000000
1077 10982 335.000000
1125 1126 335.000000
1126 1127 335.000000
1005 10531 333.000000
1053 10565 332.000000
101 10784 331.000000
334 335 331.000000
330 352 329.000000
1036 1037 327.000000
125 147 326.000000
356 357 322.000000
100 10418 321.000000
1033 10554 320.000000
1252 1274 320.000000
620 621 319.000000
225 226 317.000000
104 10638 315.000000
918 940 310.000000
857 879 309.000000
1331 1332 307.000000
751 752 306.000000
1013 10364 306.000000
1255 1256 305.000000
1256 1257 305.000000
1257 1258 305.000000
1258 1259 305.000000
1469 1491 303.000000
1013 10550 302.000000
1149 1171 302.000000
1077 10922 301.000000
1012 10421 300.000000
1536 1537 298.000000
1276 1277 297.000000
289 311 296.000000
685 686 296.000000
1013 10246 296.000000
322 344 292.000000
1070 10856 290.000000
1559 1560 289.000000
1028 10878 285.000000
643 644 282.000000
644 645 282.000000
645 646 282.000000
646 647 282.000000
647 648 282.000000
160 182 280.000000
236 258 279.000000
1077 10850 278.000000
321 322 275.000000
332 354 275.000000
357 358 275.000000
358 359 275.000000
359 360 275.000000
360 361 275.000000
361 362 275.000000
362 363 275.000000
363 364 275.000000
795 796 275.000000
1015 1037 274.000000
364 365 273.000000
1488 1510 273.000000
1313 1335 272.000000
313 314 271.000000
314 315 271.000000
315 316 271.000000
316 317 271.000000
317 318 271.000000
318 319 271.000000
319 320 271.000000
320 321 271.000000
838 839 271.000000
1081 10844 271.000000
1079 10863 270.000000
121 122 269.000000
1005 10430 268.000000
1057 10769 267.000000
1221 1222 267.000000
663 685 266.000000
664 686 265.000000
1035 1036 265.000000
100 10035 264.000000
168 169 264.000000
1164 1186 263.000000
621 643 262.000000
1379 1401 260.000000
1216 1217 259.000000
1217 1218 259.000000
1218 1219 259.000000
1219 1220 259.000000
1220 1221 259.000000
836 858 256.000000
59 81 252.000000
1014 10269 252.000000
1014 10663 252.000000
1014 10782 252.000000
1014 10920 252.000000
182 183 251.000000
183 184 251.000000
184 185 251.000000
185 186 251.000000
186 187 251.000000
187 188 251.000000
188 189 251.000000
189 190 251.000000
190 191 251.000000
331 353 249.000000
1032 10831 247.000000
1140 1141 247.000000
390 391 244.000000
391 392 244.000000
392 393 244.000000
393 394 244.000000
410 411 243.000000
411 412 243.000000
412 413 243.000000
413 414 243.000000
414 415 243.000000
415 416 243.000000
1011 10446 243.000000
104 10862 242.000000
787 788 242.000000
19 41 241.000000
682 683 241.000000
1057 10837 240.000000
100 10224 238.000000
1011 10421 238.000000
1014 10586 238.000000
1080 10995 238.000000
100 10396 237.000000
100 10540 237.000000
632 633 237.000000
633 634 237.000000
1057 10733 236.000000
248 249 235.000000
249 250 235.000000
250 251 235.000000
251 252 235.000000
252 253 235.000000
253 254 235.000000
254 255 235.000000
255 256 235.000000
1079 10818 235.000000
1034 10613 234.000000
1057 10593 234.000000
1057 10619 234.000000
100 10651 233.000000
676 677 233.000000
62 84 232.000000
176 177 232.000000
244 266 232.000000
311 333 232.000000
1011 10283 231.000000
1031 10407 231.000000
1562 1563 231.000000
1562 1583 231.000000
1582 1583 231.000000
1011 10148 230.000000
1057 10868 229.000000
420 421 227.000000
1013 10435 227.000000
1079 10924 227.000000
1079 10947 227.000000
569 570 225.000000
1266 1288 225.000000
387 388 224.000000
662 684 224.000000
1057 10940 224.000000
122 123 223.000000
123 124 223.000000
124 125 223.000000
1011 10542 223.000000
1056 10613 223.000000
1381 1403 223.000000
313 335 222.000000
1341 1363 221.000000
416 417 220.000000
852 853 219.000000
1076 1098 219.000000
222 244 217.000000
77 78 216.000000
1014 10862 214.000000
1014 10865 214.000000
1014 10956 214.000000
104 10586 213.000000
1014 10510 213.000000
1058 10886 211.000000
38 60 210.000000
399 421 210.000000
1013 10950 210.000000
247 248 209.000000
1035 1057 209.000000
1058 10740 207.000000
1057 10879 205.000000
101 10168 204.000000
1011 10935 204.000000
700 701 203.000000
1167 1189 202.000000
682 703 201.000000
701 702 201.000000
702 703 201.000000
1012 10796 201.000000
1081 10846 201.000000
1055 1077 200.000000
574 575 198.000000
1034 1056 197.000000
1037 1038 197.000000
1038 1039 197.000000
104 10996 196.000000
1014 10188 195.000000
100 10151 194.000000
1013 10423 194.000000
1014 10864 194.000000
1540 1541 194.000000
1540 1561 194.000000
1541 1563 194.000000
104 10428 193.000000
1027 10286 193.000000
1028 10898 193.000000
1075 10831 193.000000
1425 1447 193.000000
1205 1227 192.000000
708 730 191.000000
835 857 191.000000
1013 10366 191.000000
677 678 190.000000
269 291 189.000000
1014 10337 188.000000
104 10837 187.000000
1013 10301 187.000000
1013 10824 187.000000
992 993 186.000000
993 994 186.000000
994 995 186.000000
1424 1446 186.000000
1005 10149 185.000000
1057 10972 185.000000
388 389 184.000000
389 390 184.000000
1309 1310 184.000000
106 10873 183.000000
1011 10677 183.000000
1267 1289 183.000000
365 366 182.000000
396 418 182.000000
419 420 182.000000
1014 10968 182.000000
641 663 181.000000
656 657 181.000000
1035 10489 181.000000
1035 10774 181.000000
1491 1513 180.000000
220 242 178.000000
1033 10330 178.000000
374 396 177.000000
1032 10407 177.000000
1078 1100 176.000000
1010 10883 175.000000
1012 10157 175.000000
1035 10363 175.000000
1385 1407 175.000000
1014 10240 174.000000
1035 10940 174.000000
1082 1083 174.000000
1083 1084 174.000000
461 483 173.000000
1005 10444 173.000000
605 606 172.000000
1035 10776 172.000000
1060 10643 172.000000
620 642 171.000000
1014 10303 171.000000
126 148 170.000000
177 178 170.000000
1033 10384 170.000000
1081 1082 170.000000
531 532 169.000000
532 533 169.000000
533 534 169.000000
1005 10589 169.000000
1014 10163 168.000000
1018 1040 168.000000
1057 10730 168.000000
528 529 167.000000
528 549 167.000000
529 530 167.000000
530 531 167.000000
1035 10351 167.000000
1320 1342 167.000000
901 923 166.000000
1006 10274 166.000000
1011 10796 166.000000
1014 10970 166.000000
1403 1425 166.000000
1014 10715 165.000000
1015 1016 165.000000
1016 1017 165.000000
1017 1018 165.000000
1035 10868 165.000000
683 705 163.000000
1120 1142 163.000000
106 10930 162.000000
223 245 162.000000
287 309 161.000000
1078 10972 160.000000
770 792 159.000000
1013 10265 158.000000
1238 1239 158.000000
1239 1240 158.000000
1240 1241 158.000000
1241 1242 158.000000
1242 1243 158.000000
1035 10453 157.000000
1556 1578 156.000000
525 526 154.000000
526 527 154.000000
648 649 154.000000
1009 10831 154.000000
1062 1084 154.000000
1078 10879 154.000000
104 10733 153.000000
178 179 152.000000
179 180 152.000000
180 181 152.000000
462 463 152.000000
463 464 152.000000
464 465 152.000000
104 10857 151.000000
104 10910 151.000000
1012 10971 151.000000
1014 10182 150.000000
859 881 149.000000
1194 1195 149.000000
1195 1196 149.000000
1196 1197 149.000000
1197 1198 149.000000
1198 1199 149.000000
104 10717 148.000000
356 378 147.000000
1035 10865 147.000000
1035 10956 147.000000
1012 10669 146.000000
1035 10510 146.000000
1035 10663 146.000000
1035 10782 146.000000
1035 10920 146.000000
1078 10894 146.000000
1282 1283 146.000000
1283 1284 146.000000
1284 1285 146.000000
1285 1286 146.000000
1286 1287 146.000000
838 860 145.000000
1011 10544 145.000000
1011 10941 145.000000
1057 10702 145.000000
1057 10763 145.000000
1057 10895 145.000000
1057 10977 145.000000
394 395 144.000000
1011 10469 144.000000
1034 10857 144.000000
1034 10910 144.000000
1076 10883 144.000000
1316 1338 144.000000
1353 1354 144.000000
1014 10193 143.000000
1014 10202 143.000000
269 270 142.000000
1076 10783 142.000000
1014 10175 140.000000
1034 10435 140.000000
1035 10976 140.000000
490 512 139.000000
512 534 139.000000
830 831 139.000000
1014 10383 139.000000
1014 10438 139.000000
1014 10500 139.000000
1014 10871 139.000000
971 972 138.000000
972 973 138.000000
973 974 138.000000
1035 10948 138.000000
1079 10940 138.000000
1296 1318 138.000000
879 901 136.000000
181 182 135.000000
874 896 135.000000
1054 10821 135.000000
1028 10741 134.000000
1014 10733 133.000000
1028 10757 133.000000
1076 10775 133.000000
1113 1114 133.000000
200 222 131.000000
814 836 131.000000
1012 10567 131.000000
1012 10744 131.000000
1035 10862 131.000000
1193 1194 131.000000
1039 1040 130.000000
150 172 128.000000
1011 10395 128.000000
1057 10717 128.000000
257 279 127.000000
704 726 127.000000
816 817 127.000000
1012 10563 127.000000
1091 1092 127.000000
1337 1359 127.000000
1012 10781 126.000000
1034 10971 126.000000
1076 10848 126.000000
1076 10921 126.000000
35 57 125.000000
15 1577 125.000000
235 257 125.000000
335 357 125.000000
1011 10115 125.000000
1076 10902 125.000000
1076 10951 125.000000
1076 10969 125.000000
1272 1294 125.000000
1487 1488 124.000000
726 748 123.000000
1033 10399 123.000000
1035 10972 123.000000
1277 1278 123.000000
1278 1279 123.000000
1279 1280 123.000000
1280 1281 123.000000
1281 1282 123.000000
1537 1538 123.000000
267 289 122.000000
1011 10457 122.000000
1012 10412 122.000000
1012 10499 122.000000
1035 10414 122.000000
1013 10857 121.000000
1013 10910 121.000000
1010 10775 120.000000
1014 10349 119.000000
1014 10769 119.000000
1014 10837 119.000000
1035 10475 119.000000
1035 10730 119.000000
1011 10559 118.000000
1200 1201 118.000000
635 636 117.000000
1012 10964 117.000000
1098 10982 117.000000
1260 1261 117.000000
1261 1262 117.000000
1262 1263 117.000000
1263 1264 117.000000
1264 1265 117.000000
1012 10925 115.000000
1076 10777 114.000000
1076 10841 114.000000
1005 1027 113.000000
1011 10859 113.000000
484 485 112.000000
485 486 112.000000
486 487 112.000000
1011 10585 112.000000
1011 10646 112.000000
1014 10687 112.000000
1057 10894 112.000000
1076 10810 112.000000
1010 10484 111.000000
1011 10933 111.000000
1032 10842 111.000000
1035 10586 111.000000
204 226 110.000000
574 596 110.000000
1553 1554 109.000000
1470 1492 108.000000
351 373 107.000000
1098 1120 107.000000
104 10550 106.000000
128 150 106.000000
378 379 106.000000
379 380 106.000000
380 381 106.000000
381 382 106.000000
382 383 106.000000
383 384 106.000000
384 385 106.000000
385 386 106.000000
386 387 106.000000
1012 10900 106.000000
1033 10446 106.000000
1210 1232 106.000000
1532 1554 106.000000
903 925 105.000000
597 619 104.000000
858 880 104.000000
1012 10305 104.000000
1287 1288 104.000000
832 854 103.000000
1010 10505 103.000000
1127 1128 103.000000
1190 1212 103.000000
699 700 102.000000
1011 10680 102.000000
104 10414 101.000000
104 10940 101.000000
487 488 101.000000
488 489 101.000000
489 490 101.000000
1009 10568 101.000000
1032 10386 101.000000
1035 10387 101.000000
1078 10895 101.000000
1078 10977 101.000000
1149 1150 101.000000
213 235 100.000000
421 422 100.000000
634 635 100.000000
919 941 100.000000
1010 10225 100.000000
1032 10640 100.000000
1079 10886 100.000000
199 221 99.000000
1012 10287 99.000000
1012 10390 99.000000
1012 10490 99.000000
944 966 98.000000
1011 10382 98.000000
1032 10575 98.000000
1032 10718 98.000000
1084 1085 98.000000
1085 1086 98.000000
1086 1087 98.000000
1087 1088 98.000000
1088 1089 98.000000
1089 1090 98.000000
1090 1091 98.000000
1211 1233 98.000000
100 10790 97.000000
1011 10257 97.000000
1011 10290 97.000000
1011 10315 97.000000
1056 10950 97.000000
1076 10816 97.000000
1010 10450 96.000000
1014 10948 96.000000
1055 10941 95.000000
708 709 94.000000
1014 10976 94.000000
1077 10796 94.000000
597 598 93.000000
1014 10215 93.000000
1014 10776 93.000000
598 599 92.000000
1010 10506 92.000000
1010 10783 92.000000
1012 10469 92.000000
355 377 91.000000
1011 10493 91.000000
1011 10694 91.000000
1011 10752 91.000000
1014 10263 91.000000
1014 10453 91.000000
1014 10489 91.000000
1014 10774 91.000000
1143 1165 91.000000
1199 1221 91.000000
1512 1534 91.000000
613 614 90.000000
636 637 90.000000
1011 10529 90.000000
1011 10665 90.000000
1033 10659 89.000000
44 45 88.000000
44 65 88.000000
63 64 88.000000
64 65 88.000000
243 265 88.000000
1006 10807 88.000000
1320 1321 88.000000
104 10702 87.000000
104 10763 87.000000
104 10895 87.000000
104 10977 87.000000
116 138 87.000000
1032 10568 87.000000
1032 10664 87.000000
1032 10788 87.000000
1032 10965 87.000000
1122 1144 87.000000
1140 1162 87.000000
104 10894 86.000000
628 629 86.000000
629 630 86.000000
630 631 86.000000
631 632 86.000000
1467 1489 86.000000
182 204 85.000000
256 278 85.000000
773 774 85.000000
132 153 84.000000
151 152 84.000000
152 153 84.000000
1077 10979 84.000000
1581 1582 84.000000
923 945 83.000000
1056 10971 83.000000
946 968 82.000000
1048 1049 82.000000
194 216 80.000000
242 264 80.000000
715 737 80.000000
1006 10405 80.000000
1033 10627 80.000000
1033 10681 80.000000
1404 1426 80.000000
1575 1576 80.000000
1034 10669 79.000000
596 597 78.000000
84 85 77.000000
575 597 77.000000
817 818 77.000000
876 898 77.000000
1056 10669 77.000000
1360 1382 77.000000
1011 10627 76.000000
1033 10542 76.000000
1054 10949 76.000000
1071 10999 76.000000
132 133 75.000000
133 134 75.000000
134 135 75.000000
135 136 75.000000
136 137 75.000000
137 138 75.000000
1048 1070 75.000000
1058 10715 75.000000
1058 10970 75.000000
1243 1244 75.000000
150 151 74.000000
596 618 74.000000
1005 10599 74.000000
1005 10648 74.000000
198 220 73.000000
203 204 73.000000
781 782 73.000000
782 783 73.000000
783 784 73.000000
784 785 73.000000
785 786 73.000000
902 924 73.000000
1099 1121 73.000000
1359 1381 73.000000
138 160 72.000000
279 301 72.000000
1035 10717 72.000000
1054 10955 72.000000
333 355 71.000000
575 576 71.000000
1106 1107 71.000000
1107 1108 71.000000
1108 1109 71.000000
1109 1110 71.000000
1110 1111 71.000000
1111 1112 71.000000
1112 1113 71.000000
1208 1230 71.000000
1010 10369 70.000000
202 224 69.000000
323 345 69.000000
444 445 69.000000
445 446 69.000000
452 453 69.000000
453 454 69.000000
454 455 69.000000
455 456 69.000000
456 457 69.000000
457 458 69.000000
458 459 69.000000
459 460 69.000000
1010 10268 69.000000
1054 10721 69.000000
1054 10811 69.000000
1106 1128 69.000000
1011 10245 68.000000
1011 10719 68.000000
1011 10839 67.000000
1055 10979 67.000000
1076 10946 67.000000
1171 1172 67.000000
1172 1173 67.000000
1173 1174 67.000000
1174 1175 67.000000
1175 1176 67.000000
1176 1177 67.000000
104 10426 66.000000
234 256 66.000000
301 323 66.000000
1006 1028 66.000000
1010 10738 66.000000
1035 10769 66.000000
1058 10871 66.000000
1180 1181 66.000000
1181 1182 66.000000
1182 1183 66.000000
1177 1178 65.000000
1010 10256 64.000000
1010 10380 64.000000
1010 10681 64.000000
1010 10808 64.000000
1010 10951 64.000000
1010 10969 64.000000
1058 10687 64.000000
1128 1129 64.000000
1129 1130 64.000000
1130 1131 64.000000
1131 1132 64.000000
1132 1133 64.000000
1133 1134 64.000000
1134 1135 64.000000
104 10532 63.000000
105 10917 63.000000
1010 10298 63.000000
1010 10902 63.000000
1011 10922 63.000000
1055 10627 63.000000
1056 10938 63.000000
1199 1200 63.000000
1227 1249 63.000000
39 61 62.000000
177 199 62.000000
409 410 62.000000
709 710 62.000000
710 711 62.000000
711 712 62.000000
712 713 62.000000
713 714 62.000000
714 715 62.000000
875 897 62.000000
1010 10476 62.000000
1010 10703 62.000000
1010 10848 62.000000
1010 10921 62.000000
1010 10934 62.000000
1179 1180 62.000000
1386 1407 62.000000
548 549 61.000000
550 551 61.000000
550 571 61.000000
551 552 61.000000
552 553 61.000000
553 554 61.000000
554 555 61.000000
555 556 61.000000
1031 1053 61.000000
321 343 60.000000
408 409 60.000000
642 664 60.000000
1511 1533 60.000000
401 402 59.000000
660 682 59.000000
766 788 59.000000
1028 10405 59.000000
1035 10837 59.000000
1183 1184 59.000000
1259 1260 59.000000
22 23 58.000000
22 43 58.000000
41 42 58.000000
42 43 58.000000
402 403 58.000000
403 404 58.000000
404 405 58.000000
405 406 58.000000
406 407 58.000000
407 408 58.000000
576 577 58.000000
577 578 58.000000
1037 1059 58.000000
1055 10563 58.000000
1057 10789 58.000000
1179 1201 58.000000
621 622 57.000000
706 728 57.000000
1005 10878 57.000000
1057 10638 57.000000
378 400 56.000000
594 595 56.000000
594 615 56.000000
595 596 56.000000
612 613 56.000000
614 615 56.000000
1012 10393 56.000000
1035 10733 56.000000
1187 1209 56.000000
258 280 55.000000
422 444 55.000000
794 816 55.000000
14 36 54.000000
592 593 54.000000
1012 10260 54.000000
1071 10878 54.000000
1075 1097 54.000000
1184 1206 54.000000
534 535 53.000000
535 536 53.000000
536 537 53.000000
537 538 53.000000
538 539 53.000000
1012 10283 53.000000
1012 10677 53.000000
1012 10253 52.000000
1027 10444 52.000000
1027 10589 52.000000
1057 10824 52.000000
715 716 51.000000
716 717 51.000000
717 718 51.000000
718 719 51.000000
719 720 51.000000
720 721 51.000000
748 770 51.000000
948 970 51.000000
1027 10430 51.000000
1224 1246 51.000000
815 837 50.000000
1027 10531 50.000000
1032 10738 50.000000
1141 1163 50.000000
1338 1360 50.000000
1560 1561 50.000000
17 39 49.000000
751 773 49.000000
947 948 49.000000
1013 10938 49.000000
1036 10968 49.000000
12 34 48.000000
729 751 48.000000
743 765 48.000000
1006 10075 47.000000
1012 10713 47.000000
334 356 46.000000
622 623 45.000000
623 624 45.000000
624 625 45.000000
625 626 45.000000
626 627 45.000000
686 687 45.000000
752 753 45.000000
771 793 45.000000
792 814 45.000000
1032 10808 45.000000
1032 10934 45.000000
462 483 44.000000
665 666 44.000000
666 667 44.000000
667 668 44.000000
668 669 44.000000
669 670 44.000000
670 671 44.000000
1076 10821 44.000000
1194 1216 44.000000
1299 1300 44.000000
1300 1301 44.000000
1301 1302 44.000000
1302 1303 44.000000
0 1 43.000000
0 21 43.000000
1 2 43.000000
20 21 43.000000
107 10963 43.000000
307 329 43.000000
671 672 43.000000
672 673 43.000000
673 674 43.000000
674 675 43.000000
675 676 43.000000
677 699 43.000000
737 738 43.000000
738 739 43.000000
739 740 43.000000
740 741 43.000000
741 742 43.000000
742 743 43.000000
1010 1032 43.000000
1032 10484 43.000000
1062 1063 43.000000
1063 1064 43.000000
1064 1065 43.000000
1065 1066 43.000000
1066 1067 43.000000
1067 1068 43.000000
1068 1069 43.000000
1516 1517 43.000000
104 10972 42.000000
1034 10950 42.000000
1093 1115 42.000000
446 447 41.000000
447 448 41.000000
448 449 41.000000
449 450 41.000000
450 451 41.000000
451 452 41.000000
693 694 41.000000
694 695 41.000000
695 696 41.000000
696 697 41.000000
1027 1049 41.000000
1494 1495 41.000000
15 37 40.000000
37 59 40.000000
104 10868 40.000000
468 490 40.000000
697 698 40.000000
698 699 40.000000
856 878 40.000000
1079 10837 40.000000
1298 1299 40.000000
104 10593 39.000000
104 10619 39.000000
104 10696 39.000000
400 422 39.000000
1244 1266 39.000000
13 35 38.000000
104 10432 38.000000
104 10486 38.000000
104 10879 38.000000
430 452 38.000000
700 722 38.000000
1032 10645 38.000000
1032 10659 38.000000
1069 1070 38.000000
1076 10811 38.000000
1076 10955 38.000000
1124 1146 38.000000
1223 1245 38.000000
1444 1466 38.000000
181 203 37.000000
1032 10877 37.000000
1053 10816 37.000000
1075 10842 37.000000
1297 1319 37.000000
1058 10862 36.000000
1468 1490 36.000000
687 688 35.000000
688 689 35.000000
689 690 35.000000
690 691 35.000000
691 692 35.000000
1013 10605 35.000000
1032 10721 35.000000
1035 10894 35.000000
1040 1041 35.000000
1041 1042 35.000000
1042 1043 35.000000
1043 1044 35.000000
1044 1045 35.000000
1045 1046 35.000000
1046 1047 35.000000
1047 1048 35.000000
104 10475 34.000000
104 10730 34.000000
534 556 34.000000
788 810 34.000000
974 975 34.000000
975 976 34.000000
976 977 34.000000
977 978 34.000000
978 979 34.000000
979 980 34.000000
980 981 34.000000
981 982 34.000000
982 983 34.000000
1054 1076 34.000000
1150 1151 34.000000
1151 1152 34.000000
1152 1153 34.000000
1153 1154 34.000000
1154 1155 34.000000
94 95 33.000000
95 96 33.000000
96 97 33.000000
97 98 33.000000
98 99 33.000000
591 592 33.000000
1288 1310 33.000000
685 707 32.000000
744 766 32.000000
1058 10663 32.000000
1058 10782 32.000000
1058 10920 32.000000
1076 10949 32.000000
1079 10996 32.000000
1514 1536 32.000000
818 819 31.000000
819 820 31.000000
820 821 31.000000
821 822 31.000000
822 823 31.000000
823 824 31.000000
1155 1156 31.000000
1156 1157 31.000000
225 247 30.000000
430 431 30.000000
446 468 30.000000
1033 10719 30.000000
1057 10857 30.000000
1057 10910 30.000000
1080 1102 30.000000
1135 1157 30.000000
1298 1320 30.000000
750 772 29.000000
1033 10529 29.000000
1033 10665 29.000000
1097 1119 29.000000
1231 1253 29.000000
682 704 28.000000
831 853 28.000000
1012 10190 28.000000
1033 10839 28.000000
1055 10713 28.000000
1055 10781 28.000000
1055 10925 28.000000
1422 1423 28.000000
400 401 27.000000
1010 10136 27.000000
1032 10331 27.000000
1032 10369 27.000000
1032 10380 27.000000
1032 10450 27.000000
1032 10476 27.000000
1032 10505 27.000000
1032 10603 27.000000
1032 10703 27.000000
1032 10775 27.000000
1032 10777 27.000000
1032 10810 27.000000
1032 10816 27.000000
1032 10841 27.000000
1032 10848 27.000000
1032 10883 27.000000
1032 10902 27.000000
1032 10921 27.000000
1032 10951 27.000000
1032 10969 27.000000
1033 10493 27.000000
1033 10694 27.000000
1033 10752 27.000000
1058 10586 27.000000
1079 10868 27.000000
1289 1311 27.000000
248 270 26.000000
627 628 26.000000
786 787 26.000000
1010 10399 26.000000
1058 10948 26.000000
1058 10976 26.000000
1101 1123 26.000000
219 241 25.000000
1162 1184 25.000000
1447 1469 25.000000
197 219 24.000000
793 815 24.000000
795 817 24.000000
1011 1033 24.000000
1032 10506 24.000000
1032 10783 24.000000
1055 10964 24.000000
1557 1579 24.000000
107 10767 23.000000
107 10826 23.000000
61 83 22.000000
216 238 22.000000
484 505 22.000000
730 731 22.000000
731 732 22.000000
732 733 22.000000
733 734 22.000000
734 735 22.000000
735 736 22.000000
736 737 22.000000
1075 10788 22.000000
1075 10965 22.000000
1249 1271 22.000000
1293 1315 22.000000
288 310 21.000000
505 527 21.000000
656 678 21.000000
1054 10665 21.000000
1079 10920 21.000000
1079 10948 21.000000
539 561 20.000000
1200 1222 20.000000
1245 1267 20.000000
925 926 19.000000
1075 10783 19.000000
14 1576 18.000000
154 175 18.000000
172 173 18.000000
173 174 18.000000
174 175 18.000000
178 200 18.000000
376 398 18.000000
803 804 18.000000
804 805 18.000000
805 806 18.000000
806 807 18.000000
807 808 18.000000
1123 1145 18.000000
1168 1190 18.000000
1169 1191 18.000000
13 1575 17.000000
1166 1188 17.000000
107 10794 16.000000
169 191 16.000000
245 267 16.000000
465 466 16.000000
466 467 16.000000
467 468 16.000000
578 579 16.000000
579 580 16.000000
580 581 16.000000
581 582 16.000000
582 583 16.000000
787 809 16.000000
808 809 16.000000
952 974 16.000000
259 281 15.000000
268 290 15.000000
290 312 15.000000
640 662 15.000000
692 693 15.000000
1078 10857 15.000000
1078 10910 15.000000
1492 1514 15.000000
154 155 14.000000
155 156 14.000000
156 157 14.000000
157 158 14.000000
158 159 14.000000
159 160 14.000000
598 620 14.000000
639 661 14.000000
649 650 14.000000
650 651 14.000000
651 652 14.000000
652 653 14.000000
759 760 14.000000
760 761 14.000000
761 762 14.000000
762 763 14.000000
763 764 14.000000
764 765 14.000000
949 971 14.000000
1448 1470 14.000000
1533 1555 14.000000
110 111 13.000000
110 131 13.000000
111 112 13.000000
112 113 13.000000
113 114 13.000000
114 115 13.000000
115 116 13.000000
128 129 13.000000
129 130 13.000000
130 131 13.000000
154 176 13.000000
431 432 13.000000
432 433 13.000000
433 434 13.000000
434 435 13.000000
435 436 13.000000
436 437 13.000000
437 438 13.000000
576 598 13.000000
600 601 13.000000
601 602 13.000000
602 603 13.000000
603 604 13.000000
604 605 13.000000
926 948 13.000000
952 953 13.000000
953 954 13.000000
954 955 13.000000
955 956 13.000000
956 957 13.000000
957 958 13.000000
958 959 13.000000
959 960 13.000000
960 961 13.000000
967 989 13.000000
1018 1019 13.000000
1019 1020 13.000000
1020 1021 13.000000
1021 1022 13.000000
1022 1023 13.000000
1023 1024 13.000000
1024 1025 13.000000
1025 1026 13.000000
1026 1027 13.000000
1035 10364 13.000000
147 169 12.000000
247 269 12.000000
299 321 12.000000
408 430 12.000000
562 563 12.000000
563 564 12.000000
564 565 12.000000
565 566 12.000000
566 567 12.000000
567 568 12.000000
568 569 12.000000
599 600 12.000000
661 683 12.000000
1014 10789 12.000000
1033 10922 12.000000
1185 1207 12.000000
1319 1341 12.000000
1490 1512 12.000000
1555 1577 12.000000
422 423 11.000000
423 424 11.000000
772 794 11.000000
948 949 11.000000
1036 10970 11.000000
1054 10694 11.000000
1054 10752 11.000000
1079 10862 11.000000
1118 1140 11.000000
1178 1179 11.000000
424 425 10.000000
425 426 10.000000
426 427 10.000000
427 428 10.000000
428 429 10.000000
429 430 10.000000
684 706 10.000000
897 919 10.000000
1010 10280 10.000000
1018 10255 10.000000
1031 10842 10.000000
1032 10946 10.000000
1053 10703 10.000000
1053 10848 10.000000
1053 10902 10.000000
1053 10921 10.000000
1053 10934 10.000000
1053 10946 10.000000
1053 10951 10.000000
1053 10969 10.000000
1055 10677 10.000000
1055 10935 10.000000
1071 10898 10.000000
1202 1224 10.000000
1243 1265 10.000000
88 89 9.000000
89 90 9.000000
90 91 9.000000
91 92 9.000000
92 93 9.000000
93 94 9.000000
107 108 9.000000
108 109 9.000000
132 154 9.000000
561 562 9.000000
583 584 9.000000
1009 10167 9.000000
1009 10179 9.000000
1009 10250 9.000000
1009 10386 9.000000
1009 10575 9.000000
1009 10640 9.000000
1009 10664 9.000000
1009 10718 9.000000
1009 10788 9.000000
1009 10965 9.000000
1036 10383 9.000000
1036 10438 9.000000
1036 10500 9.000000
1036 10687 9.000000
1036 10871 9.000000
1222 1244 9.000000
1303 1304 9.000000
1304 1305 9.000000
1305 1306 9.000000
1306 1307 9.000000
1307 1308 9.000000
203 225 8.000000
212 234 8.000000
277 299 8.000000
562 584 8.000000
584 585 8.000000
585 586 8.000000
586 587 8.000000
587 588 8.000000
588 589 8.000000
589 590 8.000000
590 591 8.000000
721 722 8.000000
745 767 8.000000
753 754 8.000000
754 755 8.000000
755 756 8.000000
756 757 8.000000
757 758 8.000000
758 759 8.000000
939 940 8.000000
1010 10277 8.000000
1010 10659 8.000000
1010 10721 8.000000
1032 10357 8.000000
1032 10811 8.000000
1032 10949 8.000000
1032 10955 8.000000
1053 10775 8.000000
1180 1202 8.000000
12 1574 7.000000
556 557 7.000000
557 558 7.000000
558 559 7.000000
559 560 7.000000
560 561 7.000000
686 708 7.000000
693 715 7.000000
966 988 7.000000
1010 10725 7.000000
1015 10715 7.000000
1035 10824 7.000000
1251 1273 7.000000
468 469 6.000000
469 470 6.000000
470 471 6.000000
471 472 6.000000
472 473 6.000000
570 571 6.000000
583 605 6.000000
638 660 6.000000
643 665 6.000000
721 743 6.000000
853 875 6.000000
926 927 6.000000
1006 10326 6.000000
1006 10482 6.000000
1009 10407 6.000000
1009 10842 6.000000
1010 10270 6.000000
1036 10715 6.000000
1119 1141 6.000000
1136 1158 6.000000
1178 1200 6.000000
1315 1337 6.000000
1423 1445 6.000000
263 285 5.000000
539 540 5.000000
540 562 5.000000
671 693 5.000000
816 838 5.000000
927 949 5.000000
940 962 5.000000
1006 10297 5.000000
1006 10425 5.000000
1010 10745 5.000000
1032 1054 5.000000
1036 1058 5.000000
1036 10948 5.000000
1036 10976 5.000000
1069 1091 5.000000
1092 10999 5.000000
1121 1143 5.000000
1177 1199 5.000000
1250 1272 5.000000
1321 1322 5.000000
1322 1323 5.000000
1323 1324 5.000000
1324 1325 5.000000
1325 1326 5.000000
1326 1327 5.000000
1327 1328 5.000000
1328 1329 5.000000
1329 1330 5.000000
1330 1331 5.000000
1535 1557 5.000000
377 399 4.000000
728 750 4.000000
1010 10114 4.000000
1014 10638 4.000000
1035 10638 4.000000
1071 1093 4.000000
1082 1104 4.000000
1201 1223 4.000000
1203 1225 4.000000
1206 1228 4.000000
1225 1247 4.000000
1291 1313 4.000000
1299 1321 4.000000
1554 1576 4.000000
286 308 3.000000
547 548 3.000000
796 797 3.000000
797 798 3.000000
798 799 3.000000
799 800 3.000000
800 801 3.000000
801 802 3.000000
802 803 3.000000
1005 10058 3.000000
1010 10331 3.000000
1010 10357 3.000000
1010 10603 3.000000
1010 10645 3.000000
1010 10777 3.000000
1010 10810 3.000000
1010 10811 3.000000
1010 10841 3.000000
1010 10877 3.000000
1010 10946 3.000000
1010 10949 3.000000
1010 10955 3.000000
1034 10938 3.000000
1035 10789 3.000000
1053 10568 3.000000
1053 10575 3.000000
1053 10640 3.000000
1053 10664 3.000000
1053 10718 3.000000
1053 10783 3.000000
1053 10788 3.000000
1053 10831 3.000000
1053 10842 3.000000
1053 10965 3.000000
1054 10659 3.000000
1054 10681 3.000000
1055 10796 3.000000
1155 1177 3.000000
1207 1229 3.000000
1273 1295 3.000000
1445 1467 3.000000
1553 1575 3.000000
45 46 2.000000
46 47 2.000000
47 48 2.000000
48 49 2.000000
49 50 2.000000
50 72 2.000000
72 94 2.000000
172 194 2.000000
364 386 2.000000
386 408 2.000000
424 446 2.000000
490 491 2.000000
491 492 2.000000
492 493 2.000000
493 494 2.000000
494 495 2.000000
495 517 2.000000
517 539 2.000000
531 553 2.000000
553 575 2.000000
561 583 2.000000
635 657 2.000000
653 654 2.000000
654 655 2.000000
655 656 2.000000
774 775 2.000000
775 776 2.000000
776 777 2.000000
777 778 2.000000
778 779 2.000000
779 780 2.000000
780 781 2.000000
808 830 2.000000
809 831 2.000000
854 876 2.000000
949 950 2.000000
950 951 2.000000
951 952 2.000000
1010 10816 2.000000
1048 10531 2.000000
1049 10878 2.000000
1077 1099 2.000000
1092 10944 2.000000
1127 1149 2.000000
2 3 1.000000
3 4 1.000000
4 5 1.000000
5 6 1.000000
6 7 1.000000
7 8 1.000000
8 9 1.000000
10 11 1.000000
11 12 1.000000
18 40 1.000000
40 62 1.000000
402 424 1.000000
417 439 1.000000
439 461 1.000000
517 518 1.000000
518 519 1.000000
519 520 1.000000
520 521 1.000000
521 522 1.000000
522 523 1.000000
523 524 1.000000
524 525 1.000000
600 622 1.000000
709 731 1.000000
722 744 1.000000
731 753 1.000000
749 771 1.000000
927 928 1.000000
928 929 1.000000
929 930 1.000000
930 952 1.000000
971 993 1.000000
1005 10217 1.000000
1005 10757 1.000000
1049 10898 1.000000
1070 1092 1.000000
1142 1164 1.000000
1228 1250 1.000000
1287 1309 1.000000
1466 1488 1.000000
1510 1532 1.000000
1574 1575 1.000000
