1289 1290 14361.000000
1245 1246 14303.000000
317 318 13059.000000
318 319 13059.000000
319 320 13059.000000
320 321 12931.000000
1113 1114 11785.000000
1288 1289 11485.000000
1287 1288 11082.000000
1310 1311 10961.000000
8 9 10724.000000
273 274 10646.000000
274 275 10646.000000
275 276 10646.000000
276 277 10646.000000
277 278 10593.000000
1332 1333 10319.000000
316 317 10209.000000
1309 1310 10146.000000
1308 1309 9344.000000
1112 1113 9210.000000
1244 1245 9204.000000
272 273 9089.000000
1025 1026 8825.000000
1307 1308 8662.000000
1243 1244 8583.000000
1266 1267 8547.000000
1331 1332 8497.000000
1114 1115 8427.000000
295 296 8347.000000
296 297 8347.000000
297 298 8347.000000
298 299 8347.000000
1436 1437 8142.000000
1325 1326 8094.000000
1327 1328 8078.000000
1091 1092 7915.000000
1326 1327 7763.000000
1286 1287 7742.000000
955 956 7738.000000
956 957 7738.000000
1305 1306 7738.000000
1437 1438 7720.000000
1111 1112 7639.000000
1246 1247 7622.000000
1328 1329 7592.000000
1303 1304 7573.000000
1304 1305 7573.000000
1354 1355 7550.000000
1330 1331 7491.000000
1306 1307 7483.000000
1026 1027 7326.000000
1267 1268 7281.000000
1329 1330 7261.000000
140 141 7235.000000
1438 1439 7205.000000
1134 1135 7155.000000
183 184 7124.000000
1242 1243 7117.000000
7 8 7069.000000
1333 1334 6975.000000
1024 1025 6936.000000
294 295 6901.000000
321 322 6696.000000
977 978 6536.000000
978 979 6536.000000
979 980 6533.000000
338 339 6475.000000
339 340 6475.000000
340 341 6475.000000
341 342 6475.000000
1265 1266 6422.000000
1440 1441 6237.000000
1135 1136 6203.000000
1439 1440 6167.000000
1069 1070 6092.000000
1090 1091 6066.000000
1369 1370 5981.000000
1376 1377 5966.000000
1324 1325 5857.000000
227 228 5784.000000
954 955 5651.000000
322 323 5648.000000
205 206 5612.000000
953 954 5608.000000
1133 1134 5548.000000
1352 1353 5522.000000
1375 1376 5501.000000
1021 1022 5490.000000
1022 1023 5490.000000
365 366 5383.000000
278 279 5327.000000
161 162 5326.000000
361 362 5319.000000
362 363 5319.000000
363 364 5319.000000
293 294 5287.000000
1048 1049 5235.000000
1353 1354 5183.000000
1371 1372 5182.000000
1089 1090 5132.000000
1158 1159 5102.000000
1047 1048 5098.000000
1046 1047 4991.000000
184 185 4984.000000
890 891 4984.000000
891 892 4984.000000
957 958 4982.000000
1502 1503 4945.000000
1070 1071 4943.000000
1503 1504 4925.000000
1441 1442 4891.000000
404 405 4870.000000
405 406 4870.000000
406 407 4870.000000
407 408 4870.000000
1020 1021 4836.000000
1156 1157 4832.000000
1115 1116 4830.000000
933 934 4796.000000
934 935 4796.000000
935 936 4796.000000
299 300 4781.000000
1302 1303 4740.000000
911 912 4725.000000
912 913 4725.000000
913 914 4725.000000
958 959 4713.000000
343 344 4699.000000
1374 1375 4681.000000
408 409 4645.000000
1372 1373 4630.000000
1155 1156 4567.000000
980 981 4565.000000
1370 1371 4551.000000
1368 1369 4550.000000
1157 1158 4523.000000
1023 1024 4520.000000
1179 1180 4489.000000
1128 1129 4487.000000
1129 1130 4487.000000
1130 1131 4487.000000
1131 1132 4487.000000
1045 1046 4481.000000
364 365 4461.000000
6 7 4445.000000
937 938 4405.000000
981 982 4387.000000
1459 1460 4310.000000
1373 1374 4221.000000
323 324 4204.000000
740 741 4163.000000
73 74 4149.000000
1201 1202 4127.000000
366 367 4116.000000
1264 1265 4072.000000
1200 1201 4070.000000
1027 1028 3993.000000
1159 1160 3963.000000
72 73 3958.000000
1505 1506 3912.000000
204 205 3855.000000
1460 1461 3820.000000
1351 1352 3813.000000
889 890 3808.000000
1504 1505 3774.000000
888 889 3742.000000
1311 1312 3722.000000
5 6 3704.000000
1068 1069 3692.000000
74 75 3691.000000
976 977 3682.000000
1116 1117 3650.000000
409 410 3645.000000
1180 1181 3641.000000
342 343 3620.000000
1085 1086 3573.000000
1086 1087 3573.000000
1087 1088 3573.000000
250 251 3538.000000
430 431 3528.000000
226 227 3514.000000
251 252 3513.000000
252 253 3513.000000
253 254 3513.000000
254 255 3513.000000
1027 1049 3483.000000
1178 1179 3449.000000
271 272 3438.000000
28 29 3387.000000
337 338 3369.000000
1285 1286 3349.000000
27 28 3330.000000
1458 1459 3233.000000
29 30 3223.000000
737 738 3157.000000
738 739 3157.000000
739 740 3157.000000
1246 1268 3157.000000
228 229 3154.000000
1461 1462 3141.000000
367 368 3134.000000
1223 1224 3092.000000
1262 1263 3074.000000
93 94 3050.000000
1199 1200 3037.000000
1548 1549 3016.000000
71 72 3010.000000
1221 1222 2998.000000
1480 1481 2989.000000
382 383 2988.000000
383 384 2988.000000
384 385 2988.000000
385 386 2988.000000
49 50 2926.000000
1132 1133 2910.000000
868 869 2886.000000
869 870 2886.000000
92 93 2865.000000
94 95 2806.000000
1481 1482 2800.000000
1136 1137 2742.000000
160 161 2727.000000
1263 1264 2689.000000
1268 1269 2680.000000
380 381 2646.000000
300 301 2645.000000
1393 1394 2644.000000
1222 1223 2639.000000
10 11 2617.000000
892 893 2612.000000
95 96 2609.000000
1202 1203 2601.000000
914 915 2593.000000
932 933 2573.000000
344 345 2569.000000
1506 1507 2568.000000
315 316 2562.000000
1418 1419 2542.000000
184 206 2539.000000
50 51 2526.000000
314 315 2523.000000
1176 1177 2522.000000
51 52 2514.000000
162 163 2508.000000
867 868 2503.000000
1395 1396 2501.000000
1137 1138 2487.000000
1088 1089 2479.000000
228 250 2474.000000
936 937 2470.000000
1419 1420 2468.000000
292 293 2457.000000
1392 1393 2453.000000
1247 1248 2437.000000
1415 1416 2423.000000
1019 1020 2404.000000
1084 1085 2400.000000
1151 1152 2400.000000
1152 1153 2400.000000
249 250 2392.000000
360 361 2389.000000
52 53 2382.000000
1220 1221 2371.000000
1177 1178 2363.000000
345 346 2361.000000
1420 1421 2359.000000
1396 1397 2341.000000
410 411 2323.000000
1397 1398 2291.000000
386 387 2280.000000
784 785 2279.000000
672 673 2274.000000
673 674 2274.000000
674 675 2274.000000
1025 10330 2268.000000
324 325 2256.000000
1259 1260 2207.000000
1260 1261 2207.000000
1261 1262 2207.000000
30 31 2206.000000
1417 1418 2204.000000
1333 1355 2190.000000
866 867 2178.000000
206 207 2176.000000
1150 1151 2168.000000
783 784 2146.000000
1394 1395 2140.000000
675 676 2132.000000
910 911 2127.000000
141 142 2097.000000
1416 1417 2093.000000
1002 1003 2088.000000
117 118 2086.000000
938 939 2086.000000
230 231 2068.000000
231 232 2068.000000
232 233 2068.000000
1181 1182 2068.000000
806 807 2059.000000
229 230 2040.000000
379 380 2034.000000
1042 1043 2034.000000
1043 1044 2034.000000
1044 1045 2034.000000
359 360 2015.000000
387 388 2015.000000
998 999 2004.000000
1000 1001 2004.000000
411 412 1949.000000
1349 1350 1941.000000
893 894 1939.000000
452 453 1917.000000
1350 1351 1907.000000
336 337 1905.000000
139 140 1902.000000
822 823 1893.000000
70 71 1874.000000
1107 1108 1870.000000
1108 1109 1870.000000
1109 1110 1870.000000
915 916 1863.000000
846 847 1853.000000
847 848 1853.000000
1348 1349 1853.000000
325 326 1813.000000
1070 1092 1809.000000
388 389 1808.000000
959 960 1801.000000
763 764 1795.000000
96 97 1793.000000
517 518 1785.000000
762 763 1771.000000
118 119 1754.000000
432 433 1730.000000
1160 1161 1728.000000
1258 1259 1712.000000
136 137 1710.000000
137 138 1710.000000
10 10889 1706.000000
335 336 1701.000000
1153 1154 1671.000000
412 413 1662.000000
301 302 1660.000000
227 249 1658.000000
1092 1093 1656.000000
302 303 1653.000000
431 432 1651.000000
141 163 1646.000000
982 983 1639.000000
894 895 1637.000000
1110 1111 1632.000000
1290 1291 1624.000000
346 347 1617.000000
975 976 1615.000000
845 846 1609.000000
381 382 1602.000000
1216 1217 1585.000000
1217 1218 1585.000000
1218 1219 1579.000000
1198 1199 1562.000000
183 205 1544.000000
366 388 1535.000000
413 414 1531.000000
997 998 1521.000000
1215 1216 1508.000000
1462 1463 1500.000000
10 10118 1478.000000
676 698 1467.000000
848 849 1467.000000
358 359 1465.000000
1463 1464 1459.000000
453 454 1456.000000
1398 1399 1456.000000
158 159 1455.000000
159 160 1455.000000
759 760 1437.000000
760 761 1437.000000
321 343 1434.000000
1280 1281 1434.000000
1281 1282 1419.000000
779 780 1415.000000
761 762 1414.000000
1282 1283 1413.000000
741 742 1410.000000
303 304 1406.000000
324 346 1388.000000
1241 1242 1383.000000
1346 1347 1377.000000
1347 1348 1377.000000
1067 1068 1374.000000
53 54 1373.000000
844 845 1358.000000
1284 1285 1355.000000
1507 1508 1349.000000
764 765 1330.000000
1219 1220 1326.000000
75 76 1315.000000
1283 1284 1315.000000
1106 1107 1311.000000
916 917 1309.000000
409 431 1305.000000
1367 1368 1305.000000
1464 1465 1286.000000
1482 1483 1286.000000
135 136 1280.000000
138 139 1277.000000
780 781 1270.000000
781 782 1270.000000
782 783 1270.000000
1003 10627 1259.000000
233 255 1235.000000
1001 1002 1234.000000
279 301 1232.000000
1549 1550 1227.000000
872 873 1215.000000
828 829 1213.000000
807 808 1207.000000
720 721 1205.000000
1127 1128 1196.000000
1411 1412 1195.000000
1412 1413 1195.000000
1413 1414 1195.000000
279 280 1194.000000
1003 1004 1193.000000
1172 1173 1188.000000
1173 1174 1188.000000
1174 1175 1188.000000
280 281 1181.000000
785 786 1179.000000
1483 1484 1179.000000
347 348 1171.000000
1547 1548 1166.000000
909 910 1138.000000
1238 1239 1134.000000
1239 1240 1133.000000
1323 1324 1131.000000
871 872 1117.000000
1524 1525 1101.000000
1202 1224 1099.000000
676 677 1082.000000
1025 10254 1059.000000
870 871 1052.000000
220 241 1050.000000
240 241 1050.000000
31 32 1048.000000
518 519 1046.000000
850 851 1042.000000
1240 1241 1042.000000
453 475 1032.000000
1214 1215 1025.000000
1484 1485 1024.000000
281 282 1021.000000
1526 1527 1020.000000
1414 1415 1018.000000
736 737 1007.000000
456 457 997.000000
364 386 988.000000
139 161 985.000000
157 158 984.000000
677 678 984.000000
322 344 981.000000
114 115 979.000000
220 221 979.000000
221 222 979.000000
222 223 979.000000
223 224 979.000000
224 225 979.000000
225 226 979.000000
180 181 974.000000
181 182 974.000000
1116 1138 972.000000
1002 10148 967.000000
292 314 958.000000
1442 1443 957.000000
1175 1176 954.000000
757 758 952.000000
1154 1155 952.000000
278 300 948.000000
1003 10305 946.000000
1525 1526 946.000000
368 369 945.000000
1390 1391 933.000000
1391 1392 933.000000
326 327 931.000000
250 272 928.000000
115 116 927.000000
116 117 927.000000
369 370 925.000000
827 828 925.000000
824 825 924.000000
825 826 924.000000
826 827 924.000000
271 293 922.000000
808 809 916.000000
803 804 915.000000
804 805 915.000000
54 55 914.000000
829 830 913.000000
719 720 909.000000
179 180 892.000000
255 256 891.000000
1289 1311 891.000000
1138 1139 885.000000
1301 1302 880.000000
357 358 879.000000
758 759 879.000000
282 283 873.000000
849 850 870.000000
1292 1293 864.000000
1293 1294 864.000000
455 456 857.000000
233 234 855.000000
1114 1136 853.000000
894 916 846.000000
1377 1378 846.000000
182 183 842.000000
1370 1392 821.000000
765 766 818.000000
198 199 815.000000
199 200 815.000000
1257 1258 810.000000
454 455 807.000000
805 806 806.000000
206 228 804.000000
496 497 800.000000
1568 1569 799.000000
823 824 798.000000
1269 1270 798.000000
1270 1271 798.000000
1271 1272 798.000000
1345 1346 795.000000
1291 1292 793.000000
851 852 789.000000
163 185 782.000000
185 186 780.000000
1041 1042 778.000000
390 391 770.000000
1312 1313 769.000000
1026 1048 765.000000
1063 1064 759.000000
1064 1065 759.000000
1065 1066 759.000000
1066 1067 759.000000
1302 1324 759.000000
198 219 758.000000
218 219 758.000000
370 392 754.000000
286 287 753.000000
286 307 753.000000
287 288 753.000000
288 289 753.000000
289 290 753.000000
290 291 753.000000
305 306 753.000000
306 307 753.000000
873 874 753.000000
1203 1204 753.000000
1523 1524 747.000000
1290 1312 743.000000
1567 1568 740.000000
895 896 738.000000
742 743 737.000000
1153 1175 729.000000
475 476 728.000000
1389 1390 728.000000
291 292 721.000000
1546 1547 717.000000
389 390 713.000000
1115 1137 712.000000
1570 1571 711.000000
140 162 709.000000
678 679 694.000000
1571 1572 683.000000
698 699 680.000000
1248 1249 664.000000
1249 1250 664.000000
1250 1251 664.000000
937 959 663.000000
1485 1486 644.000000
138 160 629.000000
1139 1140 621.000000
1414 1436 621.000000
931 932 615.000000
1119 1120 586.000000
699 700 585.000000
1569 1570 584.000000
889 911 583.000000
561 562 581.000000
1026 10744 574.000000
1045 10565 574.000000
234 256 572.000000
401 402 570.000000
313 314 567.000000
1237 1238 567.000000
48 49 565.000000
402 403 564.000000
403 404 564.000000
433 434 561.000000
200 201 558.000000
270 271 549.000000
1045 10509 538.000000
1117 1118 536.000000
1118 1119 536.000000
352 353 535.000000
352 373 535.000000
353 354 535.000000
354 355 535.000000
355 356 535.000000
356 357 535.000000
371 372 535.000000
372 373 535.000000
1245 1267 532.000000
132 153 526.000000
152 153 526.000000
786 787 523.000000
424 425 522.000000
425 426 522.000000
426 427 522.000000
427 428 522.000000
428 429 522.000000
892 914 519.000000
249 271 514.000000
367 389 513.000000
938 960 508.000000
217 218 507.000000
1161 1162 506.000000
1162 1163 506.000000
735 736 502.000000
308 309 499.000000
308 329 499.000000
309 310 499.000000
310 311 499.000000
311 312 499.000000
312 313 499.000000
327 328 499.000000
328 329 499.000000
185 207 497.000000
242 243 495.000000
242 263 495.000000
243 244 495.000000
244 245 495.000000
245 246 495.000000
246 247 495.000000
261 262 495.000000
262 263 495.000000
1224 1225 489.000000
365 387 488.000000
740 762 486.000000
1003 10421 486.000000
1236 1237 484.000000
1251 1252 484.000000
1268 1290 484.000000
1048 10698 481.000000
32 33 478.000000
117 139 478.000000
132 133 478.000000
133 134 478.000000
134 135 478.000000
26 27 475.000000
1225 1226 475.000000
391 392 474.000000
162 184 473.000000
1003 10050 473.000000
374 375 467.000000
374 395 467.000000
375 376 467.000000
376 377 467.000000
377 378 467.000000
392 393 467.000000
393 394 467.000000
394 395 467.000000
457 479 465.000000
1117 1139 464.000000
434 435 459.000000
1047 10796 452.000000
802 803 451.000000
323 345 444.000000
1303 1325 442.000000
119 120 436.000000
1140 1141 431.000000
1069 10979 429.000000
77 78 427.000000
78 79 427.000000
79 80 427.000000
11 12 423.000000
778 779 423.000000
1003 10141 423.000000
1024 10883 421.000000
650 651 419.000000
651 652 419.000000
652 653 419.000000
519 520 415.000000
520 521 415.000000
521 522 415.000000
721 722 415.000000
1019 10589 411.000000
1019 10444 406.000000
201 202 402.000000
202 203 402.000000
203 204 402.000000
205 227 392.000000
457 458 392.000000
1149 1150 392.000000
69 70 391.000000
848 870 388.000000
1049 10500 386.000000
1048 10857 383.000000
1048 10910 383.000000
1439 1461 382.000000
156 157 380.000000
1041 10878 377.000000
1049 10687 376.000000
1049 10782 376.000000
1049 10948 376.000000
1049 10976 376.000000
247 248 374.000000
1085 10898 374.000000
936 958 373.000000
1019 10430 372.000000
1025 10421 372.000000
499 500 370.000000
74 96 369.000000
476 477 367.000000
721 743 362.000000
477 478 359.000000
671 672 359.000000
1068 10821 351.000000
1093 1094 351.000000
113 114 347.000000
1026 10950 343.000000
1072 1094 343.000000
743 744 342.000000
335 357 340.000000
1326 1348 337.000000
830 831 336.000000
1028 10715 335.000000
1113 1135 334.000000
1071 1093 331.000000
52 74 329.000000
1019 10531 327.000000
1279 1280 327.000000
272 294 326.000000
1178 1200 325.000000
1204 1205 324.000000
264 265 321.000000
264 285 321.000000
265 266 321.000000
266 267 321.000000
267 268 321.000000
268 269 321.000000
284 285 321.000000
256 257 320.000000
1313 1314 319.000000
1314 1315 319.000000
1315 1316 319.000000
1205 1206 318.000000
1206 1207 318.000000
1377 1399 317.000000
91 92 315.000000
388 410 315.000000
358 380 314.000000
257 258 312.000000
258 259 312.000000
259 260 312.000000
713 714 310.000000
269 270 309.000000
1046 10554 309.000000
346 368 308.000000
326 348 307.000000
764 786 307.000000
689 690 306.000000
690 691 306.000000
1004 10950 306.000000
498 499 304.000000
591 613 302.000000
234 235 300.000000
1071 1072 300.000000
1344 1345 300.000000
1071 10837 298.000000
178 179 297.000000
248 249 297.000000
711 712 296.000000
712 713 296.000000
176 177 294.000000
177 178 294.000000
1160 1182 293.000000
500 501 292.000000
336 358 285.000000
423 424 282.000000
235 236 281.000000
236 237 281.000000
237 238 281.000000
238 239 281.000000
357 379 281.000000
176 197 280.000000
196 197 280.000000
852 853 276.000000
1232 1233 275.000000
1232 1253 275.000000
1233 1234 275.000000
1252 1253 275.000000
1111 1133 273.000000
1316 1317 273.000000
218 240 272.000000
313 335 272.000000
1049 10774 270.000000
1049 10865 270.000000
1049 10920 270.000000
1049 10956 270.000000
1090 10982 270.000000
1049 10510 269.000000
1049 10862 269.000000
585 586 264.000000
586 587 264.000000
587 588 264.000000
1047 10971 264.000000
1025 10446 260.000000
1025 10529 257.000000
1272 1273 254.000000
378 379 252.000000
718 719 251.000000
1460 1482 250.000000
1003 10469 249.000000
588 589 247.000000
589 590 247.000000
590 591 247.000000
51 73 246.000000
714 715 245.000000
715 716 245.000000
716 717 245.000000
717 718 245.000000
750 751 245.000000
1004 10189 245.000000
845 867 244.000000
1084 1106 243.000000
628 629 241.000000
629 630 241.000000
630 631 241.000000
1001 10703 240.000000
1002 10380 240.000000
1025 10542 240.000000
1159 1181 240.000000
10 10322 236.000000
1025 10752 236.000000
960 961 235.000000
1234 1235 234.000000
1025 10665 233.000000
1045 10811 231.000000
478 479 229.000000
692 693 229.000000
1028 10303 229.000000
1028 10337 229.000000
1028 10864 229.000000
1028 10968 229.000000
1028 10970 229.000000
1028 10383 228.000000
1028 10438 228.000000
1028 10871 228.000000
1134 1156 228.000000
446 447 226.000000
447 448 226.000000
448 449 226.000000
449 450 226.000000
450 451 226.000000
451 452 226.000000
1002 10721 226.000000
1025 10384 226.000000
1095 1096 226.000000
1276 1277 226.000000
1276 1297 226.000000
1277 1278 226.000000
1278 1279 226.000000
1296 1297 226.000000
849 871 225.000000
1002 10277 225.000000
801 802 222.000000
893 915 222.000000
1020 10274 222.000000
390 412 221.000000
707 708 221.000000
708 709 221.000000
709 710 221.000000
710 711 221.000000
1072 1073 221.000000
1527 1528 220.000000
1094 1095 219.000000
1068 10946 218.000000
465 466 217.000000
1421 1422 215.000000
1025 10679 214.000000
1528 1529 213.000000
1298 1299 212.000000
1298 1319 212.000000
1299 1300 212.000000
1317 1318 212.000000
1318 1319 212.000000
631 632 209.000000
1040 10406 209.000000
337 359 207.000000
429 430 207.000000
583 584 205.000000
1020 10757 205.000000
1092 10972 205.000000
1019 10648 204.000000
1040 1041 204.000000
1019 10768 203.000000
161 183 202.000000
1091 10938 202.000000
1020 10741 201.000000
1019 10599 200.000000
370 371 198.000000
1002 10136 198.000000
1545 1546 197.000000
116 138 196.000000
1026 10393 196.000000
497 498 195.000000
260 261 194.000000
1092 10940 193.000000
1393 1415 193.000000
1004 10287 192.000000
1437 1459 192.000000
1550 1551 192.000000
1025 10935 190.000000
47 48 189.000000
1084 10999 189.000000
10 10496 188.000000
344 366 187.000000
1025 10941 187.000000
432 454 186.000000
1025 10680 185.000000
1307 1329 185.000000
270 292 184.000000
281 303 184.000000
1410 1411 184.000000
1024 10681 183.000000
11 33 181.000000
466 467 181.000000
1170 1171 178.000000
1025 10544 177.000000
1069 10922 177.000000
1028 10453 176.000000
10 10954 175.000000
1026 10713 174.000000
1026 10925 174.000000
1024 10277 173.000000
418 419 172.000000
419 420 172.000000
420 421 172.000000
1028 10776 172.000000
421 422 171.000000
1183 1184 171.000000
1184 1185 171.000000
1025 10457 170.000000
1025 10933 169.000000
1294 1295 169.000000
1295 1296 169.000000
345 367 166.000000
1049 10864 166.000000
1049 10968 166.000000
1049 10970 166.000000
1068 10969 166.000000
1071 10789 166.000000
1182 1183 166.000000
1026 10260 162.000000
1071 10940 162.000000
1480 1502 162.000000
620 621 161.000000
621 622 161.000000
622 623 161.000000
623 624 161.000000
624 625 161.000000
625 626 161.000000
1071 10733 161.000000
1572 1573 161.000000
418 439 159.000000
436 437 159.000000
437 438 159.000000
438 439 159.000000
691 692 158.000000
1026 10462 157.000000
1049 10638 157.000000
1049 10769 157.000000
1049 10871 157.000000
1003 10245 156.000000
1003 10839 156.000000
1112 1134 154.000000
748 749 153.000000
749 750 153.000000
1003 10457 153.000000
1003 10933 153.000000
1025 10395 152.000000
748 769 151.000000
766 767 151.000000
767 768 151.000000
768 769 151.000000
1025 10646 151.000000
1349 1371 151.000000
1001 10225 149.000000
1025 10859 148.000000
1026 10964 148.000000
10 10967 147.000000
1003 10567 147.000000
1003 10744 147.000000
1171 1172 147.000000
1048 10938 146.000000
1194 1195 146.000000
1195 1196 146.000000
1196 1197 146.000000
283 284 145.000000
1204 1226 144.000000
304 305 143.000000
445 446 143.000000
435 457 142.000000
1003 10888 142.000000
1073 1074 141.000000
1074 1075 141.000000
1436 1458 141.000000
118 140 140.000000
784 806 140.000000
1004 10605 140.000000
1025 10469 140.000000
1163 1185 140.000000
248 270 139.000000
693 694 139.000000
694 695 139.000000
695 696 139.000000
866 888 139.000000
55 56 138.000000
56 57 138.000000
57 58 138.000000
58 59 138.000000
983 984 138.000000
1006 1028 138.000000
1024 1046 138.000000
1025 1047 138.000000
410 432 137.000000
722 723 137.000000
871 893 137.000000
1003 10719 137.000000
368 390 135.000000
1026 10305 135.000000
1062 1063 135.000000
696 697 133.000000
1003 10499 133.000000
1025 10257 133.000000
1025 10585 133.000000
1416 1438 133.000000
1003 10079 132.000000
330 331 131.000000
330 351 131.000000
331 332 131.000000
332 333 131.000000
333 334 131.000000
334 335 131.000000
349 350 131.000000
350 351 131.000000
389 411 131.000000
1003 10283 131.000000
1003 10412 131.000000
1003 10765 131.000000
1003 10781 131.000000
1048 10758 131.000000
342 364 130.000000
996 997 130.000000
1045 10842 129.000000
1047 10713 129.000000
1047 10925 129.000000
295 317 128.000000
320 342 128.000000
396 397 128.000000
396 417 128.000000
397 398 128.000000
398 399 128.000000
414 415 128.000000
415 416 128.000000
416 417 128.000000
475 497 128.000000
1003 10677 128.000000
1181 1203 128.000000
1197 1198 128.000000
1503 1525 128.000000
1002 10679 127.000000
1310 1332 127.000000
1026 10366 126.000000
1026 10423 126.000000
1045 10640 126.000000
660 681 125.000000
679 680 125.000000
680 681 125.000000
1071 10774 125.000000
1071 10865 125.000000
1071 10920 125.000000
1071 10956 125.000000
399 400 124.000000
400 401 124.000000
1019 10688 124.000000
1024 10299 124.000000
1024 10903 124.000000
10 10829 123.000000
641 642 123.000000
642 643 123.000000
643 644 123.000000
644 645 123.000000
645 646 123.000000
646 647 123.000000
660 661 123.000000
661 662 123.000000
706 707 123.000000
1004 10253 123.000000
1019 10570 123.000000
1019 10962 123.000000
1024 10522 123.000000
1092 10977 123.000000
1263 1285 123.000000
895 917 122.000000
1045 10883 122.000000
1071 10824 121.000000
73 95 120.000000
1069 10781 120.000000
1071 10776 120.000000
1395 1417 120.000000
1002 10268 119.000000
1020 10405 119.000000
1067 1089 119.000000
10 10957 118.000000
299 321 118.000000
1025 10382 118.000000
1329 1351 118.000000
954 976 116.000000
1002 10725 116.000000
1025 10290 116.000000
348 349 115.000000
348 370 115.000000
1046 10721 115.000000
76 77 114.000000
1026 10935 114.000000
27 49 113.000000
97 98 113.000000
874 875 113.000000
1021 10394 113.000000
1026 10698 113.000000
1026 10758 113.000000
207 229 112.000000
1021 11000 112.000000
1025 10315 112.000000
1069 10796 112.000000
1069 10935 112.000000
110 111 111.000000
111 112 111.000000
678 700 111.000000
1004 10971 111.000000
1047 10680 110.000000
1047 10941 110.000000
1071 10862 110.000000
851 873 109.000000
1235 1236 109.000000
413 435 108.000000
704 725 108.000000
723 724 108.000000
724 725 108.000000
1047 10544 108.000000
1069 10941 108.000000
1551 1552 108.000000
809 810 107.000000
1024 10369 107.000000
682 683 106.000000
683 684 106.000000
916 938 106.000000
1026 10287 106.000000
30 52 105.000000
704 705 105.000000
705 706 105.000000
1090 10979 105.000000
649 650 103.000000
682 703 103.000000
701 702 103.000000
702 703 103.000000
720 742 103.000000
1002 10493 103.000000
1003 10680 103.000000
1003 10935 103.000000
1003 10941 103.000000
1049 10776 103.000000
1305 1327 103.000000
1002 10254 102.000000
1069 10713 102.000000
1069 10925 102.000000
675 697 101.000000
700 701 101.000000
1042 10525 101.000000
1042 10538 101.000000
1042 10792 101.000000
1042 10897 101.000000
1283 1305 101.000000
697 698 100.000000
1025 10694 99.000000
1068 10745 99.000000
677 699 98.000000
882 883 98.000000
883 884 98.000000
884 885 98.000000
885 886 98.000000
886 887 98.000000
1003 10544 98.000000
1068 10810 98.000000
1071 10894 98.000000
1025 10493 97.000000
1026 10971 97.000000
1219 1241 97.000000
1240 1262 97.000000
1504 1526 97.000000
226 248 96.000000
735 757 96.000000
392 414 95.000000
1127 1149 95.000000
302 324 94.000000
440 461 94.000000
458 459 94.000000
459 460 94.000000
460 461 94.000000
1002 10738 94.000000
1020 10706 94.000000
1024 10298 94.000000
1025 10627 94.000000
1334 1335 94.000000
1335 1336 94.000000
1336 1337 94.000000
1337 1338 94.000000
1338 1339 94.000000
1003 1025 93.000000
1025 10559 93.000000
1026 10283 91.000000
1026 10412 91.000000
1026 10781 91.000000
1046 10542 91.000000
1063 10898 91.000000
195 217 90.000000
619 620 90.000000
1004 10698 90.000000
1004 10758 90.000000
1100 1101 90.000000
1100 1121 90.000000
1101 1102 90.000000
1102 1103 90.000000
1103 1104 90.000000
1120 1121 90.000000
1258 1280 90.000000
1355 1356 90.000000
1104 1105 89.000000
239 240 88.000000
497 519 88.000000
670 671 88.000000
1003 10445 88.000000
1025 10922 88.000000
1045 10575 88.000000
1045 10664 88.000000
1045 10718 88.000000
1045 10965 88.000000
1049 1071 88.000000
1392 1414 88.000000
1529 1530 88.000000
1548 1570 88.000000
540 541 87.000000
1002 10703 87.000000
1045 10788 87.000000
1046 10627 87.000000
1095 1117 87.000000
1505 1527 87.000000
1004 10462 86.000000
539 540 85.000000
1004 10366 85.000000
1004 10423 85.000000
1046 10529 85.000000
1046 10665 85.000000
1244 1266 85.000000
1508 1509 85.000000
1003 10892 84.000000
1005 1027 84.000000
1025 10719 84.000000
1025 10839 84.000000
1105 1106 84.000000
1373 1395 83.000000
1024 10934 82.000000
1047 10964 82.000000
1068 10811 82.000000
1068 10949 82.000000
1068 10955 82.000000
98 99 81.000000
440 441 81.000000
441 442 81.000000
442 443 81.000000
1046 10752 81.000000
932 954 80.000000
960 982 80.000000
1003 10109 80.000000
1049 1050 80.000000
1073 1095 80.000000
1225 1247 80.000000
1280 1302 80.000000
1024 10256 79.000000
1046 10659 79.000000
1216 1238 79.000000
1222 1244 79.000000
1003 10419 78.000000
1003 10861 78.000000
1001 10450 76.000000
1003 10604 76.000000
1003 10817 76.000000
1024 10484 76.000000
239 261 75.000000
1024 10450 75.000000
1024 10476 75.000000
1024 10505 75.000000
1024 10506 75.000000
1024 10775 75.000000
1024 10783 75.000000
1024 10848 75.000000
1024 10921 75.000000
163 164 74.000000
662 663 74.000000
780 802 74.000000
1020 10326 74.000000
1024 10902 74.000000
1024 10951 74.000000
1069 10964 74.000000
1091 10925 74.000000
1312 1334 74.000000
207 208 73.000000
208 209 73.000000
209 210 73.000000
210 211 73.000000
1026 10672 73.000000
1026 10928 73.000000
112 113 72.000000
130 152 72.000000
653 654 72.000000
1002 10816 72.000000
198 220 71.000000
632 654 71.000000
1023 1045 71.000000
1026 10677 71.000000
1047 1069 71.000000
1144 1145 71.000000
1144 1165 71.000000
1145 1146 71.000000
1146 1147 71.000000
1147 1148 71.000000
1164 1165 71.000000
186 187 70.000000
187 188 70.000000
188 189 70.000000
411 433 70.000000
1002 10114 70.000000
1002 10946 70.000000
1020 10425 70.000000
1023 10568 70.000000
1089 10934 70.000000
211 212 69.000000
1020 10297 69.000000
1050 1051 69.000000
1051 1052 69.000000
1052 1053 69.000000
212 213 68.000000
213 214 68.000000
214 215 68.000000
215 216 68.000000
216 217 68.000000
751 752 68.000000
752 753 68.000000
753 754 68.000000
754 755 68.000000
755 756 68.000000
953 975 68.000000
1002 10104 68.000000
1002 10969 68.000000
1020 10814 68.000000
1045 10831 68.000000
1092 1114 68.000000
1166 1167 68.000000
1167 1168 68.000000
1168 1169 68.000000
1169 1170 68.000000
1301 1323 68.000000
1525 1547 68.000000
379 401 67.000000
435 436 67.000000
627 628 67.000000
1002 10645 67.000000
1020 10482 67.000000
1020 10807 67.000000
1045 10568 67.000000
1046 10922 67.000000
1154 1176 67.000000
436 458 66.000000
888 910 66.000000
1020 10791 66.000000
1046 10681 66.000000
1089 10902 66.000000
1089 10921 66.000000
1089 10951 66.000000
1166 1187 66.000000
1185 1186 66.000000
1186 1187 66.000000
766 788 65.000000
1024 10725 65.000000
1024 10738 65.000000
1028 1029 65.000000
1029 1030 65.000000
1030 1031 65.000000
1031 1053 65.000000
1046 1068 65.000000
1070 10938 65.000000
467 468 64.000000
468 469 64.000000
469 470 64.000000
470 471 64.000000
471 472 64.000000
472 473 64.000000
1024 10268 64.000000
1091 10964 64.000000
1148 1149 64.000000
110 131 63.000000
130 131 63.000000
737 759 63.000000
1001 10025 63.000000
1003 10080 63.000000
1003 10922 63.000000
1214 1236 63.000000
939 940 62.000000
25 26 61.000000
25 47 61.000000
1098 1120 61.000000
70 92 60.000000
887 888 60.000000
1372 1394 60.000000
917 918 59.000000
1002 10955 59.000000
1320 1321 59.000000
1320 1341 59.000000
1321 1322 59.000000
1339 1340 59.000000
1340 1341 59.000000
648 649 58.000000
959 981 58.000000
1001 10565 58.000000
1026 10390 58.000000
1026 10490 58.000000
1026 10900 58.000000
1041 1063 58.000000
1071 10769 58.000000
256 278 57.000000
431 453 57.000000
1002 10603 57.000000
1002 10694 57.000000
1002 10808 57.000000
1002 10877 57.000000
1024 10603 57.000000
1024 10645 57.000000
1024 10777 57.000000
1024 10808 57.000000
1024 10877 57.000000
1024 10380 56.000000
1024 10399 56.000000
1024 10816 56.000000
1024 10841 56.000000
685 686 55.000000
686 687 55.000000
687 688 55.000000
688 689 55.000000
1003 10174 55.000000
1019 10460 55.000000
1137 1159 55.000000
1332 1354 55.000000
1483 1505 55.000000
547 569 54.000000
569 591 54.000000
911 933 54.000000
1479 1480 54.000000
277 299 53.000000
303 325 53.000000
1002 10811 53.000000
1024 10721 53.000000
1076 1098 53.000000
1188 1209 53.000000
1207 1208 53.000000
1208 1209 53.000000
189 190 52.000000
824 846 52.000000
1024 10703 52.000000
1048 1070 52.000000
1063 10741 52.000000
1002 10949 51.000000
1122 1123 51.000000
1122 1143 51.000000
1123 1124 51.000000
1124 1125 51.000000
1125 1126 51.000000
1126 1127 51.000000
1141 1142 51.000000
1142 1143 51.000000
1188 1189 51.000000
1189 1190 51.000000
28 50 50.000000
443 465 50.000000
626 627 50.000000
1075 1076 50.000000
1090 1112 50.000000
301 323 49.000000
314 336 49.000000
495 496 49.000000
519 541 49.000000
1026 10563 49.000000
1256 1257 49.000000
110 132 48.000000
195 196 48.000000
1264 1286 48.000000
1396 1418 48.000000
795 796 47.000000
796 797 47.000000
797 798 47.000000
798 799 47.000000
799 800 47.000000
1034 1035 47.000000
1034 1055 47.000000
1035 1036 47.000000
1036 1037 47.000000
1037 1038 47.000000
1038 1039 47.000000
1039 1040 47.000000
1053 1054 47.000000
1054 1055 47.000000
1234 1256 47.000000
684 685 46.000000
722 744 46.000000
1002 10206 46.000000
1024 10745 46.000000
1026 10499 46.000000
257 279 45.000000
868 890 45.000000
1026 10567 45.000000
1190 1191 45.000000
1269 1291 45.000000
48 70 44.000000
120 121 44.000000
121 122 44.000000
122 123 44.000000
123 124 44.000000
545 546 44.000000
546 547 44.000000
698 720 44.000000
1003 10859 44.000000
1024 10270 44.000000
1024 10811 44.000000
1024 10955 44.000000
1322 1323 44.000000
462 463 43.000000
462 483 43.000000
463 464 43.000000
464 465 43.000000
479 480 43.000000
480 481 43.000000
481 482 43.000000
482 483 43.000000
756 757 43.000000
761 783 43.000000
828 850 43.000000
1002 10825 43.000000
391 413 42.000000
805 827 42.000000
1002 1024 42.000000
1003 10201 42.000000
1068 10721 42.000000
638 639 41.000000
639 640 41.000000
1002 10384 41.000000
1002 10681 41.000000
1003 10646 41.000000
1048 10950 41.000000
1254 1255 41.000000
1254 1275 41.000000
1255 1256 41.000000
1273 1274 41.000000
1274 1275 41.000000
72 94 40.000000
1003 10257 40.000000
1003 10585 40.000000
1019 10598 40.000000
1063 10757 40.000000
1091 10950 40.000000
305 327 39.000000
638 659 39.000000
657 658 39.000000
658 659 39.000000
779 801 39.000000
1048 10971 39.000000
1191 1192 39.000000
26 48 38.000000
164 165 38.000000
165 166 38.000000
166 167 38.000000
167 168 38.000000
168 169 38.000000
169 170 38.000000
170 171 38.000000
171 172 38.000000
172 173 38.000000
414 436 38.000000
443 444 38.000000
444 445 38.000000
800 801 38.000000
887 909 38.000000
1002 10357 38.000000
1220 1242 38.000000
1024 10331 37.000000
1024 10810 37.000000
1024 10969 37.000000
190 191 36.000000
191 192 36.000000
192 193 36.000000
193 194 36.000000
194 195 36.000000
852 874 36.000000
1002 10841 36.000000
1024 10946 36.000000
1027 10605 36.000000
1163 1164 36.000000
1235 1257 36.000000
1486 1487 36.000000
261 283 35.000000
654 676 35.000000
1002 10331 35.000000
1002 10777 35.000000
1002 10810 35.000000
1024 10357 35.000000
1024 10949 35.000000
1106 1128 35.000000
806 828 34.000000
915 937 34.000000
1027 10366 34.000000
1027 10423 34.000000
1070 10950 34.000000
1224 1246 34.000000
1300 1301 34.000000
1417 1439 34.000000
422 423 33.000000
606 607 33.000000
607 608 33.000000
608 609 33.000000
609 610 33.000000
610 611 33.000000
611 612 33.000000
612 613 33.000000
914 936 33.000000
1156 1178 33.000000
273 295 32.000000
584 585 32.000000
631 653 32.000000
1093 10968 32.000000
1093 10970 32.000000
473 474 31.000000
867 889 31.000000
1068 1090 31.000000
304 326 30.000000
654 655 30.000000
655 656 30.000000
656 657 30.000000
699 721 30.000000
1047 10490 30.000000
1047 10900 30.000000
1070 10971 30.000000
1288 1310 30.000000
1334 1356 30.000000
1481 1503 30.000000
1524 1546 30.000000
870 892 29.000000
1004 10053 29.000000
1200 1222 29.000000
1311 1333 29.000000
251 273 28.000000
827 849 28.000000
975 997 28.000000
1003 10290 28.000000
1003 10382 28.000000
1090 10922 28.000000
1133 1155 28.000000
1281 1303 28.000000
1068 10752 27.000000
1093 10948 27.000000
1093 10976 27.000000
1226 1227 27.000000
1227 1228 27.000000
1228 1229 27.000000
114 136 26.000000
474 475 26.000000
1063 10878 26.000000
1201 1223 26.000000
119 141 25.000000
632 633 25.000000
633 634 25.000000
756 778 25.000000
1003 10115 25.000000
1003 10559 25.000000
1138 1160 25.000000
1266 1288 25.000000
283 305 24.000000
349 371 24.000000
387 409 24.000000
874 896 24.000000
1237 1259 24.000000
1547 1569 24.000000
479 501 23.000000
634 635 23.000000
719 741 23.000000
742 764 23.000000
1421 1443 23.000000
211 233 22.000000
369 391 22.000000
1041 10807 22.000000
1067 10842 22.000000
1091 10971 22.000000
1157 1179 22.000000
1328 1350 22.000000
1348 1370 22.000000
196 218 21.000000
300 322 21.000000
640 641 21.000000
663 664 21.000000
664 665 21.000000
665 666 21.000000
666 667 21.000000
958 980 21.000000
1067 10718 21.000000
1067 10788 21.000000
1067 10831 21.000000
1067 10965 21.000000
1089 1111 21.000000
1176 1198 21.000000
1192 1214 21.000000
1364 1365 21.000000
1364 1385 21.000000
1365 1366 21.000000
1378 1379 21.000000
1379 1380 21.000000
1380 1381 21.000000
1381 1382 21.000000
1382 1383 21.000000
1383 1384 21.000000
1384 1385 21.000000
69 91 20.000000
160 182 20.000000
667 668 20.000000
668 669 20.000000
669 670 20.000000
1045 10955 20.000000
1047 10563 20.000000
1068 10681 20.000000
1229 1230 20.000000
1523 1545 20.000000
235 257 19.000000
509 510 19.000000
510 511 19.000000
511 512 19.000000
512 513 19.000000
513 514 19.000000
514 515 19.000000
515 516 19.000000
516 517 19.000000
1072 10864 19.000000
1072 10968 19.000000
1072 10970 19.000000
1093 1115 19.000000
1526 1548 19.000000
11 1573 18.000000
189 211 18.000000
598 599 18.000000
599 600 18.000000
600 601 18.000000
601 602 18.000000
602 603 18.000000
603 604 18.000000
604 605 18.000000
691 713 18.000000
850 872 18.000000
1001 10951 18.000000
1003 10315 18.000000
1197 1219 18.000000
1213 1214 18.000000
212 234 17.000000
501 502 17.000000
502 503 17.000000
588 610 17.000000
610 632 17.000000
880 881 17.000000
880 901 17.000000
881 882 17.000000
896 897 17.000000
897 898 17.000000
898 899 17.000000
899 900 17.000000
900 901 17.000000
1210 1211 17.000000
1210 1231 17.000000
1211 1212 17.000000
1212 1213 17.000000
1230 1231 17.000000
190 212 16.000000
605 606 16.000000
787 788 16.000000
823 845 16.000000
1001 10476 16.000000
1001 10848 16.000000
1001 10902 16.000000
1001 10921 16.000000
1024 10280 16.000000
1024 10659 16.000000
1067 10703 16.000000
1226 1248 16.000000
29 51 15.000000
713 735 15.000000
830 852 15.000000
836 837 15.000000
836 857 15.000000
837 838 15.000000
853 854 15.000000
854 855 15.000000
855 856 15.000000
856 857 15.000000
1003 10395 15.000000
1042 11000 15.000000
1047 10567 15.000000
1047 10781 15.000000
1047 10935 15.000000
124 125 14.000000
125 126 14.000000
126 127 14.000000
127 128 14.000000
128 129 14.000000
176 198 14.000000
1023 10250 14.000000
1023 10386 14.000000
1023 10407 14.000000
1023 10575 14.000000
1023 10640 14.000000
1023 10664 14.000000
1023 10718 14.000000
1023 10788 14.000000
1023 10842 14.000000
1023 10965 14.000000
1047 10677 14.000000
1047 10744 14.000000
1093 10956 14.000000
1330 1352 14.000000
1342 1343 14.000000
1342 1363 14.000000
1343 1344 14.000000
1356 1357 14.000000
1357 1358 14.000000
1358 1359 14.000000
1359 1360 14.000000
1360 1361 14.000000
1361 1362 14.000000
1362 1363 14.000000
1366 1367 14.000000
4 5 13.000000
164 186 13.000000
280 302 13.000000
418 440 13.000000
1040 10599 13.000000
1050 10715 13.000000
1088 10965 13.000000
1192 1193 13.000000
269 291 12.000000
291 313 12.000000
597 598 12.000000
597 619 12.000000
726 727 12.000000
726 747 12.000000
727 728 12.000000
744 745 12.000000
745 746 12.000000
746 747 12.000000
829 851 12.000000
1045 10777 12.000000
1089 10949 12.000000
1089 10955 12.000000
1546 1568 12.000000
37 59 11.000000
129 130 11.000000
770 771 11.000000
771 772 11.000000
787 809 11.000000
1046 10719 11.000000
1046 10839 11.000000
1193 1194 11.000000
142 143 10.000000
143 144 10.000000
144 145 10.000000
145 146 10.000000
146 147 10.000000
147 148 10.000000
148 149 10.000000
149 150 10.000000
150 151 10.000000
151 152 10.000000
343 365 10.000000
503 525 10.000000
525 547 10.000000
619 641 10.000000
700 722 10.000000
807 829 10.000000
1001 10484 10.000000
1001 10505 10.000000
1001 10506 10.000000
1001 10775 10.000000
1001 10783 10.000000
1040 10598 10.000000
1045 1067 10.000000
1279 1301 10.000000
1285 1307 10.000000
12 13 9.000000
13 14 9.000000
14 15 9.000000
15 37 9.000000
260 282 9.000000
522 523 9.000000
786 808 9.000000
872 894 9.000000
1056 1057 9.000000
1056 1077 9.000000
1057 1058 9.000000
1058 1059 9.000000
1059 1060 9.000000
1060 1061 9.000000
1061 1062 9.000000
1076 1077 9.000000
327 349 8.000000
718 740 8.000000
729 751 8.000000
770 791 8.000000
788 789 8.000000
789 790 8.000000
790 791 8.000000
831 853 8.000000
1001 10831 8.000000
1004 10672 8.000000
1045 10738 8.000000
1068 10694 8.000000
1078 1079 8.000000
1078 1099 8.000000
1079 1080 8.000000
1080 1081 8.000000
1081 1082 8.000000
1082 1083 8.000000
1083 1084 8.000000
1098 1099 8.000000
1148 1170 8.000000
1203 1225 8.000000
1229 1251 8.000000
1399 1421 8.000000
484 485 7.000000
484 505 7.000000
485 486 7.000000
486 487 7.000000
503 504 7.000000
504 505 7.000000
707 729 7.000000
762 784 7.000000
1002 10399 7.000000
1047 10499 7.000000
1048 10605 7.000000
1063 1085 7.000000
1110 1132 7.000000
1213 1235 7.000000
1236 1258 7.000000
120 142 6.000000
154 155 6.000000
154 175 6.000000
155 156 6.000000
173 195 6.000000
174 175 6.000000
229 251 6.000000
315 337 6.000000
598 620 6.000000
1002 10280 6.000000
1002 10659 6.000000
1002 10745 6.000000
1040 10768 6.000000
1046 10679 6.000000
1067 10775 6.000000
1067 10783 6.000000
1067 10848 6.000000
1067 10902 6.000000
1067 10921 6.000000
1067 10951 6.000000
1089 10946 6.000000
1190 1212 6.000000
1191 1213 6.000000
1212 1234 6.000000
1218 1240 6.000000
1282 1304 6.000000
1304 1326 6.000000
53 75 5.000000
75 97 5.000000
142 164 5.000000
421 443 5.000000
550 551 5.000000
550 572 5.000000
551 552 5.000000
647 648 5.000000
653 675 5.000000
770 792 5.000000
792 813 5.000000
810 811 5.000000
811 812 5.000000
812 813 5.000000
1001 10028 5.000000
1002 10270 5.000000
1004 10390 5.000000
1004 10928 5.000000
1046 10493 5.000000
1046 10694 5.000000
1105 1127 5.000000
1230 1252 5.000000
10 1572 4.000000
399 421 4.000000
572 594 4.000000
616 637 4.000000
635 636 4.000000
636 637 4.000000
743 765 4.000000
800 822 4.000000
814 815 4.000000
814 835 4.000000
815 816 4.000000
831 832 4.000000
832 833 4.000000
833 834 4.000000
834 835 4.000000
838 839 4.000000
839 840 4.000000
840 841 4.000000
841 842 4.000000
842 843 4.000000
843 844 4.000000
909 931 4.000000
1045 10603 4.000000
1045 10808 4.000000
1045 10810 4.000000
1045 10816 4.000000
1045 10841 4.000000
1045 10877 4.000000
1045 10934 4.000000
1045 10946 4.000000
1045 10949 4.000000
1045 10969 4.000000
1067 10969 4.000000
1089 10969 4.000000
1484 1506 4.000000
1527 1549 4.000000
129 151 3.000000
151 173 3.000000
173 174 3.000000
174 196 3.000000
667 689 3.000000
682 704 3.000000
744 766 3.000000
1001 1023 3.000000
1001 10167 3.000000
1001 10179 3.000000
1001 10250 3.000000
1001 10386 3.000000
1001 10407 3.000000
1001 10568 3.000000
1001 10575 3.000000
1001 10640 3.000000
1001 10664 3.000000
1001 10718 3.000000
1001 10788 3.000000
1001 10842 3.000000
1001 10965 3.000000
1004 1026 3.000000
1045 10450 3.000000
1045 10476 3.000000
1045 10484 3.000000
1045 10505 3.000000
1045 10506 3.000000
1045 10703 3.000000
1045 10775 3.000000
1045 10783 3.000000
1045 10848 3.000000
1045 10902 3.000000
1045 10921 3.000000
1045 10951 3.000000
1084 10878 3.000000
1286 1308 3.000000
33 34 2.000000
34 35 2.000000
35 36 2.000000
36 37 2.000000
282 304 2.000000
594 616 2.000000
594 615 2.000000
613 614 2.000000
614 615 2.000000
616 617 2.000000
617 618 2.000000
618 619 2.000000
634 656 2.000000
638 660 2.000000
649 671 2.000000
656 678 2.000000
696 718 2.000000
701 723 2.000000
748 770 2.000000
757 779 2.000000
801 823 2.000000
822 844 2.000000
873 895 2.000000
1004 10157 2.000000
1004 10490 2.000000
1004 10900 2.000000
1040 10460 2.000000
1050 1072 2.000000
1072 10782 2.000000
1072 10871 2.000000
1072 10948 2.000000
1072 10976 2.000000
1139 1161 2.000000
1166 1188 2.000000
1193 1215 2.000000
1223 1245 2.000000
1242 1264 2.000000
1545 1567 2.000000
44 45 1.000000
44 65 1.000000
45 46 1.000000
46 47 1.000000
59 60 1.000000
60 61 1.000000
61 62 1.000000
62 63 1.000000
63 64 1.000000
64 65 1.000000
487 488 1.000000
488 489 1.000000
489 490 1.000000
490 491 1.000000
491 492 1.000000
492 493 1.000000
493 494 1.000000
494 495 1.000000
531 532 1.000000
532 533 1.000000
533 534 1.000000
534 535 1.000000
535 536 1.000000
536 537 1.000000
537 538 1.000000
538 539 1.000000
541 542 1.000000
542 543 1.000000
543 544 1.000000
544 545 1.000000
572 593 1.000000
591 592 1.000000
592 593 1.000000
714 736 1.000000
729 730 1.000000
730 731 1.000000
731 732 1.000000
1004 10567 1.000000
1019 10217 1.000000
1040 10430 1.000000
1040 10444 1.000000
1040 10531 1.000000
1040 10589 1.000000
1040 10648 1.000000
1041 10741 1.000000
1041 10757 1.000000
1041 10814 1.000000
1104 1126 1.000000
1126 1148 1.000000
1239 1261 1.000000
1261 1283 1.000000
1351 1373 1.000000
1482 1504 1.000000
