14 15 15660.000000
148 149 15153.000000
149 150 15153.000000
150 151 15153.000000
147 148 13767.000000
1163 1164 12849.000000
169 170 11127.000000
170 171 11127.000000
171 172 11127.000000
172 173 11127.000000
1185 1186 10875.000000
1207 1208 10850.000000
1120 1121 10573.000000
944 945 10560.000000
1333 1334 10542.000000
808 809 10537.000000
809 810 10537.000000
1119 1120 10215.000000
151 152 10137.000000
1334 1335 9893.000000
1183 1184 9604.000000
1184 1185 9497.000000
1162 1163 9482.000000
988 989 9475.000000
1206 1207 9210.000000
1205 1206 9174.000000
943 944 9136.000000
987 988 8816.000000
965 966 8794.000000
1161 1162 8780.000000
103 10356 8709.000000
1118 1119 8666.000000
1335 1336 8553.000000
192 193 8550.000000
193 194 8550.000000
194 195 8550.000000
58 59 8446.000000
195 196 8274.000000
168 169 8057.000000
1164 1165 7978.000000
152 153 7944.000000
1009 1010 7807.000000
810 811 7706.000000
1204 1205 7618.000000
966 967 7608.000000
191 192 7551.000000
1141 1142 7230.000000
1160 1161 7185.000000
1076 1077 7101.000000
1140 1141 7086.000000
1336 1337 6982.000000
1179 1180 6899.000000
1182 1183 6888.000000
1177 1178 6453.000000
1178 1179 6453.000000
986 987 6360.000000
1031 1032 6298.000000
942 943 6252.000000
1008 1009 6249.000000
807 808 6228.000000
283 284 6195.000000
173 174 6123.000000
1139 1140 6109.000000
196 197 6052.000000
1117 1118 6026.000000
1180 1181 6020.000000
1007 1008 5995.000000
1097 1098 5950.000000
964 965 5944.000000
900 901 5914.000000
1223 1224 5832.000000
1203 1204 5811.000000
1337 1338 5804.000000
1221 1222 5775.000000
1222 1223 5775.000000
1200 1201 5737.000000
1032 1033 5657.000000
899 900 5637.000000
924 945 5618.000000
852 853 5543.000000
853 854 5543.000000
1202 1203 5515.000000
132 153 5434.000000
1181 1182 5335.000000
764 765 5332.000000
765 766 5332.000000
880 901 5312.000000
1224 1225 5298.000000
766 767 5276.000000
922 923 5268.000000
174 175 5219.000000
1201 1202 5207.000000
1138 1139 5149.000000
102 103 5144.000000
855 856 5099.000000
12 13 5095.000000
11 12 5090.000000
126 127 5085.000000
127 128 5085.000000
128 129 5085.000000
129 130 5083.000000
1075 1076 5080.000000
284 285 5074.000000
811 812 5068.000000
921 922 5055.000000
151 173 5048.000000
57 58 5018.000000
36 37 5013.000000
1159 1160 5010.000000
982 983 4984.000000
983 984 4984.000000
984 985 4984.000000
190 191 4911.000000
1156 1157 4771.000000
786 787 4757.000000
787 788 4757.000000
968 969 4741.000000
213 214 4652.000000
214 215 4652.000000
215 216 4652.000000
216 217 4652.000000
279 280 4630.000000
280 281 4630.000000
281 282 4630.000000
282 283 4630.000000
13 14 4619.000000
1488 1489 4613.000000
1096 1097 4602.000000
1010 1011 4567.000000
920 921 4561.000000
981 982 4539.000000
1074 1075 4539.000000
1249 1250 4529.000000
851 852 4517.000000
1250 1251 4496.000000
1030 1031 4485.000000
125 126 4475.000000
212 213 4430.000000
806 807 4422.000000
146 147 4394.000000
15 16 4381.000000
1176 1177 4374.000000
1220 1221 4344.000000
1098 1099 4340.000000
968 989 4338.000000
1228 1229 4299.000000
167 168 4294.000000
1272 1273 4267.000000
1157 1158 4241.000000
1158 1159 4241.000000
1073 1074 4133.000000
1289 1290 4124.000000
1290 1291 4124.000000
785 786 4106.000000
873 874 4103.000000
874 875 4103.000000
1227 1228 4055.000000
1311 1312 4012.000000
1012 1033 3972.000000
10 11 3902.000000
348 349 3882.000000
1248 1249 3882.000000
1271 1272 3867.000000
35 36 3854.000000
829 830 3838.000000
830 831 3838.000000
831 832 3838.000000
176 197 3796.000000
854 855 3790.000000
898 899 3756.000000
875 876 3731.000000
1251 1252 3693.000000
1270 1271 3670.000000
1226 1227 3634.000000
124 125 3622.000000
264 285 3614.000000
1312 1313 3604.000000
1487 1488 3602.000000
1056 1077 3600.000000
1199 1200 3590.000000
1029 1030 3562.000000
1225 1226 3531.000000
240 241 3519.000000
616 637 3514.000000
1291 1292 3506.000000
1338 1339 3505.000000
1444 1445 3429.000000
210 211 3412.000000
235 236 3335.000000
236 237 3335.000000
237 238 3335.000000
238 239 3335.000000
572 593 3324.000000
895 896 3319.000000
896 897 3319.000000
897 898 3319.000000
1077 1099 3299.000000
590 591 3285.000000
591 592 3285.000000
239 240 3281.000000
963 964 3214.000000
872 873 3192.000000
985 986 3180.000000
1247 1248 3175.000000
101 102 3171.000000
876 877 3166.000000
1313 1314 3156.000000
592 593 3139.000000
1294 1295 3134.000000
220 241 3121.000000
1466 1467 3121.000000
104 105 3090.000000
105 106 3090.000000
106 107 3090.000000
107 108 3060.000000
1293 1294 3030.000000
59 60 3024.000000
1116 1117 3023.000000
850 851 3002.000000
1509 1510 2968.000000
572 573 2967.000000
1246 1247 2957.000000
833 834 2922.000000
784 785 2895.000000
1245 1246 2892.000000
1465 1466 2881.000000
763 764 2827.000000
103 104 2824.000000
1467 1468 2818.000000
1267 1268 2803.000000
1052 1053 2787.000000
59 81 2785.000000
856 857 2784.000000
1095 1096 2775.000000
944 966 2769.000000
1314 1315 2743.000000
166 167 2728.000000
1112 1113 2723.000000
877 878 2718.000000
370 371 2715.000000
1113 1114 2715.000000
1114 1115 2715.000000
218 219 2706.000000
1423 1424 2700.000000
108 130 2695.000000
1292 1293 2691.000000
1269 1270 2688.000000
1489 1490 2675.000000
719 720 2647.000000
1025 1026 2644.000000
1026 1027 2644.000000
1027 1028 2635.000000
1053 1054 2605.000000
371 372 2593.000000
217 218 2576.000000
1155 1156 2559.000000
1357 1358 2539.000000
1443 1444 2530.000000
1401 1402 2526.000000
1028 1029 2525.000000
1054 1055 2525.000000
1137 1138 2508.000000
1315 1316 2503.000000
234 235 2484.000000
80 81 2483.000000
902 923 2463.000000
768 769 2445.000000
1268 1269 2426.000000
1355 1356 2421.000000
1358 1359 2402.000000
812 813 2386.000000
132 133 2379.000000
1464 1465 2369.000000
1115 1116 2351.000000
938 939 2339.000000
939 940 2339.000000
940 941 2339.000000
1012 1013 2292.000000
102 124 2287.000000
959 960 2282.000000
960 961 2282.000000
961 962 2282.000000
962 963 2282.000000
1486 1487 2257.000000
636 637 2252.000000
1243 1244 2239.000000
1094 1095 2226.000000
1508 1509 2209.000000
633 634 2198.000000
634 635 2198.000000
635 636 2198.000000
1420 1421 2190.000000
1510 1511 2186.000000
767 768 2170.000000
704 725 2151.000000
211 212 2137.000000
990 991 2135.000000
788 789 2131.000000
945 967 2122.000000
133 134 2104.000000
721 722 2102.000000
722 723 2102.000000
1421 1422 2080.000000
941 942 2065.000000
176 177 2048.000000
1359 1360 2043.000000
103 125 2041.000000
37 38 2032.000000
658 659 2013.000000
1111 1112 1965.000000
1244 1245 1957.000000
828 829 1956.000000
1442 1443 1945.000000
724 725 1922.000000
748 769 1920.000000
220 221 1913.000000
720 721 1907.000000
880 902 1901.000000
614 615 1891.000000
812 834 1885.000000
154 175 1880.000000
616 617 1863.000000
1399 1400 1859.000000
123 124 1838.000000
871 872 1833.000000
198 219 1824.000000
901 923 1821.000000
742 743 1805.000000
743 744 1805.000000
744 745 1805.000000
1356 1357 1805.000000
1242 1243 1801.000000
1400 1401 1794.000000
1402 1403 1794.000000
1142 1143 1785.000000
1316 1317 1781.000000
79 80 1774.000000
1379 1380 1770.000000
154 155 1760.000000
969 970 1760.000000
1078 1099 1738.000000
221 222 1737.000000
305 306 1735.000000
1552 1553 1733.000000
233 234 1732.000000
704 705 1729.000000
832 833 1721.000000
594 615 1709.000000
789 790 1709.000000
15 37 1705.000000
327 328 1701.000000
153 175 1695.000000
1120 1142 1678.000000
1553 1554 1668.000000
1051 1052 1649.000000
550 571 1634.000000
568 569 1628.000000
569 570 1628.000000
570 571 1628.000000
232 233 1624.000000
1422 1423 1606.000000
573 574 1594.000000
189 190 1568.000000
256 257 1552.000000
257 258 1552.000000
258 259 1552.000000
259 260 1552.000000
1229 1230 1546.000000
594 595 1539.000000
124 146 1512.000000
1286 1287 1511.000000
1287 1288 1511.000000
916 917 1481.000000
917 918 1481.000000
918 919 1481.000000
1445 1446 1480.000000
254 255 1465.000000
1377 1378 1448.000000
894 895 1419.000000
638 659 1418.000000
1485 1486 1401.000000
145 146 1396.000000
328 329 1395.000000
856 878 1395.000000
723 724 1383.000000
1530 1531 1373.000000
76 77 1327.000000
77 78 1327.000000
1034 1055 1312.000000
134 135 1282.000000
1468 1469 1281.000000
1529 1530 1281.000000
1003 1004 1280.000000
1004 1005 1280.000000
1005 1006 1280.000000
1576 1577 1276.000000
698 699 1274.000000
699 700 1274.000000
700 701 1274.000000
176 198 1271.000000
1354 1355 1271.000000
1100 1121 1260.000000
676 677 1229.000000
702 703 1227.000000
1144 1165 1226.000000
1164 1186 1222.000000
222 223 1219.000000
1551 1552 1219.000000
81 82 1218.000000
834 835 1214.000000
210 232 1213.000000
1056 1057 1207.000000
177 178 1203.000000
638 639 1200.000000
1378 1379 1199.000000
188 189 1197.000000
1554 1555 1197.000000
155 156 1194.000000
1056 1078 1194.000000
260 261 1189.000000
308 329 1189.000000
1134 1135 1187.000000
1135 1136 1187.000000
1136 1137 1187.000000
595 596 1165.000000
924 925 1158.000000
58 80 1153.000000
261 262 1147.000000
915 916 1146.000000
199 200 1145.000000
677 678 1144.000000
678 679 1144.000000
277 278 1133.000000
278 279 1133.000000
790 791 1133.000000
1398 1399 1131.000000
1029 10407 1126.000000
242 263 1115.000000
1208 1230 1114.000000
1288 1289 1104.000000
1574 1575 1102.000000
1573 1574 1100.000000
308 309 1096.000000
156 157 1092.000000
574 575 1091.000000
242 243 1085.000000
617 618 1073.000000
243 244 1072.000000
262 263 1066.000000
550 551 1065.000000
925 947 1065.000000
1285 1286 1065.000000
1311 1333 1054.000000
1132 1133 1050.000000
198 199 1047.000000
937 938 1038.000000
1198 1199 1033.000000
632 633 1027.000000
1555 1556 1015.000000
919 920 1013.000000
240 262 1008.000000
1072 1073 1005.000000
1531 1532 1005.000000
152 174 996.000000
1441 1442 989.000000
1009 10190 986.000000
306 307 984.000000
1133 1134 982.000000
784 806 948.000000
1510 1532 942.000000
284 306 936.000000
655 656 934.000000
656 657 934.000000
657 658 934.000000
16 38 928.000000
1075 10953 920.000000
1031 10421 917.000000
746 747 910.000000
70 71 909.000000
71 72 909.000000
72 73 909.000000
73 74 909.000000
74 75 909.000000
75 76 909.000000
1424 1425 908.000000
741 742 903.000000
1219 1220 903.000000
264 265 900.000000
178 179 889.000000
1006 1007 888.000000
1154 1155 882.000000
122 123 876.000000
220 242 868.000000
1175 1176 865.000000
697 698 860.000000
589 590 848.000000
196 218 841.000000
1528 1529 838.000000
209 210 834.000000
484 505 832.000000
503 504 832.000000
504 505 832.000000
682 703 832.000000
679 680 821.000000
1511 1512 820.000000
1380 1381 810.000000
201 202 805.000000
202 203 805.000000
203 204 805.000000
204 205 805.000000
205 206 805.000000
206 207 805.000000
207 208 805.000000
208 209 805.000000
241 263 801.000000
1002 1003 797.000000
1490 1491 797.000000
286 287 794.000000
675 676 791.000000
26 27 786.000000
27 28 786.000000
28 29 786.000000
29 30 786.000000
30 31 786.000000
255 256 785.000000
1381 1382 774.000000
745 746 767.000000
180 181 762.000000
181 182 762.000000
182 183 762.000000
183 184 762.000000
184 185 762.000000
185 186 762.000000
186 187 762.000000
946 947 762.000000
1295 1296 756.000000
1009 10796 754.000000
958 959 753.000000
1007 10268 752.000000
1034 1035 749.000000
1575 1576 738.000000
946 967 734.000000
187 188 726.000000
349 350 724.000000
1076 1098 710.000000
372 373 706.000000
16 17 705.000000
1556 1557 704.000000
114 115 702.000000
115 116 702.000000
116 117 702.000000
117 118 702.000000
118 119 702.000000
119 120 702.000000
120 121 702.000000
121 122 702.000000
265 266 688.000000
1512 1513 688.000000
529 530 687.000000
528 529 685.000000
1446 1447 680.000000
1096 10979 679.000000
762 763 678.000000
1068 1069 673.000000
1069 1070 673.000000
1070 1071 673.000000
1577 1578 668.000000
1071 1072 667.000000
880 881 663.000000
610 611 662.000000
1267 1289 661.000000
1532 1533 655.000000
276 277 653.000000
969 991 645.000000
855 877 629.000000
13 35 628.000000
253 254 627.000000
682 683 626.000000
1507 1508 620.000000
1144 1145 617.000000
1145 1146 617.000000
1146 1147 617.000000
660 681 615.000000
680 681 615.000000
1122 1143 615.000000
309 331 614.000000
588 589 612.000000
1011 10470 612.000000
287 288 610.000000
10 10035 608.000000
132 154 604.000000
112 113 603.000000
1425 1426 599.000000
130 131 598.000000
1025 10932 597.000000
1121 1143 596.000000
147 169 592.000000
1008 10413 592.000000
660 661 591.000000
1025 10731 591.000000
1013 1014 587.000000
726 747 585.000000
572 594 579.000000
110 111 563.000000
111 112 563.000000
309 310 561.000000
992 993 556.000000
14 36 555.000000
211 233 554.000000
991 992 553.000000
326 327 552.000000
609 610 552.000000
1067 1068 550.000000
1033 1055 546.000000
1110 1111 543.000000
392 393 542.000000
1157 1179 538.000000
552 553 537.000000
286 307 535.000000
980 981 535.000000
78 79 534.000000
1122 1123 533.000000
1123 1124 533.000000
1124 1125 533.000000
1125 1126 519.000000
1078 1079 518.000000
110 131 517.000000
330 331 510.000000
1014 1015 510.000000
1015 1016 510.000000
350 372 506.000000
723 745 505.000000
1376 1377 505.000000
10 10151 503.000000
701 702 501.000000
1403 1404 501.000000
1079 1080 499.000000
1080 1081 499.000000
1010 10435 497.000000
1310 1311 489.000000
103 10491 486.000000
1012 1034 486.000000
959 981 484.000000
10 10224 480.000000
10 10418 480.000000
10 10651 480.000000
102 10470 474.000000
574 596 474.000000
1078 10828 472.000000
1008 10148 469.000000
893 894 468.000000
1001 1002 468.000000
53 54 463.000000
35 57 462.000000
551 552 461.000000
1008 10694 461.000000
1555 1577 460.000000
10 10396 455.000000
1045 1046 454.000000
125 147 453.000000
330 351 452.000000
10 10540 448.000000
970 971 445.000000
200 201 444.000000
653 654 443.000000
92 93 435.000000
93 94 435.000000
94 95 435.000000
95 96 435.000000
96 97 435.000000
97 98 435.000000
98 99 435.000000
134 156 435.000000
54 55 434.000000
55 56 434.000000
56 57 434.000000
102 10481 434.000000
617 639 433.000000
654 655 433.000000
1010 10130 432.000000
350 351 431.000000
48 49 430.000000
49 50 430.000000
50 51 430.000000
51 52 430.000000
52 53 430.000000
144 145 424.000000
31 32 419.000000
70 92 418.000000
530 531 418.000000
573 595 417.000000
1033 10470 417.000000
1046 1047 417.000000
1047 1048 417.000000
1048 1049 417.000000
813 835 416.000000
827 828 416.000000
1049 1050 416.000000
1057 1058 416.000000
1058 1059 416.000000
639 640 415.000000
1031 10459 415.000000
1147 1148 413.000000
1012 10273 409.000000
1031 10487 406.000000
611 612 405.000000
612 613 405.000000
613 614 405.000000
1469 1470 405.000000
586 587 402.000000
108 109 401.000000
1177 1199 399.000000
1012 10503 397.000000
1101 1102 397.000000
1102 1103 397.000000
1273 1274 395.000000
57 79 391.000000
1245 1267 391.000000
1035 1036 384.000000
1036 1037 384.000000
1052 10819 383.000000
792 813 378.000000
1008 10392 378.000000
136 137 373.000000
137 138 373.000000
138 139 373.000000
139 140 373.000000
140 141 373.000000
141 142 373.000000
142 143 373.000000
143 144 373.000000
1572 1573 370.000000
1012 10481 368.000000
1126 1127 368.000000
1127 1128 368.000000
1128 1129 368.000000
1129 1130 368.000000
1130 1131 368.000000
520 521 361.000000
521 522 361.000000
516 517 360.000000
517 518 360.000000
518 519 360.000000
519 520 360.000000
179 201 359.000000
1009 10199 358.000000
32 33 357.000000
33 34 357.000000
34 35 357.000000
103 10983 355.000000
767 789 355.000000
484 506 354.000000
102 10997 353.000000
1009 10979 353.000000
352 373 352.000000
1288 1310 350.000000
103 10991 349.000000
1335 1357 349.000000
103 10610 346.000000
103 10764 346.000000
1008 10901 342.000000
1360 1361 342.000000
1100 1101 341.000000
103 10313 340.000000
103 10374 340.000000
103 10524 340.000000
103 10526 340.000000
103 10666 340.000000
103 10695 340.000000
103 10707 340.000000
103 10907 340.000000
103 10915 340.000000
740 741 338.000000
1059 1081 336.000000
103 10492 335.000000
1010 10121 335.000000
1025 10711 335.000000
705 706 333.000000
242 264 332.000000
1398 1420 331.000000
1077 10923 330.000000
103 10334 329.000000
103 10749 329.000000
103 10766 329.000000
103 10803 329.000000
1266 1267 328.000000
103 10397 327.000000
103 10799 327.000000
103 10851 327.000000
103 10906 327.000000
1201 1223 326.000000
768 790 325.000000
1081 10874 324.000000
100 101 323.000000
103 10564 323.000000
103 10571 323.000000
103 10601 323.000000
103 10797 323.000000
679 701 323.000000
103 10354 322.000000
201 223 322.000000
103 10336 321.000000
103 10580 321.000000
1032 10668 321.000000
198 220 320.000000
1131 1132 320.000000
1223 1245 320.000000
103 10464 316.000000
101 10500 315.000000
103 10926 314.000000
529 551 313.000000
103 10723 312.000000
1052 10529 312.000000
157 158 308.000000
158 159 308.000000
159 160 308.000000
160 161 308.000000
161 162 308.000000
162 163 308.000000
163 164 308.000000
164 165 308.000000
165 166 308.000000
101 123 307.000000
720 742 306.000000
948 949 305.000000
1533 1534 305.000000
101 10438 304.000000
102 10409 304.000000
947 948 304.000000
528 550 303.000000
231 232 302.000000
101 10687 301.000000
101 10948 301.000000
101 10976 301.000000
222 244 301.000000
1050 1051 301.000000
133 155 299.000000
266 267 297.000000
971 972 297.000000
1078 10931 297.000000
1186 1187 296.000000
828 850 295.000000
352 353 294.000000
484 485 293.000000
968 990 293.000000
1074 1096 293.000000
102 10503 292.000000
195 217 292.000000
587 588 289.000000
1024 1025 289.000000
1382 1383 288.000000
1029 10565 286.000000
267 268 285.000000
268 269 285.000000
269 270 285.000000
270 271 285.000000
271 272 285.000000
272 273 285.000000
273 274 285.000000
146 168 284.000000
274 275 284.000000
1244 1266 284.000000
1034 10403 283.000000
102 10762 282.000000
102 10947 282.000000
283 305 282.000000
223 224 281.000000
224 225 281.000000
225 226 281.000000
226 227 281.000000
227 228 281.000000
228 229 281.000000
229 230 281.000000
230 231 281.000000
102 10924 280.000000
102 10488 279.000000
166 188 279.000000
102 10600 278.000000
1251 1273 276.000000
1339 1340 274.000000
1033 10593 262.000000
1424 1446 261.000000
770 791 260.000000
1226 1248 260.000000
37 59 257.000000
1034 10607 257.000000
553 554 256.000000
554 555 256.000000
555 556 256.000000
556 557 256.000000
557 558 256.000000
1011 10488 256.000000
811 833 254.000000
900 922 254.000000
1011 10762 252.000000
1011 10947 250.000000
1492 1493 250.000000
1493 1494 250.000000
1494 1495 250.000000
1252 1274 249.000000
1031 10953 247.000000
82 83 246.000000
83 84 246.000000
84 85 246.000000
85 86 246.000000
1012 10981 244.000000
1030 10401 244.000000
1093 1094 244.000000
1148 1149 241.000000
1149 1150 241.000000
1150 1151 241.000000
1151 1152 241.000000
1152 1153 241.000000
86 87 240.000000
1077 10997 240.000000
1166 1167 240.000000
1167 1168 240.000000
1168 1169 240.000000
1264 1265 239.000000
1265 1266 239.000000
902 903 238.000000
66 67 237.000000
66 87 237.000000
67 68 237.000000
68 69 237.000000
199 221 237.000000
1001 10030 237.000000
903 904 236.000000
904 905 236.000000
154 176 235.000000
683 684 235.000000
1011 10998 235.000000
1006 10167 232.000000
1002 10276 230.000000
1003 10146 230.000000
1010 10142 230.000000
1010 10868 230.000000
88 89 229.000000
89 90 229.000000
90 91 229.000000
661 662 229.000000
221 243 228.000000
1208 1209 227.000000
1001 10635 226.000000
1166 1187 226.000000
1010 10432 224.000000
1313 1335 224.000000
567 568 223.000000
528 549 222.000000
546 547 222.000000
547 548 222.000000
548 549 222.000000
232 254 221.000000
1032 10577 220.000000
104 10806 219.000000
104 10904 219.000000
1013 10176 219.000000
1013 10455 219.000000
1013 10643 219.000000
1076 10917 218.000000
1514 1515 216.000000
1515 1516 216.000000
1516 1517 216.000000
103 10754 215.000000
197 219 215.000000
60 82 214.000000
103 10501 214.000000
103 10793 214.000000
1025 10272 214.000000
1025 10411 214.000000
1025 10474 214.000000
1034 10927 213.000000
916 938 212.000000
1397 1398 212.000000
103 10827 211.000000
103 10466 210.000000
103 10755 210.000000
103 10918 210.000000
103 10461 209.000000
1011 10609 209.000000
1013 10293 207.000000
1032 10435 207.000000
103 10809 205.000000
1054 10924 205.000000
1134 1156 205.000000
264 286 204.000000
1054 10600 204.000000
682 704 203.000000
1002 10166 201.000000
704 726 200.000000
748 749 200.000000
1010 10387 200.000000
1010 10730 200.000000
1034 10846 198.000000
967 989 197.000000
878 879 196.000000
26 48 194.000000
91 92 193.000000
1291 1313 193.000000
1010 10239 191.000000
1010 10972 191.000000
135 136 190.000000
1011 10818 190.000000
1035 10578 190.000000
965 987 189.000000
1011 10600 189.000000
306 328 188.000000
1011 10329 187.000000
1010 10414 185.000000
857 879 184.000000
899 921 184.000000
1033 10488 184.000000
1054 10609 184.000000
1056 10607 184.000000
1010 10308 183.000000
1010 10486 183.000000
1010 10879 183.000000
1270 1292 183.000000
1077 10818 182.000000
1010 10475 181.000000
1033 10998 181.000000
1050 1072 181.000000
636 658 180.000000
245 246 179.000000
246 247 179.000000
247 248 179.000000
248 249 179.000000
249 250 179.000000
250 251 179.000000
251 252 179.000000
252 253 179.000000
1034 1056 179.000000
1030 1052 178.000000
1035 10778 178.000000
1033 10947 177.000000
1055 10981 177.000000
1010 10593 176.000000
1010 10619 176.000000
1011 10924 176.000000
1013 1035 176.000000
1032 10372 176.000000
1032 10426 176.000000
1032 10532 176.000000
1032 10763 176.000000
1010 10613 175.000000
1032 10335 175.000000
1033 10762 175.000000
1192 1193 175.000000
1193 1194 175.000000
1194 1195 175.000000
1195 1196 175.000000
1196 1197 175.000000
14 1576 174.000000
1012 10997 173.000000
1055 10995 170.000000
1078 1100 170.000000
1056 10961 169.000000
1141 1163 168.000000
1447 1448 168.000000
275 276 167.000000
1013 10751 167.000000
101 10244 166.000000
581 582 166.000000
582 583 166.000000
583 584 166.000000
584 585 166.000000
585 586 166.000000
1097 10985 166.000000
1241 1242 166.000000
502 503 164.000000
1045 10635 164.000000
592 614 162.000000
745 767 162.000000
881 882 162.000000
882 883 162.000000
883 884 162.000000
1014 10324 162.000000
188 210 161.000000
1075 10985 160.000000
1197 1198 160.000000
1289 1311 160.000000
531 553 159.000000
594 616 158.000000
1009 10668 158.000000
1030 10901 157.000000
1334 1356 156.000000
1008 10249 154.000000
1055 10770 154.000000
38 60 153.000000
371 393 153.000000
524 525 153.000000
525 526 153.000000
526 527 153.000000
545 546 152.000000
179 180 151.000000
266 288 151.000000
1033 10740 150.000000
1188 1209 150.000000
726 727 148.000000
618 640 147.000000
103 10477 146.000000
103 10720 146.000000
915 937 146.000000
101 10269 145.000000
101 10663 145.000000
101 10782 145.000000
109 131 145.000000
1011 10358 145.000000
1137 1159 145.000000
101 10740 144.000000
101 10502 143.000000
103 10465 143.000000
1090 1091 143.000000
1091 1092 143.000000
1092 1093 143.000000
103 10712 142.000000
1003 1025 142.000000
1011 10375 142.000000
1011 10379 142.000000
1011 10863 142.000000
1534 1535 142.000000
103 10546 141.000000
103 10621 141.000000
103 10756 141.000000
167 189 141.000000
1003 10898 141.000000
103 10434 140.000000
103 10905 140.000000
103 10876 139.000000
103 10958 139.000000
103 10984 139.000000
103 10994 139.000000
551 573 139.000000
1442 1464 139.000000
103 10597 138.000000
558 559 138.000000
1008 10689 138.000000
1008 10850 138.000000
1162 1184 138.000000
103 10439 137.000000
103 10673 137.000000
103 10820 137.000000
103 10853 137.000000
103 10913 137.000000
103 10980 137.000000
103 10989 137.000000
440 461 137.000000
459 460 137.000000
460 461 137.000000
1052 10796 137.000000
103 10644 136.000000
103 10652 136.000000
942 964 136.000000
1054 10895 136.000000
1188 1189 136.000000
1189 1190 136.000000
1190 1191 136.000000
1191 1192 136.000000
103 10388 135.000000
103 10483 135.000000
103 10528 135.000000
103 10514 134.000000
103 10676 134.000000
103 10685 134.000000
103 10881 134.000000
1099 1121 134.000000
1336 1358 134.000000
1421 1443 134.000000
103 10342 133.000000
103 10424 133.000000
103 10508 133.000000
103 10804 133.000000
103 10909 133.000000
726 748 133.000000
1550 1551 133.000000
61 62 132.000000
62 63 132.000000
63 64 132.000000
958 980 132.000000
1554 1576 132.000000
103 10653 131.000000
103 10699 131.000000
103 10736 131.000000
1089 1090 131.000000
1485 1507 131.000000
103 10442 130.000000
103 10629 130.000000
244 245 130.000000
920 942 130.000000
1033 10818 130.000000
1295 1317 130.000000
103 10463 128.000000
103 10504 128.000000
103 10521 128.000000
263 285 128.000000
1007 10509 127.000000
100 10715 126.000000
1057 10578 125.000000
1057 10778 125.000000
145 167 124.000000
542 543 124.000000
543 544 124.000000
836 857 124.000000
1031 10413 124.000000
1378 1400 124.000000
1506 1507 124.000000
1053 1075 123.000000
265 287 121.000000
297 298 121.000000
662 663 121.000000
1033 10879 121.000000
104 10911 120.000000
506 527 120.000000
1033 10972 120.000000
1055 10997 120.000000
1073 10738 120.000000
1470 1471 120.000000
1471 1472 120.000000
1472 1473 120.000000
1473 1495 120.000000
255 277 119.000000
1010 10335 119.000000
1247 1269 119.000000
60 61 118.000000
254 276 118.000000
1528 1550 118.000000
440 441 117.000000
1033 10619 117.000000
135 157 116.000000
515 516 116.000000
858 880 116.000000
1007 10167 116.000000
1007 10179 116.000000
1007 10250 116.000000
1007 10640 116.000000
1007 10664 116.000000
1007 10718 116.000000
1007 10965 116.000000
1010 10532 116.000000
1010 10763 116.000000
1033 10486 116.000000
231 253 115.000000
676 698 115.000000
1010 10279 115.000000
1010 10372 115.000000
1010 10426 115.000000
1033 10375 115.000000
1486 1508 115.000000
1006 10568 114.000000
462 483 113.000000
481 482 113.000000
482 483 113.000000
566 567 113.000000
587 609 113.000000
925 926 113.000000
926 927 113.000000
927 928 113.000000
928 950 113.000000
1033 10379 113.000000
1033 10475 113.000000
1033 10863 113.000000
104 10477 112.000000
463 464 112.000000
464 465 112.000000
544 545 112.000000
746 768 112.000000
462 463 111.000000
661 683 111.000000
947 969 111.000000
1028 1050 110.000000
1029 10386 109.000000
1033 10387 109.000000
1054 10863 109.000000
1008 10618 108.000000
1011 10740 108.000000
1033 10609 108.000000
769 791 107.000000
1033 10730 107.000000
13 1575 104.000000
104 10836 104.000000
791 813 104.000000
1155 1177 104.000000
1176 1198 104.000000
104 10641 103.000000
328 350 103.000000
747 769 103.000000
993 994 103.000000
1007 10681 103.000000
1013 10523 103.000000
44 45 102.000000
44 65 102.000000
45 46 102.000000
46 47 102.000000
47 48 102.000000
64 65 102.000000
102 10998 102.000000
441 442 102.000000
442 443 102.000000
443 444 102.000000
1054 10763 102.000000
1076 10763 102.000000
789 811 101.000000
144 166 100.000000
177 199 100.000000
178 200 100.000000
1052 10627 100.000000
104 10720 99.000000
262 284 99.000000
493 494 99.000000
1007 10568 99.000000
1033 10600 99.000000
1050 10539 99.000000
836 858 98.000000
1076 10895 98.000000
1206 1228 98.000000
1010 10271 97.000000
298 299 96.000000
299 300 96.000000
300 301 96.000000
301 302 96.000000
302 303 96.000000
303 304 96.000000
1012 10259 96.000000
1012 10995 96.000000
1007 10136 95.000000
1007 10298 95.000000
1007 10934 95.000000
949 950 94.000000
966 988 94.000000
1029 10331 94.000000
1077 10770 94.000000
972 994 93.000000
596 597 92.000000
1013 10927 92.000000
1491 1492 92.000000
288 289 91.000000
289 290 91.000000
290 291 91.000000
291 292 91.000000
292 293 91.000000
293 294 91.000000
294 295 91.000000
295 296 91.000000
296 297 91.000000
790 812 91.000000
1007 10484 91.000000
1033 10924 91.000000
1051 1073 91.000000
1163 1185 91.000000
1007 10603 90.000000
1007 10808 90.000000
1007 10841 90.000000
1007 10877 90.000000
1153 1154 90.000000
485 486 89.000000
1016 1017 89.000000
1017 1018 89.000000
1018 1019 89.000000
1019 1020 89.000000
1020 1021 89.000000
1021 1022 89.000000
1022 1023 89.000000
1013 10846 88.000000
618 619 87.000000
1008 10627 87.000000
854 876 86.000000
898 920 86.000000
1030 10554 86.000000
1033 10358 86.000000
36 58 85.000000
174 196 84.000000
1072 10726 83.000000
531 532 82.000000
1008 10493 82.000000
1059 1060 82.000000
1355 1377 82.000000
261 283 81.000000
1007 10777 81.000000
1007 10810 81.000000
1089 1111 81.000000
1466 1488 81.000000
219 241 80.000000
532 533 80.000000
533 534 80.000000
534 535 80.000000
535 536 80.000000
536 537 80.000000
1032 10985 80.000000
103 10747 79.000000
507 508 79.000000
1103 1104 79.000000
1007 10380 78.000000
1097 1119 78.000000
103 10302 77.000000
157 179 77.000000
742 764 77.000000
1088 1110 77.000000
103 10930 76.000000
110 132 76.000000
286 308 76.000000
1052 10901 76.000000
1081 1082 76.000000
104 10870 75.000000
506 507 75.000000
508 509 75.000000
806 828 75.000000
994 995 75.000000
995 996 75.000000
996 997 75.000000
997 998 75.000000
998 999 75.000000
1000 1001 75.000000
1045 1067 75.000000
1073 10777 75.000000
1073 10810 75.000000
1082 1083 75.000000
1083 1084 75.000000
1084 1085 75.000000
1085 1086 75.000000
1086 1087 75.000000
1087 1088 75.000000
1380 1402 75.000000
168 190 74.000000
702 724 74.000000
921 943 74.000000
1008 10979 74.000000
835 857 73.000000
1377 1399 73.000000
1031 10618 72.000000
1031 10689 72.000000
1031 10850 72.000000
1057 10751 72.000000
1553 1575 72.000000
923 945 71.000000
1007 10225 71.000000
1007 10450 71.000000
1007 10505 71.000000
1007 10506 71.000000
1007 10775 71.000000
1007 10783 71.000000
1122 1144 71.000000
1030 10811 70.000000
472 473 69.000000
473 474 69.000000
474 475 69.000000
475 476 69.000000
476 477 69.000000
477 478 69.000000
362 363 68.000000
363 364 68.000000
364 365 68.000000
365 366 68.000000
366 367 68.000000
367 368 68.000000
368 369 68.000000
369 370 68.000000
680 702 68.000000
1186 1208 68.000000
113 114 67.000000
189 211 67.000000
878 900 67.000000
1010 1032 67.000000
102 10649 66.000000
103 10966 66.000000
506 528 66.000000
1008 1030 66.000000
1073 10775 66.000000
1073 10783 66.000000
1073 10808 66.000000
1073 10841 66.000000
1073 10877 66.000000
1073 10934 66.000000
1074 10752 66.000000
1078 10927 66.000000
103 10873 65.000000
320 321 65.000000
321 322 65.000000
322 323 65.000000
323 324 65.000000
324 325 65.000000
325 326 65.000000
1073 10816 65.000000
1073 10848 65.000000
1073 10902 65.000000
1073 10921 65.000000
713 714 64.000000
714 715 64.000000
715 716 64.000000
716 717 64.000000
717 718 64.000000
1463 1464 64.000000
647 648 63.000000
648 649 63.000000
649 650 63.000000
650 651 63.000000
651 652 63.000000
652 653 63.000000
1029 10842 63.000000
1023 1024 62.000000
1115 1137 62.000000
1133 1155 62.000000
400 422 61.000000
422 444 61.000000
653 675 61.000000
1009 1031 61.000000
1088 1089 61.000000
1132 1154 61.000000
1203 1225 61.000000
486 487 60.000000
487 488 60.000000
501 502 60.000000
972 973 60.000000
973 974 60.000000
974 975 60.000000
975 976 60.000000
976 977 60.000000
977 978 60.000000
978 979 60.000000
1030 10955 60.000000
1060 1061 60.000000
1061 1062 60.000000
1062 1063 60.000000
1063 1064 60.000000
1064 1065 60.000000
1094 10965 60.000000
1317 1318 60.000000
102 10461 59.000000
471 472 59.000000
1011 10733 59.000000
1029 10831 59.000000
1052 10953 59.000000
1065 1066 59.000000
103 10314 58.000000
104 10767 58.000000
330 352 58.000000
103 10727 57.000000
131 153 57.000000
175 197 57.000000
304 305 57.000000
724 746 57.000000
1029 10575 57.000000
1029 10788 57.000000
1030 10659 57.000000
1030 10681 57.000000
1030 10721 57.000000
1030 10821 57.000000
1066 1067 57.000000
1073 10951 57.000000
103 10511 56.000000
766 788 56.000000
102 10632 55.000000
104 10566 55.000000
104 10591 55.000000
104 10794 55.000000
104 10826 55.000000
104 10963 55.000000
288 310 55.000000
522 523 55.000000
1513 1514 55.000000
102 10827 54.000000
102 10834 54.000000
218 240 54.000000
1030 10446 54.000000
1053 10577 54.000000
1354 1376 54.000000
354 355 53.000000
355 356 53.000000
1357 1379 53.000000
1556 1578 53.000000
239 261 52.000000
444 466 52.000000
1248 1270 52.000000
123 145 51.000000
243 265 51.000000
523 524 51.000000
849 850 51.000000
950 951 51.000000
951 952 51.000000
952 953 51.000000
953 954 51.000000
954 955 51.000000
955 956 51.000000
956 957 51.000000
957 958 51.000000
1054 1076 51.000000
102 10620 50.000000
102 10682 50.000000
102 10729 50.000000
102 10809 50.000000
507 529 50.000000
397 398 49.000000
398 399 49.000000
399 400 49.000000
595 617 49.000000
625 647 49.000000
1009 10143 49.000000
1422 1444 49.000000
103 10728 48.000000
104 10485 48.000000
104 10642 48.000000
104 10686 48.000000
341 342 48.000000
342 343 48.000000
343 344 48.000000
344 345 48.000000
345 346 48.000000
346 347 48.000000
347 348 48.000000
698 720 48.000000
785 807 48.000000
1033 10502 48.000000
319 320 47.000000
719 741 47.000000
1007 10821 47.000000
1051 10951 47.000000
1104 1105 47.000000
1105 1106 47.000000
1106 1107 47.000000
1107 1108 47.000000
1108 1109 47.000000
104 10734 46.000000
331 332 46.000000
472 494 46.000000
597 598 46.000000
598 599 46.000000
599 600 46.000000
600 601 46.000000
601 602 46.000000
640 662 46.000000
741 763 46.000000
770 792 46.000000
1051 10703 46.000000
1154 1176 46.000000
979 980 45.000000
1443 1465 45.000000
187 209 44.000000
619 620 44.000000
620 621 44.000000
621 622 44.000000
622 623 44.000000
623 624 44.000000
624 625 44.000000
1467 1489 44.000000
1077 10947 43.000000
1077 10998 43.000000
1045 10856 42.000000
1109 1110 42.000000
1332 1333 42.000000
1401 1423 42.000000
4 5 41.000000
5 6 41.000000
6 7 41.000000
7 8 41.000000
8 9 41.000000
102 10923 41.000000
244 266 41.000000
356 357 41.000000
357 358 41.000000
358 359 41.000000
359 360 41.000000
360 361 41.000000
361 362 41.000000
964 986 41.000000
1011 10398 41.000000
1031 10796 41.000000
1032 10550 41.000000
1032 10702 41.000000
1104 1126 41.000000
1400 1422 41.000000
48 70 40.000000
102 10625 40.000000
112 134 40.000000
444 445 40.000000
445 446 40.000000
446 447 40.000000
447 448 40.000000
448 449 40.000000
575 576 40.000000
576 577 40.000000
577 578 40.000000
578 579 40.000000
579 580 40.000000
580 581 40.000000
1032 10977 40.000000
1210 1211 40.000000
1211 1212 40.000000
1212 1213 40.000000
15 1577 39.000000
725 747 39.000000
1402 1424 39.000000
485 507 38.000000
703 725 38.000000
1033 10886 37.000000
1034 10340 37.000000
1051 10745 37.000000
1051 10883 37.000000
1051 10946 37.000000
1051 10969 37.000000
449 450 36.000000
450 472 36.000000
550 572 36.000000
1011 10203 36.000000
1011 10696 36.000000
1051 10949 36.000000
1052 10665 36.000000
155 177 35.000000
508 530 35.000000
884 885 35.000000
885 886 35.000000
886 887 35.000000
887 888 35.000000
888 889 35.000000
889 890 35.000000
890 891 35.000000
891 892 35.000000
892 893 35.000000
1052 10542 35.000000
1484 1485 35.000000
1484 1506 35.000000
310 311 34.000000
311 312 34.000000
312 313 34.000000
313 314 34.000000
314 315 34.000000
315 316 34.000000
316 317 34.000000
317 318 34.000000
1002 10999 34.000000
1052 10554 34.000000
1052 10982 34.000000
1159 1181 34.000000
318 319 33.000000
610 632 33.000000
638 660 33.000000
922 944 33.000000
1182 1204 33.000000
1420 1442 33.000000
102 10770 32.000000
129 151 32.000000
396 397 32.000000
396 417 32.000000
416 417 32.000000
615 637 32.000000
727 728 32.000000
728 729 32.000000
729 730 32.000000
730 731 32.000000
731 732 32.000000
732 733 32.000000
733 734 32.000000
833 855 32.000000
11 1573 31.000000
340 362 31.000000
697 719 31.000000
1010 10364 31.000000
1010 10894 31.000000
1032 10347 31.000000
64 86 30.000000
104 10875 30.000000
107 129 30.000000
130 152 30.000000
1011 10886 30.000000
1033 10432 30.000000
1035 10583 30.000000
1037 10378 30.000000
1074 10979 30.000000
486 508 29.000000
537 538 29.000000
639 661 29.000000
718 719 29.000000
1032 10895 29.000000
1035 10436 29.000000
1314 1336 29.000000
104 10458 28.000000
104 10614 28.000000
488 489 28.000000
489 490 28.000000
490 491 28.000000
491 492 28.000000
492 493 28.000000
669 670 28.000000
670 671 28.000000
671 672 28.000000
672 673 28.000000
673 674 28.000000
1011 10346 28.000000
1011 10351 28.000000
1011 10428 28.000000
1011 10996 28.000000
1029 10357 28.000000
1030 10330 28.000000
1033 10868 28.000000
1077 10924 28.000000
1153 1175 28.000000
126 148 27.000000
340 341 27.000000
674 675 27.000000
104 10800 26.000000
104 10952 26.000000
104 10988 26.000000
245 267 26.000000
374 375 26.000000
374 395 26.000000
393 394 26.000000
394 395 26.000000
763 785 26.000000
836 837 26.000000
1011 10163 26.000000
1073 10883 26.000000
1074 10901 26.000000
1094 1116 26.000000
1210 1231 26.000000
1230 1231 26.000000
1532 1554 26.000000
684 685 25.000000
685 686 25.000000
686 687 25.000000
687 688 25.000000
688 689 25.000000
689 690 25.000000
1169 1170 25.000000
1170 1171 25.000000
1171 1172 25.000000
1172 1173 25.000000
1173 1174 25.000000
1174 1175 25.000000
1379 1401 25.000000
465 466 24.000000
837 859 24.000000
859 881 24.000000
877 899 24.000000
1007 10277 24.000000
1011 10310 24.000000
1011 10363 24.000000
1571 1572 24.000000
200 222 23.000000
614 636 23.000000
631 632 23.000000
1009 10669 23.000000
1024 10944 23.000000
1046 10932 23.000000
1138 1160 23.000000
1143 1165 23.000000
69 70 22.000000
462 484 22.000000
463 485 22.000000
479 480 22.000000
566 588 22.000000
1033 10398 22.000000
1073 10955 22.000000
478 479 21.000000
1029 10640 21.000000
1029 10664 21.000000
1029 10718 21.000000
1029 10965 21.000000
1030 10694 21.000000
1033 10696 21.000000
1073 10946 21.000000
1073 10949 21.000000
1073 10969 21.000000
1074 10982 21.000000
1358 1380 21.000000
440 462 20.000000
696 697 20.000000
903 925 20.000000
1029 10603 20.000000
1029 10808 20.000000
1029 10841 20.000000
1029 10877 20.000000
1051 10694 20.000000
1073 10745 20.000000
1073 10811 20.000000
1404 1405 20.000000
1513 1535 20.000000
441 463 19.000000
552 574 19.000000
858 879 19.000000
928 929 19.000000
929 930 19.000000
930 931 19.000000
931 932 19.000000
932 933 19.000000
933 934 19.000000
934 935 19.000000
935 936 19.000000
1014 10583 19.000000
1029 10568 19.000000
1030 10493 19.000000
1032 10613 19.000000
1033 10346 19.000000
1033 10351 19.000000
1033 10363 19.000000
1033 10428 19.000000
1033 10996 19.000000
881 903 18.000000
1014 10436 17.000000
1029 10298 17.000000
1029 10934 17.000000
1055 10924 17.000000
1074 10850 17.000000
1426 1427 17.000000
862 884 16.000000
879 901 16.000000
1014 10155 16.000000
1024 10835 16.000000
1024 10852 16.000000
1029 10380 16.000000
1029 10955 16.000000
1030 10752 16.000000
1031 10979 16.000000
1046 1068 16.000000
1071 1093 16.000000
1073 10821 16.000000
1095 1117 16.000000
1557 1558 16.000000
1558 1559 16.000000
1559 1560 16.000000
1560 1561 16.000000
449 471 15.000000
1013 10327 15.000000
1024 10391 15.000000
1024 10590 15.000000
1029 10476 15.000000
1029 10816 15.000000
1029 10902 15.000000
1054 10696 15.000000
1098 10998 15.000000
1232 1253 15.000000
1445 1467 15.000000
718 740 14.000000
1003 10183 14.000000
1013 10340 14.000000
1034 10431 14.000000
1166 1188 14.000000
1210 1232 14.000000
1252 1253 14.000000
553 575 13.000000
640 641 13.000000
641 642 13.000000
642 643 13.000000
643 644 13.000000
644 645 13.000000
645 646 13.000000
646 647 13.000000
660 682 13.000000
862 863 13.000000
863 864 13.000000
864 865 13.000000
865 866 13.000000
866 867 13.000000
867 868 13.000000
868 869 13.000000
869 870 13.000000
870 871 13.000000
1001 10161 13.000000
1013 10844 13.000000
1024 10276 13.000000
1034 10553 13.000000
1034 10678 13.000000
1053 10613 13.000000
1057 10846 13.000000
1535 1536 13.000000
1536 1537 13.000000
1537 1538 13.000000
1538 1539 13.000000
173 195 12.000000
209 231 12.000000
223 245 12.000000
356 378 12.000000
378 400 12.000000
654 676 12.000000
683 705 12.000000
1001 10276 12.000000
1006 10386 12.000000
1016 10378 12.000000
1030 10529 12.000000
1030 10542 12.000000
1030 10665 12.000000
1030 10982 12.000000
1032 1054 12.000000
1056 10981 12.000000
1056 10995 12.000000
1090 1112 12.000000
1423 1445 12.000000
458 459 11.000000
834 856 11.000000
936 937 11.000000
946 968 11.000000
1008 10330 11.000000
1010 10265 11.000000
1010 10717 11.000000
1010 10857 11.000000
1010 10910 11.000000
1011 10782 11.000000
1023 10856 11.000000
1050 10703 11.000000
1055 10762 11.000000
1055 10947 11.000000
1055 10998 11.000000
1142 1164 11.000000
287 309 10.000000
494 495 10.000000
495 496 10.000000
496 497 10.000000
497 498 10.000000
498 499 10.000000
499 500 10.000000
500 501 10.000000
538 539 10.000000
539 540 10.000000
540 541 10.000000
541 542 10.000000
559 560 10.000000
560 561 10.000000
561 562 10.000000
562 563 10.000000
571 593 10.000000
937 959 10.000000
1002 10150 10.000000
1002 10207 10.000000
1011 10269 10.000000
1011 10663 10.000000
1029 10369 10.000000
1029 10484 10.000000
1029 10703 10.000000
1029 10883 10.000000
1029 10946 10.000000
1029 10949 10.000000
1029 10951 10.000000
1029 10969 10.000000
1046 10731 10.000000
1049 1071 10.000000
22 23 9.000000
22 43 9.000000
23 24 9.000000
24 25 9.000000
25 26 9.000000
12 1574 9.000000
38 39 9.000000
39 40 9.000000
40 41 9.000000
41 42 9.000000
42 43 9.000000
1002 10272 9.000000
1002 10411 9.000000
1002 10474 9.000000
1008 10487 9.000000
1027 1049 9.000000
1029 10450 9.000000
1029 10505 9.000000
1029 10506 9.000000
1029 10775 9.000000
1029 10783 9.000000
1029 10848 9.000000
1029 10921 9.000000
1072 10842 9.000000
1082 1104 9.000000
1099 10995 9.000000
1160 1182 9.000000
1230 1252 9.000000
1489 1511 9.000000
318 340 8.000000
353 354 8.000000
480 481 8.000000
493 515 8.000000
936 958 8.000000
941 963 8.000000
1001 10856 8.000000
1002 10234 8.000000
1006 10179 8.000000
1006 10788 8.000000
1023 10635 8.000000
1031 1053 8.000000
1037 1038 8.000000
1038 1039 8.000000
1039 1040 8.000000
1040 1041 8.000000
1041 1042 8.000000
1042 1043 8.000000
1043 1044 8.000000
1044 1045 8.000000
1046 10711 8.000000
1053 10985 8.000000
1054 10879 8.000000
1060 1082 8.000000
1072 10788 8.000000
1072 10965 8.000000
1095 10982 8.000000
1113 1135 8.000000
1135 1157 8.000000
10 1572 7.000000
658 680 7.000000
807 829 7.000000
902 924 7.000000
1054 10730 7.000000
1054 10972 7.000000
1072 10831 7.000000
1531 1553 7.000000
1552 1574 7.000000
332 333 6.000000
333 334 6.000000
334 335 6.000000
335 336 6.000000
336 337 6.000000
337 338 6.000000
338 339 6.000000
339 340 6.000000
509 510 6.000000
510 511 6.000000
511 512 6.000000
512 513 6.000000
513 514 6.000000
514 515 6.000000
530 552 6.000000
593 615 6.000000
663 664 6.000000
664 665 6.000000
665 666 6.000000
666 667 6.000000
667 668 6.000000
668 669 6.000000
1006 10407 6.000000
1006 10575 6.000000
1006 10842 6.000000
1007 10270 6.000000
1007 10280 6.000000
1007 10325 6.000000
1007 10659 6.000000
1007 10721 6.000000
1007 10745 6.000000
1007 10811 6.000000
1008 10446 6.000000
1013 10678 6.000000
1035 10751 6.000000
1072 1094 6.000000
1109 1131 6.000000
1225 1247 6.000000
1254 1255 6.000000
1254 1275 6.000000
1255 1256 6.000000
1256 1257 6.000000
1257 1258 6.000000
1258 1259 6.000000
1259 1260 6.000000
1260 1261 6.000000
1261 1262 6.000000
1274 1275 6.000000
122 144 5.000000
596 618 5.000000
603 625 5.000000
1011 10244 5.000000
1013 10431 5.000000
1054 10868 5.000000
1094 10955 5.000000
1110 1132 5.000000
1116 1138 5.000000
1198 1220 5.000000
1464 1486 5.000000
1551 1573 5.000000
581 603 4.000000
762 784 4.000000
850 872 4.000000
1007 10955 4.000000
1008 10529 4.000000
1008 10542 4.000000
1008 10554 4.000000
1008 10665 4.000000
1008 10752 4.000000
1008 10982 4.000000
1010 10113 4.000000
1010 10180 4.000000
1010 10218 4.000000
1010 10246 4.000000
1010 10347 4.000000
1010 10550 4.000000
1010 10702 4.000000
1010 10895 4.000000
1010 10977 4.000000
1011 10502 4.000000
1011 10586 4.000000
1050 10565 4.000000
1050 10902 4.000000
1057 10927 4.000000
1094 10946 4.000000
1094 10949 4.000000
1094 10951 4.000000
1094 10969 4.000000
1117 1139 4.000000
1333 1355 4.000000
375 376 3.000000
376 377 3.000000
377 378 3.000000
378 379 3.000000
379 380 3.000000
380 381 3.000000
381 382 3.000000
382 383 3.000000
457 458 3.000000
616 638 3.000000
893 915 3.000000
943 965 3.000000
1013 10553 3.000000
1013 10561 3.000000
1046 10474 3.000000
1050 10848 3.000000
1050 10921 3.000000
1050 10934 3.000000
1052 10689 3.000000
1052 10850 3.000000
1052 10979 3.000000
1053 10668 3.000000
1054 10593 3.000000
1054 10619 3.000000
1419 1420 3.000000
471 493 2.000000
740 762 2.000000
837 838 2.000000
838 839 2.000000
839 840 2.000000
840 862 2.000000
1002 10286 2.000000
1002 10449 2.000000
1007 10114 2.000000
1007 10256 2.000000
1007 10331 2.000000
1007 10357 2.000000
1007 10369 2.000000
1007 10816 2.000000
1007 10883 2.000000
1007 10946 2.000000
1007 10949 2.000000
1007 10951 2.000000
1007 10969 2.000000
1029 1051 2.000000
1035 1057 2.000000
1037 1059 2.000000
1050 10505 2.000000
1050 10506 2.000000
1050 10640 2.000000
1050 10664 2.000000
1050 10718 2.000000
1050 10775 2.000000
1050 10783 2.000000
1050 10831 2.000000
1050 10965 2.000000
1052 10618 2.000000
1066 1088 2.000000
1111 1133 2.000000
1185 1207 2.000000
1200 1222 2.000000
1222 1244 2.000000
1508 1530 2.000000
1 2 1.000000
1 1563 1.000000
2 3 1.000000
3 4 1.000000
156 178 1.000000
274 296 1.000000
296 318 1.000000
349 371 1.000000
466 467 1.000000
467 468 1.000000
468 469 1.000000
469 470 1.000000
470 471 1.000000
480 502 1.000000
520 542 1.000000
567 589 1.000000
603 604 1.000000
604 605 1.000000
605 606 1.000000
606 607 1.000000
655 677 1.000000
674 696 1.000000
858 859 1.000000
859 860 1.000000
860 861 1.000000
861 862 1.000000
876 898 1.000000
948 970 1.000000
1002 10033 1.000000
1002 10098 1.000000
1002 10391 1.000000
1002 10590 1.000000
1002 10835 1.000000
1002 10852 1.000000
1002 10944 1.000000
1051 10821 1.000000
1052 1074 1.000000
1065 1087 1.000000
1087 1109 1.000000
1213 1214 1.000000
1214 1215 1.000000
1215 1216 1.000000
1216 1217 1.000000
1217 1218 1.000000
1232 1233 1.000000
1233 1234 1.000000
1234 1235 1.000000
1235 1236 1.000000
1236 1237 1.000000
1237 1238 1.000000
1238 1239 1.000000
1239 1240 1.000000
1240 1241 1.000000
1518 1519 1.000000
1518 1539 1.000000
1519 1520 1.000000
1520 1521 1.000000
1521 1522 1.000000
1522 1523 1.000000
1523 1524 1.000000
1524 1525 1.000000
1525 1526 1.000000
1526 1527 1.000000
1540 1541 1.000000
1540 1561 1.000000
1541 1563 1.000000
