403 404 21692.000000
404 405 21692.000000
405 406 21692.000000
402 403 17788.000000
406 407 17343.000000
1199 1200 15187.000000
4 5 15024.000000
1418 1419 13621.000000
5 6 13479.000000
447 448 13141.000000
448 449 13141.000000
449 450 13141.000000
6 7 11862.000000
1375 1376 11743.000000
1374 1375 11694.000000
7 8 11313.000000
1198 1199 11302.000000
407 408 9859.000000
450 451 9673.000000
8 9 9594.000000
446 447 9574.000000
313 314 9535.000000
1197 1198 9215.000000
1417 1418 9183.000000
1063 1064 9156.000000
1064 1065 9156.000000
269 270 9040.000000
1462 1463 8981.000000
247 248 8970.000000
1220 1221 8775.000000
1373 1374 8559.000000
1155 1156 8336.000000
424 425 8323.000000
425 426 8323.000000
426 427 8323.000000
427 428 8323.000000
451 452 8247.000000
1416 1417 8163.000000
1415 1416 7968.000000
1439 1440 7723.000000
1460 1461 7374.000000
1461 1462 7363.000000
1352 1353 7317.000000
1419 1420 7195.000000
1242 1243 7123.000000
1434 1435 7065.000000
1440 1441 7028.000000
1156 1157 6972.000000
1065 1066 6896.000000
538 539 6893.000000
1331 1332 6885.000000
1432 1433 6755.000000
1433 1434 6755.000000
1243 1244 6739.000000
1287 1288 6654.000000
1372 1373 6641.000000
1438 1439 6585.000000
423 424 6544.000000
1019 1020 6465.000000
1020 1021 6465.000000
1021 1022 6440.000000
1435 1436 6438.000000
115 116 6348.000000
1396 1397 6268.000000
312 313 6206.000000
1154 1155 6188.000000
28 29 6129.000000
408 409 6105.000000
445 446 6072.000000
1395 1396 6072.000000
1436 1437 6069.000000
1062 1063 6065.000000
1394 1395 6063.000000
1437 1438 6023.000000
1414 1415 5993.000000
1219 1220 5986.000000
1221 1222 5923.000000
381 382 5883.000000
382 383 5883.000000
383 384 5883.000000
384 385 5881.000000
1459 1460 5865.000000
1478 1479 5787.000000
1351 1352 5783.000000
1286 1287 5760.000000
380 381 5715.000000
1413 1414 5685.000000
1411 1412 5661.000000
452 453 5581.000000
1041 1042 5536.000000
1042 1043 5536.000000
1476 1477 5455.000000
379 380 5429.000000
1241 1242 5429.000000
1412 1413 5411.000000
401 402 5366.000000
1393 1394 5347.000000
1479 1480 5336.000000
50 51 5314.000000
1066 1067 5279.000000
1040 1041 5215.000000
1200 1201 5201.000000
1128 1129 5181.000000
1129 1130 5181.000000
29 30 5166.000000
1431 1432 5112.000000
495 496 5081.000000
114 115 5054.000000
30 31 5007.000000
1061 1062 4974.000000
1263 1264 4919.000000
1328 1329 4787.000000
1477 1478 4707.000000
159 160 4666.000000
1483 1484 4607.000000
1329 1330 4587.000000
1131 1132 4581.000000
1110 1111 4539.000000
428 429 4490.000000
1288 1289 4450.000000
1153 1154 4418.000000
1244 1245 4385.000000
406 428 4351.000000
1475 1476 4341.000000
1353 1354 4332.000000
1330 1331 4293.000000
291 292 4269.000000
1264 1265 4265.000000
1482 1483 4210.000000
1284 1285 4134.000000
1022 1023 4106.000000
1218 1219 4092.000000
1265 1266 4089.000000
1177 1178 4084.000000
94 95 4068.000000
290 291 4065.000000
1458 1459 4058.000000
1039 1040 4010.000000
1236 1237 3987.000000
1237 1238 3987.000000
1238 1239 3987.000000
1239 1240 3982.000000
158 159 3968.000000
1176 1177 3958.000000
225 226 3948.000000
429 430 3945.000000
1127 1128 3904.000000
268 269 3864.000000
974 975 3858.000000
1044 1045 3834.000000
1350 1351 3826.000000
358 359 3764.000000
1262 1263 3754.000000
1480 1481 3715.000000
1481 1482 3701.000000
1018 1019 3663.000000
1500 1501 3639.000000
1501 1502 3639.000000
1285 1286 3636.000000
157 158 3612.000000
1456 1457 3578.000000
113 114 3572.000000
1457 1458 3567.000000
453 454 3559.000000
26 27 3538.000000
539 540 3519.000000
1455 1456 3494.000000
1371 1372 3461.000000
1130 1131 3451.000000
1132 1133 3424.000000
490 491 3418.000000
491 492 3418.000000
492 493 3418.000000
493 494 3418.000000
1245 1246 3407.000000
1502 1503 3376.000000
357 358 3347.000000
1106 1107 3333.000000
1107 1108 3333.000000
1108 1109 3333.000000
1544 1545 3327.000000
1084 1085 3325.000000
1085 1086 3325.000000
1086 1087 3325.000000
359 360 3321.000000
360 361 3321.000000
361 362 3321.000000
362 363 3321.000000
1349 1350 3266.000000
314 336 3227.000000
1505 1506 3213.000000
496 497 3204.000000
421 422 3201.000000
1266 1267 3190.000000
1410 1411 3180.000000
248 249 3176.000000
180 181 3154.000000
1504 1505 3141.000000
1240 1241 3121.000000
1111 1112 3105.000000
1392 1393 3087.000000
1150 1151 3067.000000
1151 1152 3067.000000
1152 1153 3067.000000
1175 1176 3061.000000
1193 1194 3053.000000
1194 1195 3053.000000
1195 1196 3053.000000
625 626 3049.000000
116 117 2975.000000
1201 1202 2957.000000
1332 1354 2951.000000
845 846 2936.000000
846 847 2936.000000
270 271 2927.000000
156 157 2904.000000
1375 1397 2881.000000
848 849 2848.000000
1545 1546 2843.000000
422 423 2832.000000
1289 1290 2827.000000
465 466 2826.000000
1498 1499 2767.000000
540 541 2753.000000
1503 1504 2730.000000
976 977 2722.000000
977 978 2722.000000
847 848 2718.000000
314 315 2708.000000
378 379 2698.000000
27 28 2655.000000
1196 1197 2655.000000
1109 1110 2642.000000
1126 1127 2618.000000
226 227 2604.000000
1043 1044 2596.000000
1280 1281 2592.000000
1281 1282 2592.000000
1282 1283 2592.000000
1454 1455 2578.000000
25 26 2570.000000
494 495 2561.000000
1023 1024 2555.000000
200 201 2537.000000
1214 1215 2528.000000
1215 1216 2528.000000
1216 1217 2528.000000
1217 1218 2528.000000
975 976 2517.000000
93 94 2509.000000
179 180 2479.000000
997 998 2464.000000
998 999 2464.000000
223 224 2385.000000
181 182 2347.000000
1202 1224 2345.000000
409 410 2342.000000
1370 1371 2316.000000
892 893 2314.000000
1200 1222 2294.000000
1067 1068 2288.000000
400 401 2282.000000
626 627 2257.000000
199 200 2237.000000
136 137 2233.000000
1506 1507 2220.000000
222 223 2209.000000
95 96 2178.000000
1499 1500 2177.000000
1546 1547 2158.000000
1527 1528 2154.000000
270 292 2149.000000
137 138 2123.000000
1526 1527 2116.000000
224 225 2104.000000
117 118 2097.000000
357 379 2086.000000
488 489 2075.000000
487 488 2059.000000
1307 1308 2054.000000
1332 1333 2049.000000
1308 1309 2045.000000
1088 1089 2023.000000
363 364 2001.000000
825 826 1958.000000
823 824 1956.000000
824 825 1956.000000
582 583 1952.000000
91 92 1949.000000
1105 1106 1941.000000
430 431 1923.000000
92 93 1922.000000
410 411 1920.000000
1525 1526 1914.000000
313 335 1909.000000
10 10054 1902.000000
1213 1214 1895.000000
1376 1377 1891.000000
246 247 1877.000000
826 827 1872.000000
48 49 1855.000000
1367 1368 1839.000000
1368 1369 1838.000000
1369 1370 1837.000000
489 490 1828.000000
1222 1223 1817.000000
1223 1224 1817.000000
1134 1135 1801.000000
201 202 1796.000000
1548 1549 1774.000000
1497 1498 1766.000000
1549 1550 1763.000000
1149 1150 1759.000000
466 467 1755.000000
266 267 1754.000000
267 268 1736.000000
72 73 1722.000000
431 432 1705.000000
1133 1134 1700.000000
1083 1084 1695.000000
1113 1135 1685.000000
1547 1548 1665.000000
135 136 1661.000000
996 997 1650.000000
1112 1113 1640.000000
891 892 1634.000000
454 455 1628.000000
1045 1046 1628.000000
758 759 1603.000000
759 760 1603.000000
760 761 1603.000000
160 161 1600.000000
495 517 1593.000000
336 337 1587.000000
1389 1390 1587.000000
1390 1391 1587.000000
453 475 1583.000000
1024 1025 1578.000000
1391 1392 1578.000000
980 981 1560.000000
1306 1307 1554.000000
849 850 1552.000000
49 50 1551.000000
1522 1523 1540.000000
1366 1367 1538.000000
893 894 1528.000000
1192 1193 1527.000000
497 519 1524.000000
539 561 1516.000000
1087 1088 1515.000000
1397 1398 1501.000000
444 445 1492.000000
1156 1178 1484.000000
1283 1284 1483.000000
202 203 1479.000000
979 980 1468.000000
995 996 1467.000000
468 469 1461.000000
469 470 1461.000000
470 471 1461.000000
471 472 1461.000000
385 386 1444.000000
1524 1525 1440.000000
1000 1001 1429.000000
51 52 1424.000000
1327 1328 1423.000000
869 870 1406.000000
1267 1268 1401.000000
1354 1355 1400.000000
1388 1389 1395.000000
411 412 1391.000000
1567 1568 1379.000000
850 851 1375.000000
335 357 1370.000000
71 72 1368.000000
1571 1572 1363.000000
432 433 1354.000000
1323 1324 1340.000000
1324 1325 1340.000000
1325 1326 1340.000000
10 10154 1336.000000
221 222 1332.000000
308 329 1330.000000
326 327 1330.000000
327 328 1330.000000
328 329 1330.000000
978 979 1330.000000
1246 1247 1324.000000
226 248 1323.000000
888 889 1323.000000
889 890 1323.000000
890 891 1323.000000
467 468 1322.000000
363 385 1320.000000
1326 1327 1309.000000
913 914 1306.000000
112 113 1302.000000
1039 1061 1298.000000
472 473 1292.000000
464 465 1289.000000
265 266 1283.000000
1523 1524 1283.000000
870 871 1273.000000
3 4 1271.000000
70 71 1270.000000
1309 1310 1270.000000
181 203 1235.000000
520 521 1228.000000
1484 1485 1225.000000
498 499 1214.000000
1420 1421 1210.000000
138 139 1207.000000
1258 1259 1186.000000
1259 1260 1186.000000
1260 1261 1186.000000
1566 1567 1181.000000
473 474 1179.000000
1017 1018 1177.000000
519 520 1174.000000
455 456 1166.000000
953 954 1163.000000
954 955 1163.000000
955 956 1163.000000
292 293 1154.000000
408 430 1149.000000
932 933 1142.000000
933 934 1142.000000
474 475 1141.000000
887 888 1141.000000
379 401 1137.000000
936 937 1136.000000
518 519 1125.000000
182 183 1124.000000
935 936 1105.000000
1387 1388 1102.000000
1067 1089 1099.000000
309 310 1098.000000
310 311 1098.000000
311 312 1098.000000
1244 1266 1090.000000
981 982 1086.000000
1348 1349 1086.000000
433 434 1079.000000
1001 1002 1079.000000
183 184 1075.000000
934 935 1068.000000
1257 1258 1068.000000
356 357 1059.000000
1023 1045 1048.000000
871 872 1042.000000
1333 1334 1040.000000
1419 1441 1039.000000
1570 1571 1030.000000
1474 1475 1026.000000
308 309 1017.000000
937 938 1016.000000
335 336 1006.000000
914 915 1004.000000
581 582 1003.000000
499 500 993.000000
73 74 992.000000
462 463 981.000000
463 464 981.000000
585 586 969.000000
1568 1569 968.000000
910 911 962.000000
911 912 962.000000
465 487 952.000000
1089 1090 946.000000
462 483 943.000000
478 479 943.000000
479 480 943.000000
480 481 943.000000
481 482 943.000000
482 483 943.000000
1023 10670 943.000000
931 932 934.000000
178 179 926.000000
409 431 925.000000
203 204 918.000000
336 358 914.000000
47 48 912.000000
1453 1454 910.000000
497 498 906.000000
443 444 904.000000
805 806 904.000000
541 542 900.000000
243 244 888.000000
244 245 888.000000
245 246 887.000000
1430 1431 873.000000
334 335 872.000000
1322 1323 872.000000
583 584 867.000000
69 70 864.000000
1310 1311 860.000000
761 762 859.000000
584 585 845.000000
1288 1310 845.000000
96 97 836.000000
364 386 830.000000
1345 1346 811.000000
1346 1347 811.000000
1347 1348 811.000000
844 845 808.000000
387 388 804.000000
388 389 804.000000
1002 1003 804.000000
1409 1410 788.000000
1569 1570 780.000000
517 518 779.000000
872 873 774.000000
586 587 771.000000
915 916 771.000000
389 390 765.000000
1378 1379 758.000000
1379 1380 758.000000
866 867 757.000000
867 868 757.000000
868 869 757.000000
1235 1236 754.000000
31 32 750.000000
1178 1179 747.000000
1171 1172 736.000000
1172 1173 736.000000
1173 1174 736.000000
827 828 730.000000
1245 1267 722.000000
952 953 719.000000
330 331 714.000000
331 332 714.000000
332 333 714.000000
1247 1248 714.000000
466 488 713.000000
161 162 712.000000
909 910 709.000000
330 351 708.000000
347 348 708.000000
348 349 708.000000
349 350 708.000000
350 351 708.000000
386 387 706.000000
1562 1583 703.000000
10 11 702.000000
1562 1563 698.000000
1333 1355 694.000000
1279 1280 692.000000
865 866 691.000000
532 533 685.000000
533 534 685.000000
534 535 685.000000
535 536 685.000000
536 537 685.000000
537 538 685.000000
894 895 679.000000
805 827 678.000000
806 807 678.000000
930 931 676.000000
1563 1564 676.000000
1564 1565 662.000000
762 763 658.000000
1202 1203 654.000000
1203 1204 654.000000
864 865 650.000000
1463 1485 648.000000
1377 1378 645.000000
958 959 639.000000
957 958 630.000000
1261 1262 626.000000
1022 10380 623.000000
1421 1422 615.000000
1422 1423 615.000000
1423 1424 615.000000
451 473 611.000000
475 476 611.000000
912 913 611.000000
227 228 606.000000
1311 1312 605.000000
476 477 604.000000
1522 1544 598.000000
292 314 592.000000
1499 1521 590.000000
542 543 589.000000
402 424 588.000000
137 159 587.000000
396 397 582.000000
396 417 582.000000
397 398 582.000000
413 414 582.000000
414 415 582.000000
415 416 582.000000
416 417 582.000000
398 399 574.000000
1157 1179 570.000000
399 400 568.000000
1305 1306 559.000000
908 909 558.000000
374 375 556.000000
374 395 556.000000
375 376 556.000000
376 377 556.000000
377 378 556.000000
391 392 556.000000
392 393 556.000000
393 394 556.000000
394 395 556.000000
1365 1366 556.000000
407 429 555.000000
561 562 552.000000
364 365 543.000000
358 380 539.000000
564 565 536.000000
1170 1171 531.000000
763 764 530.000000
1000 10025 528.000000
456 478 526.000000
286 307 524.000000
304 305 524.000000
305 306 524.000000
306 307 524.000000
605 606 524.000000
1110 1132 524.000000
1067 10890 520.000000
365 366 516.000000
366 367 516.000000
496 518 514.000000
312 334 513.000000
355 356 512.000000
1062 10710 512.000000
606 607 510.000000
1068 1090 509.000000
843 844 508.000000
1000 10361 507.000000
1044 10703 506.000000
1398 1399 504.000000
1023 10399 501.000000
1174 1175 500.000000
157 179 497.000000
1290 1291 496.000000
1001 10138 493.000000
851 852 483.000000
74 75 480.000000
1000 10104 478.000000
1022 10624 478.000000
156 178 477.000000
563 564 470.000000
764 786 467.000000
1246 1268 467.000000
1148 1149 465.000000
1205 1227 459.000000
10 10328 457.000000
378 400 444.000000
352 373 437.000000
369 370 437.000000
370 371 437.000000
371 372 437.000000
372 373 437.000000
1248 1249 436.000000
410 432 434.000000
1023 10429 434.000000
1518 1519 432.000000
1519 1520 432.000000
1520 1521 432.000000
1269 1270 431.000000
1000 10568 430.000000
303 304 429.000000
761 783 428.000000
1204 1205 428.000000
1268 1269 428.000000
1312 1313 426.000000
1313 1314 426.000000
412 413 423.000000
1061 10773 413.000000
352 353 411.000000
353 354 411.000000
354 355 411.000000
139 140 410.000000
452 474 409.000000
562 563 407.000000
1355 1356 402.000000
1356 1357 402.000000
1357 1358 402.000000
1331 1353 401.000000
185 186 400.000000
186 187 400.000000
187 188 400.000000
1285 1307 396.000000
894 916 394.000000
956 957 394.000000
1424 1425 383.000000
477 478 382.000000
1025 10569 381.000000
828 829 378.000000
1343 1344 378.000000
325 326 370.000000
1046 10732 369.000000
28 50 366.000000
1344 1345 366.000000
286 287 364.000000
287 288 363.000000
288 289 363.000000
224 246 362.000000
315 337 362.000000
784 785 362.000000
804 805 362.000000
801 802 360.000000
802 803 360.000000
803 804 360.000000
757 758 359.000000
246 268 358.000000
1000 10380 353.000000
561 583 352.000000
204 205 351.000000
68 69 350.000000
1376 1398 350.000000
509 510 347.000000
510 511 347.000000
53 54 346.000000
1022 10640 345.000000
1111 1133 345.000000
1334 1335 344.000000
1335 1336 344.000000
342 343 338.000000
343 344 338.000000
344 345 338.000000
345 346 338.000000
1022 10842 336.000000
1039 10543 335.000000
542 564 333.000000
822 823 332.000000
886 887 332.000000
440 461 329.000000
457 458 329.000000
458 459 329.000000
459 460 329.000000
460 461 329.000000
785 786 329.000000
367 368 328.000000
1408 1429 328.000000
1425 1426 328.000000
1426 1427 328.000000
1427 1428 328.000000
1428 1429 328.000000
10 10295 327.000000
10 10566 326.000000
134 135 325.000000
1041 10628 325.000000
1301 1302 325.000000
1302 1303 325.000000
1303 1304 325.000000
1304 1305 325.000000
10 10491 322.000000
1040 10440 321.000000
337 338 317.000000
338 339 317.000000
339 340 317.000000
340 341 317.000000
341 342 317.000000
440 441 317.000000
441 442 317.000000
1003 10216 315.000000
1388 1410 315.000000
421 443 314.000000
1478 1500 313.000000
225 247 312.000000
783 784 309.000000
1067 10825 307.000000
484 505 306.000000
500 501 306.000000
501 502 306.000000
502 503 306.000000
503 504 306.000000
504 505 306.000000
938 939 306.000000
1082 1083 305.000000
538 560 304.000000
1043 10484 304.000000
1291 1292 304.000000
1292 1293 304.000000
1500 1522 302.000000
1001 10670 299.000000
356 378 298.000000
605 627 297.000000
368 369 295.000000
531 532 295.000000
1061 10768 295.000000
1224 1225 295.000000
1225 1226 295.000000
1502 1524 294.000000
177 178 291.000000
269 291 291.000000
807 808 290.000000
1002 10072 289.000000
1452 1453 289.000000
1066 1088 288.000000
1023 10522 287.000000
1018 10547 286.000000
1044 10539 286.000000
1061 10854 286.000000
1061 10945 286.000000
1506 1528 286.000000
1061 10688 285.000000
1061 10962 284.000000
442 443 283.000000
203 225 282.000000
333 334 282.000000
289 290 281.000000
1399 1400 281.000000
1400 1401 281.000000
1401 1402 281.000000
1022 10225 279.000000
1018 10226 278.000000
1039 10579 278.000000
1039 10588 278.000000
10 10911 277.000000
411 433 277.000000
607 608 275.000000
1040 10807 275.000000
847 869 274.000000
1402 1403 273.000000
1496 1497 273.000000
508 509 272.000000
1386 1407 270.000000
1403 1404 270.000000
1404 1405 270.000000
1405 1406 270.000000
1406 1407 270.000000
797 798 269.000000
798 799 269.000000
1039 10978 269.000000
484 485 268.000000
485 486 268.000000
10 10904 267.000000
271 293 267.000000
1300 1301 266.000000
486 487 262.000000
677 699 259.000000
10 10806 258.000000
10 10875 258.000000
1022 10575 258.000000
10 10870 256.000000
916 917 256.000000
1550 1551 256.000000
52 53 255.000000
1022 10268 255.000000
1066 10951 255.000000
1066 10969 255.000000
1256 1257 254.000000
1001 10704 253.000000
1022 10450 253.000000
1022 10505 253.000000
1022 10506 253.000000
1022 10783 253.000000
1226 1227 253.000000
959 960 252.000000
1022 10664 252.000000
1022 10965 252.000000
155 177 251.000000
418 419 251.000000
419 420 251.000000
420 421 251.000000
1019 10628 251.000000
1045 10670 251.000000
1412 1434 251.000000
247 269 250.000000
248 270 250.000000
1023 10384 250.000000
1104 1105 250.000000
1022 10250 249.000000
669 670 248.000000
1067 10670 248.000000
627 628 247.000000
628 629 247.000000
629 630 247.000000
1066 10811 247.000000
1066 10955 247.000000
829 830 246.000000
1019 10338 244.000000
1022 10718 244.000000
543 565 243.000000
242 243 242.000000
443 465 242.000000
474 496 242.000000
418 439 239.000000
434 435 239.000000
435 436 239.000000
436 437 239.000000
437 438 239.000000
438 439 239.000000
1018 10285 239.000000
1019 10885 239.000000
1022 10407 238.000000
1022 10476 237.000000
1022 10848 237.000000
1022 10902 237.000000
1022 10921 237.000000
1000 10724 236.000000
432 454 235.000000
1023 10760 235.000000
1063 10684 235.000000
1463 1464 235.000000
1157 1158 234.000000
511 512 233.000000
512 513 233.000000
513 514 233.000000
514 515 233.000000
1022 10361 233.000000
1040 10791 232.000000
560 561 231.000000
1066 10946 230.000000
249 271 228.000000
25 47 226.000000
10 10614 226.000000
113 135 223.000000
205 206 223.000000
727 728 223.000000
728 729 223.000000
729 730 223.000000
730 731 223.000000
731 732 223.000000
732 733 223.000000
1017 10422 223.000000
1019 10683 222.000000
347 369 221.000000
1023 10679 220.000000
140 141 218.000000
264 265 218.000000
399 421 218.000000
1063 10706 218.000000
1199 1221 218.000000
714 715 216.000000
715 716 216.000000
716 717 216.000000
1068 1069 215.000000
1521 1522 213.000000
118 119 212.000000
1019 10198 207.000000
1396 1418 206.000000
862 863 205.000000
863 864 205.000000
1044 10949 205.000000
1171 1193 205.000000
1481 1503 205.000000
69 91 204.000000
1000 10225 204.000000
1000 10775 204.000000
227 249 202.000000
1039 10537 202.000000
830 831 201.000000
831 832 201.000000
832 833 201.000000
833 834 201.000000
834 835 201.000000
1017 10480 201.000000
1024 10892 201.000000
1066 10726 201.000000
1089 10900 201.000000
155 156 200.000000
1000 10581 200.000000
456 457 199.000000
800 801 199.000000
316 317 198.000000
317 318 198.000000
318 319 198.000000
319 320 198.000000
1565 1566 198.000000
499 521 197.000000
1017 10261 197.000000
1062 10771 195.000000
1068 10805 195.000000
1214 1236 194.000000
836 858 193.000000
1018 10830 193.000000
1386 1387 193.000000
10 10318 192.000000
1389 1411 192.000000
1000 10484 191.000000
198 199 190.000000
1213 1235 190.000000
1398 1420 190.000000
1452 1473 190.000000
1469 1470 190.000000
1470 1471 190.000000
1471 1472 190.000000
1472 1473 190.000000
10 10069 189.000000
528 549 189.000000
544 545 189.000000
545 546 189.000000
546 547 189.000000
547 548 189.000000
548 549 189.000000
1068 10900 189.000000
160 182 188.000000
367 389 188.000000
1039 10572 188.000000
1380 1381 188.000000
10 10800 187.000000
10 10988 187.000000
626 648 186.000000
1241 1263 186.000000
1336 1358 186.000000
49 71 185.000000
1022 10703 185.000000
10 10307 184.000000
10 10458 184.000000
10 10642 184.000000
478 500 183.000000
1068 10744 183.000000
806 828 182.000000
1000 10171 182.000000
1003 10128 182.000000
1045 10646 182.000000
1045 10859 182.000000
1220 1242 182.000000
674 675 181.000000
675 676 181.000000
676 677 181.000000
27 49 180.000000
10 10362 180.000000
10 10485 180.000000
10 10686 180.000000
10 10734 180.000000
429 451 180.000000
1046 1047 180.000000
498 520 179.000000
1023 10704 178.000000
1063 10897 178.000000
553 554 176.000000
554 555 176.000000
555 556 176.000000
556 557 176.000000
557 558 176.000000
558 559 176.000000
10 10952 175.000000
1022 1044 175.000000
1067 10839 174.000000
1000 10136 173.000000
10 10477 172.000000
315 316 172.000000
528 529 172.000000
529 530 172.000000
821 822 172.000000
1023 10825 172.000000
1046 10631 172.000000
10 10720 171.000000
559 560 171.000000
1023 10745 171.000000
1000 1022 169.000000
475 497 167.000000
1000 10603 167.000000
1000 10877 167.000000
10 10101 164.000000
1000 10816 162.000000
1063 10792 162.000000
1063 11000 162.000000
1003 10658 161.000000
1040 10425 161.000000
1040 10479 161.000000
1046 10916 161.000000
779 780 160.000000
780 781 160.000000
781 782 160.000000
1329 1351 160.000000
1040 10482 159.000000
517 539 158.000000
1336 1337 158.000000
1025 10658 156.000000
1061 10655 156.000000
10 10641 155.000000
1063 10833 155.000000
303 325 154.000000
1061 10884 154.000000
10 10836 153.000000
114 136 153.000000
320 321 153.000000
321 322 153.000000
322 323 153.000000
323 324 153.000000
324 325 153.000000
473 495 153.000000
807 829 153.000000
935 957 153.000000
552 553 152.000000
1022 10788 152.000000
1039 10611 148.000000
1023 10645 147.000000
1084 10919 147.000000
1062 10814 146.000000
1000 10934 144.000000
334 356 142.000000
717 739 142.000000
10 10591 141.000000
1019 10278 141.000000
1083 1105 141.000000
1018 10771 140.000000
1019 10320 140.000000
1019 10919 140.000000
286 308 139.000000
10 10963 137.000000
1432 1454 137.000000
10 10767 136.000000
10 10826 136.000000
1089 10935 136.000000
268 290 135.000000
401 423 135.000000
516 517 135.000000
1019 10671 135.000000
1019 10706 134.000000
1170 1192 134.000000
1219 1241 133.000000
982 983 132.000000
1019 10264 132.000000
1025 10975 132.000000
1337 1359 132.000000
10 10794 131.000000
1003 10569 131.000000
1045 10457 131.000000
1358 1359 131.000000
515 516 130.000000
1023 10233 130.000000
221 243 129.000000
509 531 129.000000
1003 10975 129.000000
1066 10664 129.000000
1066 10718 129.000000
1066 10965 129.000000
763 785 128.000000
782 783 128.000000
799 800 128.000000
430 452 127.000000
472 494 127.000000
565 587 126.000000
975 997 126.000000
1019 10538 126.000000
1019 10897 126.000000
1024 10765 126.000000
1024 10888 126.000000
184 185 125.000000
387 409 125.000000
793 794 125.000000
794 795 125.000000
795 796 125.000000
796 797 125.000000
1039 10547 125.000000
1408 1409 125.000000
26 48 124.000000
1000 10777 124.000000
1000 10810 124.000000
1000 10841 124.000000
1067 10933 124.000000
518 540 123.000000
1038 10549 123.000000
431 453 122.000000
1024 10604 122.000000
1024 10817 122.000000
1024 10861 122.000000
1038 1039 122.000000
1068 10928 122.000000
1393 1415 122.000000
851 873 121.000000
1018 10636 121.000000
1437 1459 121.000000
1045 10585 120.000000
71 93 119.000000
1044 10704 118.000000
1045 10719 118.000000
1456 1478 118.000000
530 531 117.000000
506 507 116.000000
507 508 116.000000
1000 10055 116.000000
968 969 115.000000
969 970 115.000000
970 971 115.000000
971 972 115.000000
1045 10765 115.000000
1045 10888 115.000000
1062 10636 115.000000
972 973 114.000000
1045 10604 113.000000
1045 10817 113.000000
1045 10861 113.000000
1088 10890 113.000000
1176 1198 113.000000
1179 1180 113.000000
1023 10777 111.000000
1023 10810 111.000000
1023 10841 111.000000
1300 1322 111.000000
1067 10719 110.000000
1066 10788 109.000000
50 72 108.000000
506 527 107.000000
522 523 107.000000
523 524 107.000000
524 525 107.000000
525 526 107.000000
526 527 107.000000
849 871 107.000000
895 917 107.000000
1043 10565 107.000000
1210 1211 107.000000
1211 1212 107.000000
1212 1213 107.000000
1310 1332 107.000000
141 142 106.000000
142 143 106.000000
143 144 106.000000
144 145 106.000000
455 477 105.000000
1158 1159 105.000000
1159 1160 105.000000
1160 1161 105.000000
1210 1231 104.000000
1227 1228 104.000000
1228 1229 104.000000
1229 1230 104.000000
1230 1231 104.000000
199 221 103.000000
1180 1181 103.000000
1181 1182 103.000000
1197 1219 103.000000
1024 1046 101.000000
1224 1246 101.000000
291 313 99.000000
1045 10933 99.000000
1089 10928 99.000000
543 544 98.000000
756 757 98.000000
1044 10825 98.000000
115 137 97.000000
521 522 97.000000
1175 1197 97.000000
814 815 96.000000
815 816 96.000000
816 817 96.000000
817 818 96.000000
913 935 96.000000
1434 1456 96.000000
304 326 95.000000
1023 10725 95.000000
1025 10916 95.000000
1464 1465 95.000000
1465 1466 95.000000
1466 1467 95.000000
1467 1468 95.000000
1468 1469 95.000000
775 776 94.000000
776 777 94.000000
1046 10805 94.000000
1232 1253 94.000000
1249 1250 94.000000
1250 1251 94.000000
1251 1252 94.000000
1252 1253 94.000000
1001 10233 93.000000
1025 10631 93.000000
1025 10732 93.000000
1066 10783 92.000000
1480 1502 92.000000
1003 10631 91.000000
1046 10928 91.000000
1127 1149 91.000000
1232 1233 91.000000
1233 1234 91.000000
519 541 90.000000
1088 10933 90.000000
138 160 89.000000
770 791 89.000000
786 787 89.000000
787 788 89.000000
788 789 89.000000
789 790 89.000000
790 791 89.000000
1109 1131 89.000000
450 472 88.000000
1066 10848 88.000000
1066 10902 88.000000
1066 10921 88.000000
1234 1235 88.000000
116 138 87.000000
603 604 86.000000
814 835 86.000000
1044 10890 86.000000
1066 10745 86.000000
1264 1286 86.000000
1343 1365 86.000000
726 727 85.000000
1066 10949 85.000000
72 94 84.000000
864 886 84.000000
973 974 84.000000
1023 10738 84.000000
1442 1443 84.000000
1443 1444 84.000000
1444 1445 84.000000
1445 1446 84.000000
550 551 83.000000
551 552 83.000000
692 693 83.000000
693 694 83.000000
694 695 83.000000
695 696 83.000000
696 697 83.000000
697 698 83.000000
698 699 83.000000
770 771 83.000000
771 772 83.000000
772 773 83.000000
773 774 83.000000
774 775 83.000000
1265 1287 83.000000
1301 1323 83.000000
1305 1327 83.000000
342 364 82.000000
423 445 82.000000
586 608 82.000000
1391 1413 82.000000
1546 1568 82.000000
390 391 81.000000
818 819 81.000000
819 820 81.000000
869 891 80.000000
1001 10429 80.000000
1254 1255 80.000000
1255 1256 80.000000
1441 1442 80.000000
380 402 79.000000
1023 10587 79.000000
1089 10941 79.000000
1507 1529 79.000000
550 571 78.000000
565 566 78.000000
566 567 78.000000
567 568 78.000000
568 569 78.000000
569 570 78.000000
570 571 78.000000
1003 10916 78.000000
1018 10545 78.000000
836 857 77.000000
852 853 77.000000
853 854 77.000000
854 855 77.000000
855 856 77.000000
856 857 77.000000
1023 10890 77.000000
1044 10903 77.000000
1154 1176 77.000000
1000 10725 76.000000
1022 10568 75.000000
1135 1157 75.000000
1278 1279 75.000000
717 718 74.000000
777 778 74.000000
836 837 74.000000
837 838 74.000000
838 839 74.000000
839 840 74.000000
840 841 74.000000
841 842 74.000000
934 956 74.000000
1044 1066 74.000000
1067 10679 74.000000
1283 1305 74.000000
1022 10484 73.000000
1022 10726 73.000000
1354 1376 73.000000
572 593 72.000000
587 588 72.000000
588 589 72.000000
589 590 72.000000
590 591 72.000000
591 592 72.000000
592 593 72.000000
1025 10266 72.000000
1025 10805 72.000000
1044 10934 72.000000
1061 1083 72.000000
1410 1432 72.000000
617 618 71.000000
618 619 71.000000
619 620 71.000000
620 621 71.000000
621 622 71.000000
622 623 71.000000
623 624 71.000000
624 625 71.000000
1528 1529 71.000000
159 181 70.000000
1003 10732 70.000000
1254 1275 70.000000
1271 1272 70.000000
1272 1273 70.000000
1273 1274 70.000000
1274 1275 70.000000
112 134 69.000000
655 677 69.000000
1320 1341 69.000000
1337 1338 69.000000
1338 1339 69.000000
1339 1340 69.000000
1340 1341 69.000000
1349 1371 69.000000
73 95 68.000000
271 272 68.000000
891 913 68.000000
957 979 68.000000
1017 10630 68.000000
1044 10816 68.000000
1221 1243 68.000000
1417 1439 68.000000
434 456 67.000000
953 975 67.000000
1320 1321 67.000000
442 464 66.000000
842 864 66.000000
931 953 66.000000
1000 10522 66.000000
1461 1483 66.000000
51 73 65.000000
180 202 65.000000
202 224 65.000000
784 806 65.000000
1044 10603 65.000000
1044 10877 65.000000
1066 10775 65.000000
1155 1177 65.000000
778 779 64.000000
1022 10565 64.000000
135 157 63.000000
764 765 63.000000
792 813 63.000000
809 810 63.000000
810 811 63.000000
811 812 63.000000
812 813 63.000000
1153 1175 63.000000
1066 10877 62.000000
1418 1440 62.000000
290 312 61.000000
1066 10738 61.000000
1276 1297 61.000000
1293 1294 61.000000
1294 1295 61.000000
1295 1296 61.000000
1296 1297 61.000000
1022 10775 60.000000
1066 10831 60.000000
386 408 59.000000
1022 10298 59.000000
1022 10299 59.000000
1022 10816 59.000000
1022 10903 59.000000
1022 10934 59.000000
10 1572 58.000000
671 672 58.000000
672 673 58.000000
673 674 58.000000
1000 10908 58.000000
1022 10522 58.000000
1022 10808 58.000000
1044 10745 58.000000
1044 10587 57.000000
1409 1431 57.000000
162 163 56.000000
163 164 56.000000
164 165 56.000000
165 166 56.000000
1000 10645 56.000000
1062 10885 56.000000
1387 1409 56.000000
1441 1463 56.000000
48 70 55.000000
631 632 55.000000
632 633 55.000000
633 655 55.000000
808 809 54.000000
1000 10831 54.000000
1017 10552 54.000000
1018 10647 54.000000
1065 10842 54.000000
1431 1453 54.000000
572 594 53.000000
739 761 53.000000
1000 10299 53.000000
1000 10903 53.000000
1022 10831 53.000000
1066 10725 53.000000
1066 10777 53.000000
1066 10810 53.000000
1066 10841 53.000000
1458 1480 53.000000
952 974 51.000000
1022 10539 51.000000
1276 1277 51.000000
1277 1278 51.000000
1342 1343 51.000000
938 960 50.000000
951 952 50.000000
1000 10738 50.000000
1001 10760 50.000000
1044 10808 50.000000
1485 1486 50.000000
1486 1487 50.000000
1487 1488 50.000000
1488 1489 50.000000
1489 1490 50.000000
1000 10268 49.000000
1000 10808 49.000000
1019 10355 49.000000
1309 1331 49.000000
575 576 48.000000
576 577 48.000000
577 578 48.000000
578 579 48.000000
579 580 48.000000
580 581 48.000000
1000 10298 48.000000
1017 10655 48.000000
1017 10884 48.000000
1018 10710 48.000000
1062 10791 48.000000
718 719 47.000000
719 720 47.000000
720 721 47.000000
734 735 47.000000
826 848 47.000000
1018 10437 47.000000
1019 10394 47.000000
1019 10525 47.000000
1019 10792 47.000000
1019 10833 47.000000
1019 11000 47.000000
1062 10807 47.000000
1321 1322 47.000000
1342 1363 47.000000
1359 1360 47.000000
1360 1361 47.000000
1361 1362 47.000000
1362 1363 47.000000
2 3 46.000000
749 750 46.000000
750 751 46.000000
751 752 46.000000
752 753 46.000000
753 754 46.000000
754 755 46.000000
755 756 46.000000
873 874 46.000000
874 875 46.000000
875 876 46.000000
876 877 46.000000
877 878 46.000000
878 879 46.000000
1019 10684 46.000000
1311 1333 46.000000
1364 1385 46.000000
1381 1382 46.000000
1382 1383 46.000000
1383 1384 46.000000
1384 1385 46.000000
29 51 45.000000
320 342 45.000000
1043 10664 45.000000
1043 10965 45.000000
1069 10975 45.000000
1091 1113 45.000000
516 538 44.000000
733 734 44.000000
1001 10587 44.000000
1018 10300 44.000000
1112 1134 44.000000
1222 1244 44.000000
1352 1374 44.000000
1062 10683 43.000000
1414 1436 43.000000
520 542 42.000000
1019 10551 42.000000
1040 10538 42.000000
1040 10897 42.000000
1043 10568 42.000000
1087 10946 42.000000
1180 1202 42.000000
1270 1271 42.000000
368 390 41.000000
1044 10725 41.000000
1087 10949 41.000000
1087 10951 41.000000
1087 10969 41.000000
1068 10892 40.000000
902 903 39.000000
903 904 39.000000
904 905 39.000000
905 906 39.000000
906 907 39.000000
1040 10525 39.000000
1061 10978 39.000000
47 69 38.000000
389 411 38.000000
462 484 38.000000
1040 10792 38.000000
1040 11000 38.000000
1043 10575 38.000000
1043 10640 38.000000
1043 10718 38.000000
574 575 37.000000
1044 10522 37.000000
850 872 36.000000
960 961 36.000000
1144 1145 36.000000
1144 1165 36.000000
1145 1146 36.000000
1146 1147 36.000000
1147 1148 36.000000
1161 1162 36.000000
1162 1163 36.000000
1163 1164 36.000000
1164 1165 36.000000
1364 1365 36.000000
134 156 35.000000
1039 10437 35.000000
1062 10671 35.000000
1066 10934 35.000000
1045 1067 34.000000
1066 10808 34.000000
1066 10903 34.000000
1350 1372 34.000000
1 2 33.000000
604 605 33.000000
1000 10070 33.000000
1000 10624 33.000000
1062 10919 33.000000
1066 10703 33.000000
1066 10816 33.000000
1397 1419 33.000000
740 741 32.000000
740 762 32.000000
741 742 32.000000
1000 10539 32.000000
1000 10726 32.000000
1040 10833 32.000000
1088 1110 32.000000
1158 1180 32.000000
444 466 31.000000
522 544 31.000000
739 740 31.000000
1126 1148 31.000000
1326 1348 31.000000
1408 1430 31.000000
412 434 30.000000
735 736 30.000000
736 737 30.000000
737 738 30.000000
738 739 30.000000
1002 1024 30.000000
1069 1091 30.000000
228 229 29.000000
229 230 29.000000
230 231 29.000000
231 232 29.000000
346 347 29.000000
477 499 29.000000
748 769 29.000000
765 766 29.000000
766 767 29.000000
767 768 29.000000
768 769 29.000000
893 915 29.000000
1018 10338 29.000000
1043 10831 29.000000
1087 10877 29.000000
184 206 28.000000
572 573 28.000000
573 574 28.000000
821 843 28.000000
1090 10916 28.000000
1178 1200 28.000000
1183 1205 28.000000
365 387 27.000000
718 740 27.000000
865 887 27.000000
1043 10842 27.000000
267 289 26.000000
325 347 26.000000
330 352 26.000000
385 407 26.000000
858 879 26.000000
1001 10890 26.000000
1021 1043 25.000000
281 303 24.000000
521 543 24.000000
1003 1004 24.000000
1004 1005 24.000000
1005 1006 24.000000
1006 1007 24.000000
1007 1008 24.000000
1008 1009 24.000000
1009 1010 24.000000
1010 1011 24.000000
1011 10348 24.000000
1047 10658 24.000000
1161 1183 24.000000
1503 1525 24.000000
1040 10706 23.000000
1525 1547 23.000000
1545 1567 23.000000
1 1563 22.000000
97 98 22.000000
178 200 22.000000
486 508 22.000000
858 859 22.000000
859 860 22.000000
860 861 22.000000
861 862 22.000000
914 936 22.000000
1000 10565 22.000000
1001 1023 22.000000
1043 10788 22.000000
1132 1154 22.000000
1370 1392 22.000000
550 572 21.000000
721 743 21.000000
1089 10892 21.000000
1240 1262 21.000000
30 52 20.000000
308 330 20.000000
1321 1343 20.000000
1366 1388 20.000000
500 522 19.000000
907 908 19.000000
1089 1111 19.000000
70 92 18.000000
727 749 18.000000
785 807 18.000000
808 830 18.000000
908 930 18.000000
909 931 18.000000
1040 1062 18.000000
594 595 17.000000
595 596 17.000000
596 597 17.000000
597 598 17.000000
598 599 17.000000
599 600 17.000000
600 601 17.000000
601 602 17.000000
602 603 17.000000
1018 10210 17.000000
1018 10289 17.000000
1018 10440 17.000000
1040 10684 17.000000
177 199 16.000000
206 207 16.000000
207 208 16.000000
208 209 16.000000
209 210 16.000000
264 285 16.000000
281 282 16.000000
282 283 16.000000
283 284 16.000000
284 285 16.000000
390 412 16.000000
1044 10645 16.000000
1044 10777 16.000000
1044 10810 16.000000
1044 10841 16.000000
1133 1155 16.000000
1284 1306 16.000000
183 205 15.000000
205 227 15.000000
748 749 15.000000
1090 1091 15.000000
476 498 14.000000
652 653 14.000000
653 654 14.000000
654 655 14.000000
973 995 14.000000
670 671 13.000000
828 850 13.000000
961 962 13.000000
962 963 13.000000
963 964 13.000000
964 965 13.000000
965 966 13.000000
966 967 13.000000
1017 10353 13.000000
1017 10537 13.000000
1017 10543 13.000000
1017 10978 13.000000
1044 10738 13.000000
1047 10569 13.000000
1047 10975 13.000000
1087 10903 13.000000
1327 1349 13.000000
1371 1393 13.000000
1485 1507 13.000000
1543 1544 13.000000
293 294 12.000000
294 295 12.000000
295 296 12.000000
296 297 12.000000
297 298 12.000000
298 299 12.000000
299 300 12.000000
300 301 12.000000
301 302 12.000000
302 303 12.000000
381 403 12.000000
391 413 12.000000
418 440 12.000000
494 516 12.000000
528 550 12.000000
762 784 12.000000
956 978 12.000000
1017 10341 12.000000
1017 10572 12.000000
1018 10479 12.000000
1286 1308 12.000000
1529 1530 12.000000
1530 1531 12.000000
1531 1532 12.000000
1532 1533 12.000000
1533 1534 12.000000
1534 1535 12.000000
1535 1536 12.000000
1536 1537 12.000000
1537 1538 12.000000
1538 1539 12.000000
0 1 11.000000
660 681 11.000000
677 678 11.000000
678 679 11.000000
679 680 11.000000
680 681 11.000000
775 797 11.000000
814 836 11.000000
880 901 11.000000
896 897 11.000000
897 898 11.000000
898 899 11.000000
899 900 11.000000
900 901 11.000000
958 980 11.000000
1039 10771 11.000000
1087 10902 11.000000
1087 10921 11.000000
1087 10934 11.000000
1323 1345 11.000000
1345 1367 11.000000
1550 1572 11.000000
829 851 10.000000
1003 1025 10.000000
1254 1276 10.000000
1262 1284 10.000000
1344 1366 10.000000
1348 1370 10.000000
1394 1416 10.000000
1446 1447 10.000000
1447 1448 10.000000
1448 1449 10.000000
1449 1450 10.000000
1450 1451 10.000000
75 76 9.000000
506 528 9.000000
630 631 9.000000
648 649 9.000000
649 650 9.000000
650 651 9.000000
651 652 9.000000
726 747 9.000000
743 744 9.000000
744 745 9.000000
745 746 9.000000
746 747 9.000000
792 793 9.000000
1122 1123 9.000000
1122 1143 9.000000
1123 1124 9.000000
1124 1125 9.000000
1125 1126 9.000000
1139 1140 9.000000
1139 1161 9.000000
1140 1141 9.000000
1141 1142 9.000000
1142 1143 9.000000
1267 1289 9.000000
245 267 8.000000
259 281 8.000000
355 377 8.000000
377 399 8.000000
398 420 8.000000
420 442 8.000000
742 743 8.000000
770 792 8.000000
842 843 8.000000
1364 1386 8.000000
123 145 7.000000
133 134 7.000000
133 155 7.000000
223 245 7.000000
249 250 7.000000
264 286 7.000000
783 805 7.000000
872 894 7.000000
895 896 7.000000
1068 10765 7.000000
1068 10888 7.000000
1148 1170 7.000000
1312 1334 7.000000
0 21 6.000000
46 68 6.000000
827 849 6.000000
910 932 6.000000
1040 10551 6.000000
1040 10671 6.000000
1261 1283 6.000000
1342 1364 6.000000
0 1562 5.000000
46 47 5.000000
454 476 5.000000
564 586 5.000000
660 682 5.000000
887 909 5.000000
902 923 5.000000
917 918 5.000000
918 919 5.000000
919 920 5.000000
920 921 5.000000
921 922 5.000000
922 923 5.000000
924 945 5.000000
940 941 5.000000
941 942 5.000000
942 943 5.000000
943 944 5.000000
944 945 5.000000
1087 10965 5.000000
1239 1261 5.000000
1287 1309 5.000000
1365 1387 5.000000
90 91 4.000000
98 99 4.000000
100 101 4.000000
101 123 4.000000
182 204 4.000000
204 226 4.000000
232 233 4.000000
233 234 4.000000
234 235 4.000000
235 236 4.000000
236 237 4.000000
237 259 4.000000
242 263 4.000000
259 260 4.000000
260 261 4.000000
261 262 4.000000
262 263 4.000000
400 422 4.000000
422 444 4.000000
594 615 4.000000
608 609 4.000000
609 610 4.000000
610 611 4.000000
611 612 4.000000
612 613 4.000000
613 614 4.000000
614 615 4.000000
682 703 4.000000
699 700 4.000000
700 701 4.000000
701 702 4.000000
702 703 4.000000
939 940 4.000000
1039 10545 4.000000
1039 10710 4.000000
1084 10897 4.000000
1084 11000 4.000000
1131 1153 4.000000
1134 1156 4.000000
1166 1167 4.000000
1167 1168 4.000000
1168 1169 4.000000
1271 1293 4.000000
1442 1464 4.000000
119 120 3.000000
120 121 3.000000
121 122 3.000000
122 123 3.000000
220 221 3.000000
487 509 3.000000
691 692 3.000000
712 713 3.000000
713 714 3.000000
924 925 3.000000
925 926 3.000000
926 927 3.000000
927 928 3.000000
928 929 3.000000
929 930 3.000000
974 996 3.000000
1018 1040 3.000000
1040 10683 3.000000
1040 10885 3.000000
1040 10919 3.000000
1046 1068 3.000000
1166 1187 3.000000
1183 1184 3.000000
1184 1185 3.000000
1185 1186 3.000000
1186 1187 3.000000
1188 1209 3.000000
1205 1206 3.000000
1206 1207 3.000000
1207 1208 3.000000
1208 1209 3.000000
1210 1232 3.000000
1234 1256 3.000000
1269 1291 3.000000
1544 1566 3.000000
198 219 2.000000
210 211 2.000000
211 212 2.000000
212 213 2.000000
213 214 2.000000
214 215 2.000000
215 216 2.000000
216 217 2.000000
217 218 2.000000
218 219 2.000000
369 391 2.000000
384 406 2.000000
464 486 2.000000
690 691 2.000000
804 826 2.000000
825 847 2.000000
830 852 2.000000
917 939 2.000000
936 958 2.000000
1188 1189 2.000000
1189 1190 2.000000
1190 1191 2.000000
1191 1192 2.000000
1320 1342 2.000000
2 24 1.000000
24 46 1.000000
179 201 1.000000
201 223 1.000000
433 455 1.000000
682 704 1.000000
704 726 1.000000
726 748 1.000000
792 814 1.000000
844 866 1.000000
880 881 1.000000
881 882 1.000000
882 883 1.000000
883 884 1.000000
884 885 1.000000
885 886 1.000000
959 981 1.000000
960 982 1.000000
972 994 1.000000
1016 1038 1.000000
1104 1126 1.000000
1166 1188 1.000000
1182 1183 1.000000
1201 1223 1.000000
1223 1245 1.000000
1268 1290 1.000000
1368 1390 1.000000
1369 1391 1.000000
1390 1412 1.000000
1436 1458 1.000000
1490 1491 1.000000
1491 1492 1.000000
1492 1493 1.000000
1493 1494 1.000000
1494 1495 1.000000
