403 404 20203.000000
404 405 20203.000000
405 406 20203.000000
402 403 15742.000000
4 5 14836.000000
5 6 14397.000000
6 7 13588.000000
7 8 13583.000000
1199 1200 12966.000000
406 407 12880.000000
424 425 12862.000000
425 426 12862.000000
426 427 12862.000000
427 428 12862.000000
8 9 11683.000000
1418 1419 11411.000000
1198 1199 11178.000000
1331 1332 10808.000000
407 408 10719.000000
1396 1397 9822.000000
1375 1376 9648.000000
1440 1441 9635.000000
1462 1463 9473.000000
1419 1420 9440.000000
1455 1456 9349.000000
1374 1375 9044.000000
1242 1243 9028.000000
1417 1418 8981.000000
1243 1244 8408.000000
1457 1458 8194.000000
1456 1457 8158.000000
1461 1462 8103.000000
1041 1042 8083.000000
1042 1043 8083.000000
1373 1374 8071.000000
423 424 8032.000000
1438 1439 7942.000000
1458 1459 7926.000000
408 409 7841.000000
1460 1461 7788.000000
1416 1417 7699.000000
1107 1108 7431.000000
1108 1109 7431.000000
406 428 7345.000000
1156 1157 7306.000000
1439 1440 7225.000000
269 270 7211.000000
1063 1064 7198.000000
1064 1065 7198.000000
1065 1066 7194.000000
1155 1156 7134.000000
1330 1331 7118.000000
1197 1198 7117.000000
1454 1455 7079.000000
1244 1245 7012.000000
1459 1460 6881.000000
313 314 6860.000000
1200 1201 6779.000000
1241 1242 6730.000000
428 429 6713.000000
1264 1265 6578.000000
1329 1330 6559.000000
291 292 6553.000000
1395 1396 6451.000000
1415 1416 6448.000000
1437 1438 6336.000000
226 227 6314.000000
447 448 6295.000000
448 449 6295.000000
449 450 6295.000000
1177 1178 6120.000000
1110 1111 6085.000000
1394 1395 6054.000000
28 29 6023.000000
1352 1353 5943.000000
1040 1041 5905.000000
429 430 5888.000000
1393 1394 5876.000000
1106 1107 5744.000000
450 451 5706.000000
1176 1177 5670.000000
1109 1110 5619.000000
1332 1333 5614.000000
1372 1373 5559.000000
1353 1354 5503.000000
516 517 5495.000000
1328 1329 5491.000000
1019 1020 5402.000000
1020 1021 5402.000000
1021 1022 5402.000000
72 73 5356.000000
381 382 5296.000000
382 383 5296.000000
383 384 5296.000000
384 385 5296.000000
451 452 5262.000000
1154 1155 5248.000000
1262 1263 5200.000000
1263 1264 5183.000000
290 291 5177.000000
1220 1221 5144.000000
1286 1287 5123.000000
270 271 5086.000000
1265 1266 5057.000000
1043 1044 4975.000000
1414 1415 4941.000000
357 358 4915.000000
115 116 4871.000000
1411 1412 4841.000000
1287 1288 4803.000000
1413 1414 4803.000000
1392 1393 4795.000000
1245 1246 4731.000000
1434 1435 4699.000000
380 381 4687.000000
247 248 4678.000000
468 469 4621.000000
469 470 4621.000000
470 471 4621.000000
471 472 4621.000000
1221 1222 4594.000000
1397 1398 4548.000000
1066 1067 4542.000000
1412 1413 4534.000000
1432 1433 4455.000000
1433 1434 4455.000000
1039 1040 4437.000000
1435 1436 4436.000000
359 360 4431.000000
360 361 4431.000000
361 362 4431.000000
362 363 4411.000000
114 115 4405.000000
1175 1176 4258.000000
1062 1063 4218.000000
158 159 4215.000000
1067 1068 4201.000000
1105 1106 4189.000000
1351 1352 4187.000000
467 468 4184.000000
1436 1437 4178.000000
379 380 4144.000000
1219 1220 4034.000000
452 453 4026.000000
159 160 4024.000000
358 359 4000.000000
1111 1112 3978.000000
446 447 3923.000000
517 518 3897.000000
538 539 3879.000000
1391 1392 3868.000000
1389 1390 3839.000000
1390 1391 3839.000000
1479 1480 3822.000000
603 604 3819.000000
1478 1479 3791.000000
401 402 3782.000000
363 364 3779.000000
1410 1411 3678.000000
1018 1019 3645.000000
1504 1505 3490.000000
422 423 3480.000000
1505 1506 3469.000000
73 74 3438.000000
1266 1267 3422.000000
1214 1215 3408.000000
1215 1216 3408.000000
1216 1217 3408.000000
1217 1218 3408.000000
1506 1507 3387.000000
453 454 3381.000000
1237 1238 3380.000000
1238 1239 3380.000000
1239 1240 3380.000000
1131 1132 3362.000000
518 519 3234.000000
94 95 3224.000000
113 114 3191.000000
826 827 3186.000000
1285 1286 3176.000000
1044 1045 3174.000000
974 975 3171.000000
314 336 3141.000000
445 446 3135.000000
160 161 3120.000000
1483 1484 3109.000000
200 201 3091.000000
71 72 3077.000000
312 313 3076.000000
465 466 3062.000000
823 824 3033.000000
824 825 3033.000000
825 826 3033.000000
997 998 3003.000000
998 999 3003.000000
292 293 2943.000000
1332 1354 2943.000000
1482 1483 2935.000000
357 379 2907.000000
1288 1289 2902.000000
1023 1024 2893.000000
138 139 2855.000000
157 158 2840.000000
1178 1179 2834.000000
1088 1089 2831.000000
137 138 2800.000000
70 71 2779.000000
335 336 2768.000000
1481 1482 2758.000000
314 315 2750.000000
1236 1237 2737.000000
1480 1481 2729.000000
116 117 2720.000000
892 893 2693.000000
1132 1133 2643.000000
1544 1545 2638.000000
1545 1546 2635.000000
539 540 2585.000000
1503 1504 2579.000000
1193 1194 2576.000000
1194 1195 2576.000000
1195 1196 2576.000000
1153 1154 2561.000000
1431 1432 2543.000000
1267 1268 2505.000000
1350 1351 2497.000000
430 431 2488.000000
69 70 2485.000000
1246 1247 2482.000000
270 292 2480.000000
1061 1062 2474.000000
1258 1259 2460.000000
1259 1260 2460.000000
1260 1261 2460.000000
1022 1023 2430.000000
1200 1222 2417.000000
1522 1523 2391.000000
180 181 2387.000000
1084 1085 2380.000000
1085 1086 2380.000000
1086 1087 2380.000000
870 871 2361.000000
1196 1197 2342.000000
201 202 2309.000000
466 467 2305.000000
1240 1241 2289.000000
869 870 2274.000000
473 474 2261.000000
472 473 2257.000000
976 977 2248.000000
977 978 2248.000000
199 200 2243.000000
1201 1202 2242.000000
1526 1527 2218.000000
161 162 2214.000000
421 422 2209.000000
266 267 2196.000000
267 268 2196.000000
1218 1219 2189.000000
1484 1485 2161.000000
1306 1307 2153.000000
1261 1262 2151.000000
1566 1567 2145.000000
1150 1151 2130.000000
1151 1152 2130.000000
1152 1153 2130.000000
1128 1129 2128.000000
1129 1130 2128.000000
1130 1131 2128.000000
1567 1568 2127.000000
1133 1134 2119.000000
409 410 2079.000000
1546 1547 2079.000000
1371 1372 2077.000000
975 976 2070.000000
1476 1477 2048.000000
1477 1478 2048.000000
1333 1334 2045.000000
202 203 2034.000000
225 226 2032.000000
1527 1528 2022.000000
604 605 2004.000000
936 937 1991.000000
490 491 1980.000000
491 492 1980.000000
492 493 1980.000000
493 494 1980.000000
334 335 1968.000000
431 432 1963.000000
136 137 1948.000000
26 27 1945.000000
29 30 1933.000000
179 180 1927.000000
560 561 1920.000000
540 541 1881.000000
1388 1389 1876.000000
1463 1464 1876.000000
135 136 1872.000000
889 890 1859.000000
890 891 1859.000000
1498 1499 1851.000000
1499 1500 1851.000000
203 204 1848.000000
474 475 1835.000000
156 157 1830.000000
978 979 1828.000000
932 933 1825.000000
933 934 1825.000000
1045 1046 1811.000000
1549 1550 1808.000000
1500 1501 1803.000000
1501 1502 1803.000000
494 495 1800.000000
1024 1025 1791.000000
1523 1524 1790.000000
1548 1549 1788.000000
48 49 1769.000000
1525 1526 1769.000000
181 182 1759.000000
410 411 1753.000000
1354 1355 1750.000000
30 31 1744.000000
1309 1310 1742.000000
244 245 1736.000000
245 246 1736.000000
268 269 1731.000000
1345 1346 1730.000000
1346 1347 1730.000000
1347 1348 1730.000000
937 938 1722.000000
954 955 1718.000000
955 956 1718.000000
1547 1548 1711.000000
1171 1172 1710.000000
1172 1173 1710.000000
1173 1174 1710.000000
1289 1290 1693.000000
849 850 1690.000000
50 51 1686.000000
1349 1350 1683.000000
223 224 1679.000000
49 50 1666.000000
1502 1503 1662.000000
400 401 1659.000000
891 892 1658.000000
495 496 1652.000000
246 247 1636.000000
1524 1525 1633.000000
10 10747 1632.000000
1157 1158 1632.000000
91 92 1625.000000
1112 1113 1624.000000
465 487 1619.000000
1083 1084 1619.000000
385 386 1603.000000
1376 1377 1601.000000
265 266 1597.000000
1307 1308 1597.000000
1134 1135 1579.000000
409 431 1573.000000
243 244 1563.000000
1348 1349 1553.000000
1170 1171 1552.000000
224 225 1545.000000
227 228 1545.000000
356 357 1542.000000
1113 1135 1541.000000
934 935 1534.000000
51 52 1532.000000
93 94 1524.000000
408 430 1497.000000
10 10054 1488.000000
378 379 1486.000000
1202 1224 1481.000000
27 28 1477.000000
92 93 1476.000000
498 499 1463.000000
1157 1179 1463.000000
1344 1345 1452.000000
487 488 1450.000000
827 828 1450.000000
454 455 1442.000000
845 846 1440.000000
846 847 1440.000000
1223 1224 1437.000000
1127 1128 1426.000000
980 981 1422.000000
996 997 1408.000000
1068 1090 1407.000000
511 512 1402.000000
512 513 1402.000000
513 514 1402.000000
514 515 1402.000000
248 249 1392.000000
1222 1223 1389.000000
389 390 1387.000000
74 75 1383.000000
432 433 1383.000000
561 562 1380.000000
336 358 1378.000000
1174 1175 1370.000000
1453 1454 1362.000000
893 894 1357.000000
336 337 1347.000000
953 954 1342.000000
1375 1397 1327.000000
455 456 1320.000000
496 497 1313.000000
1409 1410 1310.000000
847 848 1307.000000
1087 1088 1300.000000
1308 1309 1300.000000
848 849 1296.000000
444 445 1292.000000
850 851 1292.000000
1284 1285 1282.000000
1089 1090 1258.000000
222 223 1239.000000
1280 1281 1231.000000
1281 1282 1231.000000
1282 1283 1231.000000
411 412 1202.000000
979 980 1201.000000
647 648 1198.000000
52 53 1186.000000
515 516 1172.000000
489 490 1168.000000
476 477 1157.000000
117 118 1156.000000
931 932 1144.000000
499 500 1138.000000
510 511 1137.000000
1367 1368 1134.000000
1368 1369 1131.000000
1369 1370 1128.000000
935 936 1126.000000
475 476 1125.000000
497 498 1119.000000
539 561 1118.000000
758 759 1092.000000
759 760 1092.000000
760 761 1092.000000
1156 1178 1092.000000
407 429 1082.000000
387 388 1078.000000
388 389 1078.000000
433 434 1050.000000
313 335 1041.000000
1376 1398 1025.000000
1370 1371 1024.000000
330 331 1008.000000
331 332 1008.000000
332 333 1008.000000
1305 1306 1007.000000
1192 1193 1005.000000
488 489 997.000000
1475 1476 996.000000
335 357 994.000000
509 510 987.000000
1149 1150 981.000000
1245 1267 981.000000
10 11 980.000000
271 293 978.000000
330 351 976.000000
347 348 976.000000
348 349 976.000000
349 350 976.000000
350 351 976.000000
805 806 968.000000
894 895 968.000000
541 542 966.000000
1550 1551 965.000000
139 140 964.000000
1301 1302 955.000000
1302 1303 955.000000
1303 1304 955.000000
1304 1305 955.000000
181 203 949.000000
1540 1541 949.000000
866 867 939.000000
867 868 939.000000
868 869 939.000000
1541 1542 933.000000
1398 1399 932.000000
386 387 926.000000
1311 1312 924.000000
1000 1001 922.000000
1497 1498 922.000000
851 852 921.000000
453 475 911.000000
844 845 910.000000
1420 1421 900.000000
959 960 897.000000
182 183 894.000000
95 96 881.000000
443 444 880.000000
204 205 878.000000
1542 1543 874.000000
264 285 864.000000
282 283 864.000000
283 284 864.000000
284 285 864.000000
519 520 862.000000
1290 1291 862.000000
914 915 860.000000
958 959 859.000000
315 316 856.000000
957 958 854.000000
761 762 849.000000
1571 1572 848.000000
1022 10225 846.000000
913 914 843.000000
1310 1311 843.000000
585 586 842.000000
138 160 841.000000
269 291 839.000000
1126 1127 839.000000
1366 1367 838.000000
865 866 831.000000
1543 1544 823.000000
981 982 819.000000
1387 1388 816.000000
843 844 814.000000
938 939 812.000000
1202 1203 808.000000
1288 1310 806.000000
669 670 803.000000
520 521 801.000000
562 563 798.000000
1378 1379 793.000000
1379 1380 793.000000
440 441 785.000000
441 442 785.000000
25 26 782.000000
442 443 781.000000
542 543 780.000000
440 461 779.000000
457 458 779.000000
458 459 779.000000
459 460 779.000000
460 461 779.000000
586 587 772.000000
477 478 766.000000
1001 10138 761.000000
1002 1003 760.000000
31 32 758.000000
888 889 756.000000
584 585 752.000000
1018 10341 749.000000
1213 1214 744.000000
952 953 741.000000
532 533 739.000000
533 534 739.000000
534 535 739.000000
535 536 739.000000
536 537 739.000000
537 538 739.000000
563 564 738.000000
1001 1002 737.000000
364 365 735.000000
1022 10361 734.000000
822 823 732.000000
96 97 724.000000
975 997 723.000000
1068 1069 723.000000
908 909 719.000000
1046 1047 718.000000
1377 1378 711.000000
1066 1088 710.000000
909 910 709.000000
1244 1266 708.000000
1568 1569 706.000000
1000 10225 704.000000
910 911 695.000000
911 912 695.000000
912 913 695.000000
1570 1571 683.000000
1463 1485 679.000000
221 222 677.000000
1067 1089 676.000000
1300 1301 674.000000
456 478 671.000000
450 472 665.000000
1419 1441 659.000000
1000 10025 656.000000
53 54 649.000000
183 184 647.000000
871 872 647.000000
564 565 645.000000
412 413 640.000000
496 518 640.000000
363 385 637.000000
1283 1284 635.000000
915 916 629.000000
1246 1268 627.000000
1279 1280 627.000000
178 179 620.000000
264 265 617.000000
358 380 614.000000
1018 10537 612.000000
47 48 608.000000
402 424 608.000000
1456 1478 608.000000
1522 1544 608.000000
1283 1305 596.000000
1421 1422 590.000000
1422 1423 590.000000
1423 1424 590.000000
462 463 586.000000
463 464 586.000000
464 465 586.000000
582 583 581.000000
956 957 580.000000
1110 1132 576.000000
365 366 575.000000
366 367 574.000000
292 314 573.000000
268 290 571.000000
462 483 571.000000
478 479 571.000000
479 480 571.000000
480 481 571.000000
481 482 571.000000
482 483 571.000000
605 606 571.000000
1355 1356 563.000000
762 763 562.000000
1111 1133 556.000000
308 309 554.000000
308 329 554.000000
309 310 554.000000
310 311 554.000000
311 312 554.000000
326 327 554.000000
327 328 554.000000
328 329 554.000000
1569 1570 553.000000
333 334 550.000000
531 532 549.000000
227 249 547.000000
784 785 544.000000
374 375 538.000000
375 376 538.000000
376 377 538.000000
779 780 537.000000
780 781 537.000000
781 782 537.000000
451 473 536.000000
374 395 535.000000
391 392 535.000000
392 393 535.000000
393 394 535.000000
394 395 535.000000
271 272 531.000000
1022 1044 530.000000
364 386 525.000000
829 830 524.000000
828 829 521.000000
1432 1454 515.000000
930 931 512.000000
1500 1522 509.000000
1040 10710 507.000000
1225 1226 503.000000
782 783 499.000000
377 378 497.000000
1224 1225 493.000000
1356 1357 493.000000
1357 1358 493.000000
1203 1204 488.000000
1204 1205 488.000000
785 786 485.000000
995 996 484.000000
1365 1366 483.000000
583 584 482.000000
399 400 481.000000
10 10069 478.000000
1023 1045 478.000000
1023 10399 476.000000
1247 1248 473.000000
1248 1249 473.000000
625 626 469.000000
783 784 468.000000
1327 1328 467.000000
775 776 462.000000
776 777 462.000000
1381 1382 461.000000
1083 1105 454.000000
1399 1400 452.000000
1400 1401 452.000000
1401 1402 452.000000
367 368 449.000000
137 159 441.000000
1018 10226 440.000000
1000 10380 438.000000
1023 10298 437.000000
806 828 430.000000
1291 1292 422.000000
1292 1293 422.000000
1333 1355 419.000000
456 457 415.000000
1430 1431 415.000000
380 402 413.000000
1235 1236 412.000000
396 417 408.000000
413 414 408.000000
414 415 408.000000
415 416 408.000000
416 417 408.000000
225 247 405.000000
396 397 405.000000
397 398 405.000000
398 399 405.000000
1039 10480 405.000000
368 369 399.000000
484 505 399.000000
500 501 399.000000
501 502 399.000000
502 503 399.000000
503 504 399.000000
504 505 399.000000
1000 10908 393.000000
1402 1403 393.000000
205 206 387.000000
466 488 384.000000
821 822 384.000000
763 764 382.000000
286 287 381.000000
1424 1425 381.000000
112 113 378.000000
1000 10055 376.000000
484 485 375.000000
485 486 375.000000
1000 10152 373.000000
806 807 370.000000
163 164 365.000000
164 165 365.000000
165 166 365.000000
1000 10136 363.000000
1257 1258 362.000000
486 487 360.000000
606 607 359.000000
607 608 359.000000
1018 10579 357.000000
1018 10588 357.000000
1022 10407 355.000000
1003 10658 354.000000
1039 10773 349.000000
1023 10331 348.000000
887 888 347.000000
140 141 341.000000
287 288 338.000000
288 289 338.000000
289 290 338.000000
1019 10210 338.000000
872 873 333.000000
286 307 331.000000
304 305 331.000000
305 306 331.000000
306 307 331.000000
476 498 330.000000
401 423 328.000000
410 432 327.000000
626 627 327.000000
1039 10543 327.000000
177 178 323.000000
764 786 323.000000
1343 1344 323.000000
247 269 322.000000
378 400 321.000000
1023 10429 319.000000
506 507 312.000000
506 527 312.000000
507 508 312.000000
522 523 312.000000
523 524 312.000000
524 525 312.000000
525 526 312.000000
526 527 312.000000
352 373 310.000000
370 371 310.000000
371 372 310.000000
372 373 310.000000
1334 1335 310.000000
1335 1336 310.000000
1336 1337 310.000000
1412 1434 310.000000
543 544 309.000000
68 69 308.000000
432 454 306.000000
1067 10719 304.000000
771 772 301.000000
772 773 301.000000
773 774 301.000000
774 775 301.000000
1364 1385 300.000000
1382 1383 300.000000
1383 1384 300.000000
1384 1385 300.000000
1044 10624 295.000000
203 225 294.000000
452 474 294.000000
303 304 293.000000
387 409 293.000000
1364 1365 293.000000
934 956 291.000000
1000 10028 291.000000
1039 10854 290.000000
1039 10962 290.000000
1441 1442 287.000000
10 10491 284.000000
1205 1227 282.000000
1046 10631 280.000000
1380 1381 279.000000
352 353 278.000000
353 354 278.000000
354 355 278.000000
355 356 278.000000
1329 1351 276.000000
1039 10978 275.000000
1041 10538 275.000000
1044 10951 275.000000
1039 10548 274.000000
356 378 273.000000
160 182 272.000000
851 873 272.000000
1039 10422 272.000000
1044 10969 272.000000
1256 1257 272.000000
316 317 270.000000
317 318 270.000000
318 319 270.000000
319 320 270.000000
497 519 269.000000
543 565 269.000000
1000 10664 266.000000
1000 10965 266.000000
1546 1568 266.000000
1205 1206 265.000000
1386 1407 265.000000
1403 1404 265.000000
1404 1405 265.000000
1405 1406 265.000000
1406 1407 265.000000
1040 10647 264.000000
495 517 263.000000
320 321 260.000000
321 322 260.000000
322 323 260.000000
323 324 260.000000
324 325 260.000000
118 119 259.000000
1041 10833 257.000000
1044 10476 257.000000
1044 10848 256.000000
1044 10902 256.000000
1044 10921 256.000000
1528 1529 256.000000
184 185 255.000000
538 560 255.000000
1022 10386 254.000000
1000 10179 252.000000
1000 10788 252.000000
1018 10572 251.000000
3 4 249.000000
421 443 248.000000
1039 10884 245.000000
1148 1149 245.000000
10 10800 244.000000
1022 10640 244.000000
1044 10450 244.000000
10 10566 243.000000
10 10875 243.000000
10 10963 243.000000
312 334 242.000000
1041 10525 241.000000
1041 10792 241.000000
1041 11000 241.000000
478 500 239.000000
10 10836 237.000000
736 737 237.000000
737 738 237.000000
738 739 237.000000
10 10767 236.000000
1041 10897 236.000000
1525 1547 236.000000
960 961 235.000000
10 10826 233.000000
423 445 233.000000
1022 10842 232.000000
1312 1313 232.000000
1313 1314 232.000000
677 699 231.000000
895 896 231.000000
1019 10284 231.000000
1019 10320 231.000000
1269 1270 231.000000
1270 1271 231.000000
10 10295 230.000000
1019 10683 230.000000
1022 10250 230.000000
1088 10955 230.000000
1022 10575 229.000000
1022 10718 229.000000
157 179 228.000000
1019 10289 227.000000
1019 10479 227.000000
1331 1353 226.000000
1290 1312 225.000000
1040 10636 224.000000
1066 10842 223.000000
1040 10437 222.000000
1044 10816 222.000000
1044 10703 221.000000
1478 1500 221.000000
1044 10946 220.000000
1044 10949 220.000000
1063 10684 220.000000
1268 1269 220.000000
1000 10568 217.000000
1039 10655 217.000000
1066 10718 213.000000
542 564 212.000000
1063 10919 211.000000
1459 1481 211.000000
1063 10671 210.000000
1544 1566 210.000000
28 50 208.000000
1018 1040 206.000000
1018 10285 206.000000
1039 1061 206.000000
10 10591 204.000000
581 582 203.000000
1179 1180 203.000000
27 49 202.000000
841 842 200.000000
1041 10628 199.000000
10 10642 198.000000
10 10686 198.000000
1019 10338 198.000000
444 466 197.000000
10 10307 196.000000
10 10318 196.000000
10 10362 196.000000
10 10458 196.000000
1061 10768 194.000000
1289 1311 194.000000
69 91 193.000000
939 940 193.000000
431 453 192.000000
1044 10726 192.000000
1018 10611 191.000000
141 142 189.000000
142 143 189.000000
143 144 189.000000
144 145 189.000000
379 401 188.000000
1040 10814 188.000000
1214 1236 188.000000
418 419 187.000000
419 420 187.000000
420 421 187.000000
1024 10670 187.000000
10 10101 186.000000
1040 10791 186.000000
10 10988 185.000000
248 270 185.000000
1061 10688 185.000000
1061 10945 185.000000
418 439 184.000000
435 436 184.000000
436 437 184.000000
437 438 184.000000
438 439 184.000000
1181 1182 184.000000
162 163 183.000000
1040 10807 183.000000
10 10641 182.000000
10 10734 182.000000
762 784 182.000000
1000 10506 181.000000
1000 10775 181.000000
1023 10760 181.000000
1024 10604 181.000000
1024 10817 181.000000
1024 10861 181.000000
1180 1181 181.000000
10 10485 180.000000
763 785 180.000000
1062 10771 180.000000
10 10794 179.000000
10 10952 179.000000
325 326 178.000000
244 266 176.000000
399 421 176.000000
1249 1271 176.000000
1088 10903 175.000000
224 246 174.000000
422 444 174.000000
500 522 173.000000
778 779 173.000000
1000 10484 173.000000
1000 10505 173.000000
1019 10628 173.000000
1044 10568 173.000000
1046 10928 173.000000
10 10477 172.000000
10 10720 172.000000
713 714 172.000000
1045 10933 172.000000
25 47 171.000000
49 71 170.000000
850 872 170.000000
1040 10425 170.000000
1045 10760 169.000000
1068 10744 169.000000
583 605 168.000000
1045 10719 168.000000
1045 10670 167.000000
1045 10457 165.000000
430 452 164.000000
1022 10505 164.000000
1044 10783 164.000000
1045 10839 164.000000
72 94 162.000000
475 497 162.000000
1025 10569 162.000000
1025 10732 162.000000
1025 10916 162.000000
1025 10975 162.000000
757 758 161.000000
1017 1018 161.000000
1023 10777 161.000000
1023 10841 161.000000
1158 1159 161.000000
365 387 160.000000
1067 10810 160.000000
10 10328 159.000000
487 509 159.000000
1040 10440 159.000000
1040 10684 159.000000
1159 1160 159.000000
1160 1161 159.000000
1474 1475 159.000000
1023 10704 158.000000
1171 1193 158.000000
565 587 157.000000
784 806 156.000000
1022 10783 156.000000
761 783 155.000000
1045 10890 154.000000
1220 1242 154.000000
847 869 153.000000
842 843 152.000000
1388 1410 152.000000
1023 10745 151.000000
226 248 150.000000
1023 10890 148.000000
1063 10706 146.000000
1067 10670 146.000000
518 540 145.000000
626 648 145.000000
242 243 144.000000
1018 10771 144.000000
1398 1420 144.000000
1045 10888 143.000000
474 496 142.000000
1045 10679 142.000000
51 73 141.000000
916 917 141.000000
1019 10198 141.000000
1023 10810 140.000000
1024 10765 140.000000
1045 10765 140.000000
1226 1227 140.000000
792 813 139.000000
809 810 139.000000
810 811 139.000000
811 812 139.000000
812 813 139.000000
864 865 139.000000
1323 1324 139.000000
1324 1325 139.000000
1325 1326 139.000000
1326 1327 139.000000
434 435 138.000000
1018 10547 138.000000
199 221 137.000000
561 583 137.000000
631 632 135.000000
632 633 135.000000
807 808 135.000000
1408 1429 135.000000
1425 1426 135.000000
1426 1427 135.000000
1427 1428 135.000000
1428 1429 135.000000
1003 1004 133.000000
1044 10587 133.000000
1066 10664 133.000000
1066 10965 133.000000
1019 10482 131.000000
369 370 130.000000
1001 10825 129.000000
1001 10890 129.000000
1024 10888 129.000000
1089 10933 128.000000
1112 1134 128.000000
1415 1437 128.000000
894 916 127.000000
1039 10771 127.000000
367 389 125.000000
1199 1221 123.000000
1396 1418 123.000000
434 456 122.000000
633 655 122.000000
655 677 122.000000
797 798 122.000000
798 799 122.000000
836 857 122.000000
852 853 122.000000
853 854 122.000000
854 855 122.000000
855 856 122.000000
856 857 122.000000
1003 10128 122.000000
113 135 120.000000
1068 10941 120.000000
1254 1255 120.000000
1255 1256 120.000000
71 93 119.000000
135 157 119.000000
325 347 118.000000
793 794 117.000000
794 795 117.000000
795 796 117.000000
796 797 117.000000
1254 1275 117.000000
1271 1272 117.000000
1272 1273 117.000000
1273 1274 117.000000
1274 1275 117.000000
2 3 116.000000
508 509 116.000000
1001 10233 116.000000
1023 10233 115.000000
443 465 114.000000
1044 10506 114.000000
1044 10775 114.000000
1003 10145 113.000000
1067 10933 113.000000
1518 1519 113.000000
1519 1520 113.000000
1520 1521 113.000000
29 51 112.000000
714 715 112.000000
715 716 112.000000
716 717 112.000000
866 888 112.000000
1068 10805 112.000000
1084 1106 112.000000
1066 10726 111.000000
1066 10788 111.000000
454 476 110.000000
808 809 110.000000
671 672 109.000000
672 673 109.000000
673 674 109.000000
674 675 109.000000
675 676 109.000000
676 677 109.000000
1001 10206 109.000000
1022 10539 109.000000
1044 10484 109.000000
1044 10505 109.000000
1322 1323 109.000000
1354 1376 109.000000
1430 1451 109.000000
1447 1448 109.000000
1448 1449 109.000000
1449 1450 109.000000
1450 1451 109.000000
517 539 108.000000
1045 10825 108.000000
1089 10892 108.000000
1507 1508 108.000000
293 315 107.000000
1003 10569 107.000000
1003 10732 107.000000
1003 10916 107.000000
1003 10975 107.000000
1521 1522 107.000000
242 264 106.000000
627 628 106.000000
628 629 106.000000
629 630 106.000000
777 778 106.000000
1044 10825 106.000000
1067 10679 106.000000
1067 10839 105.000000
1311 1333 105.000000
347 369 104.000000
1044 10565 104.000000
1370 1392 104.000000
390 391 103.000000
519 541 103.000000
521 522 102.000000
756 757 102.000000
1481 1503 102.000000
1496 1497 102.000000
10 1572 101.000000
1046 10805 101.000000
184 206 100.000000
1068 10928 100.000000
156 178 99.000000
1025 10631 99.000000
814 835 98.000000
830 831 98.000000
831 832 98.000000
832 833 98.000000
833 834 98.000000
834 835 98.000000
1001 10670 98.000000
1089 10922 98.000000
134 135 97.000000
159 181 97.000000
337 338 97.000000
338 339 97.000000
339 340 97.000000
340 341 97.000000
551 552 97.000000
1001 10104 96.000000
1046 10892 96.000000
249 271 95.000000
821 843 95.000000
1001 10429 94.000000
1154 1176 94.000000
1109 1131 93.000000
341 342 92.000000
1068 10680 92.000000
1068 10859 92.000000
1068 10935 92.000000
550 551 91.000000
946 947 90.000000
947 948 90.000000
948 949 90.000000
949 950 90.000000
950 951 90.000000
1408 1409 90.000000
400 422 89.000000
870 892 89.000000
865 887 88.000000
1067 10725 88.000000
1337 1338 88.000000
1418 1440 88.000000
1090 10900 87.000000
260 282 86.000000
705 706 86.000000
706 707 86.000000
707 708 86.000000
708 709 86.000000
709 710 86.000000
710 711 86.000000
711 712 86.000000
1000 10724 86.000000
242 263 85.000000
260 261 85.000000
261 262 85.000000
262 263 85.000000
291 313 85.000000
1023 10825 85.000000
1024 1046 84.000000
1442 1443 84.000000
1443 1444 84.000000
1444 1445 84.000000
1445 1446 84.000000
1446 1447 84.000000
1241 1263 83.000000
1410 1432 83.000000
1437 1459 83.000000
155 156 81.000000
155 177 81.000000
1023 10380 81.000000
1306 1328 81.000000
1320 1341 81.000000
1338 1339 81.000000
1339 1340 81.000000
1340 1341 81.000000
26 48 80.000000
1023 10587 80.000000
1044 10745 80.000000
1088 10890 80.000000
334 356 79.000000
605 627 79.000000
1023 10539 76.000000
1025 10266 76.000000
1025 10365 76.000000
1044 10831 76.000000
1249 1250 76.000000
1264 1286 76.000000
390 412 75.000000
1025 10805 75.000000
1320 1321 75.000000
428 450 74.000000
588 589 74.000000
873 874 74.000000
1000 10624 74.000000
1001 10760 74.000000
1440 1462 74.000000
50 72 73.000000
1044 10841 73.000000
1066 10848 73.000000
1066 10902 73.000000
1066 10921 73.000000
1464 1465 73.000000
1465 1466 73.000000
1466 1467 73.000000
1467 1468 73.000000
1468 1469 73.000000
617 618 72.000000
618 619 72.000000
619 620 72.000000
620 621 72.000000
621 622 72.000000
622 623 72.000000
623 624 72.000000
624 625 72.000000
1044 10539 72.000000
1044 10777 72.000000
1044 10903 72.000000
1066 10951 72.000000
608 609 71.000000
891 913 71.000000
1044 10810 71.000000
178 200 70.000000
1004 10441 70.000000
587 588 69.000000
1044 10725 69.000000
826 848 68.000000
1044 10645 68.000000
1068 10892 68.000000
1310 1332 68.000000
134 156 66.000000
1003 10631 66.000000
1088 10934 66.000000
246 268 65.000000
342 343 65.000000
343 344 65.000000
344 345 65.000000
345 346 65.000000
346 347 65.000000
804 805 65.000000
1343 1365 65.000000
550 571 64.000000
565 566 64.000000
566 567 64.000000
567 568 64.000000
568 569 64.000000
569 570 64.000000
570 571 64.000000
800 801 64.000000
801 802 64.000000
802 803 64.000000
803 804 64.000000
1066 10969 64.000000
520 542 63.000000
935 957 63.000000
974 996 63.000000
1067 10745 63.000000
1084 10885 63.000000
814 815 62.000000
815 816 62.000000
816 817 62.000000
817 818 62.000000
1067 10890 62.000000
10 32 61.000000
249 250 61.000000
717 739 61.000000
1001 10704 61.000000
1066 10703 61.000000
1066 10777 60.000000
1066 10810 60.000000
1066 10816 60.000000
1066 10841 60.000000
1066 10946 60.000000
1066 10949 60.000000
1088 10946 60.000000
1088 10949 60.000000
1135 1136 60.000000
1136 1137 60.000000
1137 1138 60.000000
1138 1139 60.000000
1 2 59.000000
764 765 59.000000
1061 1083 59.000000
1066 10725 59.000000
1213 1235 59.000000
1542 1564 59.000000
389 411 58.000000
849 871 58.000000
293 294 57.000000
294 295 57.000000
295 296 57.000000
296 297 57.000000
297 298 57.000000
298 299 57.000000
299 300 57.000000
300 301 57.000000
301 302 57.000000
302 303 57.000000
957 979 57.000000
1000 10299 57.000000
1000 10522 57.000000
1392 1414 57.000000
818 819 56.000000
819 820 56.000000
820 821 56.000000
1000 10268 56.000000
1000 10298 56.000000
1000 10738 56.000000
1000 10808 56.000000
1000 10877 56.000000
1000 10934 56.000000
1023 10903 56.000000
1044 10522 56.000000
1044 10603 56.000000
1232 1233 56.000000
1232 1253 56.000000
1233 1234 56.000000
1250 1251 56.000000
1251 1252 56.000000
1252 1253 56.000000
1409 1431 56.000000
836 837 55.000000
1023 10299 55.000000
1023 10522 55.000000
1023 10603 55.000000
1089 10935 55.000000
1155 1177 55.000000
368 390 54.000000
1061 10773 54.000000
1389 1411 54.000000
1393 1415 54.000000
386 408 53.000000
572 593 53.000000
589 590 53.000000
590 591 53.000000
591 592 53.000000
592 593 53.000000
792 793 53.000000
1018 10830 53.000000
1089 10941 53.000000
1321 1322 53.000000
1507 1529 53.000000
575 576 52.000000
576 577 52.000000
577 578 52.000000
578 579 52.000000
579 580 52.000000
580 581 52.000000
805 827 52.000000
1000 10903 52.000000
1023 10645 52.000000
1023 10725 52.000000
1132 1154 52.000000
281 303 51.000000
717 718 51.000000
1068 10817 51.000000
1068 10861 51.000000
1175 1197 51.000000
1188 1189 51.000000
1188 1209 51.000000
1189 1190 51.000000
1206 1207 51.000000
1207 1208 51.000000
1208 1209 51.000000
1234 1235 51.000000
1458 1480 51.000000
1543 1565 51.000000
290 312 50.000000
1023 10268 50.000000
1023 10738 50.000000
1023 10808 50.000000
1023 10877 50.000000
1023 10934 50.000000
1043 10575 50.000000
1043 10718 50.000000
1043 10842 50.000000
1190 1191 50.000000
1349 1371 50.000000
913 935 49.000000
1000 10070 49.000000
1004 1005 49.000000
1005 1006 49.000000
1006 1007 49.000000
1007 1008 49.000000
1008 1009 49.000000
1009 1010 49.000000
1010 1011 49.000000
1011 10348 49.000000
1066 10831 49.000000
1069 10732 49.000000
1069 10916 49.000000
1069 10975 49.000000
1506 1528 49.000000
842 864 48.000000
1263 1285 48.000000
1000 10726 47.000000
1018 10437 47.000000
1043 10568 47.000000
1122 1123 47.000000
1122 1143 47.000000
1123 1124 47.000000
1124 1125 47.000000
1125 1126 47.000000
1139 1140 47.000000
1140 1141 47.000000
1141 1142 47.000000
1142 1143 47.000000
1180 1202 47.000000
1262 1284 47.000000
435 457 46.000000
749 750 46.000000
750 751 46.000000
751 752 46.000000
752 753 46.000000
1043 10788 46.000000
1047 10658 46.000000
1066 10775 46.000000
1176 1198 46.000000
881 882 45.000000
882 883 45.000000
883 884 45.000000
884 885 45.000000
885 886 45.000000
1061 10655 45.000000
1061 10884 45.000000
1061 10978 45.000000
735 736 44.000000
951 952 44.000000
1019 10885 44.000000
1062 10710 44.000000
1069 1091 44.000000
1091 1113 44.000000
1452 1453 44.000000
1452 1473 44.000000
1469 1470 44.000000
1470 1471 44.000000
1471 1472 44.000000
1472 1473 44.000000
0 1 43.000000
177 199 43.000000
303 325 43.000000
498 520 43.000000
516 538 43.000000
1001 10587 43.000000
1025 1026 43.000000
1066 10903 43.000000
1196 1218 43.000000
1276 1297 43.000000
1293 1294 43.000000
1294 1295 43.000000
1295 1296 43.000000
1296 1297 43.000000
412 434 42.000000
1022 10664 42.000000
1022 10965 42.000000
1153 1175 42.000000
770 771 41.000000
1022 10788 41.000000
1047 10569 41.000000
1047 10732 41.000000
1047 10916 41.000000
1047 10975 41.000000
1089 1111 41.000000
1127 1149 41.000000
1240 1262 41.000000
1482 1504 41.000000
180 202 40.000000
202 224 40.000000
281 282 40.000000
1000 1022 40.000000
1135 1157 40.000000
1191 1192 40.000000
1219 1241 40.000000
1276 1277 40.000000
1277 1278 40.000000
521 543 39.000000
753 754 39.000000
754 755 39.000000
755 756 39.000000
1000 10539 39.000000
1019 10706 39.000000
1298 1299 39.000000
1299 1300 39.000000
228 229 38.000000
229 230 38.000000
230 231 38.000000
231 232 38.000000
304 326 38.000000
739 740 38.000000
740 741 38.000000
741 742 38.000000
742 743 38.000000
880 881 38.000000
880 901 38.000000
896 897 38.000000
897 898 38.000000
898 899 38.000000
899 900 38.000000
900 901 38.000000
1022 10484 38.000000
1462 1484 38.000000
75 76 37.000000
342 364 37.000000
1022 10568 37.000000
70 92 36.000000
499 521 36.000000
734 735 36.000000
874 875 36.000000
875 876 36.000000
876 877 36.000000
877 878 36.000000
878 879 36.000000
1019 10394 36.000000
1286 1308 36.000000
204 226 35.000000
785 807 35.000000
1000 10361 35.000000
1365 1387 35.000000
552 553 34.000000
616 617 34.000000
616 637 34.000000
633 634 34.000000
634 635 34.000000
635 636 34.000000
636 637 34.000000
1046 1068 34.000000
97 98 33.000000
837 838 33.000000
838 839 33.000000
839 840 33.000000
840 841 33.000000
1000 10565 33.000000
1000 10831 33.000000
1019 10525 33.000000
1019 10792 33.000000
1019 10833 33.000000
1019 11000 33.000000
1044 10738 33.000000
1044 10808 33.000000
1044 10877 33.000000
1044 10934 33.000000
1066 10738 33.000000
1170 1192 33.000000
1298 1319 33.000000
1315 1316 33.000000
1316 1317 33.000000
1317 1318 33.000000
1318 1319 33.000000
1550 1572 33.000000
0 1562 32.000000
330 352 32.000000
1022 10565 32.000000
1022 10831 32.000000
1066 10808 32.000000
1066 10877 32.000000
1066 10934 32.000000
1088 1110 32.000000
1223 1245 32.000000
1308 1330 32.000000
1391 1413 32.000000
1540 1562 32.000000
369 391 31.000000
477 499 31.000000
748 769 31.000000
765 766 31.000000
766 767 31.000000
767 768 31.000000
768 769 31.000000
1067 10825 31.000000
30 52 30.000000
682 703 30.000000
699 700 30.000000
700 701 30.000000
701 702 30.000000
702 703 30.000000
893 915 30.000000
1019 10278 30.000000
1019 10684 30.000000
1044 1066 30.000000
1367 1389 30.000000
859 881 29.000000
910 932 29.000000
1040 10706 29.000000
1342 1343 29.000000
770 791 28.000000
787 788 28.000000
788 789 28.000000
789 790 28.000000
790 791 28.000000
814 836 28.000000
1039 10545 28.000000
1066 10783 28.000000
1087 10902 28.000000
1087 10921 28.000000
1198 1220 28.000000
1386 1387 28.000000
550 572 27.000000
968 969 27.000000
969 970 27.000000
970 971 27.000000
971 972 27.000000
972 973 27.000000
1019 10551 27.000000
1019 10671 27.000000
1438 1460 27.000000
572 573 26.000000
630 631 26.000000
718 719 26.000000
719 720 26.000000
720 721 26.000000
1017 10630 26.000000
1019 10264 26.000000
1019 10919 26.000000
1210 1211 26.000000
1210 1231 26.000000
1211 1212 26.000000
1212 1213 26.000000
1227 1228 26.000000
1228 1229 26.000000
1229 1230 26.000000
1230 1231 26.000000
1355 1377 26.000000
116 138 25.000000
385 407 25.000000
718 740 25.000000
740 762 25.000000
786 787 25.000000
808 830 25.000000
1019 10538 25.000000
1040 10671 25.000000
1063 10792 25.000000
1063 10833 25.000000
1063 11000 25.000000
1158 1180 25.000000
1366 1388 25.000000
1387 1409 25.000000
48 70 24.000000
272 273 24.000000
273 274 24.000000
274 275 24.000000
275 276 24.000000
276 277 24.000000
277 278 24.000000
278 279 24.000000
279 280 24.000000
280 281 24.000000
462 484 24.000000
712 713 24.000000
726 747 24.000000
743 744 24.000000
744 745 24.000000
745 746 24.000000
746 747 24.000000
799 800 24.000000
828 850 24.000000
1178 1200 24.000000
1184 1206 24.000000
1242 1264 24.000000
1305 1327 24.000000
73 95 23.000000
973 974 23.000000
1001 1023 23.000000
1039 10710 23.000000
1062 10683 23.000000
1267 1289 23.000000
1314 1315 23.000000
1350 1372 23.000000
286 308 22.000000
595 617 22.000000
837 859 22.000000
914 936 22.000000
937 959 22.000000
1019 10897 22.000000
1061 10854 22.000000
1061 10962 22.000000
1321 1343 22.000000
1342 1363 22.000000
1360 1361 22.000000
1361 1362 22.000000
1362 1363 22.000000
573 574 21.000000
589 611 21.000000
611 633 21.000000
692 693 21.000000
693 694 21.000000
694 695 21.000000
695 696 21.000000
696 697 21.000000
697 698 21.000000
698 699 21.000000
748 749 21.000000
886 887 21.000000
1018 10545 21.000000
1161 1162 21.000000
362 384 20.000000
384 406 20.000000
494 516 20.000000
931 953 20.000000
1004 10216 20.000000
1278 1279 20.000000
114 136 19.000000
486 508 19.000000
1183 1205 19.000000
1414 1436 19.000000
381 403 18.000000
473 495 18.000000
1019 10355 18.000000
1040 10482 18.000000
1062 10636 18.000000
1161 1183 18.000000
1162 1184 18.000000
1309 1331 18.000000
1529 1530 18.000000
1530 1531 18.000000
1531 1532 18.000000
1532 1533 18.000000
1533 1534 18.000000
1534 1535 18.000000
1535 1536 18.000000
1536 1537 18.000000
1537 1538 18.000000
1538 1539 18.000000
47 69 17.000000
1040 10551 17.000000
1062 10814 17.000000
1113 1114 17.000000
1114 1115 17.000000
1115 1116 17.000000
1116 1117 17.000000
1117 1139 17.000000
1 1563 16.000000
429 451 16.000000
528 529 16.000000
528 549 16.000000
529 530 16.000000
530 531 16.000000
544 545 16.000000
545 546 16.000000
546 547 16.000000
547 548 16.000000
548 549 16.000000
574 575 16.000000
823 845 16.000000
1003 10072 16.000000
1018 10300 16.000000
1040 10919 16.000000
1062 10791 16.000000
1062 10807 16.000000
1063 10897 16.000000
1084 11000 16.000000
1236 1258 16.000000
1312 1334 16.000000
1360 1382 16.000000
1541 1563 16.000000
1040 10683 15.000000
1046 10888 15.000000
1358 1359 15.000000
1359 1360 15.000000
205 227 14.000000
829 851 14.000000
1018 10647 14.000000
1243 1265 14.000000
1278 1300 14.000000
1503 1525 14.000000
455 477 13.000000
1265 1287 13.000000
182 204 12.000000
721 743 12.000000
1040 10885 12.000000
1068 10765 12.000000
1287 1309 12.000000
0 21 11.000000
206 207 11.000000
207 208 11.000000
208 209 11.000000
209 210 11.000000
337 359 11.000000
573 595 11.000000
595 596 11.000000
596 597 11.000000
597 598 11.000000
598 599 11.000000
599 600 11.000000
600 601 11.000000
601 602 11.000000
602 603 11.000000
739 761 11.000000
1040 1062 11.000000
1040 10479 11.000000
320 342 10.000000
783 805 10.000000
924 945 10.000000
940 941 10.000000
941 942 10.000000
942 943 10.000000
943 944 10.000000
944 945 10.000000
1018 10210 10.000000
1069 10805 10.000000
1191 1213 10.000000
1225 1247 10.000000
1279 1301 10.000000
1371 1393 10.000000
1408 1430 10.000000
183 205 9.000000
440 462 9.000000
649 650 9.000000
650 651 9.000000
651 652 9.000000
727 728 9.000000
728 729 9.000000
729 730 9.000000
730 731 9.000000
731 732 9.000000
732 733 9.000000
733 734 9.000000
1179 1201 9.000000
74 96 8.000000
391 413 8.000000
726 727 8.000000
799 821 8.000000
807 829 8.000000
1068 10888 8.000000
1133 1155 8.000000
1222 1244 8.000000
1352 1374 8.000000
1496 1517 8.000000
1508 1509 8.000000
1509 1510 8.000000
1510 1511 8.000000
1511 1512 8.000000
1512 1513 8.000000
1513 1514 8.000000
1514 1515 8.000000
1515 1516 8.000000
1516 1517 8.000000
753 775 7.000000
902 923 7.000000
917 918 7.000000
918 919 7.000000
919 920 7.000000
920 921 7.000000
921 922 7.000000
922 923 7.000000
1017 10353 7.000000
1017 10655 7.000000
1017 10884 7.000000
1017 10978 7.000000
1018 10710 7.000000
1087 10965 7.000000
1134 1156 7.000000
1181 1203 7.000000
1338 1360 7.000000
1342 1364 7.000000
46 68 6.000000
98 99 6.000000
100 101 6.000000
101 123 6.000000
123 145 6.000000
551 573 6.000000
648 649 6.000000
670 671 6.000000
683 705 6.000000
859 860 6.000000
860 861 6.000000
861 862 6.000000
909 931 6.000000
1002 1024 6.000000
1045 1067 6.000000
1084 10897 6.000000
1192 1214 6.000000
1234 1256 6.000000
1298 1320 6.000000
1416 1438 6.000000
1547 1569 6.000000
341 363 5.000000
682 683 5.000000
705 727 5.000000
862 863 5.000000
863 864 5.000000
892 914 5.000000
958 980 5.000000
1039 10572 5.000000
1039 10611 5.000000
1087 1109 5.000000
1166 1167 5.000000
1166 1187 5.000000
1167 1168 5.000000
1168 1169 5.000000
1169 1170 5.000000
1184 1185 5.000000
1185 1186 5.000000
1186 1187 5.000000
1197 1219 5.000000
1322 1344 5.000000
46 47 4.000000
206 228 4.000000
232 233 4.000000
233 234 4.000000
234 235 4.000000
235 236 4.000000
236 237 4.000000
442 464 4.000000
464 486 4.000000
748 770 4.000000
770 792 4.000000
952 974 4.000000
960 982 4.000000
973 995 4.000000
1003 1025 4.000000
1065 1087 4.000000
1090 10928 4.000000
1284 1306 4.000000
1315 1337 4.000000
1323 1345 4.000000
1486 1487 4.000000
1486 1508 4.000000
1487 1488 4.000000
1488 1489 4.000000
1489 1490 4.000000
1490 1491 4.000000
1491 1492 4.000000
1492 1493 4.000000
1493 1494 4.000000
1494 1495 4.000000
1572 1573 4.000000
237 259 3.000000
259 281 3.000000
374 396 3.000000
418 440 3.000000
787 809 3.000000
873 895 3.000000
1144 1145 3.000000
1144 1165 3.000000
1145 1146 3.000000
1146 1147 3.000000
1147 1148 3.000000
1162 1163 3.000000
1163 1164 3.000000
1164 1165 3.000000
1254 1276 3.000000
1269 1291 3.000000
1344 1366 3.000000
1368 1390 3.000000
1369 1391 3.000000
1372 1394 3.000000
1390 1412 3.000000
1434 1456 3.000000
1545 1567 3.000000
2 24 2.000000
24 46 2.000000
264 286 2.000000
690 691 2.000000
691 692 2.000000
792 814 2.000000
848 870 2.000000
886 908 2.000000
888 910 2.000000
908 930 2.000000
968 989 2.000000
982 983 2.000000
983 984 2.000000
984 985 2.000000
985 986 2.000000
986 987 2.000000
987 988 2.000000
988 989 2.000000
1047 1069 2.000000
1084 10919 2.000000
1104 1105 2.000000
1159 1181 2.000000
1182 1183 2.000000
1327 1349 2.000000
176 177 1.000000
176 197 1.000000
189 190 1.000000
190 191 1.000000
191 192 1.000000
192 193 1.000000
193 194 1.000000
194 195 1.000000
195 196 1.000000
196 197 1.000000
222 244 1.000000
237 238 1.000000
238 260 1.000000
366 388 1.000000
388 410 1.000000
582 604 1.000000
604 626 1.000000
682 704 1.000000
683 684 1.000000
684 685 1.000000
685 686 1.000000
686 687 1.000000
687 688 1.000000
688 689 1.000000
689 690 1.000000
704 726 1.000000
727 749 1.000000
757 779 1.000000
804 826 1.000000
830 852 1.000000
858 859 1.000000
858 879 1.000000
869 891 1.000000
874 896 1.000000
924 925 1.000000
925 926 1.000000
926 927 1.000000
927 928 1.000000
928 929 1.000000
929 930 1.000000
1131 1153 1.000000
1183 1184 1.000000
1190 1212 1.000000
1212 1234 1.000000
1345 1367 1.000000
1480 1502 1.000000
1485 1507 1.000000
