366 367 17632.000000
367 368 17632.000000
368 369 17632.000000
365 366 14307.000000
1381 1382 14045.000000
410 411 13068.000000
411 412 13068.000000
412 413 13068.000000
13 14 12869.000000
1162 1163 12583.000000
1425 1426 11605.000000
369 370 11328.000000
387 388 11265.000000
388 389 11265.000000
389 390 11265.000000
390 391 11265.000000
1161 1162 10646.000000
1402 1403 10360.000000
409 410 10186.000000
1338 1339 9611.000000
1403 1404 9582.000000
232 233 9509.000000
413 414 9366.000000
1026 1027 9257.000000
1027 1028 9257.000000
1380 1381 9133.000000
370 371 9122.000000
1337 1338 8855.000000
1382 1383 8673.000000
276 277 8645.000000
1379 1380 8497.000000
1160 1161 8486.000000
1227 1228 8451.000000
1423 1424 8276.000000
1401 1402 8206.000000
1424 1425 8007.000000
1315 1316 7952.000000
1206 1207 7759.000000
386 387 7600.000000
1205 1206 7586.000000
1378 1379 7555.000000
1551 1552 7555.000000
414 415 7525.000000
1397 1398 7346.000000
1400 1401 7266.000000
501 502 7245.000000
1422 1423 7219.000000
1552 1553 7197.000000
1028 1029 6914.000000
408 409 6775.000000
1118 1119 6767.000000
1395 1396 6704.000000
1396 1397 6704.000000
210 211 6646.000000
1294 1295 6634.000000
1163 1164 6620.000000
1226 1227 6542.000000
1398 1399 6435.000000
1183 1184 6361.000000
369 391 6323.000000
12 13 6256.000000
1336 1337 6161.000000
1225 1226 6146.000000
11 12 6099.000000
1250 1251 6005.000000
1025 1026 5972.000000
1359 1360 5956.000000
35 36 5924.000000
1399 1400 5896.000000
1358 1359 5849.000000
1357 1358 5795.000000
1441 1442 5778.000000
1204 1205 5739.000000
371 372 5735.000000
391 392 5690.000000
1119 1120 5655.000000
1228 1229 5634.000000
1316 1317 5573.000000
1442 1443 5563.000000
453 454 5462.000000
454 455 5462.000000
455 456 5462.000000
456 457 5462.000000
1418 1419 5345.000000
982 983 5297.000000
983 984 5297.000000
984 985 5254.000000
1249 1250 5239.000000
1184 1185 5229.000000
1029 1030 5214.000000
1335 1336 5201.000000
275 276 5188.000000
502 503 5186.000000
254 255 5152.000000
1070 1071 5147.000000
1071 1072 5147.000000
1117 1118 5141.000000
1004 1005 5106.000000
1005 1006 5106.000000
10 11 5081.000000
1182 1183 5023.000000
122 123 4956.000000
1377 1378 4953.000000
364 365 4934.000000
1139 1140 4917.000000
1356 1357 4909.000000
320 321 4907.000000
1446 1447 4905.000000
1419 1420 4874.000000
1091 1092 4873.000000
1092 1093 4873.000000
1140 1141 4872.000000
1439 1440 4843.000000
1440 1441 4843.000000
415 416 4819.000000
1553 1554 4742.000000
1421 1422 4732.000000
1374 1375 4705.000000
1394 1395 4695.000000
1073 1074 4653.000000
1420 1421 4649.000000
1507 1508 4636.000000
566 567 4610.000000
1024 1025 4599.000000
392 393 4552.000000
1445 1446 4549.000000
121 122 4523.000000
57 58 4442.000000
1069 1070 4442.000000
1003 1004 4429.000000
1138 1139 4392.000000
1200 1201 4344.000000
1201 1202 4344.000000
1202 1203 4344.000000
1314 1315 4329.000000
253 254 4295.000000
1375 1376 4269.000000
1376 1377 4269.000000
1208 1209 4228.000000
1443 1444 4227.000000
1229 1230 4201.000000
1554 1555 4199.000000
1444 1445 4186.000000
78 79 4159.000000
1438 1439 4157.000000
1293 1294 4146.000000
1508 1509 4109.000000
1292 1293 4053.000000
1199 1200 4032.000000
344 345 4005.000000
345 346 4005.000000
346 347 4005.000000
347 348 3999.000000
1291 1292 3953.000000
808 809 3933.000000
809 810 3933.000000
811 812 3932.000000
1251 1252 3919.000000
1468 1469 3916.000000
14 15 3903.000000
1207 1208 3882.000000
34 35 3879.000000
458 459 3868.000000
15 16 3854.000000
1116 1117 3810.000000
1467 1468 3789.000000
1248 1249 3756.000000
1490 1491 3748.000000
385 386 3708.000000
1002 1003 3702.000000
810 811 3662.000000
1313 1314 3651.000000
503 504 3625.000000
1465 1466 3597.000000
457 458 3548.000000
1464 1465 3534.000000
1463 1464 3512.000000
1466 1467 3490.000000
1247 1248 3484.000000
1072 1073 3464.000000
1511 1512 3442.000000
1047 1048 3441.000000
1048 1049 3441.000000
1049 1050 3441.000000
1090 1091 3401.000000
36 37 3390.000000
1093 1094 3385.000000
1512 1513 3371.000000
143 144 3316.000000
384 385 3304.000000
1509 1510 3271.000000
1094 1095 3254.000000
343 344 3249.000000
1488 1489 3228.000000
1469 1470 3224.000000
1489 1490 3215.000000
431 432 3210.000000
432 433 3210.000000
433 434 3210.000000
434 435 3210.000000
1113 1114 3185.000000
1114 1115 3185.000000
1115 1116 3185.000000
1461 1462 3168.000000
1417 1418 3157.000000
277 278 3132.000000
277 299 3132.000000
452 453 3104.000000
1334 1335 3100.000000
98 99 3087.000000
342 343 3058.000000
459 460 3028.000000
430 431 3003.000000
233 255 2998.000000
229 230 2987.000000
230 231 2987.000000
211 212 2975.000000
1203 1204 2965.000000
1510 1511 2956.000000
120 121 2955.000000
100 101 2953.000000
1068 1069 2911.000000
77 78 2908.000000
321 322 2879.000000
33 34 2876.000000
1312 1313 2866.000000
1555 1556 2842.000000
428 429 2766.000000
319 320 2751.000000
54 55 2745.000000
812 813 2739.000000
233 234 2736.000000
1295 1317 2709.000000
1181 1182 2702.000000
189 190 2676.000000
588 589 2676.000000
1373 1374 2650.000000
55 56 2638.000000
1355 1356 2636.000000
1252 1253 2622.000000
231 232 2614.000000
1487 1488 2607.000000
1007 1008 2597.000000
1156 1157 2595.000000
1157 1158 2595.000000
1158 1159 2595.000000
1089 1090 2594.000000
123 124 2587.000000
372 373 2587.000000
1095 1096 2584.000000
985 986 2541.000000
1006 1007 2513.000000
1485 1486 2513.000000
1529 1530 2502.000000
142 143 2499.000000
416 417 2499.000000
1162 1184 2493.000000
1462 1463 2466.000000
981 982 2460.000000
435 436 2413.000000
1243 1244 2411.000000
1244 1245 2411.000000
1245 1246 2403.000000
855 856 2402.000000
1051 1052 2383.000000
1330 1331 2379.000000
1331 1332 2376.000000
1332 1333 2376.000000
144 145 2375.000000
101 102 2362.000000
56 57 2357.000000
960 961 2350.000000
961 962 2350.000000
962 963 2350.000000
1530 1531 2348.000000
320 342 2345.000000
589 590 2341.000000
341 342 2335.000000
1246 1247 2318.000000
1074 1075 2301.000000
352 373 2297.000000
163 164 2296.000000
1028 10407 2296.000000
1295 1296 2292.000000
1270 1271 2291.000000
545 546 2270.000000
1460 1461 2261.000000
986 987 2244.000000
1159 1160 2226.000000
228 229 2224.000000
32 33 2175.000000
1486 1487 2161.000000
342 364 2154.000000
1163 1185 2134.000000
450 451 2112.000000
451 452 2102.000000
188 189 2100.000000
1333 1334 2086.000000
1030 1031 2046.000000
1230 1231 2046.000000
1221 1222 2044.000000
1222 1223 2044.000000
1223 1224 2044.000000
1271 1272 2026.000000
1317 1318 2026.000000
207 208 2000.000000
208 209 2000.000000
1338 1360 1999.000000
1119 1141 1997.000000
393 394 1990.000000
162 163 1988.000000
1177 1178 1979.000000
1178 1179 1979.000000
1179 1180 1979.000000
1180 1181 1979.000000
322 323 1975.000000
323 324 1975.000000
324 325 1975.000000
325 326 1962.000000
407 408 1930.000000
164 165 1928.000000
119 120 1906.000000
394 395 1883.000000
76 77 1874.000000
832 833 1869.000000
876 877 1869.000000
16 17 1868.000000
209 210 1855.000000
363 364 1855.000000
1207 1229 1792.000000
1188 1209 1785.000000
59 60 1777.000000
1008 1009 1777.000000
1141 1142 1766.000000
429 430 1757.000000
436 437 1752.000000
440 461 1727.000000
1531 1532 1677.000000
1046 1047 1676.000000
472 473 1660.000000
1164 1165 1650.000000
1504 1505 1645.000000
1505 1506 1645.000000
833 834 1642.000000
987 988 1636.000000
1030 1052 1629.000000
37 38 1618.000000
144 166 1616.000000
1134 1135 1612.000000
1135 1136 1612.000000
1136 1137 1612.000000
460 461 1608.000000
58 59 1602.000000
943 944 1598.000000
371 393 1591.000000
1360 1361 1590.000000
326 348 1588.000000
79 80 1570.000000
1120 1142 1565.000000
1050 1051 1550.000000
942 943 1530.000000
959 960 1515.000000
1112 1113 1504.000000
1556 1557 1499.000000
1329 1330 1492.000000
939 940 1470.000000
940 941 1470.000000
546 547 1466.000000
374 395 1465.000000
1447 1448 1460.000000
1272 1273 1453.000000
186 187 1450.000000
1532 1533 1448.000000
792 813 1447.000000
1339 1340 1447.000000
1506 1507 1445.000000
895 896 1442.000000
896 897 1442.000000
1220 1221 1441.000000
276 298 1439.000000
1533 1534 1419.000000
165 166 1399.000000
187 188 1388.000000
1269 1270 1378.000000
1007 10270 1373.000000
298 299 1371.000000
255 256 1360.000000
1383 1384 1356.000000
352 353 1347.000000
856 857 1339.000000
894 895 1335.000000
190 191 1316.000000
185 186 1312.000000
414 436 1296.000000
944 945 1296.000000
102 103 1292.000000
547 548 1289.000000
141 142 1281.000000
916 917 1278.000000
917 918 1278.000000
918 919 1278.000000
299 321 1276.000000
854 855 1274.000000
1224 1225 1269.000000
416 438 1268.000000
299 300 1250.000000
440 441 1246.000000
938 939 1246.000000
1137 1138 1242.000000
958 959 1239.000000
1534 1535 1234.000000
145 146 1231.000000
897 898 1230.000000
437 438 1228.000000
548 549 1228.000000
1382 1404 1227.000000
851 852 1226.000000
852 853 1226.000000
853 854 1226.000000
964 965 1225.000000
1155 1156 1220.000000
920 921 1212.000000
428 450 1200.000000
481 482 1186.000000
297 298 1178.000000
937 938 1168.000000
1133 1134 1168.000000
396 417 1167.000000
166 167 1153.000000
1176 1177 1142.000000
374 375 1140.000000
1290 1291 1135.000000
146 147 1127.000000
1002 1024 1122.000000
963 964 1121.000000
482 483 1098.000000
786 787 1098.000000
787 788 1098.000000
788 789 1098.000000
206 207 1095.000000
1165 1187 1093.000000
610 611 1089.000000
1352 1353 1085.000000
1353 1354 1085.000000
1354 1355 1085.000000
462 483 1080.000000
504 505 1052.000000
877 878 1052.000000
1503 1504 1043.000000
474 475 1037.000000
475 476 1037.000000
476 477 1037.000000
477 478 1037.000000
1286 1287 1027.000000
1287 1288 1027.000000
1288 1289 1027.000000
893 894 1025.000000
406 407 1023.000000
1289 1290 1020.000000
1350 1351 1016.000000
748 769 1013.000000
1416 1417 1006.000000
502 524 1004.000000
789 790 1001.000000
1003 10095 997.000000
941 942 968.000000
1351 1352 963.000000
898 899 949.000000
899 900 949.000000
850 851 923.000000
495 496 922.000000
496 497 922.000000
497 498 922.000000
498 499 922.000000
499 500 922.000000
500 501 922.000000
103 10345 921.000000
321 343 918.000000
807 808 918.000000
340 341 917.000000
834 835 904.000000
1372 1373 904.000000
768 769 902.000000
1074 1096 900.000000
1052 1053 899.000000
1251 1273 896.000000
244 245 892.000000
245 246 892.000000
246 247 892.000000
247 248 892.000000
1296 1318 884.000000
189 211 879.000000
878 879 876.000000
419 420 873.000000
420 421 873.000000
421 422 873.000000
422 423 873.000000
423 424 873.000000
424 425 873.000000
425 426 873.000000
426 427 873.000000
1051 10694 872.000000
919 920 871.000000
75 76 867.000000
478 479 867.000000
1437 1438 856.000000
1296 1297 847.000000
921 922 846.000000
458 480 844.000000
480 481 835.000000
80 81 834.000000
792 793 834.000000
479 480 827.000000
459 481 824.000000
484 505 821.000000
1285 1286 819.000000
1426 1448 819.000000
427 428 811.000000
298 320 809.000000
1273 1274 802.000000
473 474 797.000000
965 966 793.000000
1393 1394 788.000000
873 874 783.000000
874 875 783.000000
875 876 783.000000
396 397 770.000000
332 333 767.000000
333 334 767.000000
334 335 767.000000
335 336 767.000000
336 337 767.000000
337 338 767.000000
338 339 767.000000
339 340 767.000000
460 482 759.000000
365 387 751.000000
721 722 749.000000
722 723 749.000000
723 724 749.000000
790 791 734.000000
471 472 716.000000
167 168 711.000000
1073 1095 707.000000
748 749 706.000000
1462 1484 706.000000
900 901 701.000000
1186 1187 698.000000
288 289 691.000000
289 290 691.000000
290 291 691.000000
291 292 691.000000
292 293 691.000000
293 294 691.000000
294 295 691.000000
295 296 691.000000
1364 1365 686.000000
1364 1385 686.000000
1384 1385 686.000000
418 439 684.000000
1185 1186 677.000000
272 273 673.000000
273 274 673.000000
274 275 673.000000
828 829 673.000000
1111 1112 673.000000
1513 1514 673.000000
1485 1507 667.000000
372 394 666.000000
1025 10545 665.000000
438 439 664.000000
1320 1341 663.000000
101 10199 658.000000
1576 1577 650.000000
526 527 645.000000
232 254 644.000000
1575 1576 644.000000
922 923 642.000000
1320 1321 633.000000
524 525 625.000000
528 549 625.000000
10 10017 622.000000
806 807 622.000000
812 834 622.000000
980 981 622.000000
275 297 621.000000
271 272 620.000000
330 331 616.000000
814 835 612.000000
1529 1551 612.000000
1198 1199 596.000000
352 374 592.000000
234 256 587.000000
1577 1578 584.000000
836 857 581.000000
1339 1361 579.000000
124 125 577.000000
266 267 577.000000
267 268 577.000000
268 269 577.000000
269 270 577.000000
270 271 577.000000
248 249 573.000000
827 828 572.000000
1232 1253 567.000000
1002 10341 563.000000
1340 1341 563.000000
1144 1145 562.000000
1144 1165 562.000000
590 591 559.000000
253 275 555.000000
506 527 552.000000
348 349 549.000000
568 590 548.000000
915 916 547.000000
1008 10109 544.000000
1361 1362 544.000000
398 399 540.000000
399 400 540.000000
400 401 540.000000
401 402 540.000000
402 403 540.000000
403 404 540.000000
404 405 540.000000
567 568 536.000000
429 451 532.000000
1573 1574 531.000000
330 351 526.000000
350 351 526.000000
549 571 522.000000
405 406 519.000000
1298 1299 511.000000
101 10271 510.000000
255 277 507.000000
101 10971 506.000000
1096 10971 506.000000
764 765 504.000000
765 766 504.000000
766 767 504.000000
767 768 504.000000
1365 1366 498.000000
1318 1319 496.000000
1208 1230 491.000000
1210 1211 490.000000
119 141 489.000000
1294 1316 487.000000
1263 1264 484.000000
569 570 482.000000
570 571 482.000000
1274 1275 482.000000
1298 1319 481.000000
872 873 479.000000
1219 1220 473.000000
544 545 472.000000
568 569 467.000000
1210 1231 465.000000
1264 1265 463.000000
1265 1266 463.000000
1266 1267 463.000000
1267 1268 462.000000
362 363 459.000000
310 311 458.000000
311 312 458.000000
312 313 458.000000
313 314 458.000000
314 315 458.000000
315 316 458.000000
316 317 458.000000
317 318 458.000000
370 392 458.000000
829 830 458.000000
830 831 458.000000
831 832 458.000000
1484 1485 458.000000
1343 1344 457.000000
31 32 451.000000
1009 10732 450.000000
349 350 448.000000
1045 1046 440.000000
1375 1397 439.000000
1024 10480 438.000000
1328 1329 433.000000
1004 10095 432.000000
792 814 426.000000
419 441 423.000000
318 319 419.000000
354 355 418.000000
355 356 418.000000
356 357 418.000000
357 358 418.000000
358 359 418.000000
359 360 418.000000
360 361 418.000000
361 362 418.000000
1166 1167 418.000000
1029 10745 417.000000
1209 1231 417.000000
140 141 416.000000
1024 10261 416.000000
148 149 414.000000
149 150 414.000000
150 151 414.000000
231 253 413.000000
1232 1233 411.000000
1233 1234 411.000000
184 185 409.000000
1003 10156 409.000000
1188 1189 407.000000
1166 1187 406.000000
1146 1168 405.000000
1342 1343 402.000000
1342 1363 402.000000
1362 1363 402.000000
1029 10624 397.000000
397 419 392.000000
1030 10587 392.000000
1311 1312 381.000000
1574 1575 380.000000
1177 1199 378.000000
249 250 377.000000
742 743 377.000000
743 744 377.000000
744 745 377.000000
1268 1269 377.000000
326 327 374.000000
1145 1146 373.000000
1252 1274 373.000000
494 495 372.000000
319 341 367.000000
1441 1463 365.000000
103 104 364.000000
1007 10280 364.000000
1024 10549 363.000000
1024 10422 362.000000
857 879 358.000000
10 10518 357.000000
250 251 354.000000
251 252 354.000000
252 253 354.000000
418 419 352.000000
1572 1573 351.000000
288 310 350.000000
168 169 346.000000
760 761 346.000000
761 762 346.000000
871 872 346.000000
941 963 346.000000
1292 1314 344.000000
525 526 343.000000
1366 1367 343.000000
1367 1368 343.000000
1368 1369 343.000000
1369 1370 343.000000
1370 1371 343.000000
100 10950 342.000000
724 725 342.000000
804 805 342.000000
1007 10171 337.000000
1031 1053 336.000000
364 386 333.000000
589 611 333.000000
76 98 329.000000
1030 10760 329.000000
120 142 326.000000
1242 1243 325.000000
1459 1460 325.000000
100 122 321.000000
1463 1485 320.000000
485 486 318.000000
486 487 318.000000
487 488 318.000000
488 489 318.000000
489 490 318.000000
490 491 318.000000
491 492 318.000000
1030 10670 318.000000
492 493 316.000000
810 832 315.000000
1051 10681 310.000000
1404 1405 308.000000
1051 10738 307.000000
1344 1345 306.000000
1345 1346 306.000000
1346 1347 306.000000
1347 1348 306.000000
1348 1349 306.000000
1276 1297 305.000000
32 54 304.000000
1120 1121 304.000000
449 450 301.000000
1051 10659 301.000000
523 524 299.000000
373 395 298.000000
1002 10547 297.000000
450 472 296.000000
724 746 296.000000
343 365 295.000000
1008 10604 295.000000
1008 10760 295.000000
1053 10569 293.000000
1002 10353 292.000000
1002 10978 292.000000
1068 10962 292.000000
1003 10437 290.000000
1008 10817 290.000000
1008 10861 290.000000
1029 10946 289.000000
501 523 287.000000
484 485 286.000000
1029 10902 286.000000
1029 10951 286.000000
1029 10969 286.000000
1469 1491 286.000000
1026 10355 285.000000
1029 10848 285.000000
1029 10921 285.000000
1024 10945 284.000000
1183 1205 284.000000
10 10323 283.000000
10 10772 283.000000
10 10939 283.000000
1026 10551 283.000000
1509 1531 283.000000
1026 10684 282.000000
10 10133 280.000000
10 10662 280.000000
10 10716 280.000000
10 10748 280.000000
10 10785 280.000000
1024 10370 280.000000
1024 10507 280.000000
1024 10773 280.000000
1024 10854 280.000000
100 10050 279.000000
10 10192 277.000000
10 10433 277.000000
10 10535 277.000000
10 10595 277.000000
10 10654 277.000000
10 10701 277.000000
10 10753 277.000000
10 10893 277.000000
1008 10445 277.000000
1009 10145 277.000000
244 266 276.000000
1002 10084 276.000000
1189 1190 276.000000
441 442 275.000000
442 443 275.000000
443 444 275.000000
444 445 275.000000
445 446 275.000000
446 447 275.000000
447 448 275.000000
448 449 275.000000
1029 10949 275.000000
440 462 273.000000
1003 10300 273.000000
1008 10670 273.000000
1068 10688 273.000000
1386 1387 273.000000
12 34 272.000000
375 376 272.000000
376 377 272.000000
377 378 272.000000
378 379 272.000000
379 380 272.000000
380 381 272.000000
381 382 272.000000
382 383 272.000000
383 384 272.000000
1308 1309 272.000000
1309 1310 272.000000
1310 1311 272.000000
210 232 271.000000
745 746 270.000000
1002 10543 268.000000
1349 1350 265.000000
1465 1487 263.000000
101 10938 262.000000
384 406 260.000000
1031 10928 260.000000
1386 1407 257.000000
1405 1406 257.000000
1406 1407 257.000000
770 771 256.000000
1276 1277 255.000000
205 206 254.000000
1002 10579 254.000000
1380 1402 254.000000
1482 1483 254.000000
1483 1484 254.000000
963 985 253.000000
394 416 252.000000
1307 1308 252.000000
166 188 251.000000
1003 10071 251.000000
769 791 250.000000
1026 10671 250.000000
1052 10567 250.000000
1052 10744 250.000000
34 56 249.000000
1491 1492 249.000000
10 10714 248.000000
880 901 248.000000
1004 10628 247.000000
770 791 245.000000
1073 10811 245.000000
1073 10955 245.000000
1029 10476 244.000000
1007 10399 243.000000
296 297 241.000000
1578 1579 241.000000
100 10365 240.000000
278 300 239.000000
162 184 238.000000
1025 10547 238.000000
1253 1275 238.000000
1528 1529 237.000000
101 10950 236.000000
1069 10807 235.000000
1069 10814 232.000000
1029 1051 229.000000
1052 10781 228.000000
756 757 227.000000
757 758 227.000000
758 759 227.000000
759 760 227.000000
1002 10588 227.000000
1134 1156 227.000000
81 82 225.000000
1006 10386 224.000000
327 328 223.000000
1026 10628 223.000000
1254 1255 222.000000
1047 10885 221.000000
1045 10562 220.000000
1045 10768 220.000000
771 772 219.000000
772 773 219.000000
773 774 219.000000
774 775 219.000000
775 776 219.000000
300 301 218.000000
301 302 218.000000
302 303 218.000000
303 304 218.000000
304 305 218.000000
805 806 218.000000
1167 1168 217.000000
1470 1492 217.000000
286 287 216.000000
286 307 216.000000
305 306 216.000000
306 307 216.000000
1002 10537 215.000000
591 592 214.000000
592 593 214.000000
254 276 213.000000
897 919 212.000000
1007 10070 212.000000
1030 10839 211.000000
122 144 210.000000
720 721 210.000000
1025 10647 209.000000
1025 10771 209.000000
1031 1032 209.000000
308 309 206.000000
308 329 206.000000
328 329 206.000000
1009 10631 206.000000
1074 10922 206.000000
1444 1466 206.000000
461 483 205.000000
1009 1010 205.000000
1306 1307 205.000000
1355 1377 204.000000
101 10435 203.000000
353 354 203.000000
1030 10719 203.000000
1029 10575 202.000000
118 140 201.000000
1003 10210 201.000000
1003 10297 199.000000
1025 10710 199.000000
1277 1299 199.000000
1426 1427 199.000000
11 33 197.000000
406 428 194.000000
858 879 193.000000
924 945 193.000000
1007 10357 191.000000
1007 10587 190.000000
1007 10703 190.000000
1506 1528 189.000000
515 516 188.000000
1002 10572 188.000000
1003 10791 188.000000
415 437 186.000000
1029 10788 185.000000
118 119 184.000000
763 764 183.000000
1009 10805 183.000000
1009 10916 183.000000
309 310 181.000000
1007 10816 181.000000
1221 1243 181.000000
1046 10741 180.000000
1046 10757 180.000000
1026 10394 179.000000
1026 11000 179.000000
97 98 178.000000
1026 10538 178.000000
1026 10706 178.000000
1026 10897 178.000000
1030 10384 178.000000
482 504 177.000000
1007 10726 177.000000
1007 10745 177.000000
726 747 176.000000
768 790 176.000000
1024 10884 176.000000
55 77 174.000000
123 145 174.000000
493 494 174.000000
813 835 174.000000
938 960 174.000000
726 727 173.000000
1008 10457 173.000000
746 747 172.000000
1007 10624 172.000000
1031 10892 172.000000
1254 1275 172.000000
1029 10664 171.000000
1029 10965 171.000000
516 517 170.000000
517 518 170.000000
518 519 170.000000
519 520 170.000000
520 521 170.000000
521 522 170.000000
1007 1029 170.000000
1007 10331 170.000000
438 460 169.000000
1024 10570 169.000000
1026 10525 169.000000
1026 10792 169.000000
1026 10833 169.000000
56 78 168.000000
1029 10718 168.000000
462 484 166.000000
785 786 166.000000
10 10137 165.000000
1046 1068 163.000000
77 99 162.000000
1410 1411 162.000000
1411 1412 162.000000
1412 1413 162.000000
1413 1414 162.000000
1414 1415 162.000000
524 546 161.000000
1052 10544 161.000000
1052 10935 161.000000
1052 10941 161.000000
1204 1226 161.000000
10 10147 160.000000
1024 10548 160.000000
1024 10962 160.000000
1031 10805 160.000000
1008 10395 159.000000
102 10957 158.000000
1030 10890 158.000000
1024 10655 157.000000
1024 10688 157.000000
397 398 155.000000
1003 10479 155.000000
1052 10680 155.000000
1052 10859 155.000000
1025 10405 154.000000
1025 10814 154.000000
1047 10919 154.000000
1185 1207 154.000000
327 349 153.000000
1268 1290 152.000000
1047 10683 151.000000
1010 10216 150.000000
1030 10457 150.000000
1003 10440 149.000000
738 739 148.000000
739 740 148.000000
1008 10141 148.000000
13 35 147.000000
14 36 147.000000
733 734 147.000000
734 735 147.000000
735 736 147.000000
736 737 147.000000
737 738 147.000000
704 725 146.000000
1007 10890 146.000000
147 148 145.000000
264 265 145.000000
264 285 145.000000
265 266 145.000000
279 280 145.000000
280 281 145.000000
281 282 145.000000
282 283 145.000000
283 284 145.000000
284 285 145.000000
439 461 145.000000
1051 10933 144.000000
1160 1182 144.000000
1096 1097 143.000000
898 920 142.000000
1443 1465 142.000000
188 210 141.000000
463 464 141.000000
464 465 141.000000
465 466 141.000000
466 467 141.000000
467 468 141.000000
468 469 141.000000
469 470 141.000000
470 471 141.000000
484 506 141.000000
1025 10636 140.000000
1025 10807 140.000000
1091 11000 140.000000
1273 1295 140.000000
227 228 139.000000
362 384 139.000000
1008 10765 139.000000
1008 10888 139.000000
1073 10903 139.000000
1415 1416 139.000000
1024 10341 138.000000
385 407 137.000000
1069 10791 137.000000
1408 1429 137.000000
1427 1428 137.000000
1428 1429 137.000000
1050 10842 136.000000
1553 1575 135.000000
944 966 134.000000
1030 10395 133.000000
1074 10935 133.000000
1074 10941 133.000000
1117 1139 133.000000
902 923 132.000000
1003 10326 132.000000
1052 10933 132.000000
1098 1120 132.000000
1176 1198 132.000000
504 526 131.000000
506 528 131.000000
1047 10482 130.000000
1122 1123 130.000000
1122 1143 130.000000
1142 1143 130.000000
1263 1285 130.000000
1317 1339 130.000000
1419 1441 130.000000
704 705 129.000000
1007 10539 128.000000
472 494 127.000000
1007 10206 127.000000
1359 1381 127.000000
278 279 126.000000
1074 10859 126.000000
102 10985 125.000000
1030 10933 125.000000
799 800 124.000000
800 801 124.000000
801 802 124.000000
802 803 124.000000
803 804 124.000000
805 827 124.000000
1007 10233 124.000000
58 80 123.000000
462 463 123.000000
481 503 123.000000
1008 10138 123.000000
256 278 122.000000
1007 10104 122.000000
1352 1374 122.000000
522 523 121.000000
1408 1409 121.000000
1409 1410 121.000000
1008 10933 120.000000
1053 10698 120.000000
1053 10758 120.000000
1031 10365 119.000000
102 10661 118.000000
1053 10672 118.000000
1373 1395 118.000000
209 231 116.000000
762 763 116.000000
107 129 115.000000
187 209 114.000000
396 418 114.000000
920 942 114.000000
190 212 113.000000
449 471 113.000000
677 678 113.000000
678 679 113.000000
679 680 113.000000
1024 1046 113.000000
1025 10671 113.000000
1371 1372 113.000000
57 79 112.000000
435 457 112.000000
1394 1416 112.000000
104 105 111.000000
105 106 111.000000
106 107 111.000000
505 527 111.000000
854 876 111.000000
1007 10704 111.000000
699 700 110.000000
700 701 110.000000
701 702 110.000000
1001 10077 110.000000
211 233 109.000000
682 683 109.000000
682 703 109.000000
1001 1002 109.000000
1051 10587 109.000000
1395 1417 109.000000
386 408 108.000000
702 703 108.000000
1029 10568 108.000000
1075 1076 108.000000
1009 10092 107.000000
1076 1098 107.000000
234 235 106.000000
1051 10719 105.000000
1051 10839 105.000000
1531 1553 105.000000
341 363 104.000000
353 375 104.000000
1075 10758 104.000000
776 777 103.000000
1003 10425 103.000000
1009 10266 103.000000
1050 10640 103.000000
418 440 102.000000
53 54 101.000000
1009 10365 101.000000
1007 10825 100.000000
1047 10628 100.000000
1096 10964 100.000000
1052 10585 99.000000
1052 10646 99.000000
1029 10775 98.000000
1029 10783 98.000000
1073 10848 98.000000
1073 10921 98.000000
1248 1270 98.000000
1073 10902 97.000000
1073 10775 96.000000
1557 1558 96.000000
350 372 95.000000
1031 10419 95.000000
1100 1101 95.000000
1100 1121 95.000000
1101 1102 95.000000
1003 10482 94.000000
1051 10890 94.000000
1052 10559 93.000000
1372 1394 93.000000
1404 1426 93.000000
363 385 92.000000
1003 10057 92.000000
1052 10892 92.000000
680 681 91.000000
964 986 91.000000
330 352 90.000000
931 932 90.000000
932 933 90.000000
933 934 90.000000
934 935 90.000000
1138 1160 90.000000
871 893 89.000000
935 936 89.000000
966 967 89.000000
1072 1094 89.000000
1274 1296 89.000000
1051 10725 88.000000
331 332 87.000000
705 727 87.000000
784 785 87.000000
1321 1322 87.000000
960 982 86.000000
1029 10645 86.000000
101 123 85.000000
719 720 85.000000
1029 10450 85.000000
1029 10505 85.000000
1029 10506 85.000000
1030 10399 85.000000
1089 10945 85.000000
1246 1268 85.000000
297 319 84.000000
1029 10703 84.000000
1029 10816 84.000000
1168 1169 84.000000
1169 1170 84.000000
1170 1171 84.000000
1171 1172 84.000000
1172 1173 84.000000
1173 1174 84.000000
1174 1175 84.000000
1175 1176 84.000000
36 58 83.000000
506 507 82.000000
507 508 82.000000
508 509 82.000000
509 510 82.000000
510 511 82.000000
511 512 82.000000
512 513 82.000000
513 514 82.000000
514 515 82.000000
1029 10357 82.000000
1029 10484 82.000000
1029 10726 82.000000
1029 10777 82.000000
1029 10810 82.000000
1029 10841 82.000000
104 10566 81.000000
894 916 81.000000
1190 1191 81.000000
1191 1192 81.000000
1192 1193 81.000000
1193 1194 81.000000
1194 1195 81.000000
1195 1196 81.000000
1196 1197 81.000000
33 55 80.000000
417 439 80.000000
480 502 80.000000
747 769 80.000000
1094 10965 80.000000
392 414 79.000000
413 435 79.000000
916 938 79.000000
1032 10658 79.000000
1075 1097 79.000000
690 691 78.000000
691 692 78.000000
692 693 78.000000
693 694 78.000000
694 695 78.000000
695 696 78.000000
1075 10900 78.000000
1094 10955 78.000000
1029 10331 77.000000
1073 10951 77.000000
1073 10969 77.000000
1116 1138 77.000000
1139 1161 77.000000
212 234 76.000000
35 57 75.000000
100 10157 74.000000
660 661 74.000000
660 681 74.000000
661 662 74.000000
728 729 74.000000
729 730 74.000000
730 731 74.000000
731 732 74.000000
732 733 74.000000
1029 10831 74.000000
1051 10645 74.000000
1507 1529 74.000000
1513 1535 74.000000
1007 10565 73.000000
1029 10522 73.000000
727 728 72.000000
1073 10946 72.000000
1032 10975 71.000000
1212 1213 71.000000
1213 1214 71.000000
1214 1215 71.000000
1215 1216 71.000000
1216 1217 71.000000
1217 1218 71.000000
1218 1219 71.000000
1228 1250 71.000000
1234 1235 71.000000
1235 1236 71.000000
1236 1237 71.000000
1237 1238 71.000000
1238 1239 71.000000
1239 1240 71.000000
1240 1241 71.000000
936 937 70.000000
1025 10437 70.000000
1133 1155 70.000000
349 371 69.000000
395 417 69.000000
1030 10825 69.000000
1050 10726 69.000000
1184 1206 69.000000
1197 1198 69.000000
538 539 68.000000
539 540 68.000000
540 541 68.000000
541 542 68.000000
542 543 68.000000
543 544 68.000000
988 989 68.000000
1024 10353 68.000000
1024 10537 68.000000
1024 10978 68.000000
38 39 67.000000
54 76 67.000000
618 640 67.000000
640 662 67.000000
1007 10645 67.000000
1024 10572 67.000000
1307 1329 67.000000
1424 1446 67.000000
580 581 66.000000
581 582 66.000000
582 583 66.000000
583 584 66.000000
584 585 66.000000
585 586 66.000000
586 587 66.000000
587 588 66.000000
749 750 66.000000
865 866 66.000000
866 867 66.000000
867 868 66.000000
868 869 66.000000
869 870 66.000000
1067 1068 66.000000
1227 1249 66.000000
1554 1576 66.000000
836 837 65.000000
689 690 64.000000
849 850 64.000000
1051 1073 64.000000
1182 1204 64.000000
1226 1248 64.000000
1278 1279 64.000000
1279 1280 64.000000
1280 1281 64.000000
1281 1282 64.000000
1282 1283 64.000000
1283 1284 64.000000
1306 1328 64.000000
1333 1355 64.000000
1351 1373 64.000000
141 163 63.000000
1007 10380 63.000000
1029 10380 63.000000
1074 10839 63.000000
814 815 62.000000
1029 10539 62.000000
1073 10934 62.000000
374 396 61.000000
1030 10679 61.000000
1032 10569 61.000000
1051 10679 61.000000
1073 10949 61.000000
1350 1372 61.000000
1377 1399 61.000000
750 751 60.000000
751 752 60.000000
752 753 60.000000
753 754 60.000000
754 755 60.000000
1007 10810 60.000000
1029 10565 60.000000
791 813 59.000000
1007 10777 59.000000
1007 10841 59.000000
1051 10603 59.000000
407 429 58.000000
1051 10808 58.000000
1051 10877 58.000000
1118 1140 58.000000
1299 1300 58.000000
1322 1344 58.000000
616 617 57.000000
616 637 57.000000
617 618 57.000000
1006 10831 57.000000
1300 1301 57.000000
1301 1302 57.000000
1302 1303 57.000000
1303 1304 57.000000
1304 1305 57.000000
102 10917 56.000000
1029 10603 56.000000
1029 10725 56.000000
1029 10738 56.000000
1029 10808 56.000000
1029 10877 56.000000
1277 1278 56.000000
1305 1306 56.000000
1007 10934 55.000000
1024 10543 55.000000
1028 10842 55.000000
309 331 54.000000
437 459 54.000000
1007 10136 54.000000
1007 10903 54.000000
1025 10338 54.000000
1073 10816 54.000000
1381 1403 54.000000
1007 10603 53.000000
1007 10808 53.000000
1007 10877 53.000000
1421 1443 53.000000
1007 10299 52.000000
1051 10745 52.000000
572 573 51.000000
573 574 51.000000
1007 10268 51.000000
1007 10298 51.000000
266 288 50.000000
537 538 50.000000
749 771 50.000000
1051 10777 50.000000
1051 10810 50.000000
1051 10841 50.000000
1254 1276 50.000000
104 10911 49.000000
836 858 49.000000
1007 10522 49.000000
1025 10791 49.000000
125 126 48.000000
126 127 48.000000
127 128 48.000000
128 129 48.000000
662 663 48.000000
663 664 48.000000
664 665 48.000000
665 666 48.000000
666 667 48.000000
725 747 48.000000
901 923 48.000000
959 981 48.000000
1002 10611 48.000000
1008 1030 48.000000
1025 10297 48.000000
1025 10300 48.000000
1025 10479 48.000000
546 568 47.000000
843 865 47.000000
1241 1242 47.000000
1284 1285 47.000000
1356 1378 47.000000
1025 10289 46.000000
1029 10299 46.000000
1029 10903 46.000000
100 10053 45.000000
100 10928 45.000000
101 10985 45.000000
1006 10167 45.000000
1006 10179 45.000000
1006 10250 45.000000
1006 10640 45.000000
1006 10664 45.000000
1006 10718 45.000000
1006 10788 45.000000
1006 10965 45.000000
1029 10298 45.000000
837 838 44.000000
838 839 44.000000
839 840 44.000000
840 841 44.000000
841 842 44.000000
842 843 44.000000
914 915 44.000000
1009 1031 44.000000
1025 10440 44.000000
1029 10934 44.000000
1272 1294 44.000000
1466 1488 44.000000
101 10668 43.000000
1006 10568 43.000000
100 10567 42.000000
100 10744 42.000000
479 501 42.000000
611 612 42.000000
612 613 42.000000
613 614 42.000000
614 615 42.000000
705 706 42.000000
965 987 42.000000
1074 10933 42.000000
1089 1111 42.000000
1187 1209 42.000000
17 39 41.000000
574 575 41.000000
575 576 41.000000
576 577 41.000000
577 578 41.000000
578 579 41.000000
579 580 41.000000
880 881 41.000000
1050 10848 41.000000
1050 10902 41.000000
1050 10921 41.000000
1050 10951 41.000000
1050 10969 41.000000
1074 10765 41.000000
1074 10888 41.000000
10 32 40.000000
13 1575 40.000000
1050 10703 40.000000
1050 10816 40.000000
1074 10817 40.000000
1074 10861 40.000000
1211 1212 40.000000
1312 1334 40.000000
1487 1509 40.000000
101 10613 39.000000
536 537 39.000000
559 560 39.000000
560 561 39.000000
561 562 39.000000
562 563 39.000000
563 564 39.000000
564 565 39.000000
565 566 39.000000
1073 10825 39.000000
1102 1103 39.000000
1103 1104 39.000000
1104 1105 39.000000
1105 1106 39.000000
1106 1107 39.000000
1107 1108 39.000000
1108 1109 39.000000
1109 1110 39.000000
1110 1111 39.000000
528 529 38.000000
529 530 38.000000
530 531 38.000000
531 532 38.000000
532 533 38.000000
533 534 38.000000
534 535 38.000000
535 536 38.000000
634 635 38.000000
635 636 38.000000
636 637 38.000000
793 794 38.000000
794 795 38.000000
795 796 38.000000
796 797 38.000000
797 798 38.000000
798 799 38.000000
1203 1225 38.000000
1322 1323 38.000000
1323 1324 38.000000
1324 1325 38.000000
1325 1326 38.000000
1326 1327 38.000000
1430 1431 38.000000
310 332 37.000000
143 165 36.000000
165 187 36.000000
712 713 36.000000
713 714 36.000000
714 715 36.000000
715 716 36.000000
716 717 36.000000
717 718 36.000000
718 719 36.000000
828 850 36.000000
915 937 36.000000
1003 10525 36.000000
1003 10538 36.000000
1003 10706 36.000000
1003 10792 36.000000
1003 10833 36.000000
1003 10897 36.000000
1006 10575 36.000000
1025 10264 36.000000
1025 10919 36.000000
207 229 35.000000
662 684 35.000000
1069 10919 35.000000
1271 1293 35.000000
1387 1388 35.000000
1388 1389 35.000000
1389 1390 35.000000
1390 1391 35.000000
1391 1392 35.000000
550 571 34.000000
740 741 34.000000
1025 10278 34.000000
1025 10885 34.000000
1225 1247 34.000000
1327 1328 34.000000
16 38 33.000000
545 567 33.000000
558 580 33.000000
1003 10065 33.000000
1051 10825 33.000000
1069 10885 33.000000
1073 10738 33.000000
1400 1422 33.000000
102 10322 32.000000
147 169 32.000000
483 505 32.000000
870 871 32.000000
1025 10320 32.000000
1046 10545 32.000000
1360 1382 32.000000
405 427 31.000000
463 485 31.000000
1050 10603 31.000000
1053 10916 31.000000
1075 10805 31.000000
1371 1393 31.000000
558 559 30.000000
706 707 30.000000
707 708 30.000000
708 709 30.000000
709 710 30.000000
710 711 30.000000
876 898 30.000000
1003 1025 30.000000
1025 10683 30.000000
1053 10732 30.000000
1073 10777 30.000000
1073 10810 30.000000
1073 10841 30.000000
1298 1320 30.000000
12 1574 29.000000
697 698 29.000000
741 742 29.000000
815 816 29.000000
816 817 29.000000
817 818 29.000000
818 819 29.000000
819 820 29.000000
1024 10579 29.000000
1024 10588 29.000000
1025 10425 29.000000
1050 10808 29.000000
1050 10877 29.000000
1230 1252 29.000000
140 162 28.000000
937 959 28.000000
1072 10783 28.000000
1269 1291 28.000000
1361 1383 28.000000
31 53 27.000000
100 10390 27.000000
100 10490 27.000000
1025 10284 27.000000
1025 10482 27.000000
222 244 26.000000
1003 10684 26.000000
1006 10407 26.000000
1006 10842 26.000000
1073 10808 26.000000
1073 10877 26.000000
1315 1337 26.000000
60 61 25.000000
436 458 25.000000
696 697 25.000000
1002 10300 25.000000
1003 10355 25.000000
1069 11000 25.000000
1097 1098 25.000000
1097 1119 25.000000
1210 1232 25.000000
1430 1451 25.000000
1448 1449 25.000000
1449 1450 25.000000
1450 1451 25.000000
10 1572 24.000000
702 724 24.000000
703 725 24.000000
726 748 24.000000
814 836 24.000000
902 903 24.000000
903 904 24.000000
904 905 24.000000
905 906 24.000000
906 907 24.000000
907 908 24.000000
1095 1117 24.000000
858 859 23.000000
859 860 23.000000
860 861 23.000000
861 862 23.000000
862 863 23.000000
863 864 23.000000
864 865 23.000000
1072 10831 23.000000
287 288 22.000000
680 702 22.000000
1010 10658 22.000000
1474 1475 22.000000
1474 1495 22.000000
1475 1476 22.000000
1476 1477 22.000000
1477 1478 22.000000
1478 1479 22.000000
1479 1480 22.000000
1492 1493 22.000000
1493 1494 22.000000
1494 1495 22.000000
101 10143 21.000000
222 223 21.000000
223 224 21.000000
224 225 21.000000
225 226 21.000000
226 227 21.000000
393 415 21.000000
681 703 21.000000
727 749 21.000000
746 768 21.000000
1068 10771 21.000000
1124 1146 21.000000
1146 1147 21.000000
1147 1148 21.000000
1148 1149 21.000000
1149 1150 21.000000
1150 1151 21.000000
1151 1152 21.000000
1152 1153 21.000000
1153 1154 21.000000
1392 1393 21.000000
104 10591 20.000000
344 366 20.000000
375 397 20.000000
790 812 20.000000
1007 10725 20.000000
1069 10706 20.000000
1069 10792 20.000000
1069 10833 20.000000
1069 10897 20.000000
1308 1330 20.000000
100 10423 19.000000
100 10462 19.000000
100 10672 19.000000
100 10698 19.000000
100 10758 19.000000
191 192 19.000000
192 193 19.000000
193 194 19.000000
194 195 19.000000
347 369 19.000000
690 712 19.000000
1010 10975 19.000000
100 10900 18.000000
102 10829 18.000000
457 479 18.000000
711 712 18.000000
1007 10738 18.000000
1102 1124 18.000000
1550 1551 18.000000
104 10963 17.000000
212 213 17.000000
328 350 17.000000
527 549 17.000000
704 726 17.000000
872 894 17.000000
921 943 17.000000
1264 1286 17.000000
1284 1306 17.000000
1290 1312 17.000000
698 699 16.000000
827 849 16.000000
946 947 16.000000
947 948 16.000000
948 949 16.000000
949 950 16.000000
950 951 16.000000
951 952 16.000000
1289 1311 16.000000
1386 1408 16.000000
100 10253 15.000000
102 10317 15.000000
169 170 15.000000
170 171 15.000000
171 172 15.000000
172 173 15.000000
427 449 15.000000
832 854 15.000000
1068 10741 15.000000
1068 10757 15.000000
1073 10745 15.000000
1094 10946 15.000000
1094 10949 15.000000
1096 1118 15.000000
1212 1234 15.000000
1488 1510 15.000000
1003 10198 14.000000
1010 10569 14.000000
1050 10539 14.000000
1050 10903 14.000000
1072 10788 14.000000
1072 10965 14.000000
100 10189 13.000000
100 10366 13.000000
325 347 13.000000
441 463 13.000000
667 689 13.000000
1154 1155 13.000000
1430 1452 13.000000
1452 1473 13.000000
1470 1471 13.000000
1471 1472 13.000000
1472 1473 13.000000
100 10287 12.000000
100 10971 12.000000
340 362 12.000000
755 756 12.000000
942 964 12.000000
946 967 12.000000
1050 10565 12.000000
1050 10934 12.000000
1072 10842 12.000000
1166 1188 12.000000
1197 1219 12.000000
1313 1335 12.000000
1335 1357 12.000000
1416 1438 12.000000
1552 1574 12.000000
101 10669 11.000000
104 10767 11.000000
146 168 11.000000
168 190 11.000000
770 792 11.000000
771 793 11.000000
966 988 11.000000
1003 10551 11.000000
1050 10775 11.000000
1052 10765 11.000000
1052 10888 11.000000
1448 1470 11.000000
1532 1554 11.000000
103 10889 10.000000
104 10794 10.000000
104 10826 10.000000
574 596 10.000000
596 618 10.000000
777 778 10.000000
778 779 10.000000
779 780 10.000000
780 781 10.000000
789 811 10.000000
887 888 10.000000
888 889 10.000000
889 890 10.000000
890 891 10.000000
891 892 10.000000
1003 10075 10.000000
1050 10505 10.000000
1050 10506 10.000000
1050 10783 10.000000
1052 10817 10.000000
1052 10861 10.000000
892 893 9.000000
1003 10278 9.000000
1046 10479 9.000000
1046 10791 9.000000
1052 10604 9.000000
1075 10928 9.000000
1080 1081 9.000000
1080 1102 9.000000
1081 1082 9.000000
1082 1083 9.000000
1083 1084 9.000000
1084 1085 9.000000
1085 1086 9.000000
1086 1087 9.000000
1087 1088 9.000000
1088 1089 9.000000
1267 1289 9.000000
1300 1322 9.000000
242 243 8.000000
242 263 8.000000
243 244 8.000000
256 257 8.000000
257 258 8.000000
258 259 8.000000
259 260 8.000000
260 261 8.000000
261 262 8.000000
262 263 8.000000
1002 10771 8.000000
1094 10951 8.000000
1094 10969 8.000000
1141 1163 8.000000
1154 1176 8.000000
1245 1267 8.000000
1278 1300 8.000000
1535 1536 8.000000
11 1573 7.000000
14 1576 7.000000
683 684 7.000000
711 733 7.000000
748 770 7.000000
1003 10264 7.000000
1003 10320 7.000000
1003 10671 7.000000
1003 10919 7.000000
1046 10807 7.000000
1046 10814 7.000000
318 340 6.000000
550 551 6.000000
551 552 6.000000
552 553 6.000000
553 554 6.000000
554 555 6.000000
555 556 6.000000
556 557 6.000000
557 558 6.000000
633 634 6.000000
784 806 6.000000
835 857 6.000000
858 880 6.000000
1050 10568 6.000000
1050 10664 6.000000
1050 10718 6.000000
1050 10788 6.000000
1050 10831 6.000000
1050 10965 6.000000
1052 1074 6.000000
1255 1256 6.000000
1256 1257 6.000000
1257 1258 6.000000
1258 1259 6.000000
1259 1260 6.000000
1260 1261 6.000000
1261 1262 6.000000
1262 1263 6.000000
1378 1400 6.000000
1550 1572 6.000000
15 1577 5.000000
287 309 5.000000
536 558 5.000000
572 593 5.000000
667 668 5.000000
668 690 5.000000
676 677 5.000000
1024 10285 5.000000
1053 10928 5.000000
1121 1143 5.000000
1143 1165 5.000000
1327 1349 5.000000
61 62 4.000000
62 63 4.000000
63 85 4.000000
176 177 4.000000
176 197 4.000000
177 178 4.000000
178 200 4.000000
183 184 4.000000
195 196 4.000000
196 197 4.000000
200 222 4.000000
523 545 4.000000
785 807 4.000000
834 856 4.000000
936 958 4.000000
946 968 4.000000
968 989 4.000000
1002 10830 4.000000
1003 10107 4.000000
1003 10284 4.000000
1003 10289 4.000000
1003 10338 4.000000
1003 10683 4.000000
1003 10885 4.000000
1031 10445 4.000000
1046 10710 4.000000
1418 1440 4.000000
1440 1462 4.000000
102 10577 3.000000
103 10496 3.000000
594 595 3.000000
594 615 3.000000
595 596 3.000000
596 597 3.000000
597 598 3.000000
598 599 3.000000
599 600 3.000000
600 601 3.000000
675 676 3.000000
821 843 3.000000
881 882 3.000000
882 883 3.000000
883 884 3.000000
884 885 3.000000
885 886 3.000000
886 887 3.000000
922 944 3.000000
1002 10545 3.000000
1002 10710 3.000000
1031 10604 3.000000
1031 10817 3.000000
1031 10861 3.000000
1046 10636 3.000000
1053 10805 3.000000
1067 10768 3.000000
1076 1077 3.000000
1077 1099 3.000000
1099 1121 3.000000
1111 1133 3.000000
1124 1125 3.000000
1125 1126 3.000000
1126 1127 3.000000
1127 1128 3.000000
1128 1129 3.000000
1129 1130 3.000000
1130 1131 3.000000
1131 1132 3.000000
1159 1181 3.000000
1161 1183 3.000000
1331 1353 3.000000
1353 1375 3.000000
305 327 2.000000
492 514 2.000000
514 536 2.000000
684 685 2.000000
685 686 2.000000
686 687 2.000000
687 688 2.000000
688 689 2.000000
689 711 2.000000
728 750 2.000000
799 821 2.000000
902 924 2.000000
1032 1054 2.000000
1047 10525 2.000000
1047 10538 2.000000
1047 10551 2.000000
1047 10671 2.000000
1047 10684 2.000000
1047 10706 2.000000
1047 10792 2.000000
1047 10833 2.000000
1047 10897 2.000000
1047 11000 2.000000
1054 1076 2.000000
1067 10773 2.000000
1067 10854 2.000000
1067 10945 2.000000
1068 1090 2.000000
1247 1269 2.000000
1270 1292 2.000000
1275 1297 2.000000
1318 1340 2.000000
1328 1350 2.000000
1405 1427 2.000000
154 155 1.000000
154 175 1.000000
155 156 1.000000
156 157 1.000000
157 158 1.000000
158 159 1.000000
159 160 1.000000
160 161 1.000000
173 174 1.000000
174 175 1.000000
220 221 1.000000
220 241 1.000000
221 222 1.000000
235 236 1.000000
236 237 1.000000
237 238 1.000000
238 239 1.000000
239 240 1.000000
240 241 1.000000
348 370 1.000000
738 760 1.000000
821 822 1.000000
822 823 1.000000
823 824 1.000000
824 825 1.000000
878 900 1.000000
892 914 1.000000
923 945 1.000000
935 957 1.000000
957 979 1.000000
1089 10962 1.000000
1164 1186 1.000000
1186 1208 1.000000
1198 1220 1.000000
1305 1327 1.000000
1403 1425 1.000000
1431 1432 1.000000
1432 1433 1.000000
1433 1434 1.000000
1434 1435 1.000000
1435 1436 1.000000
