406 407 20176.000000
407 408 20176.000000
408 409 20176.000000
409 410 20176.000000
1378 1379 15775.000000
405 406 13480.000000
1334 1335 12277.000000
10 11 12192.000000
1202 1203 12059.000000
1443 1444 11773.000000
410 411 11517.000000
363 364 11081.000000
364 365 11081.000000
365 366 11081.000000
8 9 10587.000000
1377 1378 10450.000000
1246 1247 10056.000000
1422 1423 9939.000000
362 363 9850.000000
384 385 9706.000000
385 386 9706.000000
386 387 9706.000000
387 388 9706.000000
1420 1421 9385.000000
7 8 9261.000000
411 412 9250.000000
1158 1159 9249.000000
1203 1204 9174.000000
1159 1160 9082.000000
1421 1422 9048.000000
1376 1377 9032.000000
1399 1400 8781.000000
1201 1202 8753.000000
1335 1336 8722.000000
366 367 8662.000000
1375 1376 8345.000000
1419 1420 8094.000000
11 12 8078.000000
1442 1443 7842.000000
383 384 7740.000000
1247 1248 7684.000000
273 274 7676.000000
1333 1334 7511.000000
1245 1246 7319.000000
1356 1357 7153.000000
12 13 7143.000000
1436 1437 7102.000000
498 499 7089.000000
272 273 7061.000000
1244 1245 7032.000000
1023 1024 6919.000000
1024 1025 6919.000000
1113 1114 6775.000000
1157 1158 6655.000000
1440 1441 6552.000000
1438 1439 6534.000000
250 251 6401.000000
1437 1438 6364.000000
1044 1045 6291.000000
1045 1046 6291.000000
1046 1047 6291.000000
1441 1442 6256.000000
1398 1399 6139.000000
1418 1419 6110.000000
229 230 6055.000000
1180 1181 6049.000000
585 586 6035.000000
1439 1440 6034.000000
1114 1115 6033.000000
1222 1223 5953.000000
316 317 5826.000000
1355 1356 5805.000000
1223 1224 5788.000000
361 362 5746.000000
1332 1333 5727.000000
1400 1401 5720.000000
1110 1111 5643.000000
1111 1112 5643.000000
450 451 5633.000000
451 452 5633.000000
452 453 5633.000000
1416 1417 5621.000000
453 454 5603.000000
1397 1398 5548.000000
1224 1225 5520.000000
1414 1415 5510.000000
1415 1416 5510.000000
1354 1355 5408.000000
1460 1461 5377.000000
1022 1023 5336.000000
1417 1418 5324.000000
1569 1570 5266.000000
1458 1459 5265.000000
1394 1395 5144.000000
1112 1113 5050.000000
1115 1116 5039.000000
1200 1201 4994.000000
412 413 4990.000000
1395 1396 4974.000000
1179 1180 4966.000000
1066 1067 4868.000000
1067 1068 4868.000000
1068 1069 4868.000000
1396 1397 4851.000000
1465 1466 4851.000000
1435 1436 4843.000000
1459 1460 4832.000000
388 389 4824.000000
1392 1393 4816.000000
1393 1394 4816.000000
449 450 4795.000000
31 32 4771.000000
1464 1465 4747.000000
1088 1089 4734.000000
1089 1090 4734.000000
1570 1571 4722.000000
1178 1179 4665.000000
1070 1071 4603.000000
499 500 4593.000000
140 141 4560.000000
1000 1001 4448.000000
1001 1002 4448.000000
1002 1003 4448.000000
141 142 4446.000000
1461 1462 4439.000000
1248 1249 4417.000000
1379 1380 4364.000000
75 76 4334.000000
1043 1044 4303.000000
1331 1332 4254.000000
1463 1464 4211.000000
1462 1463 4191.000000
1353 1354 4159.000000
1091 1092 4134.000000
1181 1182 4083.000000
1218 1219 4053.000000
1219 1220 4053.000000
1220 1221 4053.000000
1268 1269 4042.000000
404 405 4041.000000
454 455 4025.000000
317 318 3998.000000
1413 1414 3990.000000
1312 1313 3945.000000
1267 1268 3938.000000
96 97 3866.000000
1087 1088 3856.000000
54 55 3831.000000
1485 1486 3799.000000
455 456 3790.000000
389 390 3777.000000
1486 1487 3768.000000
1457 1458 3761.000000
1291 1292 3760.000000
1109 1110 3746.000000
97 98 3704.000000
317 339 3674.000000
808 809 3661.000000
367 368 3636.000000
1374 1375 3627.000000
428 429 3611.000000
429 430 3611.000000
430 431 3611.000000
431 432 3611.000000
1086 1087 3581.000000
1217 1218 3541.000000
1571 1572 3508.000000
1160 1161 3497.000000
338 339 3485.000000
1026 1027 3478.000000
1204 1205 3462.000000
1025 1026 3452.000000
542 543 3449.000000
1290 1291 3443.000000
1484 1485 3429.000000
1487 1488 3423.000000
1021 1022 3395.000000
1069 1070 3376.000000
1042 1043 3356.000000
979 980 3343.000000
980 981 3343.000000
456 457 3292.000000
1090 1091 3283.000000
1289 1290 3276.000000
1196 1197 3230.000000
1197 1198 3230.000000
1198 1199 3230.000000
1199 1200 3230.000000
1526 1527 3195.000000
1116 1117 3186.000000
493 494 3178.000000
494 495 3178.000000
495 496 3178.000000
496 497 3178.000000
182 183 3160.000000
1226 1227 3160.000000
1047 1048 3115.000000
1391 1392 3115.000000
805 806 3099.000000
806 807 3099.000000
957 958 3090.000000
958 959 3090.000000
139 140 3056.000000
500 501 3054.000000
807 808 3044.000000
1525 1526 3037.000000
1225 1226 3025.000000
981 982 2996.000000
427 428 2987.000000
73 74 2984.000000
382 383 2960.000000
207 208 2905.000000
72 73 2897.000000
274 275 2889.000000
74 75 2853.000000
1288 1289 2834.000000
183 184 2826.000000
1548 1549 2817.000000
360 361 2790.000000
1311 1312 2758.000000
95 96 2754.000000
1266 1267 2751.000000
315 316 2656.000000
1379 1401 2655.000000
497 498 2648.000000
118 119 2625.000000
160 161 2621.000000
1205 1206 2614.000000
1509 1510 2605.000000
873 874 2591.000000
339 340 2547.000000
432 433 2545.000000
413 414 2542.000000
228 229 2532.000000
1174 1175 2521.000000
1175 1176 2521.000000
1176 1177 2521.000000
1335 1357 2514.000000
273 295 2511.000000
1527 1528 2508.000000
294 295 2500.000000
184 185 2469.000000
447 448 2468.000000
1466 1467 2462.000000
247 248 2455.000000
248 249 2455.000000
1549 1550 2448.000000
161 162 2429.000000
366 388 2428.000000
249 250 2427.000000
955 956 2423.000000
251 252 2409.000000
1249 1250 2408.000000
1269 1270 2405.000000
1313 1314 2403.000000
978 979 2399.000000
956 957 2372.000000
1240 1241 2364.000000
1241 1242 2364.000000
1242 1243 2364.000000
1310 1311 2363.000000
1371 1372 2362.000000
119 120 2356.000000
1336 1337 2323.000000
1004 1005 2321.000000
1221 1222 2298.000000
53 54 2293.000000
1572 1573 2287.000000
1092 1093 2277.000000
1177 1178 2265.000000
1372 1373 2260.000000
1309 1310 2244.000000
1373 1374 2244.000000
1135 1136 2223.000000
162 163 2217.000000
1065 1066 2217.000000
117 118 2215.000000
13 14 2166.000000
1291 1313 2155.000000
1508 1509 2153.000000
1529 1530 2107.000000
1504 1505 2106.000000
426 427 2096.000000
1530 1531 2093.000000
226 227 2085.000000
1108 1109 2068.000000
138 139 2031.000000
448 449 2028.000000
1482 1483 2014.000000
1071 1072 2010.000000
1243 1244 2008.000000
469 470 1996.000000
1005 1006 1986.000000
368 390 1981.000000
185 186 1980.000000
1507 1508 1976.000000
1292 1293 1971.000000
181 182 1966.000000
1159 1181 1950.000000
1137 1138 1943.000000
227 228 1941.000000
1528 1529 1931.000000
1116 1138 1924.000000
76 77 1922.000000
960 961 1916.000000
961 962 1908.000000
1483 1484 1903.000000
381 382 1898.000000
414 415 1853.000000
339 361 1843.000000
10 10190 1842.000000
1048 1049 1842.000000
295 296 1840.000000
1136 1137 1815.000000
142 143 1814.000000
468 469 1782.000000
1481 1482 1778.000000
246 247 1769.000000
1370 1371 1768.000000
1003 1004 1767.000000
1348 1349 1755.000000
1349 1350 1755.000000
1350 1351 1751.000000
98 99 1750.000000
1505 1506 1723.000000
1506 1507 1719.000000
208 209 1718.000000
829 830 1713.000000
116 117 1702.000000
1270 1271 1702.000000
962 963 1675.000000
225 226 1665.000000
959 960 1660.000000
1352 1353 1655.000000
895 896 1654.000000
55 56 1646.000000
541 542 1628.000000
1265 1266 1626.000000
29 30 1625.000000
403 404 1601.000000
1131 1132 1596.000000
1132 1133 1596.000000
1133 1134 1596.000000
586 608 1595.000000
1351 1352 1578.000000
56 57 1559.000000
1153 1154 1553.000000
1154 1155 1553.000000
1155 1156 1553.000000
586 587 1509.000000
809 810 1504.000000
872 873 1504.000000
457 458 1500.000000
826 827 1492.000000
827 828 1492.000000
828 829 1492.000000
274 296 1481.000000
1027 1028 1481.000000
1314 1315 1463.000000
458 459 1460.000000
390 391 1452.000000
1573 1574 1444.000000
391 392 1443.000000
141 163 1440.000000
32 33 1429.000000
433 434 1424.000000
896 897 1418.000000
982 983 1401.000000
1156 1157 1395.000000
1152 1153 1389.000000
479 480 1387.000000
1347 1348 1387.000000
491 492 1386.000000
1434 1435 1383.000000
340 341 1382.000000
341 342 1382.000000
342 343 1382.000000
343 344 1382.000000
344 345 1373.000000
935 936 1366.000000
936 937 1366.000000
52 53 1364.000000
413 435 1363.000000
1134 1135 1348.000000
521 522 1345.000000
897 898 1341.000000
543 544 1335.000000
851 852 1328.000000
852 853 1328.000000
869 870 1327.000000
870 871 1327.000000
871 872 1327.000000
1227 1228 1327.000000
415 416 1324.000000
434 435 1315.000000
1283 1284 1312.000000
1284 1285 1312.000000
1285 1286 1312.000000
761 762 1311.000000
762 763 1311.000000
763 764 1311.000000
830 831 1305.000000
1574 1575 1304.000000
30 31 1301.000000
1550 1551 1301.000000
1551 1552 1290.000000
77 78 1286.000000
917 918 1281.000000
230 252 1279.000000
1160 1182 1277.000000
977 978 1270.000000
1501 1502 1270.000000
1502 1503 1270.000000
1293 1294 1269.000000
809 831 1267.000000
318 319 1259.000000
425 426 1251.000000
545 546 1243.000000
424 425 1240.000000
10 10040 1231.000000
492 493 1218.000000
764 765 1215.000000
913 914 1211.000000
914 915 1211.000000
915 916 1211.000000
337 338 1208.000000
892 893 1199.000000
893 894 1199.000000
937 938 1195.000000
293 294 1193.000000
33 34 1173.000000
159 160 1172.000000
1261 1262 1170.000000
1262 1263 1170.000000
1263 1264 1170.000000
470 471 1169.000000
1264 1265 1163.000000
368 369 1138.000000
477 478 1135.000000
1369 1370 1125.000000
392 393 1119.000000
499 521 1115.000000
143 144 1111.000000
471 472 1111.000000
472 473 1111.000000
473 474 1111.000000
474 475 1111.000000
520 521 1103.000000
369 370 1102.000000
1287 1288 1098.000000
501 502 1088.000000
650 651 1087.000000
286 287 1075.000000
287 288 1075.000000
288 289 1075.000000
286 307 1069.000000
894 895 1066.000000
831 832 1064.000000
544 545 1060.000000
916 917 1055.000000
10 10487 1049.000000
411 433 1045.000000
1390 1391 1040.000000
983 984 1038.000000
1552 1553 1038.000000
206 207 1024.000000
1286 1287 1024.000000
1553 1554 1007.000000
480 481 997.000000
918 919 995.000000
1461 1483 991.000000
435 436 983.000000
1357 1358 979.000000
1195 1196 971.000000
502 503 970.000000
891 892 970.000000
1205 1227 967.000000
1401 1402 966.000000
765 766 965.000000
319 320 934.000000
320 321 934.000000
321 322 934.000000
322 323 934.000000
476 477 931.000000
475 476 930.000000
478 479 928.000000
874 875 925.000000
34 35 921.000000
361 383 920.000000
269 270 915.000000
270 271 915.000000
359 360 913.000000
230 231 900.000000
204 205 897.000000
370 371 897.000000
832 833 895.000000
205 206 892.000000
1239 1240 888.000000
1531 1532 886.000000
1026 10270 884.000000
1003 10225 878.000000
1380 1381 869.000000
455 477 866.000000
186 187 863.000000
10 10542 838.000000
418 419 836.000000
418 439 836.000000
419 420 836.000000
420 421 836.000000
421 422 836.000000
422 423 836.000000
423 424 836.000000
438 439 836.000000
268 269 834.000000
10 10446 831.000000
94 95 824.000000
51 52 823.000000
446 447 820.000000
308 329 817.000000
500 522 815.000000
308 309 811.000000
309 310 811.000000
310 311 811.000000
311 312 811.000000
312 313 811.000000
313 314 811.000000
314 315 811.000000
1206 1228 810.000000
890 891 803.000000
1422 1444 803.000000
271 272 801.000000
28 29 793.000000
868 869 792.000000
804 805 789.000000
393 394 784.000000
1026 10280 780.000000
1503 1525 780.000000
1216 1217 777.000000
1466 1488 773.000000
459 460 772.000000
513 514 763.000000
514 515 763.000000
515 516 763.000000
516 517 763.000000
517 518 763.000000
518 519 763.000000
546 547 761.000000
371 372 754.000000
1173 1174 749.000000
1384 1385 748.000000
360 382 745.000000
186 208 744.000000
367 389 742.000000
250 272 738.000000
522 523 733.000000
1330 1331 730.000000
853 854 726.000000
542 564 720.000000
440 441 714.000000
440 461 714.000000
441 442 714.000000
442 443 714.000000
443 444 714.000000
444 445 714.000000
445 446 714.000000
460 461 714.000000
1206 1207 714.000000
1207 1208 714.000000
323 345 713.000000
1444 1445 707.000000
848 849 703.000000
849 850 703.000000
1412 1413 702.000000
523 524 695.000000
1003 10055 692.000000
457 479 690.000000
934 935 688.000000
1064 1065 682.000000
564 565 681.000000
202 203 677.000000
1547 1548 677.000000
203 204 673.000000
1500 1501 661.000000
850 851 656.000000
1381 1382 653.000000
1382 1383 653.000000
1383 1384 653.000000
1130 1131 650.000000
498 520 647.000000
352 353 646.000000
352 373 646.000000
353 354 646.000000
354 355 646.000000
355 356 646.000000
356 357 646.000000
357 358 646.000000
358 359 646.000000
1282 1283 643.000000
289 290 641.000000
565 566 631.000000
436 437 630.000000
875 876 629.000000
120 121 624.000000
519 520 618.000000
381 403 617.000000
939 940 609.000000
187 188 601.000000
984 985 597.000000
1003 10775 596.000000
766 767 595.000000
767 768 595.000000
1044 10628 587.000000
1208 1209 587.000000
184 206 585.000000
10 10257 580.000000
1327 1328 575.000000
1328 1329 575.000000
1329 1330 575.000000
1346 1347 575.000000
264 285 574.000000
1503 1504 574.000000
1308 1309 567.000000
1358 1359 567.000000
1292 1314 565.000000
316 338 562.000000
940 941 562.000000
383 405 560.000000
490 491 560.000000
566 567 555.000000
264 265 554.000000
265 266 554.000000
266 267 554.000000
267 268 554.000000
412 434 552.000000
718 719 548.000000
719 720 548.000000
854 855 548.000000
163 164 546.000000
456 478 546.000000
810 811 546.000000
446 468 542.000000
824 825 536.000000
1228 1229 528.000000
1071 1093 527.000000
1359 1360 523.000000
1360 1361 523.000000
1402 1403 519.000000
1403 1404 519.000000
1404 1405 519.000000
1543 1544 514.000000
1364 1365 513.000000
1364 1385 513.000000
1365 1366 513.000000
1366 1367 513.000000
1367 1368 513.000000
290 291 511.000000
291 292 511.000000
292 293 511.000000
1271 1272 510.000000
296 318 509.000000
459 481 508.000000
1352 1374 507.000000
825 826 506.000000
512 513 504.000000
720 721 502.000000
10 10115 499.000000
1544 1545 497.000000
1022 10355 483.000000
629 630 479.000000
1117 1139 479.000000
912 913 478.000000
1545 1546 478.000000
1546 1547 475.000000
1294 1295 471.000000
1295 1296 471.000000
1048 10670 468.000000
10 10050 460.000000
847 848 458.000000
1021 10480 453.000000
1004 10745 452.000000
163 185 451.000000
546 568 450.000000
1272 1273 450.000000
1273 1274 450.000000
10 10563 449.000000
10 10744 447.000000
121 122 446.000000
1006 10569 443.000000
295 317 439.000000
10 10680 438.000000
10 10315 437.000000
10 10935 437.000000
811 812 437.000000
1204 1226 436.000000
567 568 433.000000
1459 1481 433.000000
1338 1339 429.000000
1339 1340 429.000000
374 375 428.000000
374 395 428.000000
375 376 428.000000
376 377 428.000000
377 378 428.000000
378 379 428.000000
379 380 428.000000
380 381 428.000000
394 395 428.000000
10 10499 426.000000
10 10559 425.000000
10 10781 424.000000
1026 1048 419.000000
765 787 417.000000
10 10941 415.000000
938 939 413.000000
1337 1338 413.000000
116 138 412.000000
158 159 412.000000
1049 1050 408.000000
1023 10355 402.000000
1456 1457 399.000000
224 225 395.000000
766 788 393.000000
1022 10437 392.000000
1203 1225 389.000000
1248 1270 389.000000
524 525 386.000000
1026 10624 384.000000
252 274 380.000000
10 10412 378.000000
252 253 377.000000
588 589 377.000000
589 590 377.000000
228 250 376.000000
1021 10422 375.000000
10 32 374.000000
1201 1223 373.000000
1006 10128 371.000000
1305 1306 371.000000
1306 1307 371.000000
1307 1308 371.000000
587 588 369.000000
10 10393 367.000000
1391 1413 367.000000
10 10925 366.000000
338 360 364.000000
941 942 364.000000
1138 1139 362.000000
251 273 361.000000
73 95 359.000000
1462 1484 359.000000
521 543 357.000000
1405 1406 352.000000
1004 10679 351.000000
10 10260 348.000000
10 10283 343.000000
1315 1316 342.000000
1316 1317 342.000000
1317 1318 342.000000
1115 1137 338.000000
10 10544 333.000000
318 340 333.000000
846 847 333.000000
13 1575 329.000000
1021 10543 327.000000
447 469 322.000000
1547 1569 322.000000
1021 10548 321.000000
1250 1251 319.000000
1251 1252 319.000000
10 10713 317.000000
10 10964 317.000000
787 788 317.000000
1027 1049 316.000000
1006 10145 315.000000
31 53 314.000000
1303 1304 311.000000
1478 1479 311.000000
1004 10171 310.000000
1004 10070 309.000000
1304 1305 309.000000
1479 1480 309.000000
1480 1481 309.000000
100 101 308.000000
873 895 307.000000
1023 11000 307.000000
1042 10549 307.000000
803 804 306.000000
1021 10353 306.000000
1021 10978 306.000000
1042 10773 306.000000
1021 10884 302.000000
1293 1315 298.000000
10 10421 297.000000
10 10677 297.000000
1022 10636 297.000000
1044 10671 296.000000
1286 1308 295.000000
1028 10916 294.000000
1238 1239 294.000000
425 447 292.000000
345 346 291.000000
164 165 290.000000
165 166 285.000000
272 294 284.000000
484 485 284.000000
484 505 284.000000
485 486 284.000000
486 487 284.000000
487 488 284.000000
488 489 284.000000
489 490 284.000000
504 505 284.000000
437 438 283.000000
1161 1162 283.000000
145 146 282.000000
146 147 282.000000
147 148 282.000000
608 609 282.000000
609 610 282.000000
610 611 282.000000
330 331 274.000000
330 351 274.000000
331 332 274.000000
332 333 274.000000
333 334 274.000000
334 335 274.000000
335 336 274.000000
336 337 274.000000
438 460 273.000000
10 10305 272.000000
535 536 270.000000
536 537 270.000000
537 538 270.000000
538 539 270.000000
539 540 270.000000
540 541 270.000000
563 564 270.000000
1042 10507 270.000000
1042 10562 270.000000
349 350 268.000000
778 779 268.000000
779 780 268.000000
1000 10038 264.000000
346 347 263.000000
347 348 263.000000
348 349 263.000000
1229 1230 262.000000
1021 10655 260.000000
1043 10547 258.000000
919 920 257.000000
810 832 256.000000
1003 10361 256.000000
1066 10807 255.000000
1252 1274 255.000000
1003 10386 254.000000
479 501 253.000000
396 397 252.000000
396 417 252.000000
397 398 252.000000
398 399 252.000000
399 400 252.000000
400 401 252.000000
401 402 252.000000
416 417 252.000000
963 964 252.000000
1521 1522 252.000000
1522 1523 252.000000
1523 1524 252.000000
1368 1369 251.000000
1086 10945 248.000000
1510 1511 247.000000
1524 1525 247.000000
1003 10842 246.000000
1482 1504 245.000000
497 519 243.000000
166 167 242.000000
167 168 242.000000
168 169 242.000000
350 351 241.000000
933 934 241.000000
1026 10476 241.000000
1026 10848 241.000000
1026 10902 241.000000
1026 10921 241.000000
382 404 240.000000
1047 10951 240.000000
1047 10969 240.000000
75 97 239.000000
1027 10445 239.000000
938 960 237.000000
1004 10136 236.000000
1005 10861 236.000000
1026 10890 236.000000
1091 10955 236.000000
1022 10300 235.000000
1070 10811 232.000000
1070 10721 231.000000
753 754 229.000000
754 755 229.000000
755 756 229.000000
1066 10791 229.000000
1093 10971 229.000000
74 96 227.000000
242 243 225.000000
243 244 225.000000
244 245 225.000000
370 392 225.000000
1044 10551 224.000000
1086 10962 224.000000
359 381 223.000000
477 499 223.000000
1003 10640 223.000000
1022 10647 223.000000
1044 10684 223.000000
756 757 222.000000
757 758 222.000000
758 759 222.000000
323 324 221.000000
10 10469 220.000000
1004 10429 218.000000
1021 10537 218.000000
1065 10757 218.000000
1000 10628 216.000000
1006 10658 216.000000
53 75 215.000000
1438 1460 215.000000
159 181 214.000000
469 491 214.000000
1026 10946 214.000000
1065 10741 214.000000
1162 1163 214.000000
1163 1164 214.000000
478 500 212.000000
501 523 212.000000
868 890 212.000000
402 403 211.000000
506 507 211.000000
506 527 211.000000
507 508 211.000000
508 509 211.000000
509 510 211.000000
510 511 211.000000
525 526 211.000000
526 527 211.000000
1003 10407 211.000000
1424 1425 211.000000
1425 1426 211.000000
1426 1427 211.000000
1427 1428 211.000000
263 285 207.000000
1028 1029 207.000000
1003 10179 206.000000
1003 10250 206.000000
1003 10575 206.000000
1003 10664 206.000000
1003 10718 206.000000
1003 10965 206.000000
10 10922 205.000000
242 263 205.000000
1003 10167 205.000000
1026 10703 204.000000
1027 10817 204.000000
1386 1387 204.000000
1386 1407 204.000000
1387 1388 204.000000
1388 1389 204.000000
1406 1407 204.000000
1000 10338 203.000000
324 325 202.000000
325 326 202.000000
326 327 202.000000
327 328 202.000000
1026 10949 202.000000
1022 10440 201.000000
1026 10357 200.000000
1071 10781 200.000000
1296 1318 200.000000
426 448 199.000000
1004 10760 199.000000
565 587 198.000000
1047 10575 197.000000
1047 10640 197.000000
1047 10664 197.000000
1047 10718 197.000000
1047 10965 197.000000
1202 1224 197.000000
960 982 196.000000
1049 10567 194.000000
1174 1196 194.000000
998 999 193.000000
207 229 190.000000
462 463 186.000000
462 483 186.000000
463 464 186.000000
464 465 186.000000
465 466 186.000000
466 467 186.000000
467 468 186.000000
481 482 186.000000
482 483 186.000000
1023 10628 186.000000
1021 10579 185.000000
1021 10588 185.000000
1000 10482 183.000000
1048 10587 183.000000
1072 10758 183.000000
1027 10760 182.000000
1006 10975 181.000000
54 76 180.000000
534 535 180.000000
721 743 179.000000
1005 10817 179.000000
1027 10719 179.000000
1026 10399 178.000000
13 35 176.000000
1003 10506 176.000000
1003 10783 176.000000
1025 1047 176.000000
739 740 175.000000
740 741 175.000000
741 742 175.000000
822 823 175.000000
823 824 175.000000
1026 10331 175.000000
721 722 174.000000
1000 10278 174.000000
1423 1424 174.000000
1000 10320 173.000000
1086 1108 173.000000
297 298 172.000000
298 299 172.000000
299 300 172.000000
300 301 172.000000
301 302 172.000000
302 303 172.000000
303 304 172.000000
304 305 172.000000
305 306 172.000000
1377 1399 172.000000
937 959 171.000000
1000 10919 171.000000
1042 10768 171.000000
1042 10945 171.000000
227 249 169.000000
1000 10284 169.000000
1000 10479 169.000000
1026 10726 169.000000
1049 10805 169.000000
1000 10289 168.000000
1000 10683 168.000000
328 350 167.000000
296 297 166.000000
1218 1240 166.000000
1353 1375 165.000000
503 525 164.000000
1000 10107 164.000000
1000 10264 164.000000
1028 10631 164.000000
229 251 163.000000
1028 10928 163.000000
328 329 162.000000
1244 1266 162.000000
1430 1431 161.000000
1430 1451 161.000000
1431 1432 161.000000
1432 1433 161.000000
1450 1451 161.000000
137 138 160.000000
1000 10885 160.000000
1026 10816 160.000000
1325 1326 160.000000
722 723 159.000000
723 724 159.000000
811 833 159.000000
1069 1091 158.000000
1071 10941 158.000000
1326 1327 158.000000
1526 1548 158.000000
898 920 157.000000
1071 10935 157.000000
245 246 156.000000
898 899 155.000000
1021 10771 155.000000
433 455 154.000000
1004 10645 154.000000
1004 10777 154.000000
1004 10810 154.000000
1028 10365 154.000000
1528 1550 154.000000
1004 10841 153.000000
1044 10706 153.000000
1006 10092 152.000000
1022 10791 152.000000
271 293 151.000000
1005 10765 150.000000
1048 10745 150.000000
1092 10935 150.000000
1000 10198 149.000000
1006 10732 149.000000
1027 10457 149.000000
1392 1414 149.000000
371 393 148.000000
1049 10744 148.000000
1022 10297 146.000000
1022 10807 146.000000
1044 10897 146.000000
1050 10569 146.000000
1092 10941 146.000000
1044 10538 145.000000
1042 10854 144.000000
894 916 143.000000
1004 10233 143.000000
1027 10888 143.000000
1071 10933 143.000000
1260 1261 143.000000
792 813 142.000000
812 813 142.000000
101 10173 141.000000
939 961 141.000000
1004 10206 141.000000
1042 10570 141.000000
1042 10688 141.000000
1042 10962 141.000000
1043 10771 141.000000
913 935 139.000000
957 979 139.000000
1005 10888 139.000000
119 141 138.000000
206 228 138.000000
1246 1268 138.000000
10 10979 137.000000
138 160 137.000000
435 457 137.000000
1021 10341 137.000000
1026 10587 137.000000
1445 1446 137.000000
1446 1447 137.000000
1447 1448 137.000000
1448 1449 137.000000
1449 1450 137.000000
1027 10933 136.000000
1048 10933 136.000000
1064 10648 136.000000
10 10796 134.000000
187 209 134.000000
294 316 134.000000
1005 10079 134.000000
1027 10395 134.000000
71 72 133.000000
362 384 133.000000
781 782 133.000000
1044 10525 133.000000
1044 10792 133.000000
1044 10833 133.000000
1071 10922 133.000000
1022 10425 131.000000
1027 10839 131.000000
306 307 130.000000
786 787 130.000000
792 793 130.000000
793 794 130.000000
794 795 130.000000
1048 10890 130.000000
1027 10670 129.000000
1000 10075 127.000000
1069 10842 127.000000
1314 1336 127.000000
942 943 126.000000
1000 10010 126.000000
1043 10545 126.000000
1043 10710 126.000000
1043 10814 126.000000
1000 10065 125.000000
1022 10326 125.000000
1049 10928 125.000000
1066 10683 125.000000
1066 10919 125.000000
1488 1489 125.000000
1004 1026 124.000000
1440 1462 124.000000
1000 10706 123.000000
1066 10885 122.000000
1200 1222 121.000000
1222 1244 121.000000
1026 10565 120.000000
1027 10765 119.000000
1333 1355 119.000000
1250 1272 117.000000
1378 1400 117.000000
1004 10890 115.000000
1157 1179 115.000000
424 446 114.000000
458 480 114.000000
1245 1267 114.000000
742 743 113.000000
774 775 113.000000
775 776 113.000000
776 777 113.000000
777 778 113.000000
415 437 112.000000
673 674 112.000000
1026 10825 112.000000
1048 10719 112.000000
1261 1283 112.000000
687 688 111.000000
688 689 111.000000
689 690 111.000000
690 691 111.000000
691 692 111.000000
692 693 111.000000
672 673 110.000000
770 771 110.000000
771 772 110.000000
772 773 110.000000
1048 10760 110.000000
717 718 109.000000
1028 10805 109.000000
1113 1135 109.000000
1000 1022 108.000000
1421 1443 108.000000
788 789 107.000000
789 790 107.000000
1026 10831 107.000000
1311 1333 107.000000
1372 1394 106.000000
372 373 105.000000
307 329 104.000000
1005 10670 104.000000
1047 10522 104.000000
1348 1370 104.000000
1423 1445 104.000000
780 781 103.000000
659 681 102.000000
686 687 102.000000
795 796 102.000000
814 815 102.000000
815 816 102.000000
816 817 102.000000
1006 10631 102.000000
1047 10788 102.000000
1048 10839 102.000000
30 52 101.000000
117 139 101.000000
416 438 101.000000
1047 10568 101.000000
941 963 100.000000
1173 1195 100.000000
1401 1423 100.000000
628 629 99.000000
1047 10506 99.000000
1047 10783 99.000000
770 791 98.000000
790 791 98.000000
1028 10892 98.000000
275 276 97.000000
276 277 97.000000
277 278 97.000000
278 279 97.000000
279 280 97.000000
280 281 97.000000
281 282 97.000000
282 283 97.000000
283 284 97.000000
1006 10916 97.000000
1120 1142 97.000000
1117 1118 96.000000
1118 1119 96.000000
1119 1120 96.000000
1129 1130 96.000000
1004 10104 95.000000
10 10627 94.000000
1026 10539 94.000000
1049 10646 94.000000
1049 10859 94.000000
1070 1092 93.000000
814 835 92.000000
833 834 92.000000
834 835 92.000000
853 875 92.000000
52 74 91.000000
503 504 91.000000
1003 10298 91.000000
760 761 90.000000
1505 1527 90.000000
1549 1571 90.000000
253 275 89.000000
525 547 89.000000
1004 10704 89.000000
1135 1157 89.000000
284 285 88.000000
911 912 88.000000
1026 10484 88.000000
1026 10505 88.000000
1070 10839 88.000000
1260 1282 88.000000
50 51 87.000000
637 659 87.000000
1026 10299 87.000000
1026 10775 87.000000
1026 10903 87.000000
389 411 86.000000
598 599 86.000000
599 600 86.000000
600 601 86.000000
601 602 86.000000
602 603 86.000000
603 604 86.000000
604 605 86.000000
605 606 86.000000
674 675 86.000000
675 676 86.000000
676 677 86.000000
1006 10266 86.000000
1006 10805 86.000000
1071 10892 86.000000
162 184 85.000000
1070 10738 85.000000
743 744 84.000000
785 786 83.000000
1070 10816 83.000000
1290 1312 83.000000
782 783 82.000000
783 784 82.000000
784 785 82.000000
1047 10946 82.000000
1070 10725 82.000000
1070 10890 82.000000
391 413 81.000000
476 498 81.000000
1091 10951 81.000000
1091 10969 81.000000
1265 1287 81.000000
829 851 80.000000
1026 10522 80.000000
345 367 79.000000
528 529 79.000000
528 549 79.000000
529 530 79.000000
530 531 79.000000
531 532 79.000000
547 548 79.000000
548 549 79.000000
634 635 79.000000
635 636 79.000000
636 637 79.000000
869 891 79.000000
1047 10949 79.000000
1004 10587 78.000000
1070 10949 78.000000
1072 10732 78.000000
1088 11000 78.000000
1092 1114 77.000000
1368 1390 77.000000
744 745 76.000000
745 746 76.000000
1139 1140 76.000000
1140 1141 76.000000
1141 1142 76.000000
524 546 75.000000
709 710 75.000000
710 711 75.000000
711 712 75.000000
712 713 75.000000
713 714 75.000000
714 715 75.000000
1047 10476 75.000000
1047 10703 75.000000
1047 10816 75.000000
1047 10848 75.000000
1047 10902 75.000000
1047 10921 75.000000
1049 10892 75.000000
1184 1206 75.000000
1276 1277 75.000000
1276 1297 75.000000
1277 1278 75.000000
1278 1279 75.000000
1279 1280 75.000000
1006 1007 74.000000
1007 10216 74.000000
1087 11000 74.000000
895 917 73.000000
1000 10089 73.000000
1114 1136 73.000000
677 678 72.000000
678 679 72.000000
679 680 72.000000
680 681 72.000000
1026 10777 72.000000
1026 10810 72.000000
1026 10841 72.000000
1049 10604 72.000000
511 512 71.000000
532 533 71.000000
533 534 71.000000
1047 10725 71.000000
1050 10658 71.000000
1280 1281 71.000000
1309 1331 71.000000
1026 10645 70.000000
1047 10645 70.000000
1071 10719 70.000000
1210 1211 70.000000
1210 1231 70.000000
1211 1212 70.000000
1212 1213 70.000000
1213 1214 70.000000
1214 1215 70.000000
1215 1216 70.000000
884 885 69.000000
885 886 69.000000
886 887 69.000000
887 888 69.000000
888 889 69.000000
1162 1184 69.000000
1004 10603 68.000000
1004 10825 68.000000
1004 10877 68.000000
1026 10745 68.000000
1047 10777 68.000000
1047 10810 68.000000
1047 10841 68.000000
1071 10859 68.000000
1182 1204 68.000000
1485 1507 68.000000
144 145 67.000000
844 845 67.000000
1254 1255 67.000000
1254 1275 67.000000
1255 1256 67.000000
1256 1257 67.000000
1257 1258 67.000000
1258 1259 67.000000
1274 1275 67.000000
1226 1248 66.000000
738 739 65.000000
1071 10744 65.000000
1267 1289 65.000000
1000 10095 64.000000
1092 10922 64.000000
1252 1253 64.000000
337 359 63.000000
351 373 63.000000
1070 10877 63.000000
1188 1189 63.000000
1188 1209 63.000000
1189 1190 63.000000
1190 1191 63.000000
1191 1192 63.000000
1192 1193 63.000000
1193 1194 63.000000
1467 1489 63.000000
743 765 62.000000
1070 10841 62.000000
1138 1160 62.000000
1305 1327 62.000000
33 55 61.000000
1026 10380 61.000000
1194 1195 61.000000
120 142 60.000000
1358 1380 60.000000
1394 1416 60.000000
836 857 59.000000
856 857 59.000000
1021 10572 59.000000
1026 10934 59.000000
1070 10808 59.000000
611 612 58.000000
664 686 58.000000
807 829 58.000000
140 162 57.000000
1003 10726 57.000000
1026 10725 57.000000
1027 10679 57.000000
1048 1070 57.000000
1510 1532 57.000000
10 1572 56.000000
752 753 56.000000
855 856 56.000000
1070 10777 56.000000
1070 10810 56.000000
1092 10933 56.000000
11 1573 55.000000
315 337 55.000000
390 412 55.000000
437 459 55.000000
1091 10921 55.000000
889 890 54.000000
1004 10725 54.000000
1087 1109 54.000000
1340 1341 54.000000
284 306 53.000000
1048 10825 53.000000
1156 1178 53.000000
1232 1233 53.000000
1232 1253 53.000000
1233 1234 53.000000
1234 1235 53.000000
1235 1236 53.000000
1236 1237 53.000000
1237 1238 53.000000
160 182 52.000000
520 542 52.000000
1418 1440 52.000000
346 368 51.000000
759 760 51.000000
1026 10298 51.000000
1230 1231 51.000000
1342 1343 51.000000
1342 1363 51.000000
1343 1344 51.000000
1344 1345 51.000000
1345 1346 51.000000
100 10345 50.000000
1021 10611 50.000000
1091 10934 50.000000
180 181 49.000000
726 727 49.000000
727 728 49.000000
728 729 49.000000
836 837 49.000000
837 838 49.000000
838 839 49.000000
839 840 49.000000
1370 1392 49.000000
11 33 48.000000
876 877 48.000000
1003 10539 48.000000
1047 10903 48.000000
1298 1299 48.000000
1299 1300 48.000000
1300 1301 48.000000
1301 1302 48.000000
1302 1303 48.000000
1320 1341 48.000000
502 524 47.000000
817 818 47.000000
818 819 47.000000
819 820 47.000000
820 821 47.000000
821 822 47.000000
850 872 47.000000
940 962 47.000000
1005 1027 47.000000
1022 10338 47.000000
1091 10946 47.000000
1298 1319 47.000000
1318 1319 47.000000
1320 1321 47.000000
1321 1322 47.000000
1322 1323 47.000000
1323 1324 47.000000
5 6 46.000000
101 10870 46.000000
720 742 46.000000
1003 10484 46.000000
1003 10505 46.000000
1004 10299 46.000000
1004 10903 46.000000
1073 1095 46.000000
1095 1117 46.000000
481 503 45.000000
961 983 45.000000
1072 1073 45.000000
1361 1362 45.000000
1362 1363 45.000000
737 738 44.000000
808 830 44.000000
971 972 44.000000
972 973 44.000000
973 974 44.000000
974 975 44.000000
975 976 44.000000
1004 10268 44.000000
1004 10522 44.000000
1004 10738 44.000000
1064 10773 44.000000
1070 10825 44.000000
1180 1202 44.000000
231 253 43.000000
606 607 43.000000
1004 10808 43.000000
1025 10386 43.000000
1025 10640 43.000000
1026 10738 43.000000
1047 10603 43.000000
1047 10738 43.000000
1047 10808 43.000000
1047 10877 43.000000
1047 10934 43.000000
1050 10975 43.000000
1064 10655 43.000000
1122 1123 43.000000
1122 1143 43.000000
1123 1124 43.000000
1124 1125 43.000000
1125 1126 43.000000
1126 1127 43.000000
1127 1128 43.000000
1128 1129 43.000000
1142 1143 43.000000
1216 1238 43.000000
1268 1290 43.000000
1357 1379 43.000000
591 592 42.000000
592 593 42.000000
1025 10842 42.000000
1336 1358 42.000000
122 123 41.000000
123 124 41.000000
124 125 41.000000
125 126 41.000000
402 424 41.000000
576 598 41.000000
956 978 41.000000
1025 10250 41.000000
1025 10568 41.000000
1025 10575 41.000000
1025 10664 41.000000
1025 10718 41.000000
1025 10788 41.000000
1025 10831 41.000000
1025 10965 41.000000
1048 10679 41.000000
1065 10710 41.000000
1243 1265 41.000000
388 410 40.000000
726 747 40.000000
746 747 40.000000
773 774 40.000000
899 921 40.000000
1003 10565 40.000000
1006 10072 40.000000
1259 1260 40.000000
1396 1418 40.000000
694 695 39.000000
845 867 39.000000
854 876 39.000000
862 884 39.000000
1003 10568 39.000000
1003 10788 39.000000
104 126 38.000000
607 608 38.000000
1397 1419 38.000000
225 247 37.000000
249 271 37.000000
976 977 37.000000
1065 10771 37.000000
1069 10703 37.000000
1069 10951 37.000000
1069 10969 37.000000
1071 10861 37.000000
1091 1113 37.000000
1183 1205 37.000000
1281 1282 37.000000
1287 1309 37.000000
101 102 36.000000
102 103 36.000000
103 104 36.000000
369 391 36.000000
1026 10268 36.000000
1026 10603 36.000000
1026 10808 36.000000
1026 10877 36.000000
1066 10671 36.000000
1066 10684 36.000000
1069 10848 36.000000
1069 10902 36.000000
1069 10921 36.000000
590 591 35.000000
867 868 35.000000
1050 10732 35.000000
1069 10816 35.000000
490 512 34.000000
693 694 34.000000
1064 10978 34.000000
1136 1158 34.000000
1281 1303 34.000000
1354 1376 34.000000
6 7 33.000000
963 985 33.000000
1000 10057 33.000000
1003 10831 33.000000
1064 10884 33.000000
1161 1183 33.000000
1187 1209 33.000000
1324 1325 33.000000
1408 1409 33.000000
1408 1429 33.000000
1409 1410 33.000000
1410 1411 33.000000
1411 1412 33.000000
1428 1429 33.000000
1467 1468 33.000000
1468 1469 33.000000
1469 1470 33.000000
1470 1471 33.000000
1471 1472 33.000000
384 406 32.000000
475 497 32.000000
572 573 32.000000
572 593 32.000000
573 574 32.000000
574 575 32.000000
575 576 32.000000
704 725 32.000000
708 730 32.000000
880 881 31.000000
880 901 31.000000
881 882 31.000000
882 883 31.000000
883 884 31.000000
899 900 31.000000
900 901 31.000000
32 54 30.000000
285 307 30.000000
329 351 30.000000
453 475 30.000000
924 925 30.000000
924 945 30.000000
925 926 30.000000
926 927 30.000000
943 944 30.000000
944 945 30.000000
955 977 30.000000
1070 10745 30.000000
1072 10916 30.000000
1223 1245 30.000000
392 414 29.000000
1022 10482 29.000000
1069 10934 29.000000
1399 1421 29.000000
4 5 28.000000
209 210 28.000000
210 211 28.000000
211 212 28.000000
212 213 28.000000
454 476 28.000000
554 555 28.000000
845 846 28.000000
917 939 28.000000
949 950 28.000000
950 951 28.000000
951 952 28.000000
952 953 28.000000
953 954 28.000000
954 955 28.000000
1022 10264 28.000000
1022 10320 28.000000
1022 10919 28.000000
1049 1071 28.000000
1270 1292 28.000000
550 551 27.000000
550 571 27.000000
551 552 27.000000
552 553 27.000000
553 554 27.000000
568 569 27.000000
569 570 27.000000
570 571 27.000000
1021 1043 27.000000
1050 10631 27.000000
1178 1200 27.000000
101 10566 26.000000
101 10591 26.000000
708 709 26.000000
831 853 26.000000
840 862 26.000000
1484 1506 26.000000
1506 1528 26.000000
1550 1572 26.000000
1575 1576 26.000000
101 10963 25.000000
205 227 25.000000
340 362 25.000000
568 590 25.000000
638 639 25.000000
639 640 25.000000
640 641 25.000000
748 769 25.000000
768 769 25.000000
800 801 25.000000
801 802 25.000000
840 841 25.000000
841 842 25.000000
842 843 25.000000
843 844 25.000000
1022 10684 25.000000
1025 10407 25.000000
1071 10888 25.000000
1164 1165 25.000000
1165 1187 25.000000
101 10767 24.000000
137 159 24.000000
468 490 24.000000
796 797 24.000000
797 798 24.000000
798 799 24.000000
799 800 24.000000
824 846 24.000000
1022 10284 24.000000
1022 10289 24.000000
1022 10479 24.000000
1022 10683 24.000000
1022 10885 24.000000
1066 10792 24.000000
1066 10833 24.000000
1071 10765 24.000000
78 79 23.000000
744 766 23.000000
1047 10484 23.000000
1047 10505 23.000000
1047 10539 23.000000
1047 10565 23.000000
1047 10726 23.000000
1047 10775 23.000000
1433 1434 23.000000
28 50 22.000000
101 10911 22.000000
185 207 22.000000
652 653 22.000000
653 654 22.000000
654 655 22.000000
1050 10916 22.000000
1182 1183 22.000000
1347 1369 22.000000
1369 1391 22.000000
1375 1397 22.000000
1481 1503 22.000000
716 717 21.000000
730 731 21.000000
731 732 21.000000
732 733 21.000000
733 734 21.000000
734 735 21.000000
735 736 21.000000
736 737 21.000000
1021 10226 21.000000
1022 10706 21.000000
1066 10897 21.000000
1069 10831 21.000000
1179 1201 21.000000
183 205 20.000000
242 264 20.000000
724 725 20.000000
729 730 20.000000
1021 10285 20.000000
1043 10885 20.000000
1069 10788 20.000000
1090 10965 20.000000
324 346 19.000000
1049 10888 19.000000
1066 10706 19.000000
1069 10718 19.000000
1069 10965 19.000000
1087 10897 19.000000
1271 1293 19.000000
1346 1368 19.000000
1545 1567 19.000000
687 709 18.000000
912 934 18.000000
934 956 18.000000
1022 10278 18.000000
1043 10791 18.000000
1043 10807 18.000000
1043 10919 18.000000
1166 1167 18.000000
1166 1187 18.000000
1167 1168 18.000000
1168 1169 18.000000
1169 1170 18.000000
1170 1171 18.000000
1171 1172 18.000000
1172 1173 18.000000
1183 1184 18.000000
1324 1346 18.000000
1390 1412 18.000000
136 158 17.000000
612 613 17.000000
613 614 17.000000
614 615 17.000000
682 683 17.000000
683 684 17.000000
684 685 17.000000
704 705 17.000000
705 706 17.000000
706 707 17.000000
707 708 17.000000
1000 10394 17.000000
1000 10525 17.000000
1000 10538 17.000000
1000 10792 17.000000
1000 10833 17.000000
1000 10897 17.000000
1000 11000 17.000000
1022 10551 17.000000
1043 10479 17.000000
1043 10683 17.000000
1296 1297 17.000000
1544 1566 17.000000
208 230 16.000000
748 749 16.000000
749 750 16.000000
750 751 16.000000
751 752 16.000000
916 938 16.000000
920 921 16.000000
968 969 16.000000
968 989 16.000000
969 970 16.000000
970 971 16.000000
986 987 16.000000
987 988 16.000000
988 989 16.000000
1022 10671 16.000000
1072 10928 16.000000
1134 1156 16.000000
1181 1203 16.000000
1373 1395 16.000000
1455 1456 16.000000
57 58 15.000000
350 372 15.000000
594 595 15.000000
594 615 15.000000
595 596 15.000000
596 597 15.000000
597 598 15.000000
638 659 15.000000
682 704 15.000000
699 721 15.000000
715 716 15.000000
722 744 15.000000
802 824 15.000000
889 911 15.000000
891 913 15.000000
1069 10783 15.000000
1152 1174 15.000000
677 699 14.000000
890 912 14.000000
1069 10775 14.000000
1071 10817 14.000000
51 73 13.000000
630 631 13.000000
631 632 13.000000
632 633 13.000000
633 634 13.000000
1021 10710 13.000000
1047 10831 13.000000
1195 1217 13.000000
1228 1250 13.000000
372 394 12.000000
615 637 12.000000
770 792 12.000000
782 804 12.000000
787 809 12.000000
862 863 12.000000
863 864 12.000000
864 865 12.000000
865 866 12.000000
866 867 12.000000
985 986 12.000000
1043 10440 12.000000
1043 10636 12.000000
1043 10647 12.000000
1112 1134 12.000000
1184 1185 12.000000
1185 1186 12.000000
1266 1288 12.000000
1289 1311 12.000000
1310 1332 12.000000
1363 1385 12.000000
3 4 11.000000
101 10826 11.000000
136 137 11.000000
768 790 11.000000
788 810 11.000000
977 999 11.000000
1043 10437 11.000000
1543 1565 11.000000
77 99 10.000000
180 202 10.000000
593 615 10.000000
638 660 10.000000
660 681 10.000000
802 803 10.000000
814 836 10.000000
1021 10545 10.000000
1049 10765 10.000000
1065 10791 10.000000
1066 11000 10.000000
1186 1187 10.000000
1272 1294 10.000000
1374 1396 10.000000
1400 1422 10.000000
344 366 9.000000
403 425 9.000000
554 576 9.000000
664 665 9.000000
665 687 9.000000
726 748 9.000000
746 768 9.000000
1049 10861 9.000000
1064 10688 9.000000
1064 10768 9.000000
1064 10854 9.000000
1064 10945 9.000000
1064 10962 9.000000
1091 10949 9.000000
1313 1335 9.000000
1315 1337 9.000000
1460 1482 9.000000
1488 1510 9.000000
231 232 8.000000
394 416 8.000000
434 456 8.000000
532 554 8.000000
699 700 8.000000
700 701 8.000000
701 702 8.000000
1044 11000 8.000000
1049 10817 8.000000
1303 1325 8.000000
1413 1435 8.000000
404 426 7.000000
555 556 7.000000
608 630 7.000000
686 708 7.000000
695 696 7.000000
696 697 7.000000
697 698 7.000000
698 699 7.000000
756 778 7.000000
833 855 7.000000
902 903 7.000000
902 923 7.000000
903 904 7.000000
904 905 7.000000
921 922 7.000000
922 923 7.000000
976 998 7.000000
1000 10355 7.000000
1000 10684 7.000000
1227 1249 7.000000
1264 1286 7.000000
1452 1453 7.000000
1452 1473 7.000000
1453 1454 7.000000
1454 1455 7.000000
1472 1473 7.000000
55 77 6.000000
114 115 6.000000
114 136 6.000000
286 308 6.000000
781 803 6.000000
846 868 6.000000
1000 10551 6.000000
1064 1086 6.000000
1308 1330 6.000000
1326 1348 6.000000
1341 1363 6.000000
115 116 5.000000
349 371 5.000000
1087 10919 5.000000
12 1574 4.000000
76 98 4.000000
192 193 4.000000
193 194 4.000000
194 195 4.000000
195 196 4.000000
209 231 4.000000
393 415 4.000000
616 617 4.000000
616 637 4.000000
617 618 4.000000
618 619 4.000000
619 620 4.000000
851 873 4.000000
927 928 4.000000
928 929 4.000000
929 930 4.000000
930 931 4.000000
931 932 4.000000
932 933 4.000000
946 947 4.000000
946 967 4.000000
947 948 4.000000
948 949 4.000000
964 965 4.000000
965 966 4.000000
966 967 4.000000
1000 10671 4.000000
1042 1064 4.000000
1137 1159 4.000000
1280 1302 4.000000
1302 1324 4.000000
1350 1372 4.000000
196 197 3.000000
197 219 3.000000
219 241 3.000000
241 263 3.000000
790 812 3.000000
876 898 3.000000
1389 1390 3.000000
1474 1475 3.000000
1474 1495 3.000000
1475 1476 3.000000
1476 1477 3.000000
1489 1490 3.000000
1490 1491 3.000000
1491 1492 3.000000
1492 1493 3.000000
1493 1494 3.000000
1494 1495 3.000000
1546 1568 3.000000
58 59 2.000000
59 60 2.000000
60 82 2.000000
262 284 2.000000
620 621 2.000000
621 622 2.000000
622 623 2.000000
623 624 2.000000
624 625 2.000000
625 626 2.000000
626 627 2.000000
627 628 2.000000
682 703 2.000000
716 738 2.000000
872 894 2.000000
875 897 2.000000
959 981 2.000000
1006 1028 2.000000
1050 1051 2.000000
1194 1216 2.000000
1239 1261 2.000000
1325 1347 2.000000
1331 1353 2.000000
1441 1463 2.000000
1521 1543 2.000000
1525 1547 2.000000
1548 1570 2.000000
27 49 1.000000
49 71 1.000000
72 94 1.000000
154 155 1.000000
154 175 1.000000
155 156 1.000000
156 157 1.000000
157 158 1.000000
170 171 1.000000
171 172 1.000000
172 173 1.000000
173 174 1.000000
174 175 1.000000
181 203 1.000000
196 218 1.000000
203 225 1.000000
218 240 1.000000
240 262 1.000000
262 263 1.000000
414 436 1.000000
436 458 1.000000
620 642 1.000000
642 664 1.000000
702 703 1.000000
703 725 1.000000
785 807 1.000000
858 859 1.000000
858 879 1.000000
859 860 1.000000
860 861 1.000000
861 862 1.000000
877 878 1.000000
878 879 1.000000
1029 10732 1.000000
1029 10916 1.000000
1051 1052 1.000000
1051 1073 1.000000
1052 1053 1.000000
1053 1054 1.000000
1054 1076 1.000000
1072 10805 1.000000
1076 1098 1.000000
1098 1120 1.000000
1298 1320 1.000000
1330 1352 1.000000
1499 1500 1.000000
