1375 1376 17331.000000
1397 1398 15205.000000
404 405 13271.000000
405 406 13271.000000
406 407 13271.000000
403 404 12797.000000
1435 1436 11747.000000
1419 1420 11552.000000
7 8 11523.000000
1418 1419 11283.000000
1374 1375 11280.000000
1417 1418 11072.000000
1436 1437 10808.000000
1396 1397 10709.000000
1243 1244 10656.000000
1433 1434 10323.000000
1434 1435 10323.000000
1373 1374 10008.000000
402 403 9912.000000
270 271 9812.000000
407 408 9786.000000
1221 1222 9765.000000
6 7 9648.000000
1416 1417 9541.000000
5 6 9383.000000
425 426 9272.000000
426 427 9272.000000
427 428 9272.000000
428 429 9272.000000
1156 1157 9202.000000
1155 1156 8963.000000
1376 1377 8424.000000
1372 1373 8376.000000
360 361 8293.000000
361 362 8293.000000
362 363 8293.000000
363 364 8290.000000
1437 1438 8098.000000
1242 1243 8065.000000
447 448 7961.000000
448 449 7961.000000
449 450 7961.000000
450 451 7905.000000
1085 1086 7837.000000
1086 1087 7837.000000
359 360 7787.000000
1020 1021 7753.000000
1021 1022 7753.000000
1200 1201 7707.000000
1244 1245 7647.000000
1440 1441 7621.000000
408 409 7424.000000
1154 1155 7405.000000
313 314 7368.000000
1439 1440 7288.000000
1199 1200 7276.000000
424 425 7266.000000
1241 1242 7224.000000
1438 1439 7182.000000
1432 1433 7107.000000
27 28 6979.000000
28 29 6951.000000
26 27 6898.000000
1395 1396 6875.000000
1331 1332 6852.000000
1219 1220 6823.000000
29 30 6689.000000
314 315 6638.000000
1220 1221 6591.000000
452 453 6360.000000
1087 1088 6335.000000
381 382 6333.000000
382 383 6333.000000
383 384 6333.000000
384 385 6333.000000
30 31 6257.000000
1332 1333 6158.000000
1177 1178 6100.000000
1084 1085 6051.000000
1178 1179 6043.000000
451 452 6032.000000
8 9 5983.000000
1265 1266 5969.000000
1394 1395 5909.000000
4 5 5841.000000
1462 1463 5777.000000
1041 1042 5613.000000
1042 1043 5613.000000
1043 1044 5613.000000
1376 1398 5575.000000
1157 1158 5531.000000
1198 1199 5531.000000
495 496 5525.000000
1064 1065 5414.000000
1065 1066 5414.000000
1461 1462 5402.000000
380 381 5339.000000
446 447 5237.000000
453 454 5052.000000
1460 1461 4988.000000
1067 1068 4982.000000
1459 1460 4931.000000
180 181 4921.000000
1088 1089 4894.000000
1484 1485 4866.000000
1063 1064 4849.000000
491 492 4793.000000
492 493 4793.000000
493 494 4793.000000
1463 1464 4768.000000
1215 1216 4711.000000
1216 1217 4711.000000
1217 1218 4711.000000
1455 1456 4646.000000
1245 1246 4636.000000
1330 1331 4602.000000
494 495 4592.000000
1415 1416 4580.000000
137 138 4571.000000
181 182 4542.000000
179 180 4518.000000
1456 1457 4498.000000
1083 1084 4469.000000
1457 1458 4450.000000
335 336 4447.000000
1264 1265 4418.000000
1458 1459 4398.000000
51 52 4393.000000
269 270 4355.000000
138 139 4232.000000
1107 1108 4166.000000
1108 1109 4166.000000
1109 1110 4166.000000
1353 1354 4056.000000
1151 1152 4017.000000
1152 1153 4017.000000
116 117 4009.000000
10 11 3980.000000
1308 1309 3978.000000
1022 1023 3933.000000
182 183 3926.000000
401 402 3904.000000
429 430 3902.000000
1412 1413 3894.000000
31 32 3877.000000
1309 1310 3865.000000
1413 1414 3834.000000
385 386 3815.000000
998 999 3798.000000
271 272 3778.000000
1351 1352 3767.000000
1482 1483 3757.000000
358 359 3746.000000
517 518 3721.000000
1329 1330 3720.000000
1222 1223 3708.000000
1266 1267 3702.000000
117 118 3691.000000
1499 1500 3662.000000
1352 1353 3629.000000
496 497 3622.000000
1111 1112 3603.000000
1019 1020 3600.000000
1237 1238 3596.000000
1238 1239 3596.000000
1239 1240 3595.000000
1483 1484 3586.000000
226 227 3574.000000
1414 1415 3566.000000
1240 1241 3559.000000
72 73 3532.000000
115 116 3524.000000
1153 1154 3519.000000
407 429 3494.000000
1066 1067 3491.000000
1218 1219 3439.000000
291 292 3419.000000
1310 1311 3407.000000
1176 1177 3406.000000
94 95 3382.000000
1288 1289 3365.000000
1411 1412 3357.000000
1022 10407 3346.000000
314 336 3325.000000
1246 1247 3306.000000
357 358 3300.000000
1371 1372 3286.000000
1350 1351 3267.000000
95 96 3207.000000
1110 1111 3203.000000
1040 1041 3181.000000
454 455 3180.000000
270 292 3149.000000
1498 1499 3133.000000
1263 1264 3113.000000
364 365 3108.000000
468 469 3086.000000
469 470 3086.000000
470 471 3086.000000
471 472 3086.000000
997 998 3086.000000
1214 1215 3084.000000
870 871 3055.000000
50 51 3048.000000
379 380 3023.000000
49 50 2997.000000
802 803 2964.000000
803 804 2964.000000
1441 1442 2945.000000
1567 1568 2945.000000
1392 1393 2940.000000
1566 1567 2935.000000
1389 1390 2933.000000
1390 1391 2933.000000
1391 1392 2933.000000
409 410 2932.000000
1454 1455 2928.000000
805 806 2891.000000
804 805 2879.000000
1150 1151 2879.000000
1306 1307 2867.000000
1285 1286 2865.000000
473 474 2864.000000
1175 1176 2844.000000
1286 1287 2808.000000
136 137 2801.000000
227 228 2789.000000
1393 1394 2766.000000
996 997 2742.000000
1132 1133 2740.000000
512 513 2735.000000
513 514 2735.000000
514 515 2735.000000
515 516 2735.000000
1267 1268 2690.000000
48 49 2659.000000
1481 1482 2644.000000
1287 1288 2626.000000
1307 1308 2619.000000
497 498 2612.000000
224 225 2578.000000
445 446 2577.000000
1501 1502 2572.000000
1062 1063 2527.000000
1505 1506 2524.000000
1506 1507 2521.000000
271 293 2514.000000
334 335 2505.000000
336 337 2493.000000
1023 1024 2489.000000
539 540 2466.000000
1018 1019 2459.000000
1112 1113 2436.000000
386 387 2433.000000
1523 1524 2432.000000
1388 1389 2431.000000
430 431 2427.000000
1328 1329 2424.000000
455 456 2416.000000
976 977 2406.000000
977 978 2406.000000
10 10345 2404.000000
444 445 2400.000000
114 115 2391.000000
1045 1046 2354.000000
53 54 2341.000000
1503 1504 2339.000000
223 224 2326.000000
1044 1045 2314.000000
1502 1503 2297.000000
1024 1025 2292.000000
410 411 2289.000000
1106 1107 2280.000000
138 160 2273.000000
247 248 2266.000000
1157 1179 2256.000000
1039 1040 2229.000000
365 387 2227.000000
225 226 2218.000000
474 475 2217.000000
1089 1090 2216.000000
1522 1523 2204.000000
518 519 2178.000000
978 979 2171.000000
867 868 2168.000000
868 869 2168.000000
869 870 2168.000000
222 223 2165.000000
1504 1505 2162.000000
1223 1224 2161.000000
1368 1369 2160.000000
1369 1370 2158.000000
1133 1134 2148.000000
158 159 2142.000000
1001 1002 2141.000000
1289 1290 2138.000000
139 140 2131.000000
806 807 2124.000000
1545 1546 2117.000000
183 184 2106.000000
1398 1399 2095.000000
892 893 2093.000000
893 894 2093.000000
1068 1069 2077.000000
1370 1371 2073.000000
113 114 2062.000000
472 473 2060.000000
248 249 2057.000000
52 53 2055.000000
71 72 2034.000000
1524 1525 2025.000000
475 476 2014.000000
516 517 2005.000000
806 828 1990.000000
1410 1411 1979.000000
422 423 1974.000000
1571 1572 1946.000000
1201 1202 1932.000000
914 915 1931.000000
1570 1571 1930.000000
157 158 1904.000000
466 467 1896.000000
93 94 1885.000000
1000 10028 1877.000000
92 93 1863.000000
140 141 1858.000000
1527 1528 1838.000000
292 293 1826.000000
431 432 1813.000000
1569 1570 1813.000000
582 583 1809.000000
1202 1203 1797.000000
1500 1501 1794.000000
1525 1526 1788.000000
1526 1527 1783.000000
1002 1003 1781.000000
1377 1378 1759.000000
560 561 1746.000000
465 466 1740.000000
1546 1547 1733.000000
1000 1001 1717.000000
159 160 1663.000000
509 510 1663.000000
1568 1569 1661.000000
70 71 1643.000000
1197 1198 1616.000000
1479 1480 1604.000000
1046 1047 1597.000000
1431 1432 1597.000000
423 424 1589.000000
411 412 1582.000000
1290 1291 1563.000000
364 386 1562.000000
1149 1150 1561.000000
476 477 1553.000000
1480 1481 1548.000000
1354 1355 1538.000000
849 850 1530.000000
454 476 1523.000000
807 808 1502.000000
452 474 1484.000000
178 179 1481.000000
1500 1522 1472.000000
975 976 1464.000000
467 468 1454.000000
356 357 1441.000000
490 491 1437.000000
1128 1129 1426.000000
1129 1130 1426.000000
1130 1131 1426.000000
160 161 1417.000000
1193 1194 1403.000000
1194 1195 1403.000000
1195 1196 1403.000000
1196 1197 1403.000000
204 205 1399.000000
1324 1325 1398.000000
1325 1326 1398.000000
1326 1327 1398.000000
96 97 1396.000000
1333 1334 1391.000000
400 401 1388.000000
1258 1259 1387.000000
1259 1260 1387.000000
1260 1261 1387.000000
1261 1262 1387.000000
1171 1172 1375.000000
1172 1173 1375.000000
1173 1174 1375.000000
1174 1175 1375.000000
952 953 1374.000000
205 206 1370.000000
357 379 1356.000000
871 872 1345.000000
456 478 1334.000000
293 315 1329.000000
336 358 1328.000000
1478 1479 1321.000000
583 584 1320.000000
915 916 1317.000000
247 269 1309.000000
432 433 1307.000000
510 511 1277.000000
511 512 1277.000000
933 934 1275.000000
934 935 1275.000000
958 959 1271.000000
534 535 1267.000000
535 536 1267.000000
536 537 1267.000000
537 538 1267.000000
489 490 1258.000000
538 539 1254.000000
1327 1328 1253.000000
889 890 1252.000000
890 891 1252.000000
891 892 1252.000000
894 895 1245.000000
1025 1026 1229.000000
954 955 1203.000000
955 956 1203.000000
956 957 1203.000000
1044 10969 1190.000000
1280 1281 1166.000000
1281 1282 1166.000000
1282 1283 1166.000000
496 518 1162.000000
1476 1477 1160.000000
1477 1478 1160.000000
957 958 1154.000000
135 136 1151.000000
1134 1135 1151.000000
1135 1136 1148.000000
1311 1312 1148.000000
583 605 1139.000000
1349 1350 1134.000000
1332 1354 1113.000000
73 74 1112.000000
433 434 1108.000000
888 889 1102.000000
488 489 1095.000000
931 932 1085.000000
932 933 1085.000000
380 402 1084.000000
539 561 1069.000000
288 289 1046.000000
289 290 1046.000000
1105 1106 1046.000000
959 960 1041.000000
1367 1368 1041.000000
1547 1548 1036.000000
477 478 1034.000000
1528 1529 1034.000000
1224 1225 1033.000000
292 314 1030.000000
266 267 1026.000000
267 268 1026.000000
1203 1225 1024.000000
1113 1114 1017.000000
909 910 1016.000000
268 269 1011.000000
1131 1132 1010.000000
1268 1269 1010.000000
1127 1128 1007.000000
1549 1550 999.000000
519 520 998.000000
412 413 995.000000
953 954 991.000000
1236 1237 990.000000
1548 1549 988.000000
390 391 973.000000
69 70 968.000000
542 543 966.000000
409 431 955.000000
456 457 954.000000
808 809 948.000000
1497 1498 940.000000
1202 1224 936.000000
1044 10703 935.000000
845 846 930.000000
846 847 930.000000
847 848 930.000000
848 849 928.000000
352 373 925.000000
370 371 925.000000
371 372 925.000000
372 373 925.000000
352 353 923.000000
353 354 923.000000
354 355 923.000000
355 356 923.000000
365 366 923.000000
872 873 923.000000
1262 1263 923.000000
520 521 921.000000
1387 1388 920.000000
780 781 919.000000
781 782 919.000000
782 783 919.000000
290 291 918.000000
1335 1336 916.000000
1336 1337 916.000000
388 389 914.000000
366 367 907.000000
1283 1284 899.000000
225 247 897.000000
586 587 896.000000
562 563 894.000000
887 888 893.000000
1334 1335 891.000000
979 980 889.000000
540 541 888.000000
1114 1136 887.000000
387 388 875.000000
156 157 870.000000
1399 1400 870.000000
1400 1401 870.000000
1401 1402 870.000000
1355 1356 863.000000
249 250 859.000000
408 430 850.000000
1550 1551 849.000000
1323 1324 848.000000
315 316 845.000000
161 162 842.000000
242 263 842.000000
260 261 842.000000
261 262 842.000000
262 263 842.000000
828 829 842.000000
1003 10128 842.000000
265 266 840.000000
935 936 838.000000
1203 1204 830.000000
1204 1205 830.000000
541 542 829.000000
543 544 825.000000
1302 1303 821.000000
1303 1304 821.000000
1304 1305 821.000000
822 823 817.000000
910 911 817.000000
911 912 817.000000
912 913 817.000000
422 444 812.000000
1068 1090 808.000000
484 505 802.000000
501 502 802.000000
502 503 802.000000
503 504 802.000000
504 505 802.000000
389 390 801.000000
1024 1046 800.000000
521 522 797.000000
1289 1311 791.000000
200 201 780.000000
1200 1222 778.000000
829 830 775.000000
936 937 772.000000
937 938 772.000000
358 380 768.000000
315 337 767.000000
378 379 763.000000
916 917 762.000000
287 288 751.000000
484 485 748.000000
485 486 748.000000
486 487 748.000000
335 357 738.000000
498 499 737.000000
584 585 735.000000
974 975 734.000000
330 351 728.000000
348 349 728.000000
349 350 728.000000
350 351 728.000000
330 331 727.000000
331 332 727.000000
332 333 727.000000
333 334 727.000000
201 202 715.000000
202 203 715.000000
227 249 715.000000
585 586 708.000000
1305 1306 707.000000
310 311 704.000000
311 312 704.000000
850 851 696.000000
367 368 689.000000
821 822 686.000000
604 605 685.000000
938 939 683.000000
313 335 682.000000
242 243 652.000000
368 369 643.000000
443 444 642.000000
118 119 637.000000
184 185 636.000000
312 313 636.000000
1284 1285 630.000000
182 204 624.000000
844 845 613.000000
1507 1508 610.000000
1346 1347 607.000000
1347 1348 607.000000
1348 1349 607.000000
1001 10136 605.000000
1247 1269 605.000000
499 500 598.000000
203 204 594.000000
1201 1223 594.000000
244 245 592.000000
245 246 592.000000
783 784 591.000000
246 247 590.000000
561 562 585.000000
1000 10361 583.000000
1041 10885 579.000000
865 866 577.000000
1366 1367 575.000000
1279 1280 573.000000
418 419 564.000000
418 439 564.000000
419 420 564.000000
420 421 564.000000
435 436 564.000000
436 437 564.000000
437 438 564.000000
438 439 564.000000
142 143 555.000000
143 144 555.000000
144 145 555.000000
866 867 554.000000
1345 1346 551.000000
396 397 548.000000
396 417 548.000000
397 398 548.000000
398 399 548.000000
414 415 548.000000
415 416 548.000000
416 417 548.000000
199 200 542.000000
399 400 542.000000
1156 1178 538.000000
1572 1573 538.000000
980 981 534.000000
453 475 527.000000
1257 1258 525.000000
870 892 519.000000
1045 10670 518.000000
913 914 512.000000
1003 1004 511.000000
308 329 504.000000
326 327 504.000000
327 328 504.000000
328 329 504.000000
895 896 499.000000
1334 1356 495.000000
1023 10331 493.000000
648 649 489.000000
1001 10777 485.000000
1420 1421 482.000000
497 519 478.000000
587 609 473.000000
115 137 472.000000
421 422 469.000000
1205 1206 468.000000
226 248 467.000000
936 958 458.000000
440 441 457.000000
440 461 457.000000
441 442 457.000000
442 443 457.000000
457 458 457.000000
458 459 457.000000
459 460 457.000000
460 461 457.000000
308 309 453.000000
309 310 453.000000
1090 10925 448.000000
91 92 445.000000
1378 1379 441.000000
1379 1380 441.000000
1380 1381 441.000000
1022 1044 438.000000
1291 1292 438.000000
1292 1293 438.000000
1344 1345 438.000000
1453 1454 438.000000
498 520 437.000000
563 564 435.000000
1213 1214 434.000000
647 648 432.000000
798 799 431.000000
1269 1270 430.000000
1270 1271 430.000000
1247 1248 419.000000
981 982 416.000000
74 75 415.000000
1112 1134 413.000000
466 488 409.000000
1333 1355 404.000000
248 270 402.000000
1544 1545 396.000000
851 852 391.000000
114 136 386.000000
1540 1541 385.000000
1541 1542 384.000000
1001 10055 382.000000
443 465 377.000000
1463 1485 377.000000
1542 1543 376.000000
162 163 375.000000
1242 1264 375.000000
1543 1544 374.000000
1020 10394 372.000000
379 401 370.000000
476 498 369.000000
116 138 368.000000
141 142 368.000000
715 716 366.000000
716 717 366.000000
717 718 366.000000
826 827 363.000000
243 244 361.000000
1044 10640 361.000000
1020 10525 359.000000
1020 10538 359.000000
1020 10792 359.000000
1020 10897 359.000000
1020 11000 359.000000
475 497 353.000000
1402 1403 350.000000
564 565 340.000000
1409 1410 340.000000
228 250 339.000000
532 533 339.000000
533 534 339.000000
606 607 339.000000
607 608 339.000000
487 488 338.000000
374 375 337.000000
374 395 337.000000
375 376 337.000000
376 377 337.000000
377 378 337.000000
391 392 337.000000
392 393 337.000000
393 394 337.000000
394 395 337.000000
155 156 332.000000
1381 1382 330.000000
434 435 327.000000
823 824 327.000000
824 825 327.000000
825 826 327.000000
801 802 326.000000
628 629 320.000000
629 630 320.000000
630 631 320.000000
873 874 317.000000
97 98 310.000000
338 339 309.000000
339 340 309.000000
340 341 309.000000
341 342 309.000000
1024 10933 308.000000
799 800 307.000000
337 359 306.000000
605 606 305.000000
337 338 304.000000
1062 10978 303.000000
1343 1344 303.000000
1374 1396 302.000000
467 489 301.000000
1365 1366 300.000000
1004 10441 299.000000
474 496 298.000000
1020 10833 297.000000
1019 10545 295.000000
1023 10777 289.000000
10 1572 288.000000
1479 1501 288.000000
1069 10698 284.000000
1069 10758 284.000000
160 182 282.000000
1063 10807 281.000000
1067 10721 281.000000
982 983 280.000000
1063 10814 279.000000
1464 1486 279.000000
204 226 277.000000
827 828 272.000000
807 829 271.000000
1001 10581 271.000000
1485 1486 271.000000
1283 1305 268.000000
1020 10671 267.000000
1044 10951 267.000000
1171 1193 267.000000
304 326 266.000000
494 516 264.000000
1020 10551 264.000000
1215 1237 264.000000
1018 10655 263.000000
286 307 261.000000
304 305 261.000000
305 306 261.000000
306 307 261.000000
1001 10825 260.000000
1356 1357 259.000000
1357 1358 259.000000
1358 1359 259.000000
1018 10261 258.000000
1018 10422 258.000000
1020 10684 258.000000
1063 10636 257.000000
462 463 256.000000
463 464 256.000000
464 465 256.000000
1019 10710 256.000000
1063 10791 256.000000
500 501 255.000000
1248 1249 255.000000
1249 1250 255.000000
28 50 254.000000
359 381 254.000000
808 830 253.000000
1001 10429 253.000000
1039 10562 251.000000
1359 1360 250.000000
1020 10355 248.000000
587 588 247.000000
1364 1365 247.000000
1364 1385 247.000000
1382 1383 247.000000
1383 1384 247.000000
1384 1385 247.000000
691 692 246.000000
221 222 244.000000
1045 10760 244.000000
1312 1313 244.000000
1313 1314 243.000000
1314 1315 243.000000
228 229 242.000000
1018 10480 242.000000
70 92 241.000000
1023 10450 239.000000
1023 10505 239.000000
1023 10506 239.000000
1023 10783 239.000000
1421 1422 239.000000
1023 10484 237.000000
1019 10437 236.000000
378 400 235.000000
222 244 234.000000
181 203 232.000000
1018 10884 232.000000
1068 10680 231.000000
1001 10104 230.000000
718 719 229.000000
719 720 229.000000
720 721 229.000000
721 722 229.000000
1523 1545 229.000000
800 801 228.000000
1018 10630 228.000000
1435 1457 228.000000
348 370 226.000000
1067 10949 226.000000
1067 10955 226.000000
865 887 225.000000
1301 1302 224.000000
518 540 223.000000
1041 10683 223.000000
342 364 222.000000
1001 1023 222.000000
286 287 221.000000
1420 1442 220.000000
367 389 218.000000
1023 1045 218.000000
156 178 216.000000
1127 1149 216.000000
1001 10704 214.000000
1040 10547 214.000000
540 562 213.000000
1039 10945 213.000000
1041 10482 213.000000
1246 1268 213.000000
1001 10171 211.000000
1025 10365 210.000000
1041 10919 210.000000
1459 1481 210.000000
410 432 209.000000
1067 10946 209.000000
779 780 208.000000
342 343 207.000000
1002 10079 207.000000
1024 10429 207.000000
1067 10811 206.000000
1083 10962 205.000000
1136 1137 205.000000
1137 1138 205.000000
1138 1139 205.000000
1000 10250 204.000000
1044 10842 204.000000
1000 10167 203.000000
1000 10842 203.000000
1544 1566 203.000000
462 483 202.000000
479 480 202.000000
480 481 202.000000
481 482 202.000000
482 483 202.000000
1111 1133 202.000000
32 33 200.000000
52 74 200.000000
830 831 200.000000
1039 10507 200.000000
1039 10549 200.000000
895 917 198.000000
1040 10771 198.000000
1068 10941 197.000000
1000 10575 196.000000
1044 10575 196.000000
1342 1343 195.000000
1342 1363 195.000000
1360 1361 195.000000
1361 1362 195.000000
1362 1363 195.000000
1000 10664 194.000000
1000 10718 194.000000
113 135 190.000000
1026 10569 190.000000
1026 10732 190.000000
1039 10962 190.000000
1083 10945 190.000000
1241 1263 190.000000
814 835 189.000000
831 832 189.000000
832 833 189.000000
833 834 189.000000
834 835 189.000000
1408 1409 188.000000
1408 1429 188.000000
1426 1427 188.000000
1427 1428 188.000000
1428 1429 188.000000
500 522 187.000000
316 317 186.000000
317 318 186.000000
318 319 186.000000
319 320 186.000000
10 10889 183.000000
1023 10476 182.000000
1023 10703 182.000000
1023 10775 182.000000
1023 10816 182.000000
1023 10848 182.000000
1023 10902 182.000000
1023 10921 182.000000
1003 10092 181.000000
1046 10604 180.000000
1047 10658 180.000000
1083 10854 179.000000
750 751 178.000000
751 752 178.000000
752 753 178.000000
1000 10407 178.000000
1047 10975 178.000000
1293 1294 178.000000
1503 1525 178.000000
1026 10975 177.000000
543 565 176.000000
1018 10579 176.000000
1018 10588 176.000000
1245 1267 176.000000
786 787 175.000000
1001 10298 175.000000
1039 10773 175.000000
1039 10854 175.000000
784 785 174.000000
785 786 174.000000
935 957 174.000000
939 940 174.000000
157 179 173.000000
50 72 172.000000
753 754 169.000000
754 755 169.000000
755 756 169.000000
1067 10890 169.000000
369 370 167.000000
562 584 167.000000
343 344 165.000000
344 345 165.000000
345 346 165.000000
346 347 165.000000
1047 10569 165.000000
1047 10732 165.000000
1438 1460 165.000000
488 510 164.000000
1001 10725 164.000000
1394 1416 163.000000
10 32 162.000000
758 759 162.000000
759 760 162.000000
760 761 162.000000
761 762 162.000000
1001 10206 162.000000
1045 10745 162.000000
1001 10645 160.000000
1001 10841 160.000000
1507 1529 160.000000
432 454 159.000000
1000 10965 159.000000
1001 10810 159.000000
1046 10817 159.000000
72 94 157.000000
1090 10900 157.000000
29 51 155.000000
531 532 155.000000
412 434 154.000000
718 740 154.000000
1069 10916 154.000000
762 784 153.000000
1023 10788 153.000000
1046 10765 152.000000
1046 10861 152.000000
1117 1139 152.000000
1225 1226 152.000000
1226 1227 152.000000
1227 1228 152.000000
478 479 151.000000
1001 10380 151.000000
1002 10760 151.000000
1041 10706 151.000000
960 961 150.000000
1001 10587 149.000000
1085 10897 149.000000
1085 11000 149.000000
1456 1478 149.000000
778 779 148.000000
1114 1115 148.000000
1115 1116 148.000000
1116 1117 148.000000
1001 10890 146.000000
1045 1067 146.000000
1349 1371 146.000000
11 33 145.000000
506 507 145.000000
507 508 145.000000
508 509 145.000000
1019 10791 145.000000
1019 10440 144.000000
1045 10704 144.000000
487 509 143.000000
1001 10603 143.000000
1001 10877 143.000000
1068 10922 143.000000
1003 10631 142.000000
1089 10922 142.000000
506 527 141.000000
522 523 141.000000
523 524 141.000000
524 525 141.000000
525 526 141.000000
526 527 141.000000
1001 10268 141.000000
1001 10565 141.000000
1001 10808 141.000000
1001 10934 141.000000
1019 10636 141.000000
1388 1410 140.000000
413 414 139.000000
1067 10903 139.000000
26 48 138.000000
1001 10738 138.000000
1220 1242 138.000000
1422 1423 138.000000
1423 1424 138.000000
1424 1425 138.000000
1425 1426 138.000000
27 49 136.000000
1311 1333 136.000000
30 52 135.000000
541 563 135.000000
1025 10805 134.000000
478 500 132.000000
626 627 132.000000
1176 1198 132.000000
347 348 131.000000
957 979 131.000000
983 984 131.000000
1001 10233 131.000000
1041 1063 131.000000
1235 1236 131.000000
1003 10266 130.000000
554 555 129.000000
555 556 129.000000
556 557 129.000000
557 558 129.000000
558 559 129.000000
559 560 129.000000
1286 1308 128.000000
1437 1459 128.000000
1132 1154 127.000000
815 816 126.000000
816 817 126.000000
817 818 126.000000
818 819 126.000000
819 820 126.000000
820 821 126.000000
1019 10300 126.000000
1068 10892 126.000000
1337 1338 125.000000
75 76 124.000000
433 455 124.000000
799 821 124.000000
1026 10658 124.000000
1003 10805 123.000000
200 222 122.000000
269 291 122.000000
479 501 122.000000
841 842 121.000000
842 843 121.000000
914 936 121.000000
1287 1309 121.000000
320 342 120.000000
1398 1420 120.000000
1419 1441 120.000000
1024 10760 119.000000
1025 10266 119.000000
1090 10935 119.000000
249 271 117.000000
851 873 117.000000
1083 10884 116.000000
1546 1568 116.000000
837 838 115.000000
838 839 115.000000
839 840 115.000000
840 841 115.000000
1023 10568 115.000000
1067 10775 115.000000
1001 10624 114.000000
1024 10679 114.000000
1018 10978 112.000000
1243 1265 112.000000
25 26 111.000000
627 628 111.000000
1003 10072 111.000000
1024 10587 111.000000
1067 10969 111.000000
1069 10928 111.000000
293 294 110.000000
1018 10353 110.000000
1018 10543 110.000000
888 910 109.000000
1090 10928 109.000000
1044 10664 108.000000
1044 10718 108.000000
1024 10704 107.000000
1276 1297 107.000000
1294 1295 107.000000
1295 1296 107.000000
1296 1297 107.000000
1067 1089 106.000000
1276 1277 104.000000
1277 1278 104.000000
814 815 103.000000
1308 1330 103.000000
1024 10890 102.000000
1090 1091 102.000000
770 791 101.000000
787 788 101.000000
788 789 101.000000
789 790 101.000000
790 791 101.000000
954 976 100.000000
1004 10097 100.000000
1026 10916 100.000000
135 157 99.000000
1088 10955 99.000000
250 272 98.000000
435 457 98.000000
910 932 98.000000
1068 10719 98.000000
1068 10888 98.000000
1136 1158 98.000000
1210 1211 98.000000
1211 1212 98.000000
1212 1213 98.000000
1047 10916 97.000000
1068 10765 96.000000
1088 10949 96.000000
1210 1231 96.000000
1228 1229 96.000000
1229 1230 96.000000
1230 1231 96.000000
1061 1062 95.000000
1088 10946 95.000000
1170 1171 95.000000
1418 1440 95.000000
1044 10965 94.000000
1068 10861 94.000000
1110 1132 94.000000
1001 10726 93.000000
1068 10839 93.000000
1088 10965 93.000000
793 794 92.000000
794 795 92.000000
795 796 92.000000
796 797 92.000000
797 798 92.000000
1047 1048 92.000000
1222 1244 92.000000
117 139 91.000000
473 495 91.000000
1025 10892 91.000000
917 918 90.000000
931 953 90.000000
1025 10888 89.000000
1068 10817 89.000000
736 737 88.000000
737 738 88.000000
738 739 88.000000
739 740 88.000000
430 452 87.000000
608 609 87.000000
1345 1367 87.000000
391 413 86.000000
740 741 86.000000
741 742 86.000000
742 743 86.000000
1045 10587 86.000000
1464 1465 86.000000
1465 1466 86.000000
1466 1467 86.000000
1467 1468 86.000000
1468 1469 86.000000
804 826 85.000000
1257 1279 85.000000
1338 1360 85.000000
1370 1392 85.000000
1482 1504 85.000000
1067 10679 83.000000
649 650 82.000000
650 651 82.000000
651 652 82.000000
1019 10671 82.000000
1045 10890 82.000000
1068 10859 82.000000
1045 10679 81.000000
1206 1228 80.000000
1389 1411 80.000000
1046 1068 78.000000
1067 10703 78.000000
1067 10816 78.000000
1067 10848 78.000000
1067 10902 78.000000
1067 10921 78.000000
1088 10951 78.000000
1278 1279 78.000000
400 422 77.000000
423 445 77.000000
1046 10646 77.000000
1046 10859 76.000000
1023 10831 75.000000
1004 10216 74.000000
1066 1088 74.000000
1306 1328 74.000000
595 596 73.000000
596 597 73.000000
597 598 73.000000
598 599 73.000000
599 600 73.000000
600 601 73.000000
601 602 73.000000
602 603 73.000000
792 813 73.000000
809 810 73.000000
810 811 73.000000
811 812 73.000000
812 813 73.000000
848 870 73.000000
909 931 73.000000
836 857 72.000000
853 854 72.000000
854 855 72.000000
855 856 72.000000
856 857 72.000000
925 926 72.000000
926 927 72.000000
927 928 72.000000
928 929 72.000000
929 930 72.000000
54 55 71.000000
457 479 71.000000
528 549 71.000000
544 545 71.000000
545 546 71.000000
546 547 71.000000
547 548 71.000000
548 549 71.000000
1023 10624 71.000000
1046 10892 71.000000
1001 10070 70.000000
1001 10903 70.000000
1018 10552 70.000000
1023 10903 70.000000
1024 10825 70.000000
1046 10888 70.000000
1413 1435 70.000000
1442 1443 70.000000
1443 1444 70.000000
1444 1445 70.000000
1445 1446 70.000000
1446 1447 70.000000
1023 10726 68.000000
1044 10476 68.000000
1044 10726 68.000000
1044 10816 68.000000
1044 10902 68.000000
1254 1255 68.000000
1255 1256 68.000000
1256 1257 68.000000
528 529 67.000000
51 73 66.000000
320 321 66.000000
321 322 66.000000
322 323 66.000000
323 324 66.000000
324 325 66.000000
576 577 66.000000
577 578 66.000000
578 579 66.000000
579 580 66.000000
580 581 66.000000
581 582 66.000000
1023 10522 66.000000
1023 10725 66.000000
1023 10738 66.000000
1024 10670 66.000000
1284 1306 66.000000
1301 1323 66.000000
1411 1433 66.000000
565 566 65.000000
852 853 65.000000
1044 10450 65.000000
1044 10505 65.000000
1044 10506 65.000000
1044 10775 65.000000
1044 10783 65.000000
1044 10848 65.000000
1044 10921 65.000000
1254 1275 65.000000
1272 1273 65.000000
1273 1274 65.000000
1274 1275 65.000000
1300 1301 65.000000
573 595 64.000000
896 918 64.000000
1232 1253 64.000000
1250 1251 64.000000
1251 1252 64.000000
1252 1253 64.000000
792 793 63.000000
1044 10484 63.000000
1177 1199 63.000000
553 554 62.000000
728 729 62.000000
729 730 62.000000
730 731 62.000000
731 732 62.000000
732 733 62.000000
733 734 62.000000
757 758 62.000000
1001 10522 62.000000
1023 10268 62.000000
1023 10380 62.000000
1023 10539 62.000000
1023 10808 62.000000
1023 10934 62.000000
1067 10745 62.000000
1084 10885 62.000000
1232 1233 62.000000
1233 1234 62.000000
1234 1235 62.000000
1441 1463 62.000000
1481 1503 62.000000
388 410 61.000000
472 494 61.000000
529 530 61.000000
530 531 61.000000
1067 10934 61.000000
1019 10647 60.000000
1045 10825 60.000000
1067 10808 60.000000
1133 1155 60.000000
69 91 59.000000
1355 1377 59.000000
1001 10299 58.000000
1044 10738 58.000000
1045 10725 58.000000
661 683 57.000000
1001 10539 57.000000
1044 10603 57.000000
1044 10808 57.000000
1044 10877 57.000000
1044 10934 57.000000
1045 10738 57.000000
136 158 56.000000
206 207 56.000000
450 472 56.000000
1023 10603 56.000000
1023 10877 56.000000
1346 1368 56.000000
49 71 55.000000
517 539 55.000000
1023 10645 55.000000
1023 10810 55.000000
1023 10841 55.000000
1044 10903 55.000000
1262 1284 55.000000
1271 1272 55.000000
1330 1352 55.000000
1410 1432 55.000000
1458 1480 55.000000
286 308 54.000000
462 484 54.000000
1044 10522 54.000000
1430 1451 54.000000
1447 1448 54.000000
1448 1449 54.000000
1449 1450 54.000000
1450 1451 54.000000
325 326 53.000000
431 453 53.000000
588 589 53.000000
589 590 53.000000
1221 1243 53.000000
368 390 52.000000
572 593 51.000000
575 576 51.000000
590 591 51.000000
591 592 51.000000
592 593 51.000000
975 997 51.000000
1004 10658 51.000000
522 544 50.000000
762 763 50.000000
551 552 49.000000
822 844 49.000000
1018 10341 49.000000
1018 10572 49.000000
1045 10645 49.000000
1045 10777 49.000000
1045 10810 49.000000
1045 10841 49.000000
850 872 48.000000
1018 10537 48.000000
1041 10628 48.000000
1386 1407 48.000000
1403 1404 48.000000
1404 1405 48.000000
1405 1406 48.000000
1406 1407 48.000000
572 573 47.000000
763 764 47.000000
1000 10568 47.000000
1063 10885 47.000000
1063 10919 47.000000
1069 1091 47.000000
1192 1193 47.000000
550 551 46.000000
714 715 46.000000
764 765 46.000000
881 882 46.000000
882 883 46.000000
883 884 46.000000
884 885 46.000000
885 886 46.000000
886 887 46.000000
1000 10179 46.000000
1000 10788 46.000000
1039 10548 46.000000
1063 10683 46.000000
1320 1321 46.000000
1320 1341 46.000000
1338 1339 46.000000
1339 1340 46.000000
1340 1341 46.000000
828 850 45.000000
880 901 45.000000
896 897 45.000000
897 898 45.000000
898 899 45.000000
899 900 45.000000
900 901 45.000000
1023 10298 45.000000
1023 10299 45.000000
1045 10603 45.000000
1045 10877 45.000000
1089 10933 45.000000
1122 1123 45.000000
1122 1143 45.000000
1123 1124 45.000000
1124 1125 45.000000
1125 1126 45.000000
1139 1140 45.000000
1140 1141 45.000000
1141 1142 45.000000
1142 1143 45.000000
1365 1387 45.000000
141 163 44.000000
477 499 44.000000
770 771 44.000000
1298 1299 44.000000
1298 1319 44.000000
1315 1316 44.000000
1316 1317 44.000000
1317 1318 44.000000
1318 1319 44.000000
444 466 43.000000
451 473 43.000000
880 881 43.000000
1000 10565 43.000000
1000 10831 43.000000
1047 10631 43.000000
1067 10825 43.000000
343 365 42.000000
550 571 42.000000
565 587 42.000000
566 567 42.000000
567 568 42.000000
568 569 42.000000
569 570 42.000000
570 571 42.000000
1198 1220 42.000000
1299 1300 42.000000
207 208 41.000000
208 209 41.000000
209 210 41.000000
294 295 41.000000
295 296 41.000000
296 297 41.000000
297 298 41.000000
298 299 41.000000
299 300 41.000000
300 301 41.000000
301 302 41.000000
302 303 41.000000
413 435 41.000000
953 975 41.000000
1019 10278 41.000000
1044 10539 41.000000
1179 1180 41.000000
411 433 40.000000
930 931 40.000000
1366 1388 40.000000
387 409 39.000000
429 451 39.000000
603 604 39.000000
683 684 39.000000
684 685 39.000000
685 686 39.000000
686 687 39.000000
687 688 39.000000
688 689 39.000000
689 690 39.000000
1089 1111 39.000000
238 260 38.000000
325 347 38.000000
958 980 38.000000
1023 10565 38.000000
1067 10725 38.000000
1067 10841 38.000000
734 735 37.000000
1019 10338 37.000000
1367 1389 37.000000
1547 1569 37.000000
220 221 36.000000
220 241 36.000000
238 239 36.000000
239 240 36.000000
240 241 36.000000
356 378 36.000000
381 403 36.000000
836 837 36.000000
1022 10842 36.000000
1067 10738 36.000000
1067 10877 36.000000
1240 1262 36.000000
1460 1482 36.000000
1018 10611 35.000000
1062 10710 35.000000
71 93 34.000000
606 628 34.000000
727 728 34.000000
735 736 34.000000
852 874 34.000000
1069 10805 34.000000
1084 1106 34.000000
1265 1287 34.000000
268 290 33.000000
704 725 33.000000
722 723 33.000000
723 724 33.000000
724 725 33.000000
1020 10628 33.000000
264 265 32.000000
264 285 32.000000
282 283 32.000000
283 284 32.000000
284 285 32.000000
347 369 32.000000
390 412 32.000000
521 543 32.000000
749 750 32.000000
1188 1189 32.000000
1188 1209 32.000000
1189 1190 32.000000
1190 1191 32.000000
1206 1207 32.000000
1207 1208 32.000000
1208 1209 32.000000
1315 1337 32.000000
159 181 31.000000
961 962 31.000000
1019 10289 31.000000
1019 10479 31.000000
1135 1157 31.000000
1158 1159 31.000000
1409 1431 31.000000
771 772 30.000000
772 773 30.000000
773 774 30.000000
774 775 30.000000
389 411 29.000000
425 447 29.000000
1019 1041 29.000000
1019 10210 29.000000
1061 10655 29.000000
1066 10783 29.000000
1068 10933 29.000000
1084 10919 29.000000
1155 1177 29.000000
1321 1343 29.000000
1551 1552 29.000000
566 588 28.000000
728 750 28.000000
775 776 28.000000
776 777 28.000000
777 778 28.000000
1067 10777 28.000000
1067 10810 28.000000
1113 1135 28.000000
1180 1181 28.000000
1181 1203 28.000000
1223 1245 28.000000
1415 1437 28.000000
137 159 27.000000
455 477 27.000000
843 844 27.000000
1159 1181 27.000000
1181 1182 27.000000
1182 1183 27.000000
1191 1192 27.000000
1002 1024 26.000000
1178 1200 26.000000
1278 1300 26.000000
1344 1366 26.000000
291 313 25.000000
700 722 25.000000
902 923 25.000000
918 919 25.000000
919 920 25.000000
920 921 25.000000
921 922 25.000000
922 923 25.000000
968 989 25.000000
984 985 25.000000
985 986 25.000000
986 987 25.000000
987 988 25.000000
988 989 25.000000
1083 1105 25.000000
445 467 24.000000
756 757 24.000000
968 969 24.000000
969 970 24.000000
970 971 24.000000
971 972 24.000000
972 973 24.000000
973 974 24.000000
1002 10670 24.000000
1327 1349 24.000000
499 521 23.000000
713 714 23.000000
748 749 23.000000
748 769 23.000000
766 767 23.000000
767 768 23.000000
768 769 23.000000
1044 10565 23.000000
1044 10568 23.000000
1044 10788 23.000000
1044 10831 23.000000
1431 1453 23.000000
48 70 22.000000
1263 1285 22.000000
551 573 21.000000
631 632 21.000000
632 633 21.000000
633 634 21.000000
1166 1167 21.000000
1166 1187 21.000000
1167 1168 21.000000
1168 1169 21.000000
1169 1170 21.000000
1184 1185 21.000000
1185 1186 21.000000
1186 1187 21.000000
1219 1241 21.000000
1474 1495 21.000000
1486 1487 21.000000
1487 1488 21.000000
1488 1489 21.000000
1489 1490 21.000000
1490 1491 21.000000
1491 1492 21.000000
1492 1493 21.000000
1493 1494 21.000000
1494 1495 21.000000
495 517 20.000000
682 704 20.000000
859 881 20.000000
1041 10525 20.000000
1041 10538 20.000000
1041 10792 20.000000
1041 10897 20.000000
1041 11000 20.000000
1062 1084 20.000000
1069 1070 20.000000
866 888 19.000000
1041 10833 19.000000
1063 10671 19.000000
1066 10788 19.000000
1066 10831 19.000000
1066 10842 19.000000
1293 1315 19.000000
1321 1322 19.000000
1440 1462 19.000000
246 268 18.000000
273 274 18.000000
274 275 18.000000
275 276 18.000000
276 277 18.000000
277 278 18.000000
278 279 18.000000
279 280 18.000000
280 281 18.000000
281 282 18.000000
561 583 18.000000
656 678 18.000000
678 700 18.000000
740 762 18.000000
837 859 18.000000
1066 10664 18.000000
1066 10718 18.000000
1066 10965 18.000000
1070 1092 18.000000
1092 1114 18.000000
1149 1171 18.000000
1310 1332 18.000000
272 273 17.000000
690 691 17.000000
696 718 17.000000
872 894 17.000000
892 914 17.000000
1040 10479 17.000000
1040 10683 17.000000
1279 1301 17.000000
1551 1573 17.000000
224 246 16.000000
366 388 16.000000
529 551 16.000000
634 656 16.000000
765 787 16.000000
938 960 16.000000
1019 10264 16.000000
1019 10919 16.000000
1184 1206 16.000000
1343 1365 16.000000
206 228 15.000000
552 553 15.000000
1019 10284 15.000000
1019 10320 15.000000
1019 10683 15.000000
1019 10885 15.000000
1063 10684 15.000000
1267 1289 15.000000
47 48 14.000000
47 69 14.000000
544 566 14.000000
671 672 14.000000
672 673 14.000000
673 674 14.000000
674 696 14.000000
873 895 14.000000
952 974 14.000000
1040 10440 14.000000
1040 10791 14.000000
1063 10792 14.000000
1063 10897 14.000000
1063 11000 14.000000
1088 10903 14.000000
1192 1214 14.000000
704 705 13.000000
826 848 13.000000
1003 1025 13.000000
1040 10636 13.000000
1041 10551 13.000000
1041 10684 13.000000
1063 10706 13.000000
1063 10833 13.000000
1088 10902 13.000000
1088 10934 13.000000
1088 10969 13.000000
133 155 12.000000
205 227 12.000000
573 574 12.000000
574 575 12.000000
765 766 12.000000
858 879 12.000000
874 875 12.000000
875 876 12.000000
876 877 12.000000
877 878 12.000000
878 879 12.000000
1069 10892 12.000000
1307 1329 12.000000
1452 1453 12.000000
1526 1548 12.000000
163 164 11.000000
164 165 11.000000
165 166 11.000000
166 167 11.000000
1047 10805 11.000000
1126 1127 11.000000
1179 1201 11.000000
1183 1184 11.000000
1197 1219 11.000000
1224 1246 11.000000
1529 1530 11.000000
133 134 10.000000
134 135 10.000000
185 186 10.000000
186 187 10.000000
187 188 10.000000
188 189 10.000000
326 348 10.000000
627 649 10.000000
682 703 10.000000
700 701 10.000000
701 702 10.000000
702 703 10.000000
770 792 10.000000
814 836 10.000000
1088 10921 10.000000
1272 1294 10.000000
2 3 9.000000
74 96 9.000000
184 206 9.000000
385 407 9.000000
519 541 9.000000
753 775 9.000000
1041 10671 9.000000
1386 1387 9.000000
98 99 8.000000
100 101 8.000000
101 123 8.000000
123 145 8.000000
177 178 8.000000
183 205 8.000000
282 304 8.000000
594 595 8.000000
594 615 8.000000
609 610 8.000000
610 611 8.000000
611 612 8.000000
612 613 8.000000
613 614 8.000000
614 615 8.000000
639 640 8.000000
640 641 8.000000
641 642 8.000000
642 643 8.000000
643 644 8.000000
644 645 8.000000
645 646 8.000000
646 647 8.000000
1158 1180 8.000000
1180 1202 8.000000
1236 1258 8.000000
1322 1323 8.000000
1323 1345 8.000000
1354 1376 8.000000
1542 1564 8.000000
3 4 7.000000
119 120 7.000000
250 251 7.000000
251 252 7.000000
252 253 7.000000
253 254 7.000000
254 255 7.000000
255 256 7.000000
256 257 7.000000
257 258 7.000000
258 259 7.000000
259 260 7.000000
616 617 7.000000
616 637 7.000000
634 635 7.000000
635 636 7.000000
636 637 7.000000
639 661 7.000000
867 889 7.000000
1040 10437 7.000000
1040 10545 7.000000
1040 10647 7.000000
1040 10710 7.000000
1062 10636 7.000000
1193 1215 7.000000
1352 1374 7.000000
1452 1473 7.000000
1469 1470 7.000000
1470 1471 7.000000
1471 1472 7.000000
1472 1473 7.000000
203 225 6.000000
399 421 6.000000
421 443 6.000000
434 456 6.000000
617 639 6.000000
946 967 6.000000
962 963 6.000000
963 964 6.000000
964 965 6.000000
965 966 6.000000
966 967 6.000000
1154 1176 6.000000
1268 1290 6.000000
1316 1338 6.000000
177 199 5.000000
787 809 5.000000
1061 10945 5.000000
1062 10771 5.000000
1191 1213 5.000000
1322 1344 5.000000
1350 1372 5.000000
1399 1421 5.000000
1416 1438 5.000000
401 423 4.000000
465 487 4.000000
506 528 4.000000
550 572 4.000000
784 806 4.000000
843 865 4.000000
916 938 4.000000
930 952 4.000000
1018 1040 4.000000
1018 10285 4.000000
1061 10773 4.000000
1061 10854 4.000000
1061 10884 4.000000
1095 1117 4.000000
1159 1160 4.000000
1160 1161 4.000000
1161 1162 4.000000
1162 1184 4.000000
1294 1316 4.000000
1329 1351 4.000000
303 304 3.000000
303 325 3.000000
308 330 3.000000
363 385 3.000000
653 654 3.000000
654 655 3.000000
655 656 3.000000
696 697 3.000000
697 698 3.000000
698 699 3.000000
699 700 3.000000
749 771 3.000000
763 785 3.000000
785 807 3.000000
974 996 3.000000
1039 10630 3.000000
1039 10655 3.000000
1073 1095 3.000000
1153 1175 3.000000
1254 1276 3.000000
11 1573 2.000000
111 112 2.000000
111 133 2.000000
112 113 2.000000
294 316 2.000000
330 352 2.000000
386 408 2.000000
590 612 2.000000
612 634 2.000000
652 653 2.000000
726 727 2.000000
726 747 2.000000
727 749 2.000000
743 744 2.000000
744 745 2.000000
745 746 2.000000
746 747 2.000000
786 808 2.000000
830 852 2.000000
858 880 2.000000
859 860 2.000000
860 861 2.000000
861 862 2.000000
862 863 2.000000
863 864 2.000000
864 865 2.000000
902 924 2.000000
924 945 2.000000
932 954 2.000000
940 941 2.000000
941 942 2.000000
942 943 2.000000
943 944 2.000000
944 945 2.000000
1018 10226 2.000000
1039 10537 2.000000
1070 1071 2.000000
1071 1072 2.000000
1072 1073 2.000000
1210 1232 2.000000
1269 1291 2.000000
1299 1321 2.000000
1369 1391 2.000000
1371 1393 2.000000
1372 1394 2.000000
1391 1413 2.000000
1543 1565 2.000000
1 2 1.000000
1 1563 1.000000
154 155 1.000000
154 175 1.000000
167 168 1.000000
168 169 1.000000
169 170 1.000000
170 171 1.000000
171 172 1.000000
172 173 1.000000
173 174 1.000000
174 175 1.000000
189 190 1.000000
190 191 1.000000
191 192 1.000000
192 193 1.000000
193 194 1.000000
194 216 1.000000
216 238 1.000000
229 230 1.000000
230 231 1.000000
231 232 1.000000
232 233 1.000000
233 234 1.000000
234 235 1.000000
235 236 1.000000
236 237 1.000000
237 238 1.000000
617 618 1.000000
618 619 1.000000
619 620 1.000000
620 621 1.000000
621 622 1.000000
622 623 1.000000
623 624 1.000000
624 625 1.000000
625 626 1.000000
638 639 1.000000
638 659 1.000000
656 657 1.000000
657 658 1.000000
658 659 1.000000
764 786 1.000000
960 982 1.000000
1026 1027 1.000000
1027 1028 1.000000
1028 1029 1.000000
1029 1051 1.000000
1051 1073 1.000000
1061 1083 1.000000
1083 10978 1.000000
1091 1092 1.000000
1092 1093 1.000000
1093 1094 1.000000
1094 1095 1.000000
1134 1156 1.000000
1239 1261 1.000000
1261 1283 1.000000
1412 1434 1.000000
1434 1456 1.000000
1501 1523 1.000000
1518 1539 1.000000
1530 1531 1.000000
1531 1532 1.000000
1532 1533 1.000000
1533 1534 1.000000
1534 1535 1.000000
1535 1536 1.000000
1536 1537 1.000000
1537 1538 1.000000
1538 1539 1.000000
1541 1563 1.000000
