405 406 17234.000000
406 407 17234.000000
407 408 17234.000000
408 409 17158.000000
1333 1334 14153.000000
404 405 13630.000000
1201 1202 12185.000000
8 9 11932.000000
7 8 11762.000000
1398 1399 11137.000000
1420 1421 11137.000000
6 7 10973.000000
427 428 10289.000000
428 429 10289.000000
429 430 10289.000000
1245 1246 9817.000000
1421 1422 9696.000000
1419 1420 9681.000000
409 410 9676.000000
1200 1201 9491.000000
228 229 9265.000000
10 11 9183.000000
1334 1335 8999.000000
1246 1247 8838.000000
11 12 8776.000000
1377 1378 8758.000000
1376 1377 8622.000000
426 427 8584.000000
383 384 8509.000000
384 385 8509.000000
385 386 8509.000000
386 387 8509.000000
1418 1419 8280.000000
1442 1443 8237.000000
1375 1376 8214.000000
1332 1333 8109.000000
1043 1044 8046.000000
1044 1045 8046.000000
1202 1203 8037.000000
1179 1180 7910.000000
410 411 7827.000000
1415 1416 7488.000000
1157 1158 7456.000000
1158 1159 7434.000000
1374 1375 7245.000000
362 363 7214.000000
363 364 7214.000000
364 365 7214.000000
1397 1398 7210.000000
1417 1418 7200.000000
365 366 7199.000000
1413 1414 7182.000000
1414 1415 7182.000000
271 272 7165.000000
1244 1245 7161.000000
1199 1200 6976.000000
1440 1441 6940.000000
1441 1442 6937.000000
1355 1356 6930.000000
1416 1417 6849.000000
30 31 6797.000000
1112 1113 6784.000000
1222 1223 6670.000000
382 383 6644.000000
1109 1110 6381.000000
1110 1111 6381.000000
315 316 6322.000000
361 362 6311.000000
272 273 6288.000000
1396 1397 6275.000000
1439 1440 6263.000000
449 450 6234.000000
450 451 6234.000000
451 452 6234.000000
1460 1461 6210.000000
1243 1244 6203.000000
1464 1465 6110.000000
1399 1400 6108.000000
1457 1458 6069.000000
1459 1460 6044.000000
1331 1332 5957.000000
1395 1396 5947.000000
1223 1224 5897.000000
1178 1179 5864.000000
1394 1395 5791.000000
1463 1464 5651.000000
1042 1043 5593.000000
1458 1459 5581.000000
584 585 5526.000000
1111 1112 5526.000000
1113 1114 5479.000000
1177 1178 5479.000000
492 493 5469.000000
493 494 5469.000000
494 495 5469.000000
495 496 5469.000000
293 294 5415.000000
1022 1023 5303.000000
1023 1024 5303.000000
1568 1569 5275.000000
453 454 5274.000000
1065 1066 5263.000000
1066 1067 5263.000000
1067 1068 5263.000000
140 141 5108.000000
496 497 5084.000000
452 453 5076.000000
430 431 5059.000000
1267 1268 5057.000000
1021 1022 4995.000000
1462 1463 4978.000000
1354 1355 4930.000000
1045 1046 4904.000000
425 426 4901.000000
1221 1222 4898.000000
387 388 4884.000000
1266 1267 4874.000000
1435 1436 4864.000000
1412 1413 4853.000000
1247 1248 4844.000000
1041 1042 4823.000000
360 361 4807.000000
1569 1570 4795.000000
1393 1394 4750.000000
431 432 4709.000000
1391 1392 4707.000000
1392 1393 4707.000000
1156 1157 4678.000000
1456 1457 4652.000000
1436 1437 4542.000000
448 449 4523.000000
1438 1439 4522.000000
1437 1438 4458.000000
1461 1462 4456.000000
1330 1331 4450.000000
1108 1109 4295.000000
359 360 4277.000000
518 519 4235.000000
381 382 4233.000000
497 498 4222.000000
139 140 4198.000000
1353 1354 4126.000000
96 97 4040.000000
1069 1070 3967.000000
1180 1181 3953.000000
1216 1217 3902.000000
1217 1218 3902.000000
1218 1219 3902.000000
1219 1220 3902.000000
1087 1088 3890.000000
1088 1089 3890.000000
454 455 3879.000000
1508 1509 3868.000000
1334 1356 3863.000000
411 412 3747.000000
249 250 3725.000000
1524 1525 3688.000000
1000 1001 3684.000000
1001 1002 3684.000000
337 338 3661.000000
1265 1266 3650.000000
292 293 3641.000000
116 117 3602.000000
1264 1265 3567.000000
1485 1486 3542.000000
455 456 3517.000000
1068 1069 3516.000000
53 54 3510.000000
1525 1526 3501.000000
978 979 3459.000000
979 980 3459.000000
1484 1485 3423.000000
1090 1091 3412.000000
1434 1435 3398.000000
1020 1021 3387.000000
1352 1353 3381.000000
1481 1482 3377.000000
1064 1065 3350.000000
1086 1087 3337.000000
74 75 3331.000000
519 520 3315.000000
316 338 3312.000000
1268 1269 3299.000000
1203 1204 3234.000000
1526 1527 3233.000000
1483 1484 3226.000000
227 228 3202.000000
316 317 3189.000000
1046 1047 3182.000000
388 389 3176.000000
1480 1481 3174.000000
976 977 3129.000000
160 161 3107.000000
1289 1290 3090.000000
10 10668 3087.000000
1114 1115 3053.000000
159 160 3052.000000
403 404 3038.000000
115 116 3034.000000
1025 1026 3025.000000
1115 1137 3025.000000
1288 1289 3018.000000
1506 1507 2969.000000
1486 1487 2961.000000
1335 1336 2956.000000
1507 1508 2904.000000
980 981 2899.000000
95 96 2886.000000
828 829 2848.000000
294 295 2846.000000
498 499 2846.000000
1570 1571 2844.000000
1085 1086 2810.000000
977 978 2806.000000
229 230 2789.000000
141 142 2779.000000
1159 1160 2772.000000
520 521 2731.000000
1482 1483 2728.000000
52 53 2712.000000
1024 1025 2703.000000
1390 1391 2701.000000
1173 1174 2699.000000
1174 1175 2699.000000
1175 1176 2699.000000
1571 1572 2698.000000
117 118 2638.000000
1107 1108 2627.000000
1290 1291 2600.000000
1269 1270 2560.000000
1204 1205 2502.000000
1134 1135 2499.000000
424 425 2483.000000
366 367 2481.000000
54 55 2470.000000
1308 1309 2467.000000
402 403 2454.000000
468 469 2453.000000
1220 1221 2451.000000
1239 1240 2424.000000
1240 1241 2424.000000
1241 1242 2424.000000
71 72 2401.000000
412 413 2398.000000
1528 1529 2391.000000
1225 1226 2388.000000
138 139 2380.000000
314 315 2377.000000
1260 1261 2375.000000
1261 1262 2375.000000
1262 1263 2375.000000
1089 1090 2366.000000
1263 1264 2359.000000
1529 1530 2359.000000
72 73 2348.000000
73 74 2339.000000
205 206 2314.000000
872 873 2303.000000
432 433 2300.000000
1527 1528 2299.000000
359 381 2298.000000
1248 1249 2295.000000
825 826 2282.000000
826 827 2282.000000
827 828 2282.000000
206 207 2264.000000
447 448 2264.000000
1176 1177 2260.000000
1572 1573 2226.000000
183 184 2202.000000
1135 1136 2192.000000
161 162 2183.000000
1373 1374 2170.000000
182 183 2155.000000
225 226 2152.000000
1505 1506 2122.000000
851 852 2119.000000
338 339 2114.000000
1311 1312 2114.000000
470 471 2076.000000
471 472 2076.000000
472 473 2076.000000
473 474 2076.000000
250 251 2071.000000
94 95 2042.000000
1133 1134 2039.000000
1309 1310 2028.000000
499 500 2021.000000
1287 1288 2016.000000
1378 1379 2012.000000
1350 1351 2009.000000
1347 1348 2002.000000
1348 1349 2002.000000
1349 1350 2002.000000
1224 1225 1994.000000
807 808 1993.000000
469 470 1991.000000
118 119 1988.000000
894 895 1987.000000
850 851 1963.000000
226 227 1944.000000
585 607 1943.000000
12 13 1937.000000
1130 1131 1935.000000
1131 1132 1935.000000
1132 1133 1935.000000
1136 1137 1929.000000
1047 1048 1920.000000
446 447 1907.000000
467 468 1906.000000
75 76 1898.000000
1351 1352 1894.000000
413 414 1886.000000
202 203 1882.000000
1378 1400 1882.000000
1195 1196 1851.000000
1196 1197 1851.000000
1197 1198 1851.000000
203 204 1824.000000
204 205 1824.000000
956 957 1823.000000
957 958 1823.000000
1198 1199 1798.000000
1465 1466 1798.000000
32 33 1795.000000
246 247 1792.000000
247 248 1792.000000
1500 1501 1767.000000
1501 1502 1767.000000
1238 1239 1760.000000
804 805 1758.000000
805 806 1758.000000
248 249 1753.000000
1091 1092 1748.000000
998 999 1746.000000
224 225 1728.000000
51 52 1721.000000
806 807 1710.000000
273 295 1705.000000
1369 1370 1702.000000
1370 1371 1702.000000
97 98 1700.000000
1371 1372 1698.000000
433 434 1695.000000
181 182 1672.000000
1002 10152 1669.000000
934 935 1666.000000
935 936 1666.000000
1242 1243 1664.000000
31 32 1653.000000
540 541 1647.000000
1002 1003 1634.000000
955 956 1623.000000
390 391 1597.000000
1346 1347 1595.000000
1003 1004 1592.000000
137 138 1584.000000
1503 1504 1579.000000
389 390 1573.000000
158 159 1565.000000
1400 1401 1565.000000
475 476 1555.000000
1504 1505 1555.000000
936 937 1554.000000
76 77 1548.000000
896 897 1547.000000
180 181 1544.000000
562 563 1535.000000
28 29 1529.000000
162 163 1527.000000
938 939 1521.000000
1310 1311 1517.000000
490 491 1503.000000
272 294 1487.000000
1026 1027 1472.000000
391 392 1459.000000
1155 1156 1459.000000
184 185 1455.000000
982 983 1455.000000
1063 1064 1450.000000
1356 1357 1434.000000
868 869 1432.000000
869 870 1432.000000
870 871 1432.000000
960 961 1416.000000
1547 1548 1412.000000
245 246 1399.000000
229 251 1395.000000
336 337 1395.000000
500 501 1392.000000
541 542 1392.000000
1002 10025 1390.000000
871 872 1387.000000
981 982 1381.000000
1548 1549 1380.000000
474 475 1375.000000
1307 1308 1372.000000
891 892 1361.000000
892 893 1361.000000
1152 1153 1361.000000
1153 1154 1361.000000
1154 1155 1361.000000
1172 1173 1359.000000
852 853 1346.000000
380 381 1344.000000
457 458 1336.000000
1004 1005 1326.000000
478 479 1314.000000
959 960 1299.000000
1478 1479 1299.000000
1479 1480 1299.000000
1368 1369 1297.000000
895 896 1294.000000
1372 1373 1292.000000
1158 1180 1288.000000
476 477 1274.000000
140 162 1271.000000
456 457 1263.000000
10 10416 1250.000000
452 474 1247.000000
961 962 1243.000000
829 830 1242.000000
163 164 1240.000000
268 269 1228.000000
269 270 1228.000000
1194 1195 1226.000000
1455 1456 1222.000000
29 30 1209.000000
423 424 1192.000000
1226 1227 1174.000000
933 934 1171.000000
1202 1224 1169.000000
338 360 1154.000000
1312 1313 1153.000000
489 490 1144.000000
93 94 1142.000000
183 205 1135.000000
937 938 1135.000000
1070 1071 1134.000000
939 940 1126.000000
563 564 1123.000000
1573 1574 1113.000000
267 268 1109.000000
760 761 1098.000000
761 762 1098.000000
762 763 1098.000000
1025 10280 1094.000000
501 502 1092.000000
893 894 1087.000000
847 848 1081.000000
848 849 1081.000000
273 274 1072.000000
358 359 1072.000000
1499 1500 1055.000000
1303 1304 1052.000000
1304 1305 1052.000000
1305 1306 1052.000000
1306 1307 1052.000000
367 389 1048.000000
50 51 1046.000000
849 850 1046.000000
867 868 1035.000000
55 56 1028.000000
912 913 1028.000000
913 914 1028.000000
914 915 1028.000000
317 318 1022.000000
119 120 1017.000000
1282 1283 1008.000000
1283 1284 1008.000000
763 764 1007.000000
1291 1292 1003.000000
270 271 999.000000
414 415 999.000000
1284 1285 999.000000
1003 10138 986.000000
411 433 978.000000
916 917 969.000000
911 912 963.000000
1151 1152 952.000000
479 480 946.000000
853 854 945.000000
915 916 943.000000
1159 1181 939.000000
434 435 936.000000
958 959 935.000000
497 519 929.000000
1502 1503 925.000000
808 809 918.000000
491 492 917.000000
607 608 914.000000
542 543 911.000000
824 825 911.000000
1477 1478 909.000000
315 337 908.000000
337 359 897.000000
1551 1552 896.000000
873 874 892.000000
477 478 873.000000
360 382 871.000000
445 446 866.000000
1549 1550 862.000000
1550 1551 862.000000
409 431 846.000000
1411 1412 845.000000
521 522 830.000000
142 143 829.000000
1204 1226 815.000000
954 955 814.000000
1129 1130 813.000000
1205 1227 813.000000
1020 10341 812.000000
1552 1553 809.000000
1433 1434 805.000000
544 545 799.000000
1502 1524 787.000000
564 565 785.000000
587 588 781.000000
890 891 776.000000
33 34 772.000000
366 388 772.000000
1302 1303 771.000000
830 831 755.000000
983 984 754.000000
1313 1314 754.000000
380 402 745.000000
10 10459 738.000000
522 523 737.000000
940 941 734.000000
367 368 725.000000
368 369 717.000000
458 480 713.000000
917 918 713.000000
330 331 712.000000
330 351 712.000000
331 332 712.000000
332 333 712.000000
333 334 712.000000
334 335 712.000000
350 351 712.000000
764 765 712.000000
541 563 708.000000
412 434 706.000000
98 99 705.000000
543 544 704.000000
831 832 702.000000
846 847 701.000000
27 28 700.000000
1389 1390 696.000000
498 520 694.000000
185 186 692.000000
1379 1380 691.000000
410 432 687.000000
808 830 685.000000
286 287 677.000000
287 288 677.000000
512 513 677.000000
513 514 677.000000
514 515 677.000000
515 516 677.000000
516 517 677.000000
517 518 677.000000
1380 1381 677.000000
1381 1382 677.000000
1215 1216 670.000000
823 824 669.000000
207 208 665.000000
1249 1250 664.000000
1250 1251 664.000000
1247 1269 662.000000
1069 10694 660.000000
588 589 657.000000
185 207 649.000000
349 350 644.000000
352 353 641.000000
352 373 641.000000
353 354 641.000000
354 355 641.000000
355 356 641.000000
356 357 641.000000
357 358 641.000000
372 373 641.000000
264 285 636.000000
284 285 636.000000
286 307 635.000000
306 307 635.000000
1290 1312 635.000000
1401 1402 635.000000
1402 1403 635.000000
1403 1404 635.000000
1421 1443 633.000000
288 289 630.000000
786 787 629.000000
264 265 625.000000
265 266 625.000000
586 587 624.000000
1070 1092 624.000000
977 999 622.000000
1025 10270 620.000000
889 890 616.000000
1542 1543 613.000000
308 329 612.000000
328 329 612.000000
910 911 610.000000
10 10953 603.000000
440 441 601.000000
440 461 601.000000
441 442 601.000000
442 443 601.000000
443 444 601.000000
444 445 601.000000
459 460 601.000000
460 461 601.000000
1286 1287 598.000000
1358 1359 598.000000
1359 1360 598.000000
1336 1337 593.000000
1337 1338 593.000000
1338 1339 593.000000
1543 1544 592.000000
1383 1384 591.000000
545 546 590.000000
845 846 588.000000
565 566 587.000000
1345 1346 582.000000
305 306 569.000000
1544 1545 567.000000
308 309 564.000000
309 310 564.000000
310 311 564.000000
311 312 564.000000
312 313 564.000000
313 314 564.000000
289 290 560.000000
290 291 560.000000
291 292 560.000000
1207 1208 558.000000
418 419 556.000000
418 439 556.000000
419 420 556.000000
420 421 556.000000
421 422 556.000000
422 423 556.000000
437 438 556.000000
438 439 556.000000
201 202 553.000000
874 875 550.000000
1357 1358 549.000000
1545 1546 548.000000
1292 1293 541.000000
1285 1307 538.000000
828 850 537.000000
249 271 535.000000
1227 1228 529.000000
455 477 525.000000
266 267 520.000000
369 370 520.000000
370 371 520.000000
1546 1547 520.000000
1465 1487 515.000000
1205 1206 509.000000
1206 1207 509.000000
1003 10171 502.000000
445 467 497.000000
717 718 497.000000
718 719 497.000000
1390 1412 497.000000
458 459 495.000000
932 933 495.000000
435 436 492.000000
1458 1480 488.000000
335 336 487.000000
1043 10628 485.000000
765 766 480.000000
1025 1047 478.000000
1285 1286 477.000000
608 609 476.000000
609 610 476.000000
499 521 473.000000
566 567 464.000000
294 316 457.000000
534 535 452.000000
535 536 452.000000
536 537 452.000000
537 538 452.000000
538 539 452.000000
539 540 452.000000
1377 1399 452.000000
1237 1238 445.000000
10 10344 433.000000
227 249 432.000000
157 158 431.000000
1329 1330 431.000000
897 898 429.000000
1046 10745 429.000000
382 404 428.000000
787 788 428.000000
1281 1282 428.000000
1003 10429 427.000000
251 273 425.000000
295 317 425.000000
1002 10225 422.000000
1530 1531 421.000000
165 166 409.000000
166 167 409.000000
167 168 409.000000
401 402 408.000000
1367 1368 406.000000
424 446 401.000000
158 180 399.000000
1364 1365 399.000000
1364 1385 399.000000
1365 1366 399.000000
1366 1367 399.000000
1384 1385 399.000000
396 397 395.000000
396 417 395.000000
397 398 395.000000
398 399 395.000000
399 400 395.000000
400 401 395.000000
415 416 395.000000
416 417 395.000000
1025 10565 393.000000
1404 1405 384.000000
1041 10480 379.000000
1048 1049 379.000000
271 293 377.000000
223 224 368.000000
446 468 361.000000
1042 10710 360.000000
1400 1422 357.000000
162 184 356.000000
1128 1129 355.000000
506 507 353.000000
507 508 353.000000
508 509 353.000000
509 510 353.000000
1047 10587 352.000000
1002 10167 351.000000
777 778 350.000000
778 779 350.000000
511 512 345.000000
506 527 343.000000
524 525 343.000000
525 526 343.000000
526 527 343.000000
139 161 337.000000
1382 1383 336.000000
318 319 335.000000
319 320 335.000000
320 321 335.000000
321 322 335.000000
1434 1456 332.000000
1002 10842 331.000000
1020 10978 331.000000
1041 10549 331.000000
1020 10543 325.000000
49 50 321.000000
1422 1423 321.000000
1041 10422 319.000000
1041 10773 319.000000
1048 10928 319.000000
766 788 318.000000
456 478 317.000000
322 323 311.000000
649 650 311.000000
1085 1107 311.000000
1047 10670 309.000000
1064 10741 309.000000
809 810 308.000000
1022 10628 308.000000
585 586 302.000000
1002 10055 301.000000
1005 10569 301.000000
1021 10297 301.000000
1270 1271 300.000000
785 786 297.000000
454 476 294.000000
1024 1046 293.000000
205 227 291.000000
803 804 291.000000
533 534 290.000000
186 187 288.000000
1020 10537 288.000000
1064 10757 286.000000
374 375 285.000000
374 395 285.000000
375 376 285.000000
376 377 285.000000
377 378 285.000000
378 379 285.000000
379 380 285.000000
393 394 285.000000
394 395 285.000000
1020 10579 285.000000
1020 10588 285.000000
1113 1135 285.000000
1509 1510 285.000000
250 272 282.000000
1003 10777 281.000000
30 52 280.000000
323 324 279.000000
324 325 279.000000
325 326 279.000000
326 327 279.000000
1046 10902 276.000000
1046 10921 276.000000
1046 10951 276.000000
1047 10760 275.000000
327 349 273.000000
1423 1424 273.000000
1424 1425 273.000000
1425 1426 273.000000
1426 1427 273.000000
1002 10575 271.000000
1271 1272 271.000000
1272 1273 271.000000
270 292 270.000000
496 518 270.000000
1085 10962 269.000000
719 741 266.000000
1020 10353 265.000000
1027 10732 265.000000
1041 10507 265.000000
1041 10854 265.000000
1041 10945 265.000000
1021 10791 262.000000
1043 10684 262.000000
1002 10788 261.000000
10 10815 260.000000
462 463 260.000000
462 483 260.000000
463 464 260.000000
464 465 260.000000
465 466 260.000000
466 467 260.000000
480 481 260.000000
481 482 260.000000
482 483 260.000000
1020 10572 260.000000
1068 10946 259.000000
1391 1413 259.000000
1025 10399 258.000000
1183 1184 256.000000
476 498 254.000000
1325 1326 254.000000
1326 1327 254.000000
1327 1328 254.000000
1002 10250 252.000000
1002 10268 252.000000
1228 1229 251.000000
810 811 250.000000
1046 10969 248.000000
1546 1568 247.000000
1527 1549 244.000000
523 524 242.000000
1002 10179 242.000000
1002 10664 242.000000
1002 10718 242.000000
1002 10965 242.000000
1024 10386 242.000000
545 567 241.000000
1043 10671 240.000000
1046 10946 240.000000
1046 10949 240.000000
1090 10955 240.000000
226 248 238.000000
765 787 236.000000
1063 10648 236.000000
1042 10636 232.000000
719 720 231.000000
1046 10476 231.000000
1046 10848 231.000000
1328 1329 231.000000
872 894 229.000000
1002 10568 229.000000
1063 10768 229.000000
1324 1325 229.000000
1043 10551 228.000000
115 137 227.000000
1259 1260 227.000000
1481 1503 227.000000
1291 1313 226.000000
1002 10450 225.000000
1002 10505 225.000000
1002 10506 225.000000
1002 10783 225.000000
918 919 224.000000
1043 10706 223.000000
1351 1373 223.000000
339 340 222.000000
340 341 222.000000
341 342 222.000000
342 343 222.000000
343 344 222.000000
432 454 222.000000
715 716 222.000000
1027 10631 222.000000
1042 10547 222.000000
1200 1222 222.000000
1021 10479 221.000000
1386 1387 221.000000
1386 1407 221.000000
1387 1388 221.000000
1405 1406 221.000000
1406 1407 221.000000
120 121 220.000000
392 393 220.000000
1002 10028 220.000000
520 542 219.000000
738 739 219.000000
739 740 219.000000
740 741 219.000000
10 10661 218.000000
1021 10440 218.000000
10 10417 217.000000
628 629 217.000000
764 786 217.000000
1025 10539 217.000000
74 96 216.000000
137 159 216.000000
773 774 216.000000
774 775 216.000000
775 776 216.000000
776 777 216.000000
627 628 214.000000
1021 10210 213.000000
1005 10128 212.000000
1070 10744 212.000000
1248 1270 212.000000
1025 10703 211.000000
1251 1273 211.000000
468 490 210.000000
1432 1433 210.000000
759 760 208.000000
1002 10407 206.000000
369 391 201.000000
434 456 201.000000
1112 1134 201.000000
1181 1182 200.000000
1182 1183 200.000000
327 328 198.000000
1020 10547 198.000000
12 1574 197.000000
1025 10624 197.000000
1043 10538 197.000000
1043 10897 197.000000
1048 10805 197.000000
1025 10357 196.000000
1160 1161 196.000000
1005 10145 195.000000
821 822 194.000000
822 823 194.000000
1026 10395 194.000000
1043 11000 193.000000
1520 1521 193.000000
1521 1522 193.000000
1522 1523 193.000000
1002 10484 192.000000
1026 1048 192.000000
1021 10284 191.000000
1026 10817 190.000000
1026 10861 190.000000
1070 10781 190.000000
164 165 189.000000
1003 10738 189.000000
1114 1136 188.000000
1065 10683 187.000000
1024 10640 186.000000
1046 10664 186.000000
1046 10718 186.000000
1046 10965 186.000000
1222 1244 186.000000
344 345 185.000000
679 701 185.000000
866 867 185.000000
1025 10726 185.000000
1065 10919 185.000000
1523 1524 185.000000
53 75 184.000000
1002 10775 184.000000
1043 10525 184.000000
1043 10792 184.000000
1021 10289 183.000000
1047 10839 183.000000
1335 1357 183.000000
228 250 182.000000
852 874 182.000000
1005 10658 182.000000
1005 10975 182.000000
1021 10482 182.000000
1046 10568 182.000000
1356 1378 182.000000
1026 10445 181.000000
1026 10604 181.000000
1041 10570 181.000000
1046 10788 181.000000
1047 10719 180.000000
792 813 179.000000
811 812 179.000000
812 813 179.000000
1025 10816 179.000000
1068 1090 179.000000
484 485 178.000000
484 505 178.000000
485 486 178.000000
486 487 178.000000
487 488 178.000000
488 489 178.000000
502 503 178.000000
503 504 178.000000
504 505 178.000000
1021 10425 178.000000
1025 10704 178.000000
1161 1162 177.000000
1162 1163 177.000000
1443 1444 175.000000
792 793 174.000000
793 794 174.000000
206 228 173.000000
1042 10771 173.000000
143 144 172.000000
144 145 172.000000
145 146 172.000000
146 147 172.000000
467 489 172.000000
1003 10679 172.000000
1310 1332 172.000000
1026 10670 171.000000
345 346 170.000000
346 347 170.000000
347 348 170.000000
348 349 170.000000
1003 10825 170.000000
1068 10842 170.000000
73 95 169.000000
478 500 169.000000
1043 10833 169.000000
1091 10922 169.000000
766 767 168.000000
1156 1178 168.000000
1021 10326 167.000000
1042 10807 166.000000
1293 1294 166.000000
1294 1295 166.000000
1025 10331 164.000000
1199 1221 162.000000
1020 10611 161.000000
1042 10814 161.000000
358 380 160.000000
1042 10437 160.000000
1070 10935 158.000000
423 445 157.000000
293 315 156.000000
802 803 156.000000
1003 10645 156.000000
1005 10916 156.000000
1041 10688 156.000000
52 74 155.000000
1005 10631 155.000000
436 437 154.000000
425 447 152.000000
295 296 151.000000
780 781 151.000000
1003 10670 151.000000
1025 10745 150.000000
1041 10548 150.000000
1041 10962 150.000000
1091 10935 149.000000
962 963 148.000000
1430 1431 147.000000
1430 1451 147.000000
1431 1432 147.000000
1449 1450 147.000000
1450 1451 147.000000
29 51 145.000000
502 524 145.000000
1003 10810 145.000000
1005 10732 145.000000
1027 10805 145.000000
1026 10457 144.000000
1003 10206 142.000000
1048 10892 142.000000
51 73 140.000000
1041 10884 140.000000
1437 1459 139.000000
1003 10760 138.000000
1025 10890 138.000000
1046 10624 138.000000
1069 10890 137.000000
1548 1570 135.000000
1003 10704 133.000000
720 721 132.000000
721 722 132.000000
722 723 132.000000
716 717 131.000000
1004 10765 131.000000
1004 10888 131.000000
1003 10233 129.000000
477 499 128.000000
1068 10726 126.000000
1201 1223 126.000000
1444 1445 126.000000
1445 1446 126.000000
1446 1447 126.000000
1447 1448 126.000000
1448 1449 126.000000
1172 1194 125.000000
1292 1314 125.000000
937 959 123.000000
1002 10624 123.000000
28 50 122.000000
251 252 121.000000
433 455 121.000000
1041 10655 121.000000
1020 1042 120.000000
1027 10916 120.000000
1091 1113 120.000000
1070 10933 119.000000
283 305 118.000000
1047 10933 118.000000
161 183 117.000000
1069 10933 117.000000
1461 1483 117.000000
1047 10890 116.000000
751 752 115.000000
752 753 115.000000
753 754 115.000000
754 755 115.000000
755 756 115.000000
756 757 115.000000
757 758 115.000000
1003 10104 115.000000
1090 10903 115.000000
1249 1271 115.000000
936 958 114.000000
1049 10569 113.000000
381 403 112.000000
1071 10758 112.000000
1115 1116 112.000000
116 138 111.000000
1025 10298 111.000000
296 297 110.000000
297 298 110.000000
298 299 110.000000
299 300 110.000000
300 301 110.000000
301 302 110.000000
302 303 110.000000
303 304 110.000000
304 305 110.000000
795 796 110.000000
796 797 110.000000
797 798 110.000000
798 799 110.000000
1069 10719 108.000000
350 372 107.000000
1226 1248 107.000000
389 411 105.000000
893 915 105.000000
371 372 104.000000
720 742 104.000000
897 919 104.000000
480 502 103.000000
567 589 103.000000
741 742 103.000000
799 800 103.000000
800 801 103.000000
959 981 103.000000
1313 1335 103.000000
1003 10522 102.000000
997 998 101.000000
1019 1020 101.000000
1090 10951 101.000000
186 208 100.000000
763 785 100.000000
823 845 100.000000
1069 10738 100.000000
1090 10902 100.000000
1090 10921 100.000000
1460 1482 100.000000
1027 1028 99.000000
1046 10505 99.000000
1046 10506 99.000000
1046 10783 99.000000
136 137 98.000000
437 459 97.000000
737 738 97.000000
779 780 97.000000
1042 10647 97.000000
70 71 96.000000
1025 10299 96.000000
1339 1340 96.000000
635 657 95.000000
657 679 95.000000
1069 10725 95.000000
1498 1499 94.000000
673 674 93.000000
674 675 93.000000
675 676 93.000000
836 837 93.000000
836 857 93.000000
837 838 93.000000
854 855 93.000000
855 856 93.000000
856 857 93.000000
1070 10859 93.000000
1183 1205 93.000000
27 49 92.000000
1254 1255 92.000000
1254 1275 92.000000
1255 1256 92.000000
1256 1257 92.000000
1257 1258 92.000000
1273 1274 92.000000
1274 1275 92.000000
1026 10933 91.000000
1188 1189 91.000000
1188 1209 91.000000
1189 1190 91.000000
1190 1191 91.000000
1191 1192 91.000000
1192 1193 91.000000
1208 1209 91.000000
676 677 90.000000
677 678 90.000000
678 679 90.000000
810 832 90.000000
1086 1108 90.000000
1320 1321 90.000000
1320 1341 90.000000
1321 1322 90.000000
1322 1323 90.000000
1340 1341 90.000000
430 452 89.000000
1069 10839 89.000000
510 511 88.000000
544 566 88.000000
1046 10484 88.000000
843 844 87.000000
1155 1177 87.000000
606 607 86.000000
1027 10365 86.000000
1193 1194 86.000000
344 366 85.000000
1025 10587 85.000000
1332 1354 85.000000
283 284 84.000000
414 436 84.000000
794 795 84.000000
1003 10890 84.000000
1026 10765 84.000000
1026 10888 84.000000
1395 1417 84.000000
1046 10703 83.000000
1046 10816 83.000000
1070 10941 83.000000
118 140 82.000000
1417 1439 82.000000
100 10173 81.000000
597 598 81.000000
598 599 81.000000
599 600 81.000000
600 601 81.000000
601 602 81.000000
602 603 81.000000
603 604 81.000000
604 605 81.000000
633 634 81.000000
634 635 81.000000
915 937 81.000000
1025 10825 80.000000
1091 10941 80.000000
742 743 79.000000
770 771 79.000000
771 772 79.000000
895 917 79.000000
912 934 79.000000
1002 1024 79.000000
1046 10775 79.000000
1049 10658 79.000000
1086 10885 79.000000
5 6 78.000000
1046 10777 78.000000
1046 10810 78.000000
1116 1138 78.000000
1215 1237 78.000000
1003 10725 77.000000
1004 10079 77.000000
1090 10969 77.000000
1137 1138 77.000000
408 430 76.000000
743 744 75.000000
941 942 75.000000
1049 10975 75.000000
707 708 74.000000
708 709 74.000000
709 710 74.000000
710 711 74.000000
711 712 74.000000
712 713 74.000000
713 714 74.000000
770 791 74.000000
789 790 74.000000
790 791 74.000000
1243 1265 74.000000
519 541 73.000000
605 606 73.000000
1025 10522 73.000000
1025 10903 73.000000
1069 10825 72.000000
1266 1288 72.000000
1314 1336 72.000000
306 328 71.000000
758 759 71.000000
781 782 71.000000
782 783 71.000000
783 784 71.000000
784 785 71.000000
1002 10070 71.000000
1048 1070 71.000000
1420 1442 71.000000
788 789 70.000000
948 949 70.000000
949 950 70.000000
950 951 70.000000
951 952 70.000000
952 953 70.000000
1357 1379 70.000000
242 243 69.000000
243 244 69.000000
744 745 69.000000
851 873 69.000000
1046 10831 69.000000
1090 10946 69.000000
1090 10949 67.000000
383 405 66.000000
875 876 66.000000
956 978 66.000000
1090 1112 66.000000
1181 1203 66.000000
1070 10892 65.000000
12 34 64.000000
736 737 64.000000
1069 10841 64.000000
403 425 63.000000
528 549 63.000000
546 547 63.000000
547 548 63.000000
548 549 63.000000
1003 10903 63.000000
1025 10380 63.000000
1025 10777 63.000000
1025 10808 63.000000
1025 10810 63.000000
1025 10841 63.000000
1025 10877 63.000000
1180 1202 63.000000
1225 1247 63.000000
1398 1420 63.000000
522 544 62.000000
1216 1238 62.000000
1269 1291 62.000000
786 808 61.000000
1308 1330 61.000000
390 412 60.000000
524 546 60.000000
610 611 60.000000
1323 1324 60.000000
1484 1506 60.000000
748 769 59.000000
767 768 59.000000
768 769 59.000000
590 591 58.000000
1002 10299 58.000000
1002 10522 58.000000
1002 10903 58.000000
1069 1091 58.000000
838 839 57.000000
1024 10565 57.000000
748 749 56.000000
749 750 56.000000
750 751 56.000000
883 884 56.000000
884 885 56.000000
885 886 56.000000
886 887 56.000000
887 888 56.000000
1046 10603 56.000000
1046 10645 56.000000
1046 10725 56.000000
1046 10738 56.000000
1046 10808 56.000000
1046 10841 56.000000
1046 10877 56.000000
1069 10777 56.000000
1069 10810 56.000000
1289 1311 56.000000
1442 1464 56.000000
349 371 55.000000
387 409 55.000000
553 554 55.000000
607 629 55.000000
1020 10437 55.000000
1045 10842 55.000000
1232 1233 55.000000
1232 1253 55.000000
1233 1234 55.000000
1234 1235 55.000000
1235 1236 55.000000
1236 1237 55.000000
1252 1253 55.000000
1258 1259 55.000000
844 845 54.000000
1025 10268 54.000000
1025 10934 54.000000
262 284 53.000000
528 529 53.000000
529 530 53.000000
530 531 53.000000
550 551 53.000000
551 552 53.000000
552 553 53.000000
940 962 53.000000
1005 1006 53.000000
1006 10216 53.000000
1069 10745 53.000000
1198 1220 53.000000
4 5 52.000000
242 263 52.000000
262 263 52.000000
436 458 52.000000
806 828 52.000000
1002 10298 52.000000
1002 10726 52.000000
1483 1505 52.000000
401 423 51.000000
849 871 51.000000
1002 10934 51.000000
1025 10603 51.000000
1221 1243 51.000000
10 1572 50.000000
72 94 50.000000
531 532 50.000000
532 533 50.000000
809 831 50.000000
1137 1159 50.000000
1210 1211 50.000000
1210 1231 50.000000
1211 1212 50.000000
1212 1213 50.000000
1213 1214 50.000000
1214 1215 50.000000
1229 1230 50.000000
1230 1231 50.000000
1345 1367 50.000000
1376 1398 50.000000
244 245 49.000000
723 745 49.000000
1002 10539 49.000000
1122 1123 49.000000
1122 1143 49.000000
1123 1124 49.000000
1124 1125 49.000000
1125 1126 49.000000
1126 1127 49.000000
1127 1128 49.000000
1141 1142 49.000000
1142 1143 49.000000
286 308 48.000000
336 358 48.000000
1047 10679 48.000000
1063 10773 48.000000
1251 1252 48.000000
274 275 47.000000
275 276 47.000000
276 277 47.000000
277 278 47.000000
278 279 47.000000
279 280 47.000000
280 281 47.000000
281 282 47.000000
282 283 47.000000
345 367 47.000000
933 955 47.000000
939 961 47.000000
1093 1115 47.000000
1393 1415 47.000000
388 410 46.000000
726 727 46.000000
727 728 46.000000
1068 10848 46.000000
1068 10902 46.000000
1068 10921 46.000000
1068 10951 46.000000
1068 10969 46.000000
1314 1315 46.000000
1315 1316 46.000000
1316 1317 46.000000
1368 1390 46.000000
136 158 45.000000
392 414 45.000000
572 593 45.000000
591 592 45.000000
592 593 45.000000
682 683 45.000000
683 684 45.000000
1047 10825 45.000000
1063 10884 45.000000
1408 1409 45.000000
1408 1429 45.000000
1409 1410 45.000000
1427 1428 45.000000
1428 1429 45.000000
1525 1547 45.000000
726 747 44.000000
745 746 44.000000
746 747 44.000000
1003 1025 44.000000
1021 10338 44.000000
1065 10684 44.000000
1068 10703 44.000000
1068 10816 44.000000
1178 1200 44.000000
682 703 43.000000
701 702 43.000000
702 703 43.000000
729 730 43.000000
730 731 43.000000
731 732 43.000000
732 733 43.000000
733 734 43.000000
734 735 43.000000
735 736 43.000000
1021 10885 43.000000
1063 10655 43.000000
1064 10710 43.000000
1090 10934 43.000000
339 361 42.000000
816 817 42.000000
817 818 42.000000
818 819 42.000000
819 820 42.000000
820 821 42.000000
880 881 42.000000
880 901 42.000000
881 882 42.000000
882 883 42.000000
898 899 42.000000
899 900 42.000000
900 901 42.000000
248 270 41.000000
489 511 41.000000
867 889 41.000000
1041 1063 41.000000
1064 10771 41.000000
1065 10706 41.000000
1288 1310 41.000000
1480 1502 41.000000
1496 1497 41.000000
1496 1517 41.000000
1497 1498 41.000000
1510 1511 41.000000
1511 1512 41.000000
1512 1513 41.000000
1513 1514 41.000000
1514 1515 41.000000
1515 1516 41.000000
1516 1517 41.000000
32 54 40.000000
314 336 40.000000
402 424 40.000000
1020 10830 40.000000
1396 1418 40.000000
328 350 39.000000
523 545 39.000000
1024 10250 39.000000
1025 10725 39.000000
1071 1093 39.000000
1116 1117 39.000000
1117 1118 39.000000
1118 1119 39.000000
1119 1141 39.000000
1298 1299 39.000000
1298 1319 39.000000
1299 1300 39.000000
1300 1301 39.000000
1301 1302 39.000000
1317 1318 39.000000
1318 1319 39.000000
1369 1391 39.000000
550 571 38.000000
567 568 38.000000
568 569 38.000000
569 570 38.000000
570 571 38.000000
1002 10565 38.000000
1002 10831 38.000000
1024 10575 38.000000
1024 10842 38.000000
11 1573 37.000000
575 597 37.000000
814 815 37.000000
814 835 37.000000
815 816 37.000000
832 833 37.000000
833 834 37.000000
834 835 37.000000
916 938 37.000000
1003 10587 37.000000
1005 10072 37.000000
1049 10732 37.000000
1049 10916 37.000000
1063 1085 37.000000
1065 10671 37.000000
479 501 36.000000
861 883 36.000000
970 971 36.000000
971 972 36.000000
972 973 36.000000
973 974 36.000000
974 975 36.000000
1024 10568 36.000000
1024 10664 36.000000
1024 10718 36.000000
1024 10965 36.000000
1367 1389 36.000000
208 209 35.000000
209 210 35.000000
210 211 35.000000
211 212 35.000000
1024 10788 35.000000
1025 10645 35.000000
924 925 34.000000
924 945 34.000000
925 926 34.000000
942 943 34.000000
943 944 34.000000
944 945 34.000000
975 976 34.000000
1002 10361 34.000000
1021 10706 34.000000
1063 10978 34.000000
1186 1208 34.000000
1374 1396 34.000000
563 585 33.000000
728 729 33.000000
839 840 33.000000
840 841 33.000000
841 842 33.000000
842 843 33.000000
844 866 33.000000
1042 10425 33.000000
1046 10522 33.000000
1046 10539 33.000000
1046 10726 33.000000
1046 10903 33.000000
1046 10934 33.000000
1372 1394 33.000000
1410 1411 33.000000
1509 1531 33.000000
323 345 32.000000
1024 10831 32.000000
1047 1069 32.000000
1068 10808 32.000000
1068 10877 32.000000
1129 1151 32.000000
1138 1139 32.000000
1139 1140 32.000000
1140 1141 32.000000
1328 1350 32.000000
888 889 31.000000
953 954 31.000000
1021 10278 31.000000
1134 1156 31.000000
1244 1266 31.000000
1323 1345 31.000000
182 204 30.000000
204 226 30.000000
475 497 30.000000
500 522 30.000000
572 573 30.000000
573 574 30.000000
574 575 30.000000
577 578 30.000000
578 579 30.000000
579 580 30.000000
580 581 30.000000
581 582 30.000000
582 583 30.000000
583 584 30.000000
589 590 30.000000
875 897 30.000000
1021 10525 30.000000
1021 10538 30.000000
1021 10792 30.000000
1021 10897 30.000000
1024 10407 30.000000
1046 10565 30.000000
1068 10738 30.000000
1086 11000 30.000000
1245 1267 30.000000
179 180 29.000000
391 413 29.000000
1021 10264 29.000000
1021 10919 29.000000
1505 1527 29.000000
3 4 28.000000
77 78 28.000000
100 10566 28.000000
100 10591 28.000000
100 10963 28.000000
1173 1195 28.000000
31 53 27.000000
787 809 27.000000
830 852 27.000000
1042 10919 27.000000
1048 10604 27.000000
1048 10817 27.000000
1048 10861 27.000000
1071 10916 27.000000
1276 1277 27.000000
1276 1297 27.000000
1277 1278 27.000000
1278 1279 27.000000
1295 1296 27.000000
1296 1297 27.000000
1312 1334 27.000000
742 764 26.000000
839 861 26.000000
1025 10738 26.000000
1068 10783 26.000000
1071 10732 26.000000
1133 1155 26.000000
1279 1280 26.000000
1487 1509 26.000000
501 523 25.000000
889 911 25.000000
1020 10226 25.000000
1020 10285 25.000000
1021 10320 25.000000
1021 10683 25.000000
1021 10833 25.000000
1042 10551 25.000000
1042 10671 25.000000
1280 1302 25.000000
1302 1324 25.000000
1466 1467 25.000000
1467 1468 25.000000
1468 1469 25.000000
1469 1470 25.000000
1470 1471 25.000000
1544 1566 25.000000
322 344 24.000000
611 612 24.000000
612 613 24.000000
807 829 24.000000
1042 10885 24.000000
1065 11000 24.000000
1242 1264 24.000000
1389 1411 24.000000
954 976 23.000000
1021 10684 23.000000
1042 10683 23.000000
1063 10854 23.000000
1063 10945 23.000000
1065 10792 23.000000
1065 10833 23.000000
1065 10897 23.000000
1068 10831 23.000000
1086 10897 23.000000
1238 1260 23.000000
594 595 22.000000
594 615 22.000000
595 596 22.000000
596 597 22.000000
613 614 22.000000
614 615 22.000000
651 652 22.000000
652 653 22.000000
653 654 22.000000
955 977 22.000000
1042 10791 22.000000
1068 10718 22.000000
1068 10965 22.000000
1504 1526 22.000000
75 97 21.000000
832 854 21.000000
1020 10545 21.000000
1021 10355 21.000000
1042 10479 21.000000
1163 1164 21.000000
1164 1186 21.000000
1166 1167 21.000000
1166 1187 21.000000
1167 1168 21.000000
1168 1169 21.000000
1169 1170 21.000000
1170 1171 21.000000
1171 1172 21.000000
1186 1187 21.000000
1454 1455 21.000000
1543 1565 21.000000
772 773 20.000000
1042 1064 20.000000
1070 10765 20.000000
1070 10817 20.000000
1070 10861 20.000000
1070 10888 20.000000
1194 1216 20.000000
1373 1395 20.000000
685 707 19.000000
801 823 19.000000
911 933 19.000000
976 998 19.000000
1042 10482 19.000000
1068 10903 19.000000
1161 1183 19.000000
1265 1287 19.000000
1307 1329 19.000000
1545 1567 19.000000
180 202 18.000000
457 479 18.000000
1111 1133 18.000000
1342 1343 18.000000
1342 1363 18.000000
1343 1344 18.000000
1344 1345 18.000000
1362 1363 18.000000
242 264 17.000000
305 327 17.000000
962 984 17.000000
1068 10934 17.000000
56 57 16.000000
1021 10551 16.000000
1021 10671 16.000000
1068 10775 16.000000
1068 10788 16.000000
1263 1285 16.000000
207 229 15.000000
365 387 15.000000
474 496 15.000000
550 572 15.000000
613 635 15.000000
868 890 15.000000
1020 10300 15.000000
1020 10771 15.000000
1064 10791 15.000000
1064 10807 15.000000
1064 10814 15.000000
10 32 14.000000
554 555 14.000000
663 685 14.000000
707 729 14.000000
1048 10765 14.000000
1048 10888 14.000000
1360 1361 14.000000
1361 1362 14.000000
50 72 13.000000
184 206 13.000000
591 613 13.000000
919 920 13.000000
1004 1026 13.000000
1135 1157 13.000000
100 10911 12.000000
453 475 12.000000
714 715 12.000000
1089 10965 12.000000
1281 1303 12.000000
1286 1308 12.000000
1346 1368 12.000000
415 437 11.000000
894 916 11.000000
1086 10919 11.000000
76 98 10.000000
506 528 10.000000
1136 1158 10.000000
1185 1186 10.000000
1325 1347 10.000000
1362 1384 10.000000
1399 1421 10.000000
1524 1546 10.000000
135 157 9.000000
165 187 9.000000
224 246 9.000000
741 763 9.000000
861 862 9.000000
862 863 9.000000
863 864 9.000000
864 865 9.000000
865 866 9.000000
1019 10655 9.000000
1019 10884 9.000000
1020 10710 9.000000
1150 1151 9.000000
1284 1306 9.000000
1306 1328 9.000000
1324 1346 9.000000
1452 1453 9.000000
1452 1473 9.000000
1453 1454 9.000000
1471 1472 9.000000
1472 1473 9.000000
179 201 8.000000
368 390 8.000000
393 415 8.000000
629 630 8.000000
630 631 8.000000
631 632 8.000000
632 633 8.000000
694 695 8.000000
695 696 8.000000
696 697 8.000000
697 698 8.000000
698 699 8.000000
699 700 8.000000
700 701 8.000000
767 789 8.000000
1092 1093 8.000000
1092 10928 8.000000
1270 1292 8.000000
1271 1293 8.000000
2 3 7.000000
49 71 7.000000
135 136 7.000000
553 575 7.000000
854 876 7.000000
876 898 7.000000
938 960 7.000000
960 982 7.000000
1203 1225 7.000000
1542 1564 7.000000
264 286 6.000000
692 693 6.000000
693 694 6.000000
744 766 6.000000
755 777 6.000000
845 867 6.000000
1063 10688 6.000000
1063 10962 6.000000
1091 10933 6.000000
1317 1339 6.000000
1340 1362 6.000000
1422 1444 6.000000
191 192 5.000000
192 193 5.000000
193 194 5.000000
194 195 5.000000
284 306 5.000000
672 673 5.000000
685 686 5.000000
686 687 5.000000
687 688 5.000000
688 689 5.000000
689 690 5.000000
690 691 5.000000
691 692 5.000000
770 792 5.000000
831 853 5.000000
850 872 5.000000
968 969 5.000000
968 989 5.000000
969 970 5.000000
984 985 5.000000
985 986 5.000000
986 987 5.000000
987 988 5.000000
988 989 5.000000
1071 1072 5.000000
1072 1094 5.000000
1094 1116 5.000000
1193 1215 5.000000
1388 1389 5.000000
1411 1433 5.000000
54 76 4.000000
71 93 4.000000
119 141 4.000000
729 751 4.000000
743 765 4.000000
801 802 4.000000
890 912 4.000000
1005 1027 4.000000
1042 10440 4.000000
1151 1173 4.000000
1160 1182 4.000000
1177 1199 4.000000
1182 1204 4.000000
1329 1351 4.000000
1371 1393 4.000000
100 101 3.000000
101 102 3.000000
102 103 3.000000
103 125 3.000000
125 147 3.000000
195 217 3.000000
217 239 3.000000
239 261 3.000000
261 283 3.000000
531 553 3.000000
676 698 3.000000
698 720 3.000000
726 748 3.000000
902 903 3.000000
902 923 3.000000
903 904 3.000000
920 921 3.000000
921 922 3.000000
922 923 3.000000
946 947 3.000000
946 967 3.000000
947 948 3.000000
963 964 3.000000
964 965 3.000000
965 966 3.000000
966 967 3.000000
1227 1249 3.000000
1264 1286 3.000000
1412 1434 3.000000
48 70 2.000000
113 114 2.000000
113 135 2.000000
117 139 2.000000
195 196 2.000000
619 620 2.000000
620 621 2.000000
621 622 2.000000
622 623 2.000000
623 624 2.000000
624 625 2.000000
625 626 2.000000
626 627 2.000000
671 672 2.000000
682 704 2.000000
745 767 2.000000
789 811 2.000000
888 910 2.000000
926 927 2.000000
927 928 2.000000
928 929 2.000000
929 930 2.000000
930 931 2.000000
931 932 2.000000
975 997 2.000000
1549 1571 2.000000
26 48 1.000000
48 49 1.000000
176 177 1.000000
176 197 1.000000
177 178 1.000000
178 179 1.000000
196 197 1.000000
196 218 1.000000
208 230 1.000000
218 240 1.000000
240 262 1.000000
616 617 1.000000
616 637 1.000000
617 618 1.000000
618 619 1.000000
635 636 1.000000
636 637 1.000000
704 726 1.000000
704 725 1.000000
723 724 1.000000
724 725 1.000000
858 859 1.000000
858 879 1.000000
859 860 1.000000
860 861 1.000000
871 893 1.000000
876 877 1.000000
877 878 1.000000
878 879 1.000000
1041 10537 1.000000
1041 10572 1.000000
1071 10805 1.000000
1184 1185 1.000000
1279 1301 1.000000
1280 1281 1.000000
1301 1323 1.000000
1330 1352 1.000000
1350 1372 1.000000
1410 1432 1.000000
1439 1461 1.000000
