403 404 16043.000000
404 405 16043.000000
405 406 16043.000000
406 407 16043.000000
4 5 13256.000000
5 6 13014.000000
402 403 12639.000000
6 7 12139.000000
1418 1419 12094.000000
1199 1200 11976.000000
1331 1332 11728.000000
8 9 11389.000000
7 8 11382.000000
1243 1244 10792.000000
425 426 10664.000000
426 427 10664.000000
427 428 10664.000000
1375 1376 10602.000000
1419 1420 10557.000000
1396 1397 10343.000000
1440 1441 10282.000000
407 408 10196.000000
424 425 10191.000000
1417 1418 9663.000000
1374 1375 9592.000000
1156 1157 8924.000000
1155 1156 8779.000000
381 382 8691.000000
382 383 8691.000000
383 384 8691.000000
384 385 8691.000000
447 448 8580.000000
448 449 8580.000000
449 450 8580.000000
1373 1374 8563.000000
450 451 8515.000000
1041 1042 8442.000000
1042 1043 8442.000000
1332 1333 8435.000000
1198 1199 8304.000000
1416 1417 8059.000000
408 409 8033.000000
1455 1456 7981.000000
1107 1108 7924.000000
1108 1109 7924.000000
1439 1440 7848.000000
1438 1439 7738.000000
446 447 7732.000000
1458 1459 7688.000000
1457 1458 7659.000000
1242 1243 7612.000000
1200 1201 7573.000000
226 227 7533.000000
1462 1463 7379.000000
380 381 7376.000000
1330 1331 7326.000000
1244 1245 7298.000000
1241 1242 7145.000000
1110 1111 7088.000000
1437 1438 7083.000000
1461 1462 6991.000000
1456 1457 6977.000000
28 29 6914.000000
1372 1373 6793.000000
1109 1110 6601.000000
291 292 6474.000000
1395 1396 6436.000000
1415 1416 6316.000000
1460 1461 6253.000000
1264 1265 6242.000000
1106 1107 6110.000000
423 424 6108.000000
313 314 6074.000000
1154 1155 6063.000000
269 270 6013.000000
1413 1414 6010.000000
1043 1044 5968.000000
1063 1064 5939.000000
1064 1065 5939.000000
1065 1066 5939.000000
428 429 5924.000000
360 361 5914.000000
361 362 5914.000000
362 363 5914.000000
451 452 5857.000000
1177 1178 5853.000000
1329 1330 5805.000000
1459 1460 5786.000000
363 364 5757.000000
1040 1041 5731.000000
1454 1455 5724.000000
1221 1222 5657.000000
1397 1398 5654.000000
1411 1412 5654.000000
1412 1413 5654.000000
1394 1395 5649.000000
1220 1221 5614.000000
1353 1354 5573.000000
1414 1415 5499.000000
359 360 5417.000000
1393 1394 5399.000000
429 430 5309.000000
1265 1266 5286.000000
247 248 5277.000000
1392 1393 5261.000000
1020 1021 5150.000000
1021 1022 5150.000000
1436 1437 5144.000000
270 271 5131.000000
138 139 5119.000000
1433 1434 4975.000000
1263 1264 4860.000000
357 358 4822.000000
358 359 4788.000000
1434 1435 4727.000000
1197 1198 4721.000000
1019 1020 4717.000000
1176 1177 4714.000000
1111 1112 4629.000000
1286 1287 4586.000000
1566 1567 4475.000000
1410 1411 4471.000000
1435 1436 4471.000000
1352 1353 4441.000000
1175 1176 4422.000000
1328 1329 4410.000000
1262 1263 4392.000000
1039 1040 4383.000000
1245 1246 4356.000000
516 517 4306.000000
1214 1215 4126.000000
1215 1216 4126.000000
1216 1217 4126.000000
1217 1218 4126.000000
1219 1220 4106.000000
1351 1352 4062.000000
94 95 4054.000000
1567 1568 4045.000000
452 453 4041.000000
974 975 4033.000000
1105 1106 4011.000000
1287 1288 3984.000000
1483 1484 3956.000000
1391 1392 3953.000000
290 291 3934.000000
1389 1390 3926.000000
1390 1391 3926.000000
335 336 3739.000000
1432 1433 3711.000000
137 138 3692.000000
114 115 3682.000000
1482 1483 3666.000000
538 539 3646.000000
1479 1480 3608.000000
1478 1479 3602.000000
997 998 3580.000000
998 999 3580.000000
379 380 3527.000000
10 10477 3504.000000
1044 1045 3481.000000
453 454 3469.000000
1178 1179 3469.000000
517 518 3459.000000
495 496 3433.000000
115 116 3419.000000
1481 1482 3399.000000
113 114 3394.000000
1480 1481 3390.000000
1484 1485 3378.000000
1157 1158 3376.000000
1088 1089 3369.000000
422 423 3368.000000
1085 1086 3360.000000
1086 1087 3360.000000
1067 1068 3323.000000
539 540 3300.000000
1066 1067 3245.000000
976 977 3229.000000
977 978 3229.000000
1266 1267 3220.000000
603 604 3206.000000
1332 1354 3159.000000
1018 1019 3126.000000
490 491 3097.000000
491 492 3097.000000
492 493 3097.000000
493 494 3097.000000
870 871 3097.000000
1062 1063 3094.000000
1506 1507 3080.000000
314 315 3079.000000
51 52 3077.000000
1350 1351 3073.000000
292 293 3026.000000
518 519 3010.000000
1504 1505 3000.000000
1237 1238 2967.000000
1238 1239 2967.000000
1239 1240 2967.000000
158 159 2893.000000
1505 1506 2889.000000
1285 1286 2877.000000
72 73 2857.000000
1084 1085 2855.000000
826 827 2782.000000
978 979 2781.000000
975 976 2744.000000
1258 1259 2737.000000
1259 1260 2737.000000
1260 1261 2737.000000
1261 1262 2737.000000
227 228 2734.000000
314 336 2723.000000
473 474 2704.000000
312 313 2674.000000
225 226 2672.000000
1333 1334 2667.000000
223 224 2639.000000
445 446 2612.000000
139 140 2596.000000
224 225 2580.000000
93 94 2576.000000
357 379 2570.000000
50 51 2569.000000
1522 1523 2564.000000
496 497 2548.000000
401 402 2537.000000
823 824 2537.000000
824 825 2537.000000
825 826 2537.000000
604 605 2535.000000
244 245 2521.000000
245 246 2521.000000
10 10054 2498.000000
385 386 2498.000000
465 466 2485.000000
1309 1310 2452.000000
1153 1154 2450.000000
1288 1289 2445.000000
26 27 2420.000000
1218 1219 2412.000000
52 53 2396.000000
200 201 2391.000000
1246 1247 2373.000000
246 247 2362.000000
116 117 2357.000000
1267 1268 2338.000000
70 71 2331.000000
1306 1307 2326.000000
1022 1023 2324.000000
1150 1151 2301.000000
1151 1152 2301.000000
1152 1153 2301.000000
494 495 2300.000000
1545 1546 2292.000000
1023 1024 2270.000000
1376 1377 2256.000000
468 469 2235.000000
469 470 2235.000000
470 471 2235.000000
471 472 2235.000000
444 445 2224.000000
71 72 2222.000000
159 160 2222.000000
869 870 2205.000000
180 181 2201.000000
534 535 2190.000000
535 536 2190.000000
536 537 2190.000000
537 538 2190.000000
1523 1524 2183.000000
334 335 2171.000000
157 158 2165.000000
430 431 2157.000000
1201 1202 2143.000000
1463 1464 2136.000000
1223 1224 2131.000000
497 498 2101.000000
1345 1346 2097.000000
1346 1347 2097.000000
1347 1348 2097.000000
1236 1237 2093.000000
1546 1547 2079.000000
1240 1241 2074.000000
1200 1222 2072.000000
92 93 2062.000000
30 31 2053.000000
466 467 2035.000000
1087 1088 2013.000000
243 244 2010.000000
409 410 2010.000000
539 561 2008.000000
69 70 1991.000000
467 468 1990.000000
27 28 1984.000000
1307 1308 1971.000000
1171 1172 1962.000000
1172 1173 1962.000000
1173 1174 1962.000000
1222 1223 1950.000000
472 473 1942.000000
979 980 1923.000000
474 475 1892.000000
1083 1084 1890.000000
1371 1372 1890.000000
1388 1389 1889.000000
1349 1350 1887.000000
1045 1046 1878.000000
10 11 1874.000000
1348 1349 1853.000000
1524 1525 1843.000000
1568 1569 1831.000000
421 422 1797.000000
179 180 1776.000000
1476 1477 1773.000000
1477 1478 1773.000000
29 30 1758.000000
1570 1571 1757.000000
936 937 1739.000000
431 432 1735.000000
892 893 1735.000000
1544 1545 1719.000000
1132 1133 1713.000000
1569 1570 1713.000000
201 202 1709.000000
202 203 1707.000000
386 387 1706.000000
1308 1309 1702.000000
135 136 1701.000000
850 851 1690.000000
160 161 1684.000000
1503 1504 1674.000000
356 357 1668.000000
136 137 1660.000000
73 74 1655.000000
181 182 1650.000000
932 933 1647.000000
933 934 1647.000000
934 935 1647.000000
540 541 1632.000000
1526 1527 1632.000000
91 92 1619.000000
1376 1398 1619.000000
805 806 1614.000000
410 411 1610.000000
1174 1175 1601.000000
1527 1528 1595.000000
980 981 1591.000000
1000 1001 1584.000000
1193 1194 1568.000000
1194 1195 1568.000000
1195 1196 1568.000000
1128 1129 1561.000000
1129 1130 1561.000000
1130 1131 1561.000000
1525 1526 1549.000000
1024 1025 1544.000000
222 223 1543.000000
1196 1197 1542.000000
1023 10270 1540.000000
476 477 1535.000000
270 292 1515.000000
1398 1399 1514.000000
74 75 1502.000000
358 380 1482.000000
454 455 1478.000000
996 997 1455.000000
1344 1345 1453.000000
849 850 1446.000000
1131 1132 1434.000000
455 456 1432.000000
1112 1113 1429.000000
1000 10025 1426.000000
937 938 1422.000000
49 50 1415.000000
802 803 1409.000000
803 804 1409.000000
1431 1432 1408.000000
266 267 1404.000000
267 268 1404.000000
1001 1002 1400.000000
804 805 1387.000000
432 433 1386.000000
1061 1062 1386.000000
931 932 1376.000000
1280 1281 1371.000000
1281 1282 1371.000000
1282 1283 1371.000000
1453 1454 1368.000000
1002 1003 1364.000000
203 204 1358.000000
475 476 1357.000000
510 511 1355.000000
1202 1224 1354.000000
387 388 1349.000000
388 389 1347.000000
389 390 1332.000000
1289 1290 1329.000000
1310 1311 1318.000000
1245 1267 1313.000000
248 249 1308.000000
265 266 1293.000000
889 890 1293.000000
890 891 1293.000000
161 162 1282.000000
48 49 1281.000000
1354 1355 1255.000000
178 179 1244.000000
582 583 1232.000000
845 846 1219.000000
846 847 1219.000000
1475 1476 1208.000000
958 959 1206.000000
411 412 1201.000000
1149 1150 1201.000000
1571 1572 1201.000000
891 892 1196.000000
847 848 1184.000000
31 32 1182.000000
1157 1179 1182.000000
1498 1499 1177.000000
1499 1500 1177.000000
848 849 1176.000000
268 269 1170.000000
498 499 1165.000000
1089 1090 1163.000000
409 431 1156.000000
364 365 1153.000000
1311 1312 1143.000000
95 96 1130.000000
935 936 1130.000000
138 160 1126.000000
271 293 1125.000000
959 960 1123.000000
827 828 1119.000000
866 867 1117.000000
867 868 1117.000000
868 869 1117.000000
10 10345 1113.000000
181 203 1106.000000
893 894 1101.000000
1501 1502 1099.000000
499 500 1093.000000
400 401 1092.000000
1127 1128 1074.000000
957 958 1067.000000
487 488 1062.000000
335 357 1058.000000
488 489 1056.000000
1502 1503 1054.000000
433 434 1050.000000
489 490 1039.000000
1549 1550 1022.000000
871 872 1018.000000
914 915 1017.000000
117 118 1015.000000
1409 1410 1015.000000
894 895 1008.000000
1133 1134 1004.000000
1456 1478 1004.000000
477 478 1002.000000
204 205 997.000000
585 586 992.000000
913 914 987.000000
1548 1549 987.000000
1366 1367 984.000000
806 828 978.000000
407 429 972.000000
1547 1548 969.000000
313 335 957.000000
199 200 945.000000
1550 1551 943.000000
542 543 942.000000
844 845 942.000000
561 562 939.000000
310 311 937.000000
311 312 937.000000
1540 1541 935.000000
1068 1069 933.000000
156 157 919.000000
1224 1225 916.000000
1284 1285 912.000000
1377 1378 912.000000
1156 1178 911.000000
586 587 908.000000
938 939 905.000000
1367 1368 905.000000
1368 1369 905.000000
828 829 899.000000
53 54 898.000000
1541 1542 896.000000
541 542 894.000000
758 759 893.000000
759 760 893.000000
760 761 893.000000
182 183 890.000000
1369 1370 890.000000
1040 10545 882.000000
378 379 877.000000
443 444 876.000000
975 997 865.000000
1519 1520 860.000000
1520 1521 860.000000
271 272 854.000000
910 911 844.000000
911 912 844.000000
912 913 844.000000
1202 1203 842.000000
843 844 841.000000
1542 1543 837.000000
227 249 836.000000
1543 1544 835.000000
1305 1306 825.000000
584 585 822.000000
140 141 821.000000
829 830 820.000000
981 982 820.000000
1170 1171 819.000000
1370 1371 814.000000
1500 1501 806.000000
308 329 805.000000
326 327 805.000000
327 328 805.000000
328 329 805.000000
1283 1284 801.000000
865 866 798.000000
806 807 794.000000
336 358 793.000000
374 375 793.000000
375 376 793.000000
376 377 793.000000
954 955 792.000000
955 956 792.000000
374 395 790.000000
391 392 790.000000
392 393 790.000000
393 394 790.000000
394 395 790.000000
851 852 786.000000
605 606 772.000000
336 337 770.000000
509 510 757.000000
408 430 756.000000
1420 1421 755.000000
183 184 748.000000
511 512 748.000000
512 513 748.000000
513 514 748.000000
514 515 748.000000
515 516 748.000000
1192 1193 733.000000
330 331 724.000000
331 332 724.000000
332 333 724.000000
1387 1388 716.000000
365 366 715.000000
366 367 715.000000
330 351 713.000000
347 348 713.000000
348 349 713.000000
349 350 713.000000
350 351 713.000000
1068 1090 710.000000
562 563 709.000000
1279 1280 708.000000
1521 1522 704.000000
1378 1379 703.000000
1379 1380 703.000000
1463 1485 703.000000
1046 1047 700.000000
412 413 694.000000
440 461 690.000000
457 458 690.000000
458 459 690.000000
459 460 690.000000
460 461 690.000000
761 762 687.000000
440 441 684.000000
441 442 684.000000
442 443 684.000000
519 520 683.000000
315 316 682.000000
1290 1291 682.000000
269 291 680.000000
909 910 679.000000
887 888 678.000000
888 889 678.000000
496 518 671.000000
915 916 665.000000
495 517 664.000000
364 386 657.000000
1301 1302 645.000000
1302 1303 645.000000
1303 1304 645.000000
1304 1305 645.000000
1288 1310 644.000000
953 954 639.000000
1335 1336 639.000000
1336 1337 639.000000
908 909 633.000000
543 544 626.000000
1113 1135 622.000000
956 957 619.000000
1419 1441 617.000000
1334 1335 612.000000
465 487 606.000000
1375 1397 606.000000
308 309 601.000000
309 310 601.000000
520 521 601.000000
563 564 601.000000
1421 1422 598.000000
1422 1423 598.000000
1423 1424 598.000000
1000 10152 593.000000
456 478 590.000000
453 475 589.000000
532 533 585.000000
533 534 585.000000
1355 1356 585.000000
1365 1366 581.000000
225 247 580.000000
10 10069 579.000000
1283 1305 570.000000
221 222 566.000000
1225 1226 563.000000
1244 1266 563.000000
377 378 552.000000
367 368 549.000000
1134 1135 544.000000
96 97 543.000000
456 457 540.000000
1381 1382 533.000000
531 532 531.000000
807 808 530.000000
137 159 522.000000
1000 10225 522.000000
1356 1357 522.000000
1357 1358 522.000000
452 474 518.000000
1399 1400 517.000000
1400 1401 517.000000
1401 1402 517.000000
564 565 506.000000
1333 1355 505.000000
1300 1301 501.000000
368 369 498.000000
264 285 492.000000
282 283 492.000000
283 284 492.000000
284 285 492.000000
205 206 489.000000
583 584 482.000000
1497 1498 476.000000
494 516 475.000000
292 314 472.000000
1066 1088 472.000000
454 476 470.000000
1518 1519 462.000000
1247 1248 460.000000
1248 1249 460.000000
872 873 453.000000
1500 1522 453.000000
365 387 450.000000
952 953 450.000000
1246 1268 447.000000
1022 10361 445.000000
822 823 444.000000
264 265 442.000000
293 315 441.000000
247 269 439.000000
1020 10628 433.000000
1235 1236 432.000000
497 519 430.000000
286 307 429.000000
304 305 429.000000
305 306 429.000000
306 307 429.000000
606 607 428.000000
607 608 428.000000
1000 10055 428.000000
1023 1045 428.000000
1213 1214 425.000000
1257 1258 425.000000
808 809 421.000000
476 498 408.000000
1041 10628 408.000000
1203 1225 405.000000
462 463 404.000000
463 464 404.000000
464 465 404.000000
1083 1105 404.000000
410 432 402.000000
333 334 398.000000
1424 1425 398.000000
1067 1089 397.000000
930 931 395.000000
1003 10128 394.000000
506 507 392.000000
507 508 392.000000
1380 1381 391.000000
506 527 388.000000
522 523 388.000000
523 524 388.000000
524 525 388.000000
525 526 388.000000
526 527 388.000000
462 483 387.000000
478 479 387.000000
479 480 387.000000
480 481 387.000000
481 482 387.000000
482 483 387.000000
396 417 379.000000
413 414 379.000000
414 415 379.000000
415 416 379.000000
416 417 379.000000
1402 1403 379.000000
1126 1127 377.000000
303 304 376.000000
396 397 376.000000
397 398 376.000000
398 399 376.000000
1023 10565 376.000000
543 565 374.000000
775 776 374.000000
776 777 374.000000
380 402 373.000000
1024 10760 373.000000
1364 1385 370.000000
1382 1383 370.000000
1383 1384 370.000000
1384 1385 370.000000
677 699 367.000000
1432 1454 365.000000
1364 1365 364.000000
1388 1410 361.000000
1000 10167 357.000000
466 488 352.000000
1023 10704 350.000000
1522 1544 350.000000
10 10641 345.000000
10 10591 344.000000
1000 10724 342.000000
1544 1566 342.000000
418 419 341.000000
419 420 341.000000
420 421 341.000000
1022 1044 340.000000
762 784 339.000000
422 444 338.000000
399 400 336.000000
418 439 335.000000
435 436 335.000000
436 437 335.000000
437 438 335.000000
438 439 335.000000
352 373 334.000000
370 371 334.000000
371 372 334.000000
372 373 334.000000
1039 10480 332.000000
1040 10771 331.000000
1001 10670 326.000000
1433 1455 324.000000
1312 1313 323.000000
1313 1314 323.000000
1018 10978 322.000000
184 185 321.000000
1018 10353 321.000000
352 353 319.000000
353 354 319.000000
354 355 319.000000
355 356 319.000000
583 605 317.000000
156 178 316.000000
1110 1132 315.000000
1066 10946 312.000000
1089 10892 311.000000
1001 10171 309.000000
1018 10537 308.000000
1111 1133 307.000000
402 424 306.000000
1018 10543 306.000000
1018 10579 303.000000
1018 10588 303.000000
10 10642 302.000000
1001 10429 302.000000
1063 10885 302.000000
163 164 300.000000
164 165 300.000000
165 166 300.000000
204 226 298.000000
1349 1371 296.000000
1507 1508 296.000000
10 10836 294.000000
1001 10645 294.000000
1327 1328 292.000000
25 26 291.000000
10 10328 291.000000
1044 10450 290.000000
1044 10783 290.000000
1019 10210 289.000000
286 287 285.000000
626 627 284.000000
10 10362 283.000000
1018 10341 283.000000
560 561 282.000000
10 10318 281.000000
10 10952 281.000000
625 626 281.000000
1019 10440 281.000000
1041 10684 281.000000
538 560 280.000000
1291 1292 279.000000
1292 1293 279.000000
142 143 278.000000
143 144 278.000000
144 145 278.000000
1000 10407 276.000000
1039 10507 276.000000
1041 10551 276.000000
1039 10549 275.000000
118 119 274.000000
1044 10951 273.000000
1205 1227 273.000000
851 873 272.000000
1000 10575 272.000000
821 822 270.000000
1039 10422 270.000000
1039 10773 270.000000
1039 10854 270.000000
1039 10945 270.000000
1019 10791 265.000000
960 961 264.000000
518 540 262.000000
378 400 261.000000
10 10734 260.000000
10 10101 259.000000
1084 1106 259.000000
1083 10962 258.000000
1398 1420 258.000000
177 178 257.000000
1528 1529 257.000000
801 802 256.000000
1203 1204 253.000000
1204 1205 253.000000
784 785 252.000000
10 1572 251.000000
390 391 251.000000
1003 10658 251.000000
10 10826 250.000000
10 10767 249.000000
1063 10683 249.000000
10 10794 248.000000
1226 1227 248.000000
1343 1344 248.000000
47 48 246.000000
268 290 246.000000
1000 10250 246.000000
1000 10718 246.000000
1046 10928 246.000000
10 10491 245.000000
484 505 245.000000
500 501 245.000000
501 502 245.000000
502 503 245.000000
503 504 245.000000
504 505 245.000000
316 317 244.000000
317 318 244.000000
318 319 244.000000
319 320 244.000000
160 182 243.000000
895 896 243.000000
1430 1431 240.000000
10 10747 236.000000
248 270 236.000000
916 917 236.000000
1525 1547 236.000000
1000 10179 235.000000
1000 10664 235.000000
1000 10788 235.000000
1000 10965 235.000000
1022 10386 235.000000
1044 10969 233.000000
1088 10955 231.000000
287 288 230.000000
288 289 230.000000
289 290 230.000000
1044 10476 230.000000
1044 10848 230.000000
1044 10902 230.000000
1044 10921 230.000000
1039 10884 229.000000
484 485 228.000000
485 486 228.000000
486 487 228.000000
771 772 228.000000
772 773 228.000000
773 774 228.000000
774 775 228.000000
203 225 227.000000
1022 10640 227.000000
1019 10479 226.000000
1063 10671 226.000000
870 892 225.000000
1019 10284 225.000000
1044 10949 225.000000
1041 10792 224.000000
1041 10525 223.000000
1041 10706 223.000000
1044 10506 223.000000
28 50 222.000000
1019 10289 222.000000
1066 10842 222.000000
1181 1182 222.000000
387 409 221.000000
10 10295 219.000000
1112 1134 219.000000
1063 10919 218.000000
1003 10975 216.000000
249 271 215.000000
1041 11000 215.000000
1041 10833 213.000000
633 655 212.000000
655 677 212.000000
1040 10647 211.000000
1068 10744 210.000000
1214 1236 210.000000
1386 1407 210.000000
1403 1404 210.000000
1404 1405 210.000000
1405 1406 210.000000
1406 1407 210.000000
1022 10842 209.000000
1000 10028 207.000000
500 522 206.000000
320 321 204.000000
321 322 204.000000
322 323 204.000000
323 324 204.000000
324 325 204.000000
1018 10572 204.000000
1040 10636 204.000000
1041 10538 202.000000
1041 10897 202.000000
1044 10703 202.000000
1044 10946 202.000000
1249 1250 202.000000
1003 10569 201.000000
1000 10298 200.000000
1044 10664 200.000000
1044 10965 200.000000
783 784 198.000000
1024 10817 198.000000
1269 1270 198.000000
1270 1271 198.000000
71 93 197.000000
819 820 196.000000
820 821 196.000000
474 496 195.000000
475 497 195.000000
1311 1333 195.000000
1061 10768 193.000000
367 389 192.000000
565 587 192.000000
715 716 192.000000
716 717 192.000000
995 996 192.000000
69 91 191.000000
1018 10226 191.000000
521 522 190.000000
1000 10568 190.000000
1001 10104 189.000000
1003 1004 189.000000
1023 10233 188.000000
1039 10630 187.000000
1025 1026 186.000000
1061 10688 186.000000
1024 10765 185.000000
1040 10710 185.000000
1044 10788 185.000000
51 73 184.000000
369 370 183.000000
1045 10719 182.000000
1045 10839 182.000000
443 465 181.000000
1179 1180 181.000000
1180 1181 181.000000
429 451 180.000000
713 714 180.000000
1023 10624 180.000000
1024 1046 180.000000
1000 10484 179.000000
1000 10505 179.000000
1023 10890 179.000000
1024 10457 179.000000
226 248 178.000000
337 338 178.000000
338 339 178.000000
339 340 178.000000
340 341 178.000000
341 342 177.000000
432 454 177.000000
1199 1221 177.000000
421 443 176.000000
762 763 176.000000
141 142 175.000000
451 473 173.000000
800 801 173.000000
631 632 172.000000
632 633 172.000000
1000 10775 172.000000
49 71 170.000000
27 49 169.000000
785 786 166.000000
1023 10726 166.000000
1047 10658 166.000000
1039 10962 164.000000
1268 1269 164.000000
113 135 163.000000
444 466 163.000000
1023 10587 163.000000
1089 10922 163.000000
430 452 162.000000
1459 1481 162.000000
423 445 160.000000
363 385 158.000000
671 672 158.000000
672 673 158.000000
673 674 158.000000
1023 10331 158.000000
1023 10380 158.000000
1023 10816 158.000000
1039 10655 158.000000
1264 1286 158.000000
1067 10738 157.000000
478 500 156.000000
674 675 155.000000
675 676 155.000000
676 677 155.000000
1039 10548 155.000000
717 718 154.000000
1068 10935 154.000000
325 347 153.000000
1023 10539 153.000000
1158 1159 153.000000
792 813 152.000000
809 810 152.000000
810 811 152.000000
811 812 152.000000
812 813 152.000000
1068 10680 151.000000
1430 1451 150.000000
1447 1448 150.000000
1448 1449 150.000000
1449 1450 150.000000
1450 1451 150.000000
1025 10732 149.000000
1159 1160 148.000000
1160 1161 148.000000
2 3 147.000000
1025 10266 147.000000
1025 10805 147.000000
1408 1429 146.000000
1425 1426 146.000000
1426 1427 146.000000
1427 1428 146.000000
1428 1429 146.000000
1046 10805 145.000000
162 163 143.000000
1001 10825 143.000000
1197 1219 143.000000
1546 1568 142.000000
72 94 141.000000
1004 10216 141.000000
1025 10631 140.000000
1025 10916 140.000000
1040 10437 140.000000
1040 10807 140.000000
1441 1442 140.000000
1479 1501 138.000000
1001 10760 137.000000
1331 1353 137.000000
1001 10725 136.000000
1045 10679 136.000000
97 98 135.000000
325 326 135.000000
1023 10777 133.000000
1023 10810 133.000000
1023 10841 133.000000
1289 1311 133.000000
3 4 132.000000
778 779 132.000000
1066 10718 132.000000
1256 1257 131.000000
891 913 130.000000
647 648 129.000000
401 423 128.000000
736 737 128.000000
737 738 128.000000
738 739 128.000000
249 250 126.000000
1089 10935 126.000000
1044 10568 125.000000
957 979 124.000000
836 857 123.000000
853 854 123.000000
854 855 123.000000
855 856 123.000000
856 857 123.000000
1001 10206 123.000000
1045 10457 123.000000
293 294 122.000000
939 940 122.000000
1045 10890 122.000000
1220 1242 122.000000
1000 10070 120.000000
1088 10903 120.000000
399 421 119.000000
1045 10587 119.000000
1088 10951 119.000000
1442 1443 119.000000
1443 1444 119.000000
1444 1445 119.000000
1445 1446 119.000000
1446 1447 119.000000
342 343 118.000000
343 344 118.000000
344 345 118.000000
345 346 118.000000
346 347 118.000000
508 509 117.000000
1003 10631 117.000000
1019 10683 117.000000
1023 10745 117.000000
1322 1323 117.000000
1024 10888 116.000000
1354 1376 116.000000
1023 10298 115.000000
1198 1220 115.000000
852 853 114.000000
1040 10814 114.000000
1069 10975 114.000000
1308 1330 114.000000
1023 10603 113.000000
1088 10902 113.000000
1088 10921 113.000000
1323 1324 113.000000
1324 1325 113.000000
1325 1326 113.000000
1326 1327 113.000000
1002 10888 112.000000
1343 1365 112.000000
10 32 111.000000
718 719 110.000000
719 720 110.000000
720 721 110.000000
753 754 110.000000
754 755 110.000000
755 756 110.000000
793 794 110.000000
794 795 110.000000
795 796 110.000000
796 797 110.000000
849 871 109.000000
1045 10933 108.000000
749 750 107.000000
750 751 107.000000
751 752 107.000000
752 753 107.000000
894 916 107.000000
25 47 106.000000
487 509 106.000000
1003 10145 106.000000
1003 10732 106.000000
1003 10916 106.000000
1004 10441 106.000000
342 364 105.000000
690 691 105.000000
691 692 105.000000
434 435 104.000000
757 758 104.000000
763 785 104.000000
379 401 103.000000
797 798 102.000000
798 799 102.000000
199 221 101.000000
1067 10933 101.000000
1089 10933 101.000000
1337 1338 101.000000
1408 1409 101.000000
1355 1377 99.000000
434 456 98.000000
777 778 98.000000
1067 10719 98.000000
1067 10839 98.000000
551 552 96.000000
1019 10482 96.000000
1045 10760 95.000000
1232 1253 95.000000
1250 1251 95.000000
1251 1252 95.000000
1252 1253 95.000000
1025 10365 93.000000
1044 10484 93.000000
1044 10505 93.000000
1044 10745 93.000000
1044 10777 93.000000
1044 10810 93.000000
1044 10841 93.000000
1153 1175 93.000000
739 740 92.000000
70 92 91.000000
135 157 91.000000
1046 10604 91.000000
1046 10861 91.000000
1320 1341 91.000000
1338 1339 91.000000
1339 1340 91.000000
1340 1341 91.000000
550 551 90.000000
821 843 90.000000
1024 10933 90.000000
1044 10725 90.000000
356 378 89.000000
1232 1233 89.000000
1233 1234 89.000000
1389 1411 89.000000
1 2 88.000000
1023 10825 87.000000
1044 10645 87.000000
1320 1321 87.000000
1437 1459 87.000000
158 180 86.000000
588 589 86.000000
873 874 86.000000
1067 10679 86.000000
431 453 85.000000
1068 10941 85.000000
605 627 84.000000
627 628 84.000000
628 629 84.000000
629 630 84.000000
705 706 84.000000
706 707 84.000000
707 708 84.000000
708 709 84.000000
709 710 84.000000
710 711 84.000000
711 712 84.000000
814 835 84.000000
830 831 84.000000
831 832 84.000000
832 833 84.000000
833 834 84.000000
834 835 84.000000
1044 10603 84.000000
1044 10816 84.000000
1241 1263 84.000000
756 757 83.000000
841 842 83.000000
1001 1023 83.000000
1023 10522 83.000000
1044 10775 83.000000
1046 10892 83.000000
1314 1315 83.000000
1234 1235 82.000000
50 72 81.000000
595 596 81.000000
596 597 81.000000
597 598 81.000000
598 599 81.000000
599 600 81.000000
600 601 81.000000
601 602 81.000000
602 603 81.000000
1068 10859 81.000000
315 337 80.000000
842 843 80.000000
224 246 79.000000
347 369 79.000000
1306 1328 79.000000
1018 10771 78.000000
1044 10831 78.000000
1067 10890 78.000000
1090 10900 76.000000
1254 1255 76.000000
1255 1256 76.000000
1370 1392 76.000000
472 494 75.000000
808 830 75.000000
1023 10299 75.000000
1040 10551 75.000000
826 848 74.000000
1023 10725 74.000000
1023 10903 74.000000
1066 10726 74.000000
1254 1275 74.000000
1271 1272 74.000000
1272 1273 74.000000
1273 1274 74.000000
1274 1275 74.000000
1393 1415 74.000000
242 243 73.000000
294 295 73.000000
295 296 73.000000
296 297 73.000000
297 298 73.000000
298 299 73.000000
299 300 73.000000
300 301 73.000000
301 302 73.000000
302 303 73.000000
763 764 73.000000
1088 10969 73.000000
1067 10777 72.000000
1067 10810 72.000000
1067 10841 72.000000
1374 1396 72.000000
910 932 71.000000
1293 1315 71.000000
1210 1211 70.000000
1211 1212 70.000000
1212 1213 70.000000
184 206 69.000000
587 588 69.000000
521 543 68.000000
764 765 68.000000
881 882 67.000000
882 883 67.000000
883 884 67.000000
884 885 67.000000
885 886 67.000000
1001 10890 67.000000
1067 10745 67.000000
29 51 66.000000
528 549 66.000000
544 545 66.000000
545 546 66.000000
546 547 66.000000
547 548 66.000000
548 549 66.000000
550 571 66.000000
565 566 66.000000
566 567 66.000000
567 568 66.000000
568 569 66.000000
569 570 66.000000
570 571 66.000000
1001 10704 66.000000
1088 10890 66.000000
1088 10949 66.000000
291 313 65.000000
450 472 65.000000
1000 10624 65.000000
1329 1351 65.000000
850 872 64.000000
1067 10725 64.000000
1088 10946 64.000000
1089 10941 64.000000
1210 1231 64.000000
1228 1229 64.000000
1229 1230 64.000000
1230 1231 64.000000
1023 10268 63.000000
1023 10645 63.000000
1040 10425 63.000000
1286 1308 63.000000
528 529 62.000000
792 793 62.000000
864 865 62.000000
1023 10738 62.000000
1440 1462 62.000000
1482 1504 62.000000
1496 1497 62.000000
369 391 61.000000
1023 10808 61.000000
1023 10877 61.000000
1068 10861 61.000000
1365 1387 61.000000
30 52 60.000000
159 181 60.000000
222 244 60.000000
509 531 60.000000
649 650 60.000000
650 651 60.000000
651 652 60.000000
1043 10842 60.000000
1458 1480 60.000000
116 138 59.000000
155 156 59.000000
155 177 59.000000
435 457 59.000000
488 510 59.000000
895 917 59.000000
1002 10079 59.000000
1068 10892 59.000000
1367 1389 59.000000
1452 1453 59.000000
1542 1564 59.000000
400 422 58.000000
814 815 58.000000
815 816 58.000000
816 817 58.000000
817 818 58.000000
1044 10522 58.000000
1088 10934 58.000000
1410 1432 58.000000
368 390 57.000000
608 609 57.000000
26 48 56.000000
1023 10934 55.000000
1088 1110 55.000000
1154 1176 55.000000
714 715 54.000000
836 837 54.000000
1000 10299 54.000000
1000 10903 54.000000
1000 10934 54.000000
1018 1040 54.000000
1044 10738 54.000000
1044 10808 54.000000
1044 10877 54.000000
1243 1265 54.000000
304 326 53.000000
529 530 53.000000
530 531 53.000000
935 957 53.000000
1000 10539 53.000000
1003 10072 53.000000
1321 1322 53.000000
1310 1332 52.000000
740 741 51.000000
847 869 51.000000
1000 10726 51.000000
1019 10338 51.000000
1396 1418 51.000000
741 742 50.000000
742 743 50.000000
1001 10587 50.000000
1066 10783 50.000000
1133 1155 50.000000
1394 1416 50.000000
0 1 49.000000
386 408 49.000000
718 740 49.000000
818 819 49.000000
1067 10825 49.000000
1298 1299 49.000000
1299 1300 49.000000
134 135 48.000000
735 736 48.000000
896 918 48.000000
1089 1111 48.000000
1181 1203 48.000000
182 204 47.000000
499 521 47.000000
1047 10569 47.000000
1047 10975 47.000000
1066 10951 47.000000
1066 10969 47.000000
1227 1228 47.000000
281 303 46.000000
1000 10831 46.000000
1066 10703 46.000000
1066 10816 46.000000
1066 10848 46.000000
1066 10902 46.000000
1066 10921 46.000000
1223 1245 46.000000
75 76 45.000000
784 806 45.000000
1122 1123 45.000000
1122 1143 45.000000
1123 1124 45.000000
1124 1125 45.000000
1125 1126 45.000000
1139 1140 45.000000
1140 1141 45.000000
1141 1142 45.000000
1142 1143 45.000000
1298 1319 45.000000
1315 1316 45.000000
1316 1317 45.000000
1317 1318 45.000000
1318 1319 45.000000
0 1562 44.000000
260 282 44.000000
572 593 44.000000
589 590 44.000000
590 591 44.000000
591 592 44.000000
592 593 44.000000
770 791 44.000000
787 788 44.000000
788 789 44.000000
789 790 44.000000
790 791 44.000000
937 959 44.000000
1018 10611 44.000000
1045 10825 44.000000
1047 10732 44.000000
1540 1562 44.000000
242 263 43.000000
260 261 43.000000
261 262 43.000000
262 263 43.000000
473 495 43.000000
779 780 43.000000
780 781 43.000000
781 782 43.000000
782 783 43.000000
1018 10830 43.000000
1063 10684 43.000000
589 611 42.000000
611 633 42.000000
1001 10233 42.000000
1135 1136 42.000000
1136 1137 42.000000
1137 1138 42.000000
1138 1139 42.000000
1287 1309 42.000000
1391 1413 42.000000
805 827 41.000000
917 918 41.000000
320 342 40.000000
727 728 40.000000
728 729 40.000000
729 730 40.000000
730 731 40.000000
731 732 40.000000
732 733 40.000000
733 734 40.000000
865 887 40.000000
886 887 40.000000
893 915 40.000000
946 947 40.000000
947 948 40.000000
948 949 40.000000
949 950 40.000000
950 951 40.000000
953 975 40.000000
1040 10671 40.000000
1045 10670 40.000000
1046 10765 40.000000
1046 10817 40.000000
1061 10655 40.000000
1061 10884 40.000000
1062 10710 40.000000
1062 10771 40.000000
1179 1201 40.000000
1 1563 39.000000
630 631 39.000000
786 787 39.000000
874 875 39.000000
875 876 39.000000
876 877 39.000000
877 878 39.000000
878 879 39.000000
1040 1062 39.000000
1127 1149 39.000000
1171 1193 39.000000
1219 1241 39.000000
1541 1563 39.000000
157 179 38.000000
286 308 38.000000
561 583 38.000000
717 739 38.000000
968 969 38.000000
969 970 38.000000
970 971 38.000000
971 972 38.000000
972 973 38.000000
1019 10198 38.000000
1113 1114 38.000000
1114 1115 38.000000
1115 1116 38.000000
1116 1117 38.000000
1117 1139 38.000000
1409 1431 38.000000
1431 1453 38.000000
1481 1503 38.000000
1507 1529 38.000000
517 539 37.000000
575 576 37.000000
576 577 37.000000
577 578 37.000000
578 579 37.000000
579 580 37.000000
580 581 37.000000
581 582 37.000000
682 703 37.000000
699 700 37.000000
700 701 37.000000
701 702 37.000000
702 703 37.000000
1022 10407 37.000000
1044 10624 37.000000
1066 10808 37.000000
1066 10877 37.000000
281 282 36.000000
734 735 36.000000
1066 10738 36.000000
573 595 35.000000
761 783 35.000000
1046 1068 35.000000
1063 10706 35.000000
1176 1198 35.000000
1312 1334 35.000000
206 207 34.000000
207 208 34.000000
208 209 34.000000
209 210 34.000000
520 542 34.000000
880 881 34.000000
880 901 34.000000
896 897 34.000000
897 898 34.000000
898 899 34.000000
899 900 34.000000
900 901 34.000000
914 936 34.000000
1044 10539 34.000000
1044 10726 34.000000
1044 10903 34.000000
1044 10934 34.000000
1321 1343 34.000000
381 403 33.000000
954 976 33.000000
973 974 33.000000
1000 10361 33.000000
1000 10565 33.000000
1044 10565 33.000000
1462 1484 33.000000
477 499 32.000000
552 553 32.000000
1464 1465 32.000000
1465 1466 32.000000
1466 1467 32.000000
1467 1468 32.000000
1468 1469 32.000000
242 264 31.000000
859 881 31.000000
924 945 31.000000
940 941 31.000000
941 942 31.000000
942 943 31.000000
943 944 31.000000
944 945 31.000000
1022 10250 31.000000
1022 10568 31.000000
1022 10664 31.000000
1022 10718 31.000000
1022 10831 31.000000
1022 10965 31.000000
1242 1264 31.000000
1276 1297 31.000000
1293 1294 31.000000
1294 1295 31.000000
1295 1296 31.000000
1296 1297 31.000000
1485 1507 31.000000
726 747 30.000000
743 744 30.000000
744 745 30.000000
745 746 30.000000
746 747 30.000000
837 838 30.000000
838 839 30.000000
839 840 30.000000
840 841 30.000000
1022 10575 30.000000
1022 10788 30.000000
1351 1373 30.000000
1414 1436 30.000000
1503 1525 30.000000
178 200 29.000000
814 836 29.000000
1019 10278 29.000000
1019 10320 29.000000
1069 10732 29.000000
1276 1277 29.000000
1277 1278 29.000000
562 584 28.000000
830 852 28.000000
1000 1022 28.000000
1022 10565 28.000000
519 541 27.000000
1019 10264 27.000000
1019 10671 27.000000
1019 10919 27.000000
1041 1063 27.000000
1135 1157 27.000000
1188 1189 27.000000
1188 1209 27.000000
1189 1190 27.000000
1205 1206 27.000000
1206 1207 27.000000
1207 1208 27.000000
1208 1209 27.000000
1019 10885 26.000000
1132 1154 26.000000
1190 1191 26.000000
1196 1218 26.000000
1225 1247 26.000000
48 70 25.000000
1039 1061 25.000000
134 156 24.000000
272 273 24.000000
273 274 24.000000
274 275 24.000000
275 276 24.000000
276 277 24.000000
277 278 24.000000
278 279 24.000000
279 280 24.000000
280 281 24.000000
550 572 24.000000
804 826 24.000000
837 859 24.000000
1002 1024 24.000000
1019 10538 24.000000
1019 10897 24.000000
1061 10978 24.000000
1148 1149 24.000000
1366 1388 24.000000
828 850 23.000000
952 974 23.000000
1040 10919 23.000000
1063 10792 23.000000
1063 11000 23.000000
1572 1573 23.000000
391 413 22.000000
1018 10285 22.000000
1040 10885 22.000000
1061 1083 22.000000
1066 10664 22.000000
1066 10831 22.000000
1066 10965 22.000000
1131 1153 22.000000
1342 1343 22.000000
1496 1517 22.000000
1508 1509 22.000000
1509 1510 22.000000
1510 1511 22.000000
1511 1512 22.000000
1512 1513 22.000000
1513 1514 22.000000
1514 1515 22.000000
1515 1516 22.000000
1516 1517 22.000000
390 412 21.000000
866 888 21.000000
913 935 21.000000
958 980 21.000000
1066 10903 21.000000
1069 10916 21.000000
1109 1131 21.000000
1284 1306 21.000000
1387 1409 21.000000
202 224 20.000000
498 520 20.000000
572 573 20.000000
829 851 20.000000
931 953 20.000000
1018 10300 20.000000
1040 10683 20.000000
1061 10773 20.000000
1061 10854 20.000000
1061 10945 20.000000
1063 10833 20.000000
1063 10897 20.000000
1066 10775 20.000000
1066 10934 20.000000
1191 1192 20.000000
1278 1300 20.000000
1040 10482 19.000000
1084 11000 19.000000
1236 1258 19.000000
1478 1500 19.000000
114 136 18.000000
180 202 18.000000
312 334 18.000000
334 356 18.000000
389 411 18.000000
683 705 18.000000
721 743 18.000000
748 769 18.000000
765 766 18.000000
766 767 18.000000
767 768 18.000000
768 769 18.000000
974 996 18.000000
1019 10706 18.000000
1047 10631 18.000000
1047 10916 18.000000
1062 10636 18.000000
1068 10765 18.000000
1068 10817 18.000000
1068 10888 18.000000
1105 1127 18.000000
1360 1382 18.000000
1452 1473 18.000000
1469 1470 18.000000
1470 1471 18.000000
1471 1472 18.000000
1472 1473 18.000000
412 434 17.000000
462 484 17.000000
670 671 17.000000
692 693 17.000000
693 694 17.000000
694 695 17.000000
695 696 17.000000
696 697 17.000000
697 698 17.000000
698 699 17.000000
1019 10355 17.000000
1019 10684 17.000000
1040 10440 17.000000
1040 10791 17.000000
1228 1250 17.000000
1240 1262 17.000000
1263 1285 17.000000
1371 1393 17.000000
455 477 16.000000
748 749 16.000000
1019 10551 16.000000
1019 10833 16.000000
1046 10888 16.000000
1066 10788 16.000000
1268 1290 16.000000
1342 1363 16.000000
1360 1361 16.000000
1361 1362 16.000000
1362 1363 16.000000
330 352 15.000000
551 573 15.000000
594 595 15.000000
594 615 15.000000
609 610 15.000000
610 611 15.000000
611 612 15.000000
612 613 15.000000
613 614 15.000000
614 615 15.000000
705 727 15.000000
712 713 15.000000
873 895 15.000000
951 952 15.000000
1040 10479 15.000000
1062 10683 15.000000
1369 1391 15.000000
303 325 14.000000
337 359 14.000000
661 683 14.000000
1045 1067 14.000000
1352 1374 14.000000
177 199 13.000000
385 407 13.000000
909 931 13.000000
246 268 12.000000
669 670 12.000000
902 923 12.000000
918 919 12.000000
919 920 12.000000
920 921 12.000000
921 922 12.000000
922 923 12.000000
1017 1018 12.000000
1084 10897 12.000000
1087 10965 12.000000
1290 1312 12.000000
74 96 11.000000
1062 10807 11.000000
1502 1524 11.000000
205 227 10.000000
516 538 10.000000
726 727 10.000000
740 762 10.000000
786 808 10.000000
1024 10670 10.000000
1062 10791 10.000000
1158 1180 10.000000
1166 1167 10.000000
1166 1187 10.000000
1167 1168 10.000000
1168 1169 10.000000
1169 1170 10.000000
1178 1200 10.000000
1180 1202 10.000000
1183 1184 10.000000
1184 1185 10.000000
1185 1186 10.000000
1186 1187 10.000000
1267 1289 10.000000
1309 1331 10.000000
1338 1360 10.000000
529 551 9.000000
770 771 9.000000
807 829 9.000000
848 870 9.000000
1192 1214 9.000000
1278 1279 9.000000
1279 1301 9.000000
1322 1344 9.000000
1397 1419 9.000000
73 95 8.000000
649 671 8.000000
1090 10928 8.000000
1161 1183 8.000000
1183 1205 8.000000
1234 1256 8.000000
1358 1359 8.000000
1359 1360 8.000000
1438 1460 8.000000
753 775 7.000000
843 865 7.000000
936 958 7.000000
1269 1291 7.000000
1415 1437 7.000000
418 440 6.000000
787 809 6.000000
859 860 6.000000
860 861 6.000000
861 862 6.000000
960 982 6.000000
968 989 6.000000
982 983 6.000000
983 984 6.000000
984 985 6.000000
985 986 6.000000
986 987 6.000000
987 988 6.000000
988 989 6.000000
1090 1112 6.000000
1149 1171 6.000000
1191 1213 6.000000
1210 1232 6.000000
1323 1345 6.000000
1342 1364 6.000000
0 21 5.000000
52 74 5.000000
264 286 5.000000
696 718 5.000000
764 786 5.000000
862 863 5.000000
863 864 5.000000
887 909 5.000000
973 995 5.000000
1018 10710 5.000000
1069 1091 5.000000
1069 10805 5.000000
1084 10885 5.000000
1091 1113 5.000000
1134 1156 5.000000
1159 1181 5.000000
1305 1327 5.000000
1386 1387 5.000000
47 69 4.000000
98 99 4.000000
100 101 4.000000
101 123 4.000000
123 145 4.000000
136 158 4.000000
183 205 4.000000
189 190 4.000000
190 191 4.000000
191 192 4.000000
192 193 4.000000
308 330 4.000000
506 528 4.000000
683 684 4.000000
684 685 4.000000
685 686 4.000000
686 687 4.000000
687 688 4.000000
688 689 4.000000
689 690 4.000000
770 792 4.000000
799 821 4.000000
888 910 4.000000
892 914 4.000000
1017 10630 4.000000
1017 10655 4.000000
1017 10884 4.000000
1018 10545 4.000000
1061 10962 4.000000
1175 1197 4.000000
1298 1320 4.000000
1300 1322 4.000000
1315 1337 4.000000
1408 1430 4.000000
1551 1573 4.000000
359 381 3.000000
374 396 3.000000
413 435 3.000000
674 696 3.000000
842 864 3.000000
924 925 3.000000
925 926 3.000000
926 927 3.000000
927 928 3.000000
928 929 3.000000
929 930 3.000000
1356 1378 3.000000
1547 1569 3.000000
115 137 2.000000
163 185 2.000000
193 194 2.000000
193 215 2.000000
215 237 2.000000
237 259 2.000000
250 272 2.000000
259 281 2.000000
388 410 2.000000
616 617 2.000000
616 637 2.000000
617 618 2.000000
618 619 2.000000
619 620 2.000000
620 621 2.000000
621 622 2.000000
622 623 2.000000
623 624 2.000000
624 625 2.000000
633 634 2.000000
634 635 2.000000
635 636 2.000000
636 637 2.000000
726 748 2.000000
785 807 2.000000
874 896 2.000000
886 908 2.000000
946 967 2.000000
961 962 2.000000
962 963 2.000000
963 964 2.000000
964 965 2.000000
965 966 2.000000
966 967 2.000000
1084 10919 2.000000
1213 1235 2.000000
1222 1244 2.000000
1254 1276 2.000000
1262 1284 2.000000
1327 1349 2.000000
1543 1565 2.000000
176 177 1.000000
176 197 1.000000
194 195 1.000000
194 216 1.000000
195 196 1.000000
196 197 1.000000
206 228 1.000000
216 238 1.000000
238 260 1.000000
341 363 1.000000
377 399 1.000000
540 562 1.000000
661 662 1.000000
662 663 1.000000
663 664 1.000000
664 665 1.000000
665 666 1.000000
666 667 1.000000
667 668 1.000000
668 669 1.000000
682 704 1.000000
704 726 1.000000
727 749 1.000000
739 761 1.000000
741 763 1.000000
858 859 1.000000
858 879 1.000000
869 891 1.000000
1003 1025 1.000000
1190 1212 1.000000
1212 1234 1.000000
