1381 1382 21346.000000
1380 1381 16323.000000
365 366 15721.000000
366 367 15721.000000
367 368 15721.000000
368 369 15721.000000
1379 1380 13516.000000
409 410 12870.000000
410 411 12870.000000
411 412 12870.000000
1205 1206 12688.000000
412 413 12531.000000
1337 1338 12297.000000
12 13 11922.000000
1400 1401 11160.000000
369 370 10808.000000
1402 1403 10801.000000
364 365 10800.000000
13 14 10746.000000
1401 1402 10713.000000
1378 1379 10334.000000
408 409 10180.000000
1399 1400 9996.000000
10 11 9923.000000
1417 1418 9853.000000
1419 1420 9811.000000
1161 1162 9567.000000
11 12 9523.000000
1420 1421 9233.000000
1203 1204 9221.000000
1204 1205 8997.000000
1418 1419 8741.000000
1162 1163 8182.000000
1226 1227 8160.000000
275 276 8115.000000
1069 1070 7978.000000
1070 1071 7978.000000
319 320 7838.000000
1025 1026 7744.000000
1026 1027 7744.000000
1027 1028 7744.000000
14 15 7684.000000
1424 1425 7629.000000
1423 1424 7450.000000
1421 1422 7291.000000
1293 1294 7182.000000
1336 1337 7004.000000
1416 1417 6987.000000
370 371 6908.000000
387 388 6855.000000
388 389 6855.000000
389 390 6855.000000
390 391 6851.000000
385 386 6847.000000
1160 1161 6832.000000
457 458 6813.000000
1071 1072 6711.000000
386 387 6629.000000
1395 1396 6500.000000
1003 1004 6486.000000
1004 1005 6486.000000
1396 1397 6406.000000
413 414 6296.000000
1398 1399 6287.000000
34 35 6271.000000
1249 1250 6271.000000
1422 1423 6263.000000
1358 1359 6253.000000
1397 1398 6144.000000
1117 1118 6136.000000
1183 1184 6104.000000
982 983 5949.000000
983 984 5949.000000
1225 1226 5805.000000
253 254 5798.000000
1072 1073 5772.000000
1182 1183 5662.000000
1335 1336 5638.000000
1206 1207 5582.000000
1468 1469 5561.000000
1227 1228 5531.000000
15 16 5530.000000
1068 1069 5489.000000
1292 1293 5471.000000
1377 1378 5405.000000
1357 1358 5273.000000
1137 1138 5240.000000
1118 1119 5210.000000
1250 1251 5180.000000
1116 1117 5160.000000
1334 1335 5152.000000
501 502 5149.000000
1294 1295 5148.000000
121 122 5126.000000
981 982 5117.000000
318 319 5088.000000
1138 1139 5081.000000
297 298 4895.000000
1139 1140 4871.000000
1248 1249 4820.000000
452 453 4817.000000
453 454 4817.000000
454 455 4817.000000
455 456 4817.000000
1356 1357 4739.000000
496 497 4662.000000
497 498 4662.000000
498 499 4662.000000
499 500 4662.000000
1394 1395 4643.000000
458 459 4640.000000
1528 1529 4614.000000
1181 1182 4581.000000
391 392 4429.000000
1047 1048 4422.000000
1048 1049 4422.000000
1224 1225 4391.000000
414 415 4382.000000
1029 1030 4349.000000
1355 1356 4314.000000
162 163 4265.000000
343 344 4218.000000
344 345 4218.000000
345 346 4218.000000
346 347 4218.000000
1550 1551 4173.000000
1551 1552 4173.000000
163 164 4166.000000
164 165 4166.000000
1046 1047 4156.000000
1199 1200 4146.000000
1200 1201 4146.000000
1201 1202 4146.000000
77 78 4068.000000
1529 1530 4043.000000
1291 1292 4024.000000
1140 1141 4016.000000
1159 1160 3990.000000
78 79 3989.000000
1247 1248 3977.000000
1207 1208 3946.000000
1050 1051 3941.000000
1067 1068 3921.000000
1338 1339 3910.000000
1445 1446 3900.000000
342 343 3873.000000
1028 1029 3873.000000
1444 1445 3865.000000
1359 1360 3838.000000
456 457 3727.000000
120 121 3709.000000
500 501 3659.000000
320 321 3651.000000
384 385 3646.000000
165 166 3626.000000
1024 1025 3626.000000
1228 1229 3601.000000
1486 1487 3601.000000
980 981 3551.000000
1446 1447 3549.000000
1290 1291 3538.000000
232 233 3528.000000
231 232 3524.000000
544 545 3523.000000
1005 1006 3521.000000
1443 1444 3520.000000
32 33 3482.000000
1073 1074 3482.000000
33 34 3481.000000
209 210 3445.000000
1440 1441 3426.000000
36 37 3419.000000
122 123 3404.000000
415 416 3385.000000
75 76 3280.000000
459 460 3265.000000
1488 1489 3253.000000
35 36 3251.000000
1530 1531 3246.000000
1338 1360 3237.000000
1484 1485 3220.000000
1202 1203 3213.000000
1251 1252 3209.000000
1354 1355 3208.000000
1489 1490 3203.000000
430 431 3200.000000
431 432 3200.000000
432 433 3200.000000
433 434 3200.000000
76 77 3190.000000
1373 1374 3186.000000
1467 1468 3178.000000
363 364 3168.000000
1220 1221 3154.000000
1221 1222 3154.000000
1222 1223 3154.000000
1223 1224 3154.000000
1376 1377 3142.000000
1441 1442 3141.000000
210 211 3119.000000
276 277 3105.000000
1466 1467 3057.000000
1374 1375 3008.000000
1375 1376 3008.000000
296 297 2991.000000
1229 1230 2971.000000
474 475 2964.000000
475 476 2964.000000
476 477 2964.000000
477 478 2964.000000
56 57 2943.000000
427 428 2933.000000
478 479 2927.000000
1005 10407 2927.000000
123 124 2904.000000
1487 1488 2899.000000
435 436 2897.000000
254 255 2883.000000
31 32 2864.000000
1485 1486 2864.000000
1198 1199 2858.000000
1552 1553 2844.000000
1177 1178 2837.000000
1178 1179 2837.000000
1179 1180 2837.000000
1045 1046 2831.000000
407 408 2813.000000
1372 1373 2802.000000
276 298 2797.000000
1442 1443 2776.000000
854 855 2774.000000
502 503 2767.000000
100 101 2757.000000
1112 1113 2753.000000
1113 1114 2753.000000
1114 1115 2753.000000
1176 1177 2733.000000
984 985 2726.000000
1315 1316 2686.000000
1002 1003 2683.000000
1049 1050 2640.000000
1506 1507 2633.000000
1507 1508 2633.000000
1313 1314 2620.000000
1425 1426 2558.000000
119 120 2551.000000
1119 1120 2550.000000
341 342 2549.000000
1007 1008 2532.000000
936 937 2513.000000
811 812 2510.000000
1531 1532 2506.000000
1115 1116 2503.000000
1314 1315 2467.000000
1465 1466 2452.000000
1294 1316 2450.000000
1268 1269 2417.000000
832 833 2410.000000
319 341 2326.000000
1312 1313 2326.000000
1508 1509 2314.000000
252 253 2311.000000
142 143 2310.000000
1271 1272 2306.000000
101 102 2304.000000
1438 1439 2294.000000
1439 1440 2294.000000
851 852 2288.000000
852 853 2288.000000
188 189 2275.000000
1269 1270 2234.000000
228 229 2227.000000
229 230 2227.000000
938 939 2212.000000
939 940 2212.000000
853 854 2208.000000
1351 1352 2201.000000
1352 1353 2201.000000
1353 1354 2201.000000
1119 1141 2189.000000
1532 1533 2172.000000
764 765 2164.000000
765 766 2164.000000
766 767 2164.000000
1006 1007 2161.000000
1023 1024 2143.000000
320 342 2129.000000
480 481 2128.000000
406 407 2114.000000
451 452 2111.000000
1090 1091 2108.000000
1091 1092 2108.000000
1092 1093 2108.000000
322 323 2102.000000
323 324 2102.000000
324 325 2102.000000
767 768 2083.000000
429 430 2078.000000
937 938 2058.000000
1133 1134 2013.000000
1134 1135 2013.000000
1135 1136 2013.000000
1094 1095 2009.000000
1001 1002 2007.000000
1574 1575 1982.000000
1270 1271 1973.000000
166 167 1966.000000
207 208 1945.000000
1533 1534 1944.000000
434 435 1943.000000
1162 1184 1943.000000
479 480 1932.000000
371 372 1925.000000
208 209 1920.000000
436 437 1913.000000
876 877 1905.000000
1273 1274 1904.000000
855 856 1903.000000
959 960 1902.000000
960 961 1902.000000
961 962 1902.000000
1509 1510 1901.000000
321 322 1899.000000
501 523 1899.000000
1510 1511 1898.000000
1208 1209 1896.000000
875 876 1886.000000
1307 1308 1885.000000
1308 1309 1885.000000
1309 1310 1885.000000
1511 1512 1870.000000
985 986 1861.000000
370 392 1857.000000
1460 1461 1852.000000
1461 1462 1852.000000
460 461 1842.000000
428 429 1822.000000
1382 1383 1821.000000
141 142 1786.000000
1554 1555 1756.000000
1180 1181 1741.000000
230 231 1736.000000
1381 1403 1733.000000
1553 1554 1733.000000
1310 1311 1729.000000
416 417 1725.000000
807 808 1721.000000
808 809 1721.000000
809 810 1720.000000
1295 1296 1718.000000
161 162 1716.000000
227 228 1712.000000
1242 1243 1709.000000
1243 1244 1709.000000
1244 1245 1709.000000
898 899 1706.000000
1415 1416 1703.000000
55 56 1696.000000
206 207 1693.000000
1051 1052 1689.000000
231 253 1678.000000
1339 1340 1675.000000
1555 1556 1665.000000
325 347 1659.000000
1425 1447 1645.000000
810 811 1643.000000
1272 1273 1643.000000
1206 1228 1638.000000
372 373 1636.000000
942 943 1634.000000
1136 1137 1622.000000
205 206 1607.000000
392 393 1603.000000
393 394 1575.000000
914 915 1573.000000
471 472 1570.000000
437 438 1556.000000
396 417 1547.000000
1089 1090 1538.000000
185 186 1535.000000
186 187 1533.000000
472 473 1529.000000
102 10345 1528.000000
97 98 1523.000000
189 190 1515.000000
1462 1463 1492.000000
1463 1464 1492.000000
274 275 1488.000000
143 144 1484.000000
1464 1465 1474.000000
1155 1156 1444.000000
1156 1157 1444.000000
1157 1158 1444.000000
1158 1159 1444.000000
940 941 1442.000000
450 451 1437.000000
1437 1438 1434.000000
1393 1394 1430.000000
1333 1334 1425.000000
1030 1031 1422.000000
144 145 1413.000000
369 391 1411.000000
1360 1361 1407.000000
458 480 1401.000000
856 857 1389.000000
588 589 1378.000000
1008 1009 1358.000000
1246 1247 1355.000000
440 461 1321.000000
941 942 1304.000000
1481 1482 1300.000000
1482 1483 1300.000000
98 99 1299.000000
1311 1312 1297.000000
1252 1253 1290.000000
899 900 1286.000000
394 395 1285.000000
1394 1416 1284.000000
503 504 1278.000000
1306 1307 1276.000000
383 384 1263.000000
143 165 1262.000000
1245 1246 1261.000000
545 567 1258.000000
438 439 1249.000000
893 894 1245.000000
768 769 1238.000000
54 55 1235.000000
457 479 1231.000000
1572 1573 1219.000000
943 944 1205.000000
374 395 1197.000000
57 58 1192.000000
1111 1112 1191.000000
812 813 1190.000000
184 185 1179.000000
187 188 1172.000000
1093 1094 1142.000000
1573 1574 1134.000000
100 122 1131.000000
916 917 1128.000000
917 918 1128.000000
459 481 1122.000000
894 895 1120.000000
895 896 1120.000000
896 897 1120.000000
920 921 1120.000000
233 234 1115.000000
1418 1440 1112.000000
919 920 1091.000000
79 80 1090.000000
1483 1484 1089.000000
986 987 1086.000000
493 494 1077.000000
828 829 1074.000000
829 830 1074.000000
830 831 1074.000000
831 832 1074.000000
494 495 1071.000000
495 496 1071.000000
449 450 1067.000000
504 505 1064.000000
1074 1075 1058.000000
1371 1372 1045.000000
233 255 1027.000000
340 341 1025.000000
1512 1513 1021.000000
1132 1133 1019.000000
275 297 1013.000000
1184 1185 1005.000000
1028 10476 988.000000
362 363 985.000000
1503 1504 979.000000
1504 1505 979.000000
1505 1506 979.000000
1350 1351 975.000000
12 34 971.000000
1364 1385 965.000000
1383 1384 965.000000
1384 1385 965.000000
900 901 959.000000
187 209 953.000000
915 916 953.000000
473 474 948.000000
567 568 944.000000
1051 10679 938.000000
416 438 935.000000
748 769 917.000000
921 922 912.000000
545 546 911.000000
418 439 906.000000
1028 10951 904.000000
298 299 903.000000
525 526 901.000000
918 919 901.000000
1029 1051 898.000000
524 525 896.000000
53 54 887.000000
167 168 885.000000
768 790 884.000000
364 386 881.000000
427 449 875.000000
298 320 862.000000
102 103 860.000000
1328 1329 855.000000
288 289 833.000000
289 290 833.000000
290 291 833.000000
291 292 833.000000
292 293 833.000000
1241 1242 832.000000
523 524 830.000000
1185 1186 818.000000
1118 1140 814.000000
937 959 813.000000
1329 1330 810.000000
1330 1331 807.000000
1331 1332 807.000000
331 332 798.000000
332 333 798.000000
333 334 798.000000
334 335 798.000000
335 336 798.000000
336 337 798.000000
337 338 798.000000
338 339 798.000000
352 373 797.000000
526 527 797.000000
806 807 794.000000
10 10137 790.000000
189 211 788.000000
940 962 784.000000
145 146 782.000000
827 828 781.000000
1030 1052 774.000000
872 873 762.000000
873 874 762.000000
874 875 762.000000
792 813 760.000000
484 505 753.000000
118 119 746.000000
10 10192 742.000000
877 878 741.000000
1480 1481 737.000000
293 294 731.000000
294 295 731.000000
287 288 727.000000
1088 1089 718.000000
546 547 715.000000
1208 1230 713.000000
836 857 711.000000
805 806 698.000000
1276 1297 698.000000
140 141 696.000000
897 898 693.000000
1095 1096 688.000000
1031 10658 686.000000
405 406 680.000000
1276 1277 678.000000
101 10317 676.000000
226 227 675.000000
481 482 670.000000
222 223 669.000000
223 224 669.000000
224 225 669.000000
225 226 669.000000
871 872 666.000000
342 364 659.000000
1332 1333 659.000000
1007 10233 658.000000
1006 10104 655.000000
1006 10331 653.000000
1296 1297 651.000000
962 963 645.000000
347 348 644.000000
375 376 641.000000
376 377 641.000000
377 378 641.000000
378 379 641.000000
379 380 641.000000
380 381 641.000000
381 382 641.000000
382 383 641.000000
1490 1491 639.000000
964 965 633.000000
963 964 632.000000
10 10323 629.000000
339 340 622.000000
254 276 619.000000
183 184 618.000000
371 393 617.000000
1528 1550 617.000000
1073 1095 607.000000
833 834 606.000000
1286 1287 606.000000
1287 1288 606.000000
1288 1289 606.000000
1403 1404 606.000000
482 483 605.000000
748 749 605.000000
1186 1187 604.000000
10 10147 601.000000
10 10433 601.000000
10 10595 601.000000
10 10654 601.000000
10 10701 601.000000
10 10753 601.000000
10 10893 601.000000
232 254 601.000000
397 398 599.000000
398 399 599.000000
399 400 599.000000
400 401 599.000000
401 402 599.000000
402 403 599.000000
403 404 599.000000
404 405 599.000000
10 10535 598.000000
790 791 594.000000
1327 1328 593.000000
1051 10544 592.000000
396 418 585.000000
1207 1229 585.000000
272 273 582.000000
273 274 582.000000
547 548 580.000000
1316 1317 579.000000
770 791 578.000000
1166 1187 577.000000
569 570 575.000000
1317 1318 570.000000
1395 1417 568.000000
1267 1268 566.000000
58 59 565.000000
230 252 564.000000
832 854 558.000000
850 851 554.000000
13 35 552.000000
10 10185 548.000000
785 786 547.000000
786 787 547.000000
787 788 547.000000
789 790 547.000000
310 311 546.000000
311 312 546.000000
312 313 546.000000
313 314 546.000000
314 315 546.000000
315 316 546.000000
316 317 546.000000
317 318 546.000000
1163 1164 546.000000
568 569 544.000000
587 588 539.000000
1230 1231 539.000000
1263 1264 535.000000
1264 1265 535.000000
1265 1266 535.000000
1266 1267 535.000000
870 871 532.000000
788 789 529.000000
1502 1503 527.000000
958 959 523.000000
348 349 522.000000
1006 10171 522.000000
330 351 521.000000
349 350 520.000000
350 351 520.000000
418 419 518.000000
419 420 518.000000
420 421 518.000000
421 422 518.000000
422 423 518.000000
423 424 518.000000
424 425 518.000000
425 426 518.000000
426 427 518.000000
1506 1528 515.000000
352 353 511.000000
1028 10969 507.000000
384 406 504.000000
413 435 504.000000
1007 10141 504.000000
471 493 500.000000
720 721 497.000000
721 722 497.000000
722 723 497.000000
1289 1290 496.000000
548 549 492.000000
1556 1557 490.000000
1175 1176 486.000000
295 296 485.000000
1045 1067 485.000000
1298 1319 484.000000
1318 1319 484.000000
297 319 479.000000
10 10111 476.000000
1164 1186 469.000000
74 75 468.000000
325 326 467.000000
1009 10216 463.000000
1364 1365 460.000000
567 589 457.000000
849 850 456.000000
1459 1460 453.000000
1245 1267 448.000000
1321 1322 447.000000
440 462 445.000000
10 10637 437.000000
462 463 434.000000
463 464 434.000000
464 465 434.000000
465 466 434.000000
466 467 434.000000
467 468 434.000000
468 469 434.000000
469 470 434.000000
1067 10768 434.000000
10 10376 432.000000
10 10690 432.000000
1073 10825 426.000000
1176 1198 424.000000
1320 1341 421.000000
1340 1341 421.000000
965 966 419.000000
341 363 418.000000
1349 1350 418.000000
1197 1198 416.000000
1342 1363 416.000000
1361 1362 416.000000
1362 1363 416.000000
255 277 414.000000
1219 1220 412.000000
396 397 411.000000
1232 1233 410.000000
1232 1253 410.000000
1462 1484 409.000000
1072 1094 401.000000
1254 1275 401.000000
1274 1275 401.000000
37 38 394.000000
100 10563 392.000000
1117 1139 390.000000
1045 10962 386.000000
146 147 384.000000
100 10938 381.000000
10 10467 378.000000
10 10623 378.000000
10 10722 376.000000
318 340 375.000000
1007 10933 372.000000
75 97 365.000000
353 354 365.000000
354 355 365.000000
355 356 365.000000
356 357 365.000000
357 358 365.000000
358 359 365.000000
359 360 365.000000
360 361 365.000000
441 442 363.000000
442 443 363.000000
443 444 363.000000
444 445 363.000000
445 446 363.000000
446 447 363.000000
447 448 363.000000
448 449 363.000000
1006 10179 361.000000
723 724 360.000000
414 436 355.000000
211 212 352.000000
1028 10640 351.000000
373 395 347.000000
412 434 343.000000
1154 1155 340.000000
100 10390 338.000000
361 362 338.000000
59 60 335.000000
1469 1470 334.000000
405 427 332.000000
834 835 332.000000
566 567 331.000000
1046 1068 331.000000
11 33 330.000000
878 879 327.000000
1025 10326 327.000000
522 523 326.000000
1320 1321 324.000000
326 327 323.000000
363 385 323.000000
1052 10698 322.000000
1052 10758 322.000000
769 791 321.000000
1322 1323 318.000000
1323 1324 318.000000
1324 1325 318.000000
1325 1326 318.000000
1326 1327 318.000000
748 770 316.000000
1003 10089 316.000000
1552 1574 315.000000
1209 1231 312.000000
892 893 311.000000
80 81 307.000000
1003 10394 307.000000
1003 10525 307.000000
480 502 306.000000
1003 11000 306.000000
106 128 304.000000
124 125 303.000000
803 804 303.000000
1003 10897 303.000000
1003 10538 302.000000
1050 10659 302.000000
104 105 301.000000
105 106 301.000000
1100 1101 301.000000
1100 1121 301.000000
1120 1121 301.000000
16 17 299.000000
100 10490 299.000000
1003 10057 297.000000
327 328 296.000000
328 329 296.000000
308 329 295.000000
589 590 294.000000
590 591 294.000000
591 592 294.000000
1045 10460 294.000000
372 394 289.000000
1029 10429 289.000000
1025 10425 283.000000
1025 10482 281.000000
125 126 279.000000
126 127 279.000000
127 128 279.000000
139 140 276.000000
500 522 276.000000
1045 10588 276.000000
209 231 274.000000
1045 10548 274.000000
1487 1509 274.000000
449 471 272.000000
505 527 270.000000
1047 10628 270.000000
611 612 269.000000
612 613 269.000000
613 614 269.000000
1051 10680 269.000000
781 782 268.000000
782 783 268.000000
1210 1211 268.000000
1210 1231 268.000000
1421 1443 268.000000
1484 1506 267.000000
1006 10969 264.000000
1003 10551 263.000000
1009 10128 261.000000
1051 10941 259.000000
1001 10077 257.000000
1003 10833 257.000000
1342 1343 254.000000
418 440 253.000000
784 785 253.000000
1050 10679 249.000000
1006 10450 248.000000
987 988 247.000000
1002 10545 247.000000
1050 10946 247.000000
1050 10949 247.000000
10 32 246.000000
1001 10261 246.000000
1001 10370 246.000000
1001 10773 246.000000
1023 10688 245.000000
1050 10955 244.000000
1001 10884 243.000000
1003 10671 243.000000
1023 10562 243.000000
1188 1209 243.000000
456 478 242.000000
1046 10807 242.000000
1046 10814 242.000000
1003 10706 241.000000
1068 10771 241.000000
1203 1225 240.000000
1226 1248 239.000000
308 309 238.000000
570 571 236.000000
1003 10792 236.000000
1050 10721 236.000000
1050 10811 236.000000
1003 10684 234.000000
100 10287 233.000000
1003 10095 233.000000
549 571 232.000000
1002 10710 232.000000
1025 10289 232.000000
1028 10575 232.000000
1025 10284 231.000000
1025 10683 231.000000
1046 10636 231.000000
1028 1050 230.000000
1028 10386 230.000000
1024 10285 229.000000
1095 10964 229.000000
1006 10506 228.000000
1006 10783 228.000000
1001 10655 226.000000
1003 10355 226.000000
77 99 225.000000
1001 10480 225.000000
1006 10225 223.000000
1006 10505 223.000000
1028 10842 223.000000
1029 10670 223.000000
661 683 222.000000
1067 10688 221.000000
592 593 219.000000
1262 1263 218.000000
440 441 217.000000
415 437 216.000000
1023 10945 216.000000
1007 10138 215.000000
1164 1165 215.000000
309 331 213.000000
438 460 213.000000
1052 10672 211.000000
450 472 209.000000
100 10950 208.000000
340 362 208.000000
1025 10338 208.000000
1025 10885 208.000000
1051 10922 208.000000
1067 10945 208.000000
166 188 207.000000
1166 1167 207.000000
270 271 206.000000
271 272 206.000000
1068 10741 206.000000
1068 10757 206.000000
1025 10320 205.000000
1074 10925 205.000000
767 789 203.000000
1006 10664 203.000000
1025 10264 202.000000
1025 10919 202.000000
1250 1272 201.000000
277 278 200.000000
1144 1145 200.000000
1144 1165 200.000000
962 984 199.000000
1024 10547 197.000000
1067 10854 197.000000
1029 10399 196.000000
1009 10569 194.000000
1188 1189 194.000000
1189 1190 194.000000
362 384 193.000000
1116 1138 193.000000
1008 10365 192.000000
1007 10206 191.000000
1023 10507 191.000000
1023 10549 191.000000
1023 10854 191.000000
1002 10437 190.000000
1024 10771 189.000000
799 800 186.000000
800 801 186.000000
801 802 186.000000
802 803 186.000000
538 539 185.000000
539 540 185.000000
540 541 185.000000
541 542 185.000000
542 543 185.000000
543 544 185.000000
783 784 185.000000
856 878 185.000000
1006 10775 184.000000
1030 10604 184.000000
1399 1421 184.000000
1006 10476 183.000000
1006 10703 183.000000
1006 10848 183.000000
1006 10902 183.000000
1006 10921 183.000000
677 678 182.000000
678 679 182.000000
1577 1578 182.000000
1009 10732 181.000000
1374 1396 181.000000
1007 10429 180.000000
1030 10419 180.000000
1469 1491 179.000000
1145 1167 178.000000
504 526 177.000000
679 680 176.000000
1051 10892 176.000000
1007 10384 175.000000
733 734 174.000000
734 735 174.000000
735 736 174.000000
736 737 174.000000
737 738 174.000000
738 739 174.000000
1030 10382 174.000000
1030 10445 174.000000
1030 10859 174.000000
1051 10559 174.000000
763 764 173.000000
804 826 172.000000
1052 10916 172.000000
1052 10928 172.000000
1008 10092 171.000000
1069 11000 171.000000
1069 10897 168.000000
1295 1317 168.000000
1436 1437 168.000000
428 450 167.000000
462 483 167.000000
660 661 167.000000
660 681 167.000000
680 681 167.000000
481 503 166.000000
1028 10718 166.000000
1311 1333 166.000000
122 144 165.000000
287 309 165.000000
309 310 165.000000
1006 10788 165.000000
1051 10839 165.000000
1508 1530 165.000000
922 923 163.000000
631 632 162.000000
632 633 161.000000
966 967 161.000000
503 525 160.000000
1006 10965 160.000000
1534 1535 160.000000
723 745 159.000000
1045 10579 159.000000
1291 1313 159.000000
1387 1388 159.000000
1388 1389 159.000000
1389 1390 159.000000
1390 1391 159.000000
1391 1392 159.000000
1393 1415 159.000000
770 771 157.000000
771 772 157.000000
772 773 157.000000
773 774 157.000000
774 775 157.000000
775 776 157.000000
1029 10760 157.000000
31 53 156.000000
484 485 156.000000
485 486 156.000000
486 487 156.000000
487 488 156.000000
488 489 156.000000
489 490 156.000000
490 491 156.000000
491 492 156.000000
492 493 156.000000
1045 10543 156.000000
1045 10978 156.000000
461 483 155.000000
1025 10278 155.000000
1031 10569 154.000000
880 901 153.000000
1182 1204 153.000000
1031 10975 152.000000
1074 10935 152.000000
57 79 151.000000
103 104 151.000000
119 141 150.000000
1365 1366 150.000000
1366 1367 150.000000
1367 1368 150.000000
1368 1369 150.000000
1369 1370 150.000000
200 222 148.000000
326 348 148.000000
374 396 148.000000
675 676 148.000000
1332 1354 148.000000
200 201 147.000000
201 202 147.000000
202 203 147.000000
203 204 147.000000
790 812 147.000000
1531 1553 147.000000
1074 10744 146.000000
1576 1577 146.000000
1028 10407 144.000000
1029 10522 144.000000
374 375 143.000000
436 458 143.000000
1360 1382 142.000000
1575 1576 142.000000
165 187 141.000000
1252 1274 141.000000
1067 10773 140.000000
1386 1387 140.000000
1386 1407 140.000000
1404 1405 140.000000
1405 1406 140.000000
1406 1407 140.000000
53 75 139.000000
941 963 139.000000
1002 10071 139.000000
537 538 138.000000
749 750 138.000000
750 751 138.000000
751 752 138.000000
752 753 138.000000
753 754 138.000000
1008 10266 138.000000
1343 1344 138.000000
1344 1345 138.000000
1345 1346 138.000000
1346 1347 138.000000
1347 1348 138.000000
1397 1419 137.000000
1337 1359 136.000000
724 746 135.000000
963 985 134.000000
1046 10791 134.000000
1030 10365 132.000000
804 805 131.000000
1031 10732 131.000000
33 55 130.000000
548 570 130.000000
1050 10539 130.000000
1051 10888 130.000000
1007 10670 129.000000
470 471 128.000000
1002 10636 128.000000
698 699 127.000000
699 700 127.000000
700 701 127.000000
330 331 126.000000
330 352 126.000000
1008 10817 126.000000
1008 10861 126.000000
1051 10817 126.000000
1051 10861 126.000000
277 299 125.000000
1003 1025 125.000000
1007 10679 125.000000
1008 10805 125.000000
1029 10808 125.000000
1051 10604 125.000000
34 56 124.000000
288 310 124.000000
1001 10422 124.000000
1046 10479 124.000000
1073 10922 124.000000
161 183 123.000000
746 768 123.000000
1001 10548 123.000000
1402 1424 123.000000
821 822 122.000000
822 823 122.000000
823 824 122.000000
762 763 121.000000
1008 10765 121.000000
1277 1278 121.000000
1278 1279 121.000000
1279 1280 121.000000
1280 1281 121.000000
1281 1282 121.000000
1282 1283 121.000000
1030 10395 120.000000
1030 10457 120.000000
1030 10585 120.000000
1050 10903 120.000000
824 825 119.000000
825 826 119.000000
1001 10588 119.000000
1009 10658 118.000000
1006 10136 117.000000
1074 10781 117.000000
813 835 116.000000
1050 10951 116.000000
1051 10765 116.000000
55 77 115.000000
101 10613 115.000000
1009 10975 115.000000
204 205 114.000000
1414 1415 114.000000
391 413 113.000000
393 415 113.000000
1006 10568 113.000000
1073 10839 112.000000
482 504 111.000000
701 702 111.000000
853 875 111.000000
957 958 111.000000
1219 1241 111.000000
1007 10587 110.000000
1069 10833 110.000000
1305 1327 110.000000
958 980 109.000000
1007 10760 109.000000
1051 10859 109.000000
1420 1442 109.000000
515 516 108.000000
516 517 108.000000
517 518 108.000000
518 519 108.000000
519 520 108.000000
520 521 108.000000
820 821 108.000000
253 275 107.000000
472 494 107.000000
814 835 107.000000
1006 10484 107.000000
1008 10888 107.000000
1350 1372 107.000000
265 287 104.000000
1177 1199 104.000000
1009 10145 103.000000
1009 10916 103.000000
1069 10792 103.000000
321 343 102.000000
527 549 102.000000
1002 10297 102.000000
1029 10679 102.000000
1133 1155 102.000000
266 267 101.000000
267 268 101.000000
268 269 101.000000
269 270 101.000000
1051 10719 101.000000
1069 10706 100.000000
1283 1284 100.000000
352 374 98.000000
513 514 97.000000
1270 1292 97.000000
1298 1320 97.000000
1074 10928 96.000000
1268 1290 96.000000
479 501 94.000000
1050 10505 94.000000
524 546 93.000000
842 843 93.000000
872 894 93.000000
506 507 92.000000
506 527 92.000000
507 508 92.000000
508 509 92.000000
509 510 92.000000
510 511 92.000000
511 512 92.000000
512 513 92.000000
1030 10646 91.000000
1051 10646 90.000000
1284 1285 90.000000
745 746 89.000000
1007 10704 89.000000
1031 10916 89.000000
1074 10817 88.000000
793 794 87.000000
794 795 87.000000
795 796 87.000000
796 797 87.000000
797 798 87.000000
1248 1270 87.000000
1006 10831 86.000000
1007 10890 86.000000
1008 10892 86.000000
1052 10900 86.000000
1074 1096 86.000000
265 266 85.000000
1051 10585 85.000000
1211 1212 85.000000
1212 1213 85.000000
1213 1214 85.000000
1214 1215 85.000000
1215 1216 85.000000
1216 1217 85.000000
1217 1218 85.000000
11 1573 84.000000
460 482 84.000000
792 793 84.000000
1030 10765 84.000000
437 459 83.000000
897 919 83.000000
1029 10738 83.000000
1006 10070 82.000000
1029 10384 82.000000
1030 10817 82.000000
1030 10861 82.000000
1072 10721 82.000000
1072 10811 82.000000
1233 1255 82.000000
100 10964 81.000000
211 233 81.000000
523 545 81.000000
1050 10703 81.000000
1050 10775 81.000000
1050 10848 81.000000
1050 10902 81.000000
1050 10921 81.000000
1050 10969 81.000000
1072 10955 81.000000
1072 10965 81.000000
1254 1255 81.000000
100 10143 80.000000
361 383 80.000000
579 580 80.000000
580 581 80.000000
581 582 80.000000
582 583 80.000000
583 584 80.000000
584 585 80.000000
585 586 80.000000
586 587 80.000000
1285 1286 80.000000
1342 1364 80.000000
100 10925 79.000000
959 981 79.000000
1023 10962 79.000000
1072 10946 79.000000
1072 10949 79.000000
102 10322 78.000000
682 683 78.000000
682 703 78.000000
702 703 78.000000
944 945 78.000000
1273 1295 78.000000
1028 10450 77.000000
798 799 76.000000
1030 10888 76.000000
104 10911 75.000000
278 279 75.000000
279 280 75.000000
280 281 75.000000
1029 10725 75.000000
1029 10745 75.000000
1030 10892 75.000000
1251 1273 75.000000
100 10669 74.000000
1028 10506 73.000000
1028 10783 73.000000
1029 10704 73.000000
1029 10877 73.000000
1029 10890 73.000000
1072 10831 73.000000
1074 10900 73.000000
100 10253 72.000000
100 10971 72.000000
1029 10587 72.000000
1072 10788 72.000000
1190 1191 72.000000
1191 1192 72.000000
1192 1193 72.000000
1193 1194 72.000000
1194 1195 72.000000
1195 1196 72.000000
1196 1197 72.000000
1255 1256 72.000000
1256 1257 72.000000
1257 1258 72.000000
1258 1259 72.000000
1259 1260 72.000000
1260 1261 72.000000
1261 1262 72.000000
1029 10603 71.000000
1074 10888 71.000000
117 118 70.000000
117 139 70.000000
667 668 70.000000
668 669 70.000000
669 670 70.000000
670 671 70.000000
671 672 70.000000
672 673 70.000000
673 674 70.000000
740 741 70.000000
1006 10725 70.000000
1006 10738 70.000000
1163 1185 70.000000
1225 1247 70.000000
118 140 69.000000
1072 10783 68.000000
1403 1425 68.000000
144 166 67.000000
610 611 67.000000
1050 10587 67.000000
1050 10890 67.000000
101 10985 66.000000
1007 10825 66.000000
1029 10841 66.000000
676 677 65.000000
812 834 65.000000
1029 10777 65.000000
1029 10810 65.000000
1444 1466 65.000000
521 522 64.000000
908 909 64.000000
909 910 64.000000
910 911 64.000000
911 912 64.000000
912 913 64.000000
1029 10645 64.000000
1097 1119 64.000000
1205 1227 64.000000
1370 1371 64.000000
1028 10505 63.000000
1159 1181 63.000000
406 428 62.000000
719 720 62.000000
1028 10380 62.000000
1028 10703 62.000000
1028 10726 62.000000
1028 10775 62.000000
1028 10808 62.000000
1028 10816 62.000000
1028 10848 62.000000
1028 10877 62.000000
1028 10902 62.000000
1028 10921 62.000000
210 232 61.000000
252 274 61.000000
299 300 61.000000
300 301 61.000000
301 302 61.000000
302 303 61.000000
478 500 61.000000
836 837 61.000000
837 838 61.000000
838 839 61.000000
839 840 61.000000
840 841 61.000000
841 842 61.000000
1050 10934 61.000000
1204 1226 61.000000
101 10661 60.000000
1006 10299 60.000000
1006 10903 60.000000
1072 10745 60.000000
264 265 59.000000
264 285 59.000000
281 282 59.000000
282 283 59.000000
283 284 59.000000
284 285 59.000000
1028 10934 59.000000
1050 10816 59.000000
1095 1117 59.000000
1371 1393 59.000000
101 10199 58.000000
101 10668 58.000000
255 256 58.000000
754 755 58.000000
1006 10645 58.000000
1006 10777 58.000000
1006 10810 58.000000
1006 10841 58.000000
1074 10805 58.000000
1161 1183 58.000000
1443 1465 58.000000
308 330 57.000000
1068 10919 57.000000
572 573 56.000000
572 593 56.000000
1115 1137 56.000000
348 370 55.000000
843 844 55.000000
844 845 55.000000
845 846 55.000000
846 847 55.000000
847 848 55.000000
1029 10825 55.000000
1074 10861 55.000000
1094 10955 55.000000
1355 1377 55.000000
811 833 54.000000
1023 10655 54.000000
303 304 53.000000
462 484 53.000000
726 747 53.000000
746 747 53.000000
1006 10522 53.000000
1006 10603 53.000000
1075 1097 53.000000
1408 1409 53.000000
1408 1429 53.000000
1426 1427 53.000000
1427 1428 53.000000
1428 1429 53.000000
100 10713 52.000000
1006 10268 52.000000
1006 10380 52.000000
1006 10808 52.000000
1006 10816 52.000000
1006 10877 52.000000
1006 10934 52.000000
286 287 51.000000
286 307 51.000000
304 305 51.000000
305 306 51.000000
306 307 51.000000
1008 1030 51.000000
1025 10551 51.000000
1025 10671 51.000000
1110 1111 51.000000
702 724 50.000000
1175 1197 50.000000
1409 1410 50.000000
1410 1411 50.000000
1411 1412 50.000000
1412 1413 50.000000
1413 1414 50.000000
120 142 49.000000
188 210 49.000000
814 815 49.000000
815 816 49.000000
816 817 49.000000
817 818 49.000000
818 819 49.000000
1050 10825 49.000000
1166 1188 49.000000
54 76 48.000000
1024 10545 48.000000
1025 10833 48.000000
1028 10565 48.000000
1074 10859 48.000000
1218 1219 48.000000
1306 1328 48.000000
1358 1380 48.000000
1006 10624 47.000000
1028 10299 47.000000
1028 10484 47.000000
1028 10903 47.000000
375 397 46.000000
483 505 46.000000
704 725 46.000000
724 725 46.000000
741 742 46.000000
742 743 46.000000
743 744 46.000000
744 745 46.000000
943 965 46.000000
1001 1023 46.000000
1023 10884 46.000000
1024 10710 46.000000
1072 10903 46.000000
1187 1209 46.000000
13 1575 45.000000
666 667 45.000000
919 941 45.000000
1028 10522 45.000000
1068 10683 45.000000
1440 1462 45.000000
1049 10640 44.000000
848 849 43.000000
190 191 42.000000
191 192 42.000000
192 193 42.000000
193 194 42.000000
704 705 42.000000
1181 1203 42.000000
100 10260 41.000000
573 574 41.000000
574 575 41.000000
575 576 41.000000
576 577 41.000000
577 578 41.000000
578 579 41.000000
1024 10300 41.000000
1024 10647 41.000000
1233 1234 41.000000
1234 1235 41.000000
1235 1236 41.000000
1236 1237 41.000000
1237 1238 41.000000
1238 1239 41.000000
1239 1240 41.000000
711 712 40.000000
712 713 40.000000
713 714 40.000000
714 715 40.000000
715 716 40.000000
716 717 40.000000
717 718 40.000000
776 777 40.000000
777 778 40.000000
778 779 40.000000
779 780 40.000000
780 781 40.000000
783 805 40.000000
1249 1271 40.000000
394 416 39.000000
617 639 39.000000
639 661 39.000000
1002 10338 39.000000
1025 10628 39.000000
1067 10962 39.000000
1072 10738 39.000000
1074 10941 39.000000
121 143 38.000000
206 228 38.000000
439 461 38.000000
571 593 38.000000
1002 10278 38.000000
1005 10842 38.000000
1025 10394 38.000000
1025 10525 38.000000
1025 11000 38.000000
1138 1160 38.000000
96 97 37.000000
1025 10538 37.000000
1025 10706 37.000000
1025 10792 37.000000
1025 10897 37.000000
417 439 36.000000
528 529 36.000000
529 530 36.000000
530 531 36.000000
531 532 36.000000
532 533 36.000000
533 534 36.000000
534 535 36.000000
739 740 36.000000
770 792 36.000000
920 942 36.000000
1049 10506 36.000000
1049 10783 36.000000
1049 10831 36.000000
1050 1072 36.000000
1073 10933 36.000000
1317 1339 36.000000
56 78 35.000000
1028 10568 35.000000
1028 10664 35.000000
1028 10788 35.000000
1028 10831 35.000000
1028 10965 35.000000
1068 10791 35.000000
1458 1459 35.000000
1452 1453 34.000000
1452 1473 34.000000
1453 1454 34.000000
1454 1455 34.000000
1455 1456 34.000000
1456 1457 34.000000
1457 1458 34.000000
1470 1471 34.000000
1471 1472 34.000000
1472 1473 34.000000
349 371 33.000000
1006 10298 33.000000
1006 10539 33.000000
1006 10565 33.000000
1006 10726 33.000000
1028 10298 33.000000
1028 10539 33.000000
1098 1120 33.000000
1240 1241 33.000000
15 1577 32.000000
718 719 32.000000
1067 10978 32.000000
1075 1076 32.000000
1550 1572 32.000000
35 57 31.000000
327 349 31.000000
732 733 31.000000
826 827 31.000000
900 922 31.000000
1068 10807 31.000000
1068 10814 31.000000
821 843 30.000000
1025 10355 30.000000
1025 10684 30.000000
1072 10725 30.000000
1072 10777 30.000000
1072 10810 30.000000
1072 10841 30.000000
1571 1572 30.000000
557 579 29.000000
755 756 29.000000
756 757 29.000000
757 758 29.000000
758 759 29.000000
827 849 29.000000
1050 10745 29.000000
1392 1393 29.000000
1424 1446 29.000000
1001 10063 28.000000
1001 10611 28.000000
1024 10437 28.000000
1076 1098 28.000000
1146 1147 28.000000
1147 1148 28.000000
1148 1149 28.000000
1149 1150 28.000000
1150 1151 28.000000
1151 1152 28.000000
1152 1153 28.000000
12 1574 27.000000
140 162 27.000000
208 230 27.000000
633 634 27.000000
634 635 27.000000
635 636 27.000000
1007 1029 27.000000
1093 10946 27.000000
1093 10949 27.000000
1316 1338 27.000000
946 947 26.000000
947 948 26.000000
948 949 26.000000
949 950 26.000000
950 951 26.000000
1031 10631 26.000000
1145 1146 26.000000
1160 1182 26.000000
1229 1251 26.000000
1376 1398 26.000000
835 857 25.000000
1327 1349 25.000000
1382 1404 25.000000
103 10767 24.000000
303 325 24.000000
535 536 24.000000
536 537 24.000000
876 898 24.000000
1002 10156 24.000000
1051 10933 24.000000
1168 1169 24.000000
1169 1170 24.000000
1170 1171 24.000000
1171 1172 24.000000
1172 1173 24.000000
1173 1174 24.000000
1174 1175 24.000000
1255 1277 24.000000
1329 1351 24.000000
242 243 23.000000
242 263 23.000000
256 257 23.000000
257 258 23.000000
258 259 23.000000
259 260 23.000000
260 261 23.000000
261 262 23.000000
262 263 23.000000
1023 10261 23.000000
1023 10370 23.000000
1023 10480 23.000000
1023 10773 23.000000
1071 10842 23.000000
1305 1306 23.000000
59 81 22.000000
616 617 22.000000
616 637 22.000000
636 637 22.000000
661 662 22.000000
662 663 22.000000
663 664 22.000000
664 665 22.000000
665 666 22.000000
701 723 22.000000
916 938 22.000000
1072 10934 22.000000
1513 1535 22.000000
514 515 21.000000
528 549 21.000000
946 967 21.000000
1001 10061 21.000000
1024 10479 21.000000
1046 10833 21.000000
1072 10808 21.000000
1072 10877 21.000000
1186 1208 21.000000
1202 1224 21.000000
1283 1305 21.000000
1314 1336 21.000000
1372 1394 21.000000
1377 1399 21.000000
139 161 20.000000
1052 10805 20.000000
1072 10775 20.000000
1072 10816 20.000000
1072 10848 20.000000
1072 10902 20.000000
1072 10921 20.000000
1072 10951 20.000000
1079 1101 20.000000
1198 1220 20.000000
1254 1276 20.000000
1318 1340 20.000000
1464 1486 20.000000
100 10040 19.000000
102 10954 19.000000
190 212 19.000000
535 557 19.000000
683 684 19.000000
684 685 19.000000
685 686 19.000000
686 687 19.000000
687 688 19.000000
727 728 19.000000
728 729 19.000000
729 730 19.000000
730 731 19.000000
731 732 19.000000
915 937 19.000000
1024 10284 19.000000
1024 10289 19.000000
1051 1073 19.000000
1072 10969 19.000000
1153 1154 19.000000
1313 1335 19.000000
1373 1395 19.000000
32 54 18.000000
36 58 18.000000
266 288 18.000000
726 727 18.000000
828 850 18.000000
930 931 18.000000
931 932 18.000000
932 933 18.000000
933 934 18.000000
934 935 18.000000
1002 10038 18.000000
1023 10537 18.000000
1046 10525 18.000000
1046 10792 18.000000
1046 11000 18.000000
1049 10568 18.000000
1049 10664 18.000000
1049 10718 18.000000
1049 10965 18.000000
595 617 17.000000
880 881 17.000000
881 882 17.000000
882 883 17.000000
883 884 17.000000
884 885 17.000000
885 886 17.000000
935 936 17.000000
1009 10631 17.000000
1046 10538 17.000000
1046 10706 17.000000
1046 10897 17.000000
1271 1293 17.000000
1284 1306 17.000000
1300 1301 17.000000
1301 1302 17.000000
1302 1303 17.000000
1303 1304 17.000000
1304 1305 17.000000
1336 1358 17.000000
281 303 16.000000
392 414 16.000000
434 456 16.000000
745 767 16.000000
759 760 16.000000
760 761 16.000000
761 762 16.000000
1024 10440 16.000000
1024 10791 16.000000
1067 1089 16.000000
1079 1080 16.000000
1080 1081 16.000000
1081 1082 16.000000
1082 1083 16.000000
1083 1084 16.000000
1084 1085 16.000000
1085 1086 16.000000
1086 1087 16.000000
1087 1088 16.000000
1096 1097 16.000000
1184 1206 16.000000
1465 1487 16.000000
383 405 15.000000
573 595 15.000000
680 702 15.000000
913 914 15.000000
1024 10636 15.000000
1031 10365 15.000000
1120 1142 15.000000
1142 1164 15.000000
1165 1187 15.000000
1167 1168 15.000000
100 10393 14.000000
296 318 14.000000
557 558 14.000000
674 675 14.000000
788 810 14.000000
799 821 14.000000
1006 1028 14.000000
1122 1123 14.000000
1122 1143 14.000000
1123 1124 14.000000
1124 1125 14.000000
1125 1126 14.000000
1126 1127 14.000000
1127 1128 14.000000
1128 1129 14.000000
1129 1130 14.000000
1130 1131 14.000000
1131 1132 14.000000
1141 1142 14.000000
1142 1143 14.000000
1298 1299 14.000000
1299 1300 14.000000
1354 1376 14.000000
1356 1378 14.000000
103 10328 13.000000
697 698 13.000000
944 966 13.000000
1045 10636 13.000000
1050 10645 13.000000
1050 10725 13.000000
1050 10738 13.000000
1050 10777 13.000000
1050 10810 13.000000
1050 10841 13.000000
1101 1102 13.000000
1102 1103 13.000000
1103 1104 13.000000
1104 1105 13.000000
1105 1106 13.000000
1106 1107 13.000000
1107 1108 13.000000
1108 1109 13.000000
1109 1110 13.000000
1509 1531 13.000000
14 36 12.000000
102 10889 12.000000
103 10794 12.000000
103 10826 12.000000
167 189 12.000000
244 245 12.000000
245 246 12.000000
246 247 12.000000
247 248 12.000000
274 296 12.000000
805 827 12.000000
848 870 12.000000
871 893 12.000000
1003 10628 12.000000
1046 10551 12.000000
1046 10671 12.000000
1046 10684 12.000000
1049 10575 12.000000
1049 10788 12.000000
1050 10603 12.000000
1094 1116 12.000000
1289 1311 12.000000
102 10829 11.000000
611 633 11.000000
696 697 11.000000
1002 10107 11.000000
1002 10264 11.000000
1002 10289 11.000000
1002 10479 11.000000
1002 10919 11.000000
1050 10522 11.000000
1168 1190 11.000000
243 244 10.000000
243 265 10.000000
814 836 10.000000
834 856 10.000000
966 988 10.000000
979 980 10.000000
1002 10284 10.000000
1002 10320 10.000000
1002 10440 10.000000
1002 10683 10.000000
1002 10791 10.000000
1002 10885 10.000000
1046 10482 10.000000
1050 10808 10.000000
1050 10877 10.000000
1333 1355 10.000000
102 10967 9.000000
168 169 9.000000
169 170 9.000000
170 171 9.000000
171 172 9.000000
435 457 9.000000
733 755 9.000000
791 813 9.000000
819 820 9.000000
1002 10210 9.000000
1002 10300 9.000000
1002 10647 9.000000
1074 10892 9.000000
1137 1159 9.000000
1153 1175 9.000000
10 1572 8.000000
101 10577 8.000000
102 10496 8.000000
550 551 8.000000
550 571 8.000000
551 552 8.000000
552 553 8.000000
553 554 8.000000
554 555 8.000000
555 556 8.000000
556 557 8.000000
858 859 8.000000
858 879 8.000000
859 860 8.000000
860 861 8.000000
861 862 8.000000
862 863 8.000000
863 864 8.000000
1001 10093 8.000000
1001 10552 8.000000
1052 1074 8.000000
1139 1161 8.000000
1240 1262 8.000000
1246 1268 8.000000
526 548 7.000000
893 915 7.000000
924 925 7.000000
924 945 7.000000
925 926 7.000000
926 927 7.000000
927 928 7.000000
928 929 7.000000
929 930 7.000000
1045 10545 7.000000
1052 10892 7.000000
1093 10934 7.000000
1093 10951 7.000000
1093 10969 7.000000
76 98 6.000000
145 167 6.000000
183 205 6.000000
343 365 6.000000
351 373 6.000000
589 611 6.000000
623 624 6.000000
624 625 6.000000
625 626 6.000000
626 627 6.000000
627 628 6.000000
628 629 6.000000
629 630 6.000000
630 631 6.000000
679 701 6.000000
810 832 6.000000
914 936 6.000000
1002 1024 6.000000
1154 1176 6.000000
1230 1252 6.000000
1231 1253 6.000000
1262 1284 6.000000
1285 1307 6.000000
299 321 5.000000
513 535 5.000000
854 876 5.000000
878 900 5.000000
898 920 5.000000
922 944 5.000000
946 968 5.000000
968 989 5.000000
988 989 5.000000
1090 11000 5.000000
1097 1098 5.000000
1185 1207 5.000000
220 221 4.000000
220 241 4.000000
221 222 4.000000
234 235 4.000000
235 236 4.000000
236 237 4.000000
237 238 4.000000
238 239 4.000000
239 240 4.000000
240 241 4.000000
390 412 4.000000
594 595 4.000000
594 615 4.000000
614 615 4.000000
704 726 4.000000
726 748 4.000000
1045 10710 4.000000
1049 10842 4.000000
1056 1057 4.000000
1056 1077 4.000000
1057 1079 4.000000
1076 1077 4.000000
1093 10965 4.000000
1241 1263 4.000000
1267 1289 4.000000
1328 1350 4.000000
1348 1349 4.000000
52 53 3.000000
52 74 3.000000
102 10957 3.000000
502 524 3.000000
762 784 3.000000
850 872 3.000000
965 987 3.000000
1227 1249 3.000000
1300 1322 3.000000
1330 1352 3.000000
1352 1374 3.000000
60 61 2.000000
61 62 2.000000
62 84 2.000000
125 147 2.000000
186 208 2.000000
244 266 2.000000
304 326 2.000000
558 559 2.000000
559 560 2.000000
560 561 2.000000
561 562 2.000000
562 563 2.000000
563 564 2.000000
564 565 2.000000
565 566 2.000000
595 596 2.000000
596 597 2.000000
597 598 2.000000
598 599 2.000000
599 600 2.000000
710 732 2.000000
711 733 2.000000
789 811 2.000000
849 871 2.000000
886 887 2.000000
887 888 2.000000
888 889 2.000000
889 890 2.000000
890 891 2.000000
891 892 2.000000
921 943 2.000000
936 958 2.000000
1023 10353 2.000000
1023 10422 2.000000
1023 10543 2.000000
1023 10548 2.000000
1023 10579 2.000000
1023 10588 2.000000
1023 10978 2.000000
1024 1046 2.000000
1046 10683 2.000000
1046 10885 2.000000
1046 10919 2.000000
1088 10945 2.000000
1088 10962 2.000000
1093 1115 2.000000
1146 1168 2.000000
1349 1371 2.000000
1351 1373 2.000000
81 82 1.000000
82 83 1.000000
83 84 1.000000
132 133 1.000000
132 153 1.000000
133 134 1.000000
134 135 1.000000
135 136 1.000000
136 137 1.000000
137 138 1.000000
138 139 1.000000
151 152 1.000000
152 153 1.000000
176 177 1.000000
176 197 1.000000
177 178 1.000000
178 200 1.000000
184 206 1.000000
194 195 1.000000
195 196 1.000000
196 197 1.000000
329 351 1.000000
339 361 1.000000
666 688 1.000000
688 710 1.000000
705 706 1.000000
706 707 1.000000
707 708 1.000000
708 709 1.000000
709 710 1.000000
809 831 1.000000
831 853 1.000000
902 903 1.000000
902 923 1.000000
903 904 1.000000
904 905 1.000000
905 906 1.000000
906 907 1.000000
907 908 1.000000
935 957 1.000000
964 986 1.000000
1001 10285 1.000000
1045 10547 1.000000
1045 10771 1.000000
1140 1162 1.000000
1224 1246 1.000000
1274 1296 1.000000
1496 1497 1.000000
1496 1517 1.000000
1497 1498 1.000000
1498 1499 1.000000
1499 1500 1.000000
1500 1501 1.000000
1501 1502 1.000000
1514 1515 1.000000
1515 1516 1.000000
1516 1517 1.000000
1530 1552 1.000000
