1338 1339 15431.000000
410 411 14797.000000
411 412 14797.000000
412 413 14797.000000
413 414 14797.000000
14 15 14551.000000
367 368 14447.000000
368 369 14447.000000
369 370 14447.000000
366 367 12916.000000
1360 1361 11482.000000
1382 1383 11400.000000
1381 1382 11219.000000
370 371 11130.000000
388 389 10724.000000
389 390 10724.000000
390 391 10724.000000
391 392 10724.000000
12 13 10600.000000
1403 1404 10360.000000
13 14 10146.000000
414 415 10078.000000
1027 1028 9951.000000
1028 1029 9951.000000
1206 1207 9913.000000
1379 1380 9881.000000
1339 1340 9860.000000
277 278 9789.000000
1380 1381 9745.000000
1163 1164 9743.000000
1398 1399 9495.000000
11 12 9451.000000
1447 1448 9434.000000
409 410 9362.000000
1337 1338 9353.000000
1162 1163 8968.000000
1207 1208 8928.000000
1399 1400 8786.000000
415 416 8754.000000
1396 1397 8727.000000
1397 1398 8727.000000
276 277 8430.000000
1119 1120 8250.000000
387 388 8247.000000
1184 1185 8196.000000
1404 1405 8116.000000
233 234 8039.000000
1316 1317 7983.000000
1251 1252 7823.000000
365 366 7664.000000
1426 1427 7542.000000
1400 1401 7426.000000
1402 1403 7401.000000
1205 1206 7383.000000
1424 1425 7348.000000
1118 1119 7302.000000
1336 1337 7233.000000
1026 1027 7191.000000
1425 1426 7186.000000
1030 1031 7149.000000
1401 1402 7050.000000
1446 1447 6944.000000
1358 1359 6934.000000
1359 1360 6740.000000
1029 1030 6616.000000
1117 1118 6583.000000
502 503 6504.000000
1183 1184 6316.000000
1395 1396 6306.000000
371 372 6295.000000
1161 1162 6290.000000
1025 1026 6152.000000
1182 1183 6127.000000
1423 1424 5981.000000
1445 1446 5919.000000
254 255 5785.000000
1252 1253 5711.000000
1120 1121 5661.000000
144 145 5611.000000
1048 1049 5552.000000
1049 1050 5552.000000
1050 1051 5552.000000
416 417 5535.000000
145 146 5476.000000
1440 1441 5470.000000
1378 1379 5451.000000
35 36 5371.000000
1250 1251 5361.000000
15 16 5335.000000
1442 1443 5284.000000
1335 1336 5267.000000
1444 1445 5157.000000
1443 1444 5123.000000
432 433 5104.000000
433 434 5104.000000
434 435 5104.000000
211 212 5007.000000
392 393 4993.000000
1357 1358 4962.000000
983 984 4912.000000
984 985 4912.000000
985 986 4828.000000
1441 1442 4807.000000
1004 1005 4802.000000
1005 1006 4802.000000
1006 1007 4802.000000
343 344 4779.000000
812 813 4747.000000
1530 1531 4717.000000
1529 1530 4697.000000
100 101 4617.000000
1204 1205 4614.000000
1248 1249 4569.000000
454 455 4489.000000
455 456 4489.000000
456 457 4489.000000
457 458 4489.000000
1185 1186 4458.000000
589 590 4383.000000
1249 1250 4222.000000
1375 1376 4215.000000
1422 1423 4187.000000
101 102 4172.000000
1227 1228 4161.000000
1074 1075 4142.000000
458 459 4071.000000
1315 1316 4037.000000
1314 1315 4007.000000
1376 1377 4007.000000
1226 1227 3981.000000
1141 1142 3972.000000
1531 1532 3950.000000
1317 1318 3938.000000
1070 1071 3930.000000
1071 1072 3930.000000
1072 1073 3930.000000
1439 1440 3924.000000
1293 1294 3885.000000
1200 1201 3884.000000
1201 1202 3884.000000
1202 1203 3884.000000
1203 1204 3878.000000
1294 1295 3864.000000
1047 1048 3858.000000
1464 1465 3791.000000
1208 1209 3782.000000
809 810 3776.000000
810 811 3776.000000
143 144 3742.000000
1377 1378 3738.000000
811 812 3703.000000
1092 1093 3684.000000
1093 1094 3684.000000
1465 1466 3676.000000
189 190 3673.000000
435 436 3649.000000
1114 1115 3543.000000
1115 1116 3543.000000
1228 1229 3518.000000
393 394 3507.000000
344 345 3501.000000
345 346 3501.000000
346 347 3501.000000
347 348 3501.000000
58 59 3500.000000
348 349 3499.000000
1292 1293 3499.000000
1188 1209 3463.000000
232 233 3387.000000
1095 1096 3387.000000
187 188 3375.000000
1140 1141 3374.000000
1116 1117 3347.000000
370 392 3320.000000
1178 1179 3309.000000
1179 1180 3309.000000
1180 1181 3309.000000
1295 1296 3306.000000
1313 1314 3304.000000
277 299 3292.000000
385 386 3265.000000
1003 1004 3256.000000
459 460 3255.000000
186 187 3243.000000
1008 1009 3179.000000
1532 1533 3179.000000
1232 1253 3178.000000
1164 1165 3169.000000
1421 1422 3144.000000
1574 1575 3130.000000
1091 1092 3126.000000
1573 1574 3101.000000
436 437 3097.000000
364 365 3083.000000
320 321 3079.000000
1462 1463 3078.000000
1418 1419 3077.000000
1420 1421 3055.000000
1419 1420 3033.000000
982 983 3026.000000
1073 1074 3005.000000
16 17 2989.000000
1533 1534 2987.000000
190 191 2974.000000
1468 1469 2971.000000
1534 1535 2969.000000
278 279 2959.000000
1339 1361 2934.000000
1181 1182 2918.000000
1469 1470 2914.000000
146 147 2902.000000
188 189 2897.000000
396 417 2895.000000
386 387 2889.000000
939 940 2868.000000
940 941 2868.000000
941 942 2832.000000
1383 1384 2802.000000
142 143 2773.000000
503 504 2769.000000
1271 1272 2760.000000
430 431 2707.000000
79 80 2704.000000
1356 1357 2683.000000
1051 1052 2680.000000
1575 1576 2679.000000
322 323 2676.000000
1467 1468 2672.000000
1466 1467 2663.000000
1046 1047 2656.000000
255 256 2644.000000
1094 1095 2612.000000
1052 1053 2600.000000
1229 1230 2590.000000
323 324 2581.000000
324 325 2581.000000
325 326 2581.000000
326 327 2580.000000
1374 1375 2568.000000
342 343 2564.000000
1222 1223 2540.000000
1223 1224 2540.000000
1224 1225 2540.000000
1461 1462 2529.000000
57 58 2508.000000
321 322 2494.000000
1334 1335 2477.000000
460 461 2451.000000
1489 1490 2445.000000
1096 1097 2439.000000
1075 1076 2430.000000
855 856 2413.000000
856 857 2413.000000
480 481 2412.000000
504 505 2408.000000
1490 1491 2398.000000
1272 1273 2397.000000
1355 1356 2396.000000
1120 1142 2382.000000
234 256 2371.000000
121 122 2365.000000
1491 1492 2365.000000
1139 1140 2350.000000
372 373 2325.000000
1552 1553 2321.000000
120 121 2319.000000
1463 1464 2302.000000
36 37 2301.000000
408 409 2283.000000
1009 1010 2279.000000
1486 1487 2266.000000
1163 1185 2250.000000
1221 1222 2236.000000
1113 1114 2222.000000
278 300 2221.000000
1090 1091 2215.000000
234 235 2213.000000
1417 1418 2192.000000
321 343 2191.000000
1553 1554 2190.000000
185 186 2189.000000
78 79 2185.000000
1488 1489 2183.000000
429 430 2166.000000
437 438 2159.000000
1340 1341 2157.000000
59 60 2104.000000
1353 1354 2100.000000
1354 1355 2098.000000
961 962 2095.000000
962 963 2095.000000
986 987 2081.000000
1069 1070 2080.000000
431 432 2040.000000
372 394 2002.000000
921 922 2000.000000
1230 1231 1999.000000
1270 1271 1988.000000
1352 1353 1984.000000
1331 1332 1979.000000
1332 1333 1977.000000
590 591 1960.000000
1007 1008 1954.000000
60 61 1945.000000
1508 1509 1945.000000
1513 1514 1926.000000
396 397 1917.000000
1333 1334 1903.000000
1273 1274 1892.000000
1361 1362 1879.000000
147 148 1865.000000
792 813 1851.000000
1244 1245 1837.000000
1245 1246 1837.000000
1246 1247 1837.000000
1144 1165 1822.000000
352 373 1771.000000
417 439 1759.000000
428 429 1755.000000
56 57 1752.000000
394 395 1747.000000
438 439 1747.000000
319 320 1718.000000
1487 1488 1709.000000
1512 1513 1694.000000
481 482 1686.000000
1509 1510 1686.000000
122 123 1676.000000
299 300 1676.000000
1177 1178 1676.000000
1470 1471 1671.000000
938 939 1668.000000
343 365 1666.000000
1351 1352 1654.000000
987 988 1635.000000
327 349 1616.000000
1576 1577 1616.000000
1156 1157 1606.000000
1157 1158 1606.000000
1158 1159 1606.000000
1159 1160 1606.000000
374 395 1599.000000
451 452 1586.000000
981 982 1571.000000
545 546 1568.000000
80 81 1567.000000
397 398 1561.000000
102 103 1558.000000
922 923 1545.000000
34 35 1542.000000
76 77 1529.000000
55 56 1528.000000
77 78 1516.000000
960 961 1507.000000
959 960 1505.000000
229 230 1496.000000
230 231 1496.000000
212 213 1495.000000
352 353 1494.000000
877 878 1490.000000
407 408 1477.000000
1535 1536 1476.000000
1291 1292 1475.000000
546 547 1471.000000
1511 1512 1470.000000
164 165 1462.000000
231 232 1461.000000
833 834 1458.000000
145 167 1439.000000
965 966 1426.000000
1485 1486 1424.000000
1225 1226 1407.000000
462 483 1405.000000
1318 1319 1402.000000
452 453 1399.000000
1287 1288 1395.000000
1288 1289 1395.000000
1296 1297 1395.000000
123 124 1393.000000
1289 1290 1393.000000
1186 1187 1379.000000
165 166 1365.000000
525 526 1363.000000
917 918 1360.000000
918 919 1360.000000
919 920 1360.000000
1144 1166 1358.000000
349 350 1351.000000
374 375 1350.000000
462 463 1349.000000
17 18 1348.000000
1135 1136 1347.000000
1136 1137 1347.000000
1137 1138 1347.000000
37 38 1340.000000
851 852 1339.000000
1290 1291 1330.000000
453 454 1318.000000
1510 1511 1316.000000
1031 1032 1312.000000
1007 10225 1274.000000
101 123 1272.000000
1031 1053 1269.000000
1160 1161 1256.000000
830 831 1253.000000
831 832 1253.000000
832 833 1253.000000
1504 1505 1229.000000
1505 1506 1229.000000
1506 1507 1229.000000
1164 1186 1225.000000
1383 1405 1215.000000
1577 1578 1208.000000
814 835 1207.000000
472 473 1198.000000
964 965 1182.000000
834 835 1174.000000
298 299 1164.000000
1188 1189 1148.000000
920 921 1143.000000
852 853 1141.000000
853 854 1141.000000
854 855 1141.000000
475 476 1136.000000
476 477 1136.000000
477 478 1136.000000
478 479 1136.000000
1026 10355 1133.000000
299 321 1131.000000
1166 1187 1131.000000
484 505 1126.000000
503 525 1125.000000
98 99 1110.000000
1138 1139 1110.000000
547 548 1096.000000
167 168 1094.000000
168 169 1093.000000
963 964 1088.000000
836 857 1084.000000
1438 1439 1082.000000
1269 1270 1072.000000
482 483 1059.000000
1330 1331 1059.000000
1274 1275 1057.000000
1578 1579 1056.000000
33 34 1052.000000
163 164 1051.000000
256 278 1031.000000
251 252 1028.000000
252 253 1028.000000
38 39 1020.000000
1220 1221 1020.000000
899 900 1019.000000
900 901 1019.000000
528 549 1013.000000
440 461 1004.000000
81 82 999.000000
896 897 999.000000
897 898 999.000000
440 441 998.000000
1394 1395 994.000000
311 312 989.000000
312 313 989.000000
313 314 989.000000
314 315 989.000000
315 316 989.000000
316 317 989.000000
317 318 989.000000
318 319 989.000000
497 498 979.000000
498 499 979.000000
499 500 979.000000
500 501 979.000000
1247 1248 973.000000
166 167 965.000000
327 328 964.000000
524 525 964.000000
371 393 961.000000
770 791 959.000000
966 967 947.000000
523 524 943.000000
765 766 942.000000
766 767 942.000000
767 768 942.000000
768 769 940.000000
1373 1374 940.000000
363 364 937.000000
473 474 933.000000
474 475 933.000000
1350 1351 924.000000
1554 1555 924.000000
253 254 913.000000
1448 1449 912.000000
1112 1113 910.000000
141 142 909.000000
245 246 909.000000
246 247 909.000000
247 248 909.000000
248 249 909.000000
1286 1287 902.000000
808 809 886.000000
943 944 884.000000
1295 1317 884.000000
1077 1099 876.000000
501 502 871.000000
942 943 871.000000
353 354 866.000000
1507 1529 854.000000
502 524 849.000000
880 901 848.000000
102 10577 846.000000
722 723 843.000000
723 724 843.000000
724 725 843.000000
792 793 841.000000
814 815 838.000000
988 989 830.000000
1076 1077 828.000000
898 899 824.000000
1208 1230 811.000000
748 769 810.000000
548 549 808.000000
1025 10341 808.000000
850 851 806.000000
944 945 804.000000
895 896 787.000000
418 439 786.000000
210 211 783.000000
276 298 783.000000
894 895 779.000000
1463 1485 776.000000
1342 1343 774.000000
1189 1190 766.000000
1320 1341 766.000000
1051 10811 762.000000
1134 1135 761.000000
415 437 757.000000
1252 1274 756.000000
769 791 755.000000
748 749 754.000000
1243 1244 754.000000
1297 1319 753.000000
119 120 750.000000
355 356 750.000000
356 357 750.000000
357 358 750.000000
358 359 750.000000
359 360 750.000000
360 361 750.000000
361 362 750.000000
362 363 750.000000
1210 1231 749.000000
441 442 744.000000
250 251 739.000000
1296 1318 738.000000
1098 1099 735.000000
1312 1313 735.000000
743 744 732.000000
744 745 732.000000
745 746 732.000000
1320 1321 724.000000
1321 1322 724.000000
479 480 723.000000
484 485 721.000000
300 322 715.000000
1008 10270 715.000000
1416 1417 715.000000
1097 1098 710.000000
300 301 709.000000
1199 1200 700.000000
328 350 691.000000
190 212 683.000000
1362 1363 683.000000
331 332 681.000000
1030 10659 679.000000
330 331 662.000000
1555 1556 656.000000
1010 10128 652.000000
416 438 649.000000
330 351 646.000000
1276 1297 645.000000
916 917 644.000000
273 274 642.000000
274 275 642.000000
275 276 642.000000
1007 10450 640.000000
654 655 630.000000
790 791 628.000000
375 376 627.000000
1384 1385 627.000000
770 771 622.000000
1342 1363 622.000000
924 945 621.000000
188 210 611.000000
350 351 610.000000
1026 10300 607.000000
406 407 603.000000
746 747 600.000000
1075 1097 599.000000
878 879 598.000000
1556 1557 597.000000
459 481 595.000000
1053 1054 594.000000
526 527 591.000000
320 342 579.000000
418 419 578.000000
100 10128 577.000000
249 250 575.000000
633 634 575.000000
496 497 570.000000
1003 10611 564.000000
420 421 563.000000
421 422 563.000000
422 423 563.000000
423 424 563.000000
424 425 563.000000
425 426 563.000000
426 427 563.000000
427 428 563.000000
1557 1558 561.000000
162 163 560.000000
228 229 559.000000
1470 1492 556.000000
1008 10298 555.000000
429 451 554.000000
101 10938 546.000000
873 874 544.000000
874 875 544.000000
875 876 544.000000
528 529 539.000000
13 35 537.000000
289 290 530.000000
290 291 530.000000
291 292 530.000000
292 293 530.000000
293 294 530.000000
294 295 530.000000
295 296 530.000000
296 297 530.000000
591 592 522.000000
1068 1069 519.000000
1004 10628 512.000000
124 125 508.000000
1119 1141 508.000000
829 830 507.000000
1276 1277 506.000000
1277 1278 506.000000
1144 1145 504.000000
1145 1146 504.000000
828 829 502.000000
1507 1508 500.000000
495 496 496.000000
1190 1191 496.000000
1298 1299 492.000000
1299 1300 492.000000
167 189 491.000000
1265 1266 488.000000
1266 1267 488.000000
1267 1268 488.000000
836 837 479.000000
749 750 476.000000
1268 1269 476.000000
761 762 469.000000
461 483 467.000000
1048 10628 466.000000
102 10335 463.000000
506 527 461.000000
858 879 461.000000
1074 1096 456.000000
1002 1003 455.000000
1466 1488 454.000000
1298 1319 450.000000
726 747 447.000000
569 570 446.000000
210 232 445.000000
1003 1025 444.000000
207 208 442.000000
442 443 438.000000
443 444 438.000000
444 445 438.000000
445 446 438.000000
446 447 438.000000
447 448 438.000000
448 449 438.000000
449 450 438.000000
726 727 438.000000
1007 10361 438.000000
1364 1385 435.000000
902 923 433.000000
103 104 428.000000
256 257 428.000000
590 612 428.000000
876 877 427.000000
100 10092 425.000000
517 518 422.000000
518 519 422.000000
519 520 422.000000
520 521 422.000000
521 522 422.000000
522 523 422.000000
807 808 420.000000
1009 10670 420.000000
567 568 419.000000
727 728 418.000000
101 10758 413.000000
385 407 413.000000
101 10605 412.000000
101 10698 412.000000
1329 1330 411.000000
398 399 409.000000
399 400 409.000000
400 401 409.000000
401 402 409.000000
402 403 409.000000
403 404 409.000000
404 405 409.000000
405 406 409.000000
125 126 402.000000
267 268 402.000000
268 269 402.000000
269 270 402.000000
270 271 402.000000
271 272 402.000000
942 964 399.000000
32 33 397.000000
149 150 395.000000
150 151 395.000000
151 152 395.000000
1025 10370 394.000000
1025 10773 394.000000
1025 10854 392.000000
1025 10945 392.000000
1027 10355 392.000000
103 10917 391.000000
191 192 391.000000
528 550 390.000000
570 571 387.000000
1025 10688 384.000000
208 209 383.000000
209 210 383.000000
15 37 379.000000
1025 10962 377.000000
1460 1461 376.000000
441 463 370.000000
1046 10562 370.000000
1046 10507 368.000000
725 747 366.000000
1142 1143 365.000000
366 388 364.000000
57 79 363.000000
1366 1367 360.000000
255 277 357.000000
1165 1187 354.000000
376 377 351.000000
377 378 351.000000
378 379 351.000000
379 380 351.000000
380 381 351.000000
381 382 351.000000
382 383 351.000000
383 384 351.000000
384 385 351.000000
1003 10063 349.000000
1352 1374 346.000000
1178 1200 345.000000
430 452 344.000000
937 938 344.000000
1367 1368 344.000000
1368 1369 344.000000
1369 1370 344.000000
1370 1371 344.000000
1371 1372 344.000000
572 593 343.000000
592 593 343.000000
1025 10261 343.000000
1025 10548 342.000000
1008 10280 341.000000
1032 10631 341.000000
420 442 339.000000
1254 1275 339.000000
1008 10299 338.000000
406 428 336.000000
1025 10543 332.000000
1003 10579 328.000000
1003 10588 328.000000
1007 10476 324.000000
189 211 323.000000
272 273 323.000000
704 725 320.000000
704 705 318.000000
964 986 318.000000
1232 1233 318.000000
1233 1234 318.000000
1234 1235 318.000000
101 10672 317.000000
233 255 317.000000
1254 1255 316.000000
1255 1256 316.000000
1009 10109 312.000000
77 99 311.000000
705 706 311.000000
120 142 308.000000
1007 10386 308.000000
484 506 304.000000
144 166 303.000000
525 547 303.000000
1322 1323 301.000000
1010 10569 295.000000
1249 1271 294.000000
308 309 291.000000
308 329 291.000000
309 310 291.000000
328 329 291.000000
792 814 291.000000
1025 10422 291.000000
1025 10480 291.000000
1025 10547 291.000000
1147 1169 291.000000
1027 10525 290.000000
211 233 289.000000
1026 10437 289.000000
1031 10382 289.000000
1047 10710 289.000000
35 57 287.000000
1381 1403 287.000000
1026 10636 286.000000
1027 10394 286.000000
1027 10792 286.000000
1027 11000 286.000000
1027 10833 284.000000
793 794 283.000000
1008 10136 283.000000
1364 1365 283.000000
1365 1366 283.000000
206 207 282.000000
289 311 282.000000
450 451 282.000000
1442 1464 282.000000
1004 10482 281.000000
352 374 277.000000
342 364 276.000000
1146 1147 276.000000
1025 10978 275.000000
1025 10884 274.000000
1030 10951 274.000000
1047 10757 274.000000
14 36 273.000000
762 763 270.000000
1482 1483 270.000000
1483 1484 270.000000
1484 1485 270.000000
12 34 268.000000
1232 1254 267.000000
1046 10768 266.000000
1427 1449 264.000000
1008 10138 262.000000
100 10072 258.000000
460 482 258.000000
1003 10226 258.000000
1003 10285 258.000000
1210 1211 257.000000
1211 1212 257.000000
438 460 254.000000
54 55 252.000000
363 385 252.000000
104 105 251.000000
1004 10425 251.000000
121 143 249.000000
1004 10326 248.000000
1008 10429 248.000000
1007 10250 247.000000
1007 10640 247.000000
1486 1508 247.000000
1051 10842 246.000000
1074 10955 245.000000
1532 1554 244.000000
1030 10969 240.000000
191 213 239.000000
1053 10900 237.000000
1070 10807 237.000000
1070 10814 237.000000
185 207 236.000000
1026 10440 235.000000
322 344 231.000000
1030 10946 231.000000
254 276 230.000000
301 302 230.000000
302 303 230.000000
303 304 230.000000
304 305 230.000000
305 306 230.000000
1031 10384 230.000000
1031 10395 230.000000
1031 10585 230.000000
373 395 229.000000
789 790 228.000000
786 787 227.000000
787 788 227.000000
788 789 227.000000
1025 10353 227.000000
119 141 226.000000
286 287 226.000000
286 307 226.000000
287 288 226.000000
306 307 226.000000
1031 10670 226.000000
245 267 225.000000
341 342 225.000000
1031 10719 224.000000
1048 10706 224.000000
100 10658 223.000000
506 507 223.000000
1030 10357 223.000000
1030 10811 223.000000
1030 10949 223.000000
1426 1448 223.000000
1007 10842 222.000000
1121 1143 222.000000
1009 10646 220.000000
1030 1052 220.000000
100 10975 219.000000
353 375 219.000000
439 461 219.000000
1030 10539 219.000000
785 786 216.000000
1027 10628 215.000000
843 844 214.000000
1008 10384 214.000000
550 571 213.000000
1010 10658 213.000000
1166 1167 213.000000
1167 1168 213.000000
1514 1515 213.000000
298 320 212.000000
1010 10975 212.000000
1031 10559 212.000000
1376 1398 212.000000
1025 10537 211.000000
1004 10479 209.000000
333 334 208.000000
334 335 208.000000
335 336 208.000000
336 337 208.000000
337 338 208.000000
338 339 208.000000
339 340 208.000000
340 341 208.000000
757 758 207.000000
758 759 207.000000
759 760 207.000000
760 761 207.000000
1030 10484 207.000000
1309 1310 207.000000
1310 1311 207.000000
1311 1312 207.000000
764 765 206.000000
504 526 204.000000
1097 10971 203.000000
1052 10694 202.000000
1003 10547 201.000000
1046 10599 201.000000
1048 10684 201.000000
1003 10771 200.000000
762 784 199.000000
1052 10890 199.000000
1010 10732 198.000000
1117 1139 198.000000
100 10569 197.000000
1046 10648 197.000000
1328 1329 197.000000
463 464 196.000000
464 465 196.000000
465 466 196.000000
466 467 196.000000
467 468 196.000000
468 469 196.000000
469 470 196.000000
470 471 196.000000
471 472 196.000000
1048 10551 196.000000
1048 10671 196.000000
100 10732 194.000000
813 835 194.000000
1183 1205 194.000000
568 569 193.000000
1026 10791 192.000000
1002 10549 189.000000
1168 1169 189.000000
1026 10814 187.000000
1046 10570 187.000000
1551 1552 185.000000
678 679 184.000000
679 680 184.000000
680 681 184.000000
1009 10859 184.000000
1293 1315 184.000000
1009 10419 183.000000
1009 10817 183.000000
1009 10861 183.000000
419 420 182.000000
1009 10604 182.000000
1047 10741 182.000000
101 10928 181.000000
494 495 181.000000
880 902 181.000000
1008 10745 181.000000
1009 10174 181.000000
1009 10201 181.000000
1009 10445 181.000000
1052 10587 181.000000
1177 1199 181.000000
1242 1243 181.000000
1004 10284 180.000000
1386 1387 180.000000
1387 1388 180.000000
748 770 179.000000
1444 1466 179.000000
1030 10726 178.000000
1008 10331 177.000000
1010 10145 176.000000
163 185 175.000000
898 920 175.000000
1004 10289 175.000000
395 417 173.000000
1004 10338 173.000000
1004 10885 173.000000
1184 1206 173.000000
1264 1265 173.000000
297 298 172.000000
1010 10916 172.000000
771 772 171.000000
880 881 171.000000
1008 10760 171.000000
793 815 170.000000
1008 10399 170.000000
1345 1346 170.000000
1346 1347 170.000000
1347 1348 170.000000
1348 1349 170.000000
1349 1350 170.000000
763 764 169.000000
1031 10839 169.000000
1053 10781 169.000000
899 921 168.000000
1004 10089 168.000000
1053 10567 168.000000
1053 10744 168.000000
1026 10297 167.000000
1026 10807 167.000000
1052 10933 167.000000
1009 10457 165.000000
364 386 164.000000
1046 10549 164.000000
1205 1227 164.000000
706 728 162.000000
1009 10892 161.000000
1032 10928 161.000000
1052 10825 160.000000
1075 10933 160.000000
1300 1301 160.000000
279 301 159.000000
713 714 159.000000
714 715 159.000000
715 716 159.000000
716 717 159.000000
717 718 159.000000
718 719 159.000000
1386 1407 159.000000
1405 1406 159.000000
1406 1407 159.000000
374 396 158.000000
1007 10407 158.000000
1075 10839 158.000000
1075 10922 158.000000
1323 1324 157.000000
1324 1325 157.000000
1325 1326 157.000000
1326 1327 157.000000
1327 1328 157.000000
1395 1417 157.000000
569 591 156.000000
1025 10572 156.000000
33 55 155.000000
784 785 154.000000
872 873 154.000000
1030 10831 154.000000
102 10271 153.000000
102 10347 153.000000
612 613 153.000000
613 614 153.000000
614 615 153.000000
917 939 153.000000
1004 10075 153.000000
1004 10198 153.000000
1053 10805 153.000000
1075 10892 153.000000
1342 1364 152.000000
1008 10704 150.000000
481 503 149.000000
1008 10233 149.000000
1004 10320 148.000000
1031 10604 148.000000
1031 10817 148.000000
1031 10861 148.000000
1445 1467 148.000000
516 517 147.000000
1031 10419 147.000000
310 311 146.000000
1004 10683 146.000000
1134 1156 146.000000
1226 1248 146.000000
794 795 145.000000
795 796 145.000000
796 797 145.000000
797 798 145.000000
798 799 145.000000
1047 10547 145.000000
1047 10771 145.000000
1051 10640 144.000000
1343 1344 144.000000
1344 1345 144.000000
1009 10933 143.000000
1048 10538 143.000000
1048 10897 143.000000
1340 1362 143.000000
1503 1504 143.000000
1032 1054 142.000000
1278 1279 142.000000
393 415 141.000000
877 899 140.000000
1279 1301 140.000000
103 10954 139.000000
921 943 139.000000
1054 10758 138.000000
1492 1493 138.000000
398 420 137.000000
1031 10445 137.000000
1054 10698 137.000000
1100 1121 137.000000
437 459 136.000000
232 254 135.000000
1054 10569 135.000000
1401 1423 135.000000
103 10967 134.000000
397 419 134.000000
1053 10544 134.000000
1053 10941 134.000000
1278 1300 134.000000
486 487 132.000000
487 488 132.000000
488 489 132.000000
489 490 132.000000
490 491 132.000000
491 492 132.000000
742 743 132.000000
772 773 132.000000
773 774 132.000000
774 775 132.000000
775 776 132.000000
776 777 132.000000
811 833 132.000000
123 145 131.000000
1031 10888 131.000000
1209 1231 131.000000
376 398 130.000000
1008 1030 130.000000
1031 10859 130.000000
101 10423 129.000000
407 429 129.000000
492 493 129.000000
493 494 129.000000
1031 10646 129.000000
1031 10765 129.000000
1008 10679 128.000000
1052 10719 128.000000
105 10566 126.000000
451 473 126.000000
858 859 126.000000
1047 1069 125.000000
778 779 123.000000
779 780 123.000000
780 781 123.000000
781 782 123.000000
1118 1140 123.000000
749 771 122.000000
103 10317 121.000000
103 10829 121.000000
108 130 121.000000
961 983 121.000000
1053 10928 121.000000
1396 1418 121.000000
681 703 120.000000
1046 10655 120.000000
1185 1207 119.000000
105 106 118.000000
106 107 118.000000
107 108 118.000000
833 855 118.000000
1004 10095 118.000000
1010 10365 118.000000
1075 10781 117.000000
1357 1379 117.000000
436 458 116.000000
1032 10805 116.000000
1353 1375 116.000000
450 472 114.000000
782 783 114.000000
783 784 114.000000
915 916 114.000000
1122 1143 114.000000
1235 1236 114.000000
1236 1237 114.000000
1237 1238 114.000000
1238 1239 114.000000
1239 1240 114.000000
1240 1241 114.000000
1053 10680 111.000000
1053 10935 111.000000
1337 1359 111.000000
1372 1373 111.000000
539 540 110.000000
540 541 110.000000
541 542 110.000000
542 543 110.000000
543 544 110.000000
544 545 110.000000
1374 1396 110.000000
440 462 109.000000
1075 10765 109.000000
103 10957 108.000000
814 836 108.000000
1030 10902 108.000000
1030 10921 108.000000
1032 10365 108.000000
799 800 107.000000
1030 10825 106.000000
1122 1123 106.000000
1123 1124 106.000000
1264 1286 106.000000
1307 1308 106.000000
1309 1331 106.000000
1100 1101 105.000000
1101 1102 105.000000
1102 1103 105.000000
1241 1242 105.000000
101 10189 104.000000
231 253 104.000000
828 850 104.000000
1308 1309 104.000000
462 484 103.000000
1031 10457 103.000000
1031 10933 103.000000
826 827 102.000000
827 828 102.000000
1002 10370 102.000000
1002 10773 102.000000
1161 1183 102.000000
1095 1117 101.000000
279 280 100.000000
280 281 100.000000
281 282 100.000000
282 283 100.000000
283 284 100.000000
1030 10703 100.000000
1075 10941 99.000000
1008 10825 98.000000
1030 10450 97.000000
1075 10935 96.000000
691 692 95.000000
692 693 95.000000
693 694 95.000000
694 695 95.000000
695 696 95.000000
696 697 95.000000
836 858 95.000000
1030 10505 95.000000
1030 10506 95.000000
1318 1340 95.000000
756 757 94.000000
1008 10890 94.000000
1051 10575 94.000000
1052 10839 94.000000
1509 1531 94.000000
529 530 93.000000
530 531 93.000000
531 532 93.000000
532 533 93.000000
533 534 93.000000
534 535 93.000000
535 536 93.000000
1030 10775 93.000000
1030 10783 93.000000
13 1575 92.000000
1356 1378 92.000000
1464 1486 92.000000
166 188 91.000000
212 234 91.000000
104 126 90.000000
235 257 90.000000
1030 10816 90.000000
418 440 89.000000
1010 10266 89.000000
1025 10545 89.000000
1030 10476 89.000000
1030 10745 89.000000
1070 10919 89.000000
1010 10805 88.000000
1030 10848 88.000000
1489 1511 88.000000
1009 10765 87.000000
1030 10331 87.000000
1030 10399 87.000000
264 265 86.000000
264 285 86.000000
265 266 86.000000
266 267 86.000000
284 285 86.000000
728 729 86.000000
729 730 86.000000
730 731 86.000000
731 732 86.000000
732 733 86.000000
741 742 86.000000
1009 10888 86.000000
712 713 85.000000
1074 10890 85.000000
32 54 84.000000
1010 1011 84.000000
1011 10216 84.000000
1030 10565 84.000000
1191 1192 84.000000
1192 1193 84.000000
1193 1194 84.000000
1194 1195 84.000000
1195 1196 84.000000
1196 1197 84.000000
1206 1228 84.000000
1265 1287 84.000000
17 39 83.000000
1053 10765 83.000000
1197 1198 83.000000
1301 1302 83.000000
1302 1303 83.000000
1303 1304 83.000000
1304 1305 83.000000
1305 1306 83.000000
34 56 82.000000
1004 1026 82.000000
1074 10946 82.000000
1188 1210 82.000000
1555 1577 82.000000
1008 10725 81.000000
56 78 80.000000
100 10631 80.000000
944 966 80.000000
1306 1307 80.000000
103 10322 79.000000
538 539 79.000000
1052 1074 78.000000
100 10266 77.000000
100 10805 77.000000
408 430 76.000000
1074 10816 76.000000
1333 1355 76.000000
354 355 75.000000
690 691 75.000000
1290 1312 75.000000
1432 1433 74.000000
1433 1434 74.000000
1434 1435 74.000000
1435 1436 74.000000
1436 1437 74.000000
101 10490 73.000000
101 10567 73.000000
101 10744 73.000000
101 10900 73.000000
341 363 73.000000
1471 1493 73.000000
148 149 72.000000
414 436 72.000000
483 505 72.000000
698 699 72.000000
920 942 72.000000
1009 1031 72.000000
1074 10839 72.000000
1247 1269 72.000000
1362 1384 72.000000
815 816 71.000000
816 817 71.000000
817 818 71.000000
818 819 71.000000
819 820 71.000000
820 821 71.000000
1029 1051 71.000000
76 98 70.000000
394 416 70.000000
1025 1047 70.000000
1051 10664 70.000000
1051 10718 70.000000
187 209 69.000000
209 231 69.000000
473 495 69.000000
507 529 69.000000
924 925 69.000000
1002 10261 69.000000
1074 10949 69.000000
1198 1199 69.000000
706 707 68.000000
1074 10811 68.000000
419 441 67.000000
1008 10810 67.000000
1090 1112 67.000000
1140 1162 67.000000
1263 1264 67.000000
506 528 66.000000
558 559 66.000000
559 560 66.000000
560 561 66.000000
561 562 66.000000
562 563 66.000000
563 564 66.000000
564 565 66.000000
565 566 66.000000
1051 10965 66.000000
1271 1293 66.000000
1388 1389 66.000000
1389 1390 66.000000
1390 1391 66.000000
1391 1392 66.000000
1392 1393 66.000000
58 80 65.000000
354 376 65.000000
101 10157 64.000000
536 537 64.000000
537 538 64.000000
660 661 64.000000
660 681 64.000000
661 662 64.000000
662 663 64.000000
1008 10104 64.000000
1008 10268 64.000000
1026 10338 64.000000
1030 10810 64.000000
1031 10679 64.000000
105 10911 63.000000
480 502 63.000000
747 769 63.000000
837 838 63.000000
838 839 63.000000
839 840 63.000000
840 841 63.000000
841 842 63.000000
842 843 63.000000
1074 10808 63.000000
1074 10841 63.000000
1074 10877 63.000000
1051 10949 62.000000
1074 10777 62.000000
1074 10810 62.000000
866 867 61.000000
867 868 61.000000
868 869 61.000000
869 870 61.000000
870 871 61.000000
1051 10946 61.000000
1095 10955 61.000000
1398 1420 61.000000
213 235 60.000000
332 333 60.000000
610 611 60.000000
1030 10587 60.000000
872 894 59.000000
953 954 59.000000
954 955 59.000000
955 956 59.000000
956 957 59.000000
957 958 59.000000
1008 10587 59.000000
1025 10579 59.000000
1025 10588 59.000000
1026 10326 59.000000
1051 10568 59.000000
1051 10788 59.000000
1054 10672 58.000000
611 612 57.000000
777 778 57.000000
1008 10380 57.000000
1008 10603 57.000000
1008 10645 57.000000
1008 10738 57.000000
1008 10777 57.000000
1008 10808 57.000000
1008 10841 57.000000
1008 10877 57.000000
1274 1296 57.000000
319 341 56.000000
1008 10934 56.000000
1026 10289 56.000000
1351 1373 56.000000
267 289 55.000000
507 508 55.000000
508 509 55.000000
509 510 55.000000
510 511 55.000000
511 512 55.000000
512 513 55.000000
513 514 55.000000
958 959 55.000000
1008 10206 55.000000
1008 10903 55.000000
1054 10732 55.000000
1373 1395 55.000000
1430 1431 55.000000
1431 1432 55.000000
101 10260 54.000000
101 10925 54.000000
126 127 54.000000
127 128 54.000000
128 129 54.000000
129 130 54.000000
1026 10479 54.000000
1029 10407 54.000000
1052 10679 54.000000
1052 10745 54.000000
1099 1121 54.000000
1139 1161 54.000000
164 186 53.000000
721 722 53.000000
966 988 53.000000
1029 10664 53.000000
1029 10718 53.000000
1029 10965 53.000000
1213 1214 53.000000
1214 1215 53.000000
1215 1216 53.000000
1216 1217 53.000000
1217 1218 53.000000
1218 1219 53.000000
1219 1220 53.000000
1227 1249 53.000000
1510 1532 53.000000
1579 1580 53.000000
959 981 52.000000
1026 10538 52.000000
1029 10386 52.000000
1029 10575 52.000000
1029 10640 52.000000
1051 10969 52.000000
1026 10897 51.000000
1051 10951 51.000000
697 698 50.000000
837 859 50.000000
895 917 50.000000
1008 10522 50.000000
1026 10885 50.000000
1051 10810 50.000000
1273 1295 50.000000
1430 1451 50.000000
1437 1438 50.000000
1449 1450 50.000000
1450 1451 50.000000
101 10462 48.000000
387 409 48.000000
514 515 48.000000
515 516 48.000000
546 568 48.000000
1030 10903 48.000000
1033 1055 48.000000
1055 1077 48.000000
1090 10962 48.000000
1269 1291 48.000000
101 10253 47.000000
101 10393 47.000000
388 410 47.000000
1030 10522 47.000000
703 725 46.000000
1026 10833 46.000000
1095 10951 46.000000
1095 10969 46.000000
101 10563 45.000000
124 146 45.000000
536 558 45.000000
699 700 45.000000
700 701 45.000000
701 702 45.000000
702 703 45.000000
1025 10285 45.000000
1074 10825 45.000000
1378 1400 45.000000
55 77 44.000000
101 10390 44.000000
1007 10726 44.000000
1419 1441 44.000000
12 1574 43.000000
82 83 43.000000
858 880 43.000000
100 10145 42.000000
100 10916 42.000000
169 170 42.000000
482 504 42.000000
855 877 42.000000
1026 10425 42.000000
1026 10482 42.000000
1029 10568 42.000000
1029 10788 42.000000
1298 1320 42.000000
1400 1422 42.000000
733 734 41.000000
1007 10484 40.000000
1007 10505 40.000000
1007 10506 40.000000
1007 10775 40.000000
1007 10783 40.000000
1007 10848 40.000000
1070 10706 40.000000
1122 1144 40.000000
192 193 39.000000
193 194 39.000000
194 195 39.000000
195 196 39.000000
902 924 39.000000
1054 10916 39.000000
1075 10888 39.000000
1007 10298 38.000000
1007 10934 38.000000
1112 1134 38.000000
1294 1316 38.000000
727 749 37.000000
943 965 37.000000
1026 10264 37.000000
1026 10919 37.000000
1030 10380 37.000000
1053 10585 37.000000
1169 1170 37.000000
1170 1171 37.000000
1171 1172 37.000000
1172 1173 37.000000
1173 1174 37.000000
1174 1175 37.000000
1175 1176 37.000000
1176 1177 37.000000
1514 1536 37.000000
351 373 36.000000
941 963 36.000000
1030 10603 36.000000
1030 10645 36.000000
1030 10725 36.000000
1030 10738 36.000000
1030 10777 36.000000
1030 10808 36.000000
1030 10841 36.000000
1030 10877 36.000000
1212 1213 36.000000
1372 1394 36.000000
770 792 35.000000
1030 10934 35.000000
1422 1444 35.000000
1425 1447 35.000000
11 1573 34.000000
844 845 34.000000
845 846 34.000000
846 847 34.000000
847 848 34.000000
848 849 34.000000
849 850 34.000000
1554 1576 34.000000
101 10366 33.000000
485 507 33.000000
785 807 33.000000
1007 10539 33.000000
1029 10842 33.000000
1069 10771 33.000000
1096 1118 33.000000
1272 1294 33.000000
15 1577 32.000000
821 822 32.000000
902 903 32.000000
1004 10394 32.000000
1004 10792 32.000000
1004 11000 32.000000
1100 1122 32.000000
1488 1510 32.000000
566 567 31.000000
728 750 31.000000
822 823 31.000000
823 824 31.000000
824 825 31.000000
825 826 31.000000
1026 10284 31.000000
1026 10320 31.000000
1026 10683 31.000000
1051 10725 31.000000
1361 1383 31.000000
101 10287 30.000000
102 10985 30.000000
916 938 30.000000
1032 1033 30.000000
1051 10522 30.000000
1051 10738 30.000000
1051 10903 30.000000
1073 10951 30.000000
1073 10969 30.000000
102 10669 29.000000
235 236 29.000000
1007 10167 29.000000
1007 10565 29.000000
1007 10575 29.000000
1026 10684 29.000000
1074 10745 29.000000
1081 1082 29.000000
1081 1103 29.000000
1082 1083 29.000000
1083 1084 29.000000
1084 1085 29.000000
1085 1086 29.000000
1086 1087 29.000000
1087 1088 29.000000
1088 1089 29.000000
101 10950 28.000000
101 10971 28.000000
1007 10179 28.000000
1007 10664 28.000000
1007 10718 28.000000
1007 10965 28.000000
1051 10645 28.000000
1394 1416 28.000000
1408 1429 28.000000
1428 1429 28.000000
102 10668 27.000000
105 10591 27.000000
105 10767 27.000000
105 10963 27.000000
184 185 27.000000
550 572 27.000000
707 708 27.000000
708 709 27.000000
709 710 27.000000
710 711 27.000000
711 712 27.000000
790 812 27.000000
1004 10525 27.000000
1047 10814 27.000000
1169 1191 27.000000
945 967 26.000000
965 987 26.000000
1026 10706 26.000000
1051 10603 26.000000
1051 10777 26.000000
1051 10808 26.000000
1051 10841 26.000000
1051 10877 26.000000
1312 1334 26.000000
1316 1338 26.000000
102 10613 25.000000
310 332 25.000000
524 546 25.000000
641 663 25.000000
873 895 25.000000
1073 1095 25.000000
1279 1280 25.000000
1280 1281 25.000000
1281 1282 25.000000
1282 1283 25.000000
1283 1284 25.000000
619 641 24.000000
1003 10210 24.000000
1051 10703 24.000000
1051 10816 24.000000
1051 10902 24.000000
1051 10921 24.000000
1328 1350 24.000000
1404 1426 24.000000
142 164 23.000000
169 191 23.000000
485 486 23.000000
1007 10831 23.000000
1010 10631 23.000000
1025 10710 23.000000
1182 1204 23.000000
1358 1380 23.000000
223 245 22.000000
350 372 22.000000
616 617 22.000000
617 618 22.000000
618 619 22.000000
1026 10278 22.000000
1026 10551 22.000000
1026 10671 22.000000
1025 10771 21.000000
1229 1251 21.000000
1256 1257 21.000000
1257 1258 21.000000
1258 1259 21.000000
1259 1260 21.000000
1260 1261 21.000000
1261 1262 21.000000
1262 1263 21.000000
1386 1408 21.000000
1427 1428 21.000000
11 33 20.000000
602 603 20.000000
603 604 20.000000
604 605 20.000000
605 606 20.000000
606 607 20.000000
607 608 20.000000
608 609 20.000000
609 610 20.000000
691 713 20.000000
720 721 20.000000
750 772 20.000000
800 801 20.000000
801 802 20.000000
802 803 20.000000
803 804 20.000000
1047 10919 20.000000
1075 10859 20.000000
1530 1552 20.000000
14 1576 19.000000
147 169 19.000000
331 353 19.000000
804 805 19.000000
805 806 19.000000
871 872 19.000000
1007 10568 19.000000
1007 10788 19.000000
1047 10482 19.000000
1053 10888 19.000000
1103 1104 19.000000
1104 1105 19.000000
1105 1106 19.000000
1106 1107 19.000000
1107 1108 19.000000
1108 1109 19.000000
1109 1110 19.000000
1110 1111 19.000000
1111 1112 19.000000
1254 1276 19.000000
1284 1285 19.000000
1382 1404 19.000000
223 224 18.000000
224 225 18.000000
225 226 18.000000
226 227 18.000000
227 228 18.000000
306 328 18.000000
573 574 18.000000
574 575 18.000000
791 813 18.000000
1053 10646 18.000000
1053 10859 18.000000
1070 10792 18.000000
1070 11000 18.000000
1073 10831 18.000000
1073 10902 18.000000
1073 10921 18.000000
1142 1164 18.000000
1248 1270 18.000000
726 748 17.000000
739 740 17.000000
740 741 17.000000
946 947 17.000000
946 967 17.000000
947 948 17.000000
948 949 17.000000
949 950 17.000000
950 951 17.000000
951 952 17.000000
952 953 17.000000
1053 10892 17.000000
1075 10817 17.000000
1075 10861 17.000000
1210 1232 17.000000
1335 1357 17.000000
330 352 16.000000
458 480 16.000000
719 720 16.000000
1051 10539 16.000000
1051 10726 16.000000
1068 10773 16.000000
140 141 15.000000
140 162 15.000000
575 576 15.000000
576 577 15.000000
577 578 15.000000
578 579 15.000000
579 580 15.000000
594 615 15.000000
677 678 15.000000
682 683 15.000000
682 703 15.000000
683 684 15.000000
750 751 15.000000
751 752 15.000000
752 753 15.000000
753 754 15.000000
754 755 15.000000
755 756 15.000000
786 808 15.000000
829 851 15.000000
1053 1075 15.000000
1053 10604 15.000000
1053 10817 15.000000
1053 10861 15.000000
1068 10768 15.000000
1070 10833 15.000000
1070 10897 15.000000
1073 10788 15.000000
1073 10816 15.000000
1125 1147 15.000000
1166 1188 15.000000
1330 1352 15.000000
284 306 14.000000
550 551 14.000000
551 552 14.000000
552 553 14.000000
553 554 14.000000
554 555 14.000000
555 556 14.000000
556 557 14.000000
557 558 14.000000
903 904 14.000000
904 905 14.000000
905 906 14.000000
906 907 14.000000
907 908 14.000000
908 909 14.000000
1003 10440 14.000000
1051 10565 14.000000
1051 10775 14.000000
1051 10783 14.000000
1051 10848 14.000000
1051 10934 14.000000
1073 10842 14.000000
1073 10965 14.000000
1198 1220 14.000000
1285 1286 14.000000
1552 1574 14.000000
1553 1575 14.000000
806 807 13.000000
1047 10807 13.000000
1156 1178 13.000000
242 243 12.000000
242 263 12.000000
243 244 12.000000
244 245 12.000000
257 258 12.000000
258 259 12.000000
259 260 12.000000
260 261 12.000000
261 262 12.000000
262 263 12.000000
349 371 12.000000
428 450 12.000000
734 735 12.000000
735 736 12.000000
736 737 12.000000
737 738 12.000000
738 739 12.000000
888 889 12.000000
889 890 12.000000
890 891 12.000000
891 892 12.000000
892 893 12.000000
1047 10479 12.000000
1047 10683 12.000000
1048 10792 12.000000
1048 10833 12.000000
1048 11000 12.000000
1069 10757 12.000000
1073 10934 12.000000
1094 10965 12.000000
1098 1120 12.000000
1268 1290 12.000000
1270 1292 12.000000
822 844 11.000000
835 857 11.000000
894 916 11.000000
1003 10437 11.000000
1003 10636 11.000000
1073 10775 11.000000
1073 10783 11.000000
1073 10848 11.000000
1091 10919 11.000000
1291 1313 11.000000
1306 1328 11.000000
36 58 10.000000
104 10889 10.000000
105 10826 10.000000
514 536 10.000000
1004 10355 10.000000
1004 10833 10.000000
1068 10854 10.000000
1069 10807 10.000000
1241 1263 10.000000
1334 1356 10.000000
332 354 9.000000
676 677 9.000000
690 712 9.000000
893 894 9.000000
1004 10538 9.000000
1004 10897 9.000000
1047 10791 9.000000
1068 10945 9.000000
1069 10814 9.000000
1076 10928 9.000000
1485 1507 9.000000
800 822 8.000000
938 960 8.000000
1004 10684 8.000000
1047 10636 8.000000
1103 1125 8.000000
1160 1182 8.000000
1275 1297 8.000000
37 59 7.000000
122 144 7.000000
344 366 7.000000
392 414 7.000000
705 727 7.000000
1004 10065 7.000000
1004 10706 7.000000
1024 1025 7.000000
1076 10900 7.000000
1089 1090 7.000000
1097 1119 7.000000
1230 1252 7.000000
1408 1409 7.000000
1409 1410 7.000000
1410 1411 7.000000
1411 1412 7.000000
1412 1413 7.000000
1413 1414 7.000000
1414 1415 7.000000
1415 1416 7.000000
100 122 6.000000
176 177 6.000000
176 197 6.000000
177 178 6.000000
178 179 6.000000
196 197 6.000000
386 408 6.000000
806 828 6.000000
960 982 6.000000
1003 10300 6.000000
1003 10647 6.000000
1004 10057 6.000000
1048 10525 6.000000
1051 10831 6.000000
1203 1225 6.000000
1225 1247 6.000000
1284 1306 6.000000
1307 1329 6.000000
1308 1330 6.000000
54 76 5.000000
146 168 5.000000
168 190 5.000000
365 387 5.000000
396 418 5.000000
739 761 5.000000
815 837 5.000000
859 860 5.000000
860 861 5.000000
861 862 5.000000
862 863 5.000000
863 864 5.000000
864 865 5.000000
865 866 5.000000
1068 10688 5.000000
1068 10962 5.000000
1124 1125 5.000000
1186 1208 5.000000
1285 1307 5.000000
1405 1427 5.000000
1417 1439 5.000000
1430 1452 5.000000
1452 1473 5.000000
1471 1472 5.000000
1472 1473 5.000000
1551 1573 5.000000
165 187 4.000000
179 201 4.000000
201 223 4.000000
597 619 4.000000
619 620 4.000000
620 621 4.000000
621 622 4.000000
622 623 4.000000
623 624 4.000000
712 734 4.000000
881 882 4.000000
882 883 4.000000
883 884 4.000000
884 885 4.000000
885 886 4.000000
886 887 4.000000
887 888 4.000000
958 980 4.000000
967 989 4.000000
1003 10830 4.000000
1004 10107 4.000000
1004 10551 4.000000
1004 10671 4.000000
1046 1068 4.000000
1069 10741 4.000000
1213 1235 4.000000
1317 1339 4.000000
1354 1376 4.000000
10 11 3.000000
10 32 3.000000
83 84 3.000000
84 85 3.000000
85 86 3.000000
97 98 3.000000
257 279 3.000000
288 289 3.000000
348 370 3.000000
492 514 3.000000
575 597 3.000000
624 646 3.000000
646 668 3.000000
668 690 3.000000
879 901 3.000000
893 915 3.000000
923 945 3.000000
1002 10630 3.000000
1004 10264 3.000000
1004 10278 3.000000
1004 10919 3.000000
1032 10892 3.000000
1033 10569 3.000000
1033 10658 3.000000
1033 10732 3.000000
1033 10916 3.000000
1033 10975 3.000000
1199 1221 3.000000
1231 1253 3.000000
1313 1335 3.000000
179 180 2.000000
180 181 2.000000
181 182 2.000000
182 183 2.000000
183 184 2.000000
572 573 2.000000
704 726 2.000000
720 742 2.000000
771 793 2.000000
851 873 2.000000
1046 10978 2.000000
1068 1090 2.000000
1125 1126 2.000000
1126 1127 2.000000
1127 1128 2.000000
1128 1129 2.000000
1129 1130 2.000000
1130 1131 2.000000
1131 1132 2.000000
1132 1133 2.000000
1289 1311 2.000000
1311 1333 2.000000
1329 1351 2.000000
1332 1354 2.000000
1449 1471 2.000000
1474 1475 2.000000
1474 1495 2.000000
1475 1476 2.000000
1476 1477 2.000000
1477 1478 2.000000
1478 1479 2.000000
1479 1480 2.000000
1480 1481 2.000000
1493 1494 2.000000
1494 1495 2.000000
59 81 1.000000
105 10794 1.000000
326 348 1.000000
594 595 1.000000
595 596 1.000000
596 597 1.000000
638 639 1.000000
638 659 1.000000
639 640 1.000000
640 641 1.000000
656 657 1.000000
657 658 1.000000
658 659 1.000000
789 811 1.000000
850 872 1.000000
1003 10061 1.000000
1003 10545 1.000000
1003 10710 1.000000
1197 1219 1.000000
1219 1241 1.000000
1287 1309 1.000000
1319 1341 1.000000
