1379 1380 15372.000000
364 365 14329.000000
365 366 14329.000000
366 367 14329.000000
11 12 13713.000000
408 409 12163.000000
409 410 12163.000000
410 411 12163.000000
363 364 11578.000000
411 412 11571.000000
1204 1205 11324.000000
367 368 11108.000000
1423 1424 11048.000000
1400 1401 10968.000000
407 408 10818.000000
1378 1379 10223.000000
1401 1402 10209.000000
274 275 10176.000000
1336 1337 10131.000000
10 11 9769.000000
1335 1336 9758.000000
1024 1025 9689.000000
1025 1026 9689.000000
385 386 9535.000000
386 387 9535.000000
387 388 9535.000000
388 389 9535.000000
1422 1423 9422.000000
1421 1422 9387.000000
1377 1378 9117.000000
1380 1381 8486.000000
1160 1161 8378.000000
1420 1421 8289.000000
1399 1400 8255.000000
1376 1377 8046.000000
412 413 7745.000000
1159 1160 7733.000000
406 407 7670.000000
1247 1248 7647.000000
1225 1226 7628.000000
1248 1249 7570.000000
230 231 7564.000000
1203 1204 7472.000000
368 369 7349.000000
1439 1440 7225.000000
8 9 7218.000000
1224 1225 6986.000000
1223 1224 6876.000000
1026 1027 6853.000000
1181 1182 6756.000000
1440 1441 6621.000000
384 385 6560.000000
1158 1159 6514.000000
273 274 6462.000000
1398 1399 6425.000000
208 209 6402.000000
1334 1335 6397.000000
1437 1438 6221.000000
1438 1439 6221.000000
1313 1314 6015.000000
1202 1203 5967.000000
318 319 5865.000000
1246 1247 5857.000000
1023 1024 5824.000000
429 430 5817.000000
430 431 5817.000000
431 432 5817.000000
432 433 5817.000000
1444 1445 5782.000000
1182 1183 5705.000000
1116 1117 5649.000000
1292 1293 5619.000000
1395 1396 5543.000000
1357 1358 5530.000000
1068 1069 5516.000000
1069 1070 5516.000000
1089 1090 5481.000000
1090 1091 5481.000000
1356 1357 5477.000000
1419 1420 5476.000000
1314 1315 5462.000000
428 429 5428.000000
1375 1376 5418.000000
33 34 5384.000000
1443 1444 5376.000000
1249 1250 5318.000000
1355 1356 5278.000000
1245 1246 5275.000000
1416 1417 5209.000000
1549 1550 5135.000000
1206 1207 5123.000000
1002 1003 5094.000000
1003 1004 5094.000000
1442 1443 5069.000000
499 500 5067.000000
1115 1116 5063.000000
120 121 5009.000000
1396 1397 4966.000000
1417 1418 4937.000000
1067 1068 4932.000000
1394 1395 4920.000000
1180 1181 4880.000000
1441 1442 4812.000000
1027 1028 4793.000000
389 390 4769.000000
1393 1394 4757.000000
495 496 4746.000000
496 497 4746.000000
497 498 4746.000000
498 499 4746.000000
317 318 4745.000000
1071 1072 4709.000000
1354 1355 4690.000000
55 56 4663.000000
1333 1334 4658.000000
1088 1089 4655.000000
1418 1419 4651.000000
1550 1551 4646.000000
1091 1092 4631.000000
1161 1162 4576.000000
1205 1206 4522.000000
1436 1437 4513.000000
1001 1002 4489.000000
1022 1023 4405.000000
1397 1398 4402.000000
1092 1093 4385.000000
13 14 4306.000000
362 363 4303.000000
12 13 4302.000000
413 414 4297.000000
1137 1138 4294.000000
980 981 4289.000000
981 982 4289.000000
809 810 4227.000000
1466 1467 4221.000000
1136 1137 4217.000000
982 983 4214.000000
1372 1373 4176.000000
1312 1313 4111.000000
1465 1466 4106.000000
34 35 4069.000000
76 77 4067.000000
1527 1528 4055.000000
390 391 4016.000000
1114 1115 3991.000000
1111 1112 3947.000000
1112 1113 3947.000000
1113 1114 3947.000000
806 807 3945.000000
807 808 3945.000000
1488 1489 3903.000000
1000 1001 3868.000000
119 120 3852.000000
1226 1227 3841.000000
1373 1374 3829.000000
1374 1375 3829.000000
1464 1465 3823.000000
451 452 3811.000000
452 453 3811.000000
453 454 3811.000000
454 455 3811.000000
586 587 3795.000000
1392 1393 3788.000000
1463 1464 3765.000000
808 809 3763.000000
1311 1312 3743.000000
1138 1139 3728.000000
1462 1463 3713.000000
456 457 3711.000000
1197 1198 3707.000000
1198 1199 3707.000000
1199 1200 3707.000000
1200 1201 3707.000000
1045 1046 3701.000000
1046 1047 3701.000000
1047 1048 3701.000000
1461 1462 3691.000000
1415 1416 3654.000000
1070 1071 3651.000000
275 276 3647.000000
455 456 3602.000000
342 343 3591.000000
343 344 3591.000000
344 345 3591.000000
345 346 3588.000000
1291 1292 3585.000000
1528 1529 3538.000000
1551 1552 3492.000000
32 33 3485.000000
1467 1468 3469.000000
477 478 3464.000000
1290 1291 3372.000000
1293 1315 3355.000000
1268 1269 3332.000000
1289 1290 3326.000000
227 228 3259.000000
228 229 3259.000000
367 389 3244.000000
1241 1242 3241.000000
1242 1243 3241.000000
369 391 3233.000000
810 811 3225.000000
141 142 3223.000000
97 98 3220.000000
1243 1244 3194.000000
433 434 3175.000000
457 458 3169.000000
75 76 3159.000000
341 342 3155.000000
98 99 3116.000000
340 341 3105.000000
1310 1311 3095.000000
1459 1460 3093.000000
1087 1088 3088.000000
1460 1461 3084.000000
426 427 3077.000000
1505 1506 3077.000000
500 501 3067.000000
1117 1139 3061.000000
184 185 3036.000000
1093 1094 3015.000000
96 97 3008.000000
1552 1553 3000.000000
275 297 2996.000000
1244 1245 2984.000000
405 406 2977.000000
1201 1202 2974.000000
1117 1118 2941.000000
369 370 2929.000000
450 451 2926.000000
587 588 2921.000000
57 58 2844.000000
229 230 2825.000000
1506 1507 2810.000000
1250 1251 2800.000000
185 186 2793.000000
252 253 2793.000000
1269 1270 2790.000000
1026 10407 2787.000000
1066 1067 2781.000000
209 210 2754.000000
142 143 2741.000000
1502 1503 2724.000000
1503 1504 2724.000000
1487 1488 2707.000000
1219 1220 2687.000000
1220 1221 2687.000000
1221 1222 2687.000000
121 122 2678.000000
1179 1180 2675.000000
318 340 2659.000000
1154 1155 2657.000000
1155 1156 2657.000000
1156 1157 2657.000000
251 252 2643.000000
1227 1228 2641.000000
1553 1554 2620.000000
1486 1487 2613.000000
1332 1333 2598.000000
478 479 2559.000000
56 57 2552.000000
339 340 2512.000000
183 184 2501.000000
274 296 2500.000000
226 227 2490.000000
853 854 2479.000000
53 54 2468.000000
1507 1508 2415.000000
74 75 2410.000000
1509 1510 2396.000000
479 480 2375.000000
543 544 2354.000000
521 522 2340.000000
1004 1005 2337.000000
1510 1511 2326.000000
1118 1140 2307.000000
118 119 2287.000000
958 959 2253.000000
959 960 2253.000000
960 961 2253.000000
54 55 2250.000000
140 141 2248.000000
501 502 2242.000000
1049 1050 2239.000000
434 435 2238.000000
1267 1268 2237.000000
320 321 2226.000000
321 322 2226.000000
322 323 2226.000000
1380 1402 2222.000000
323 324 2206.000000
984 985 2201.000000
31 32 2198.000000
983 984 2192.000000
1526 1527 2184.000000
979 980 2181.000000
52 53 2178.000000
1005 1006 2165.000000
319 320 2110.000000
414 415 2103.000000
186 187 2100.000000
1157 1158 2098.000000
1336 1358 2090.000000
14 15 2089.000000
874 875 2089.000000
1458 1459 2082.000000
427 428 2069.000000
187 188 2067.000000
383 384 2067.000000
205 206 2058.000000
206 207 2058.000000
1293 1294 2057.000000
1371 1372 2056.000000
207 208 2052.000000
1328 1329 2045.000000
1329 1330 2044.000000
1330 1331 2044.000000
1028 1029 2038.000000
35 36 2031.000000
1353 1354 2025.000000
231 253 2012.000000
324 346 1997.000000
1571 1572 1985.000000
1072 1073 1977.000000
448 449 1901.000000
142 164 1880.000000
1529 1530 1877.000000
1485 1486 1874.000000
370 371 1865.000000
918 919 1865.000000
1358 1359 1859.000000
1218 1219 1850.000000
30 31 1841.000000
1110 1111 1839.000000
1508 1509 1834.000000
852 853 1822.000000
1139 1140 1820.000000
1006 1007 1818.000000
1381 1382 1802.000000
985 986 1800.000000
459 460 1798.000000
458 459 1786.000000
1222 1223 1781.000000
231 232 1779.000000
1570 1571 1761.000000
1331 1332 1756.000000
371 372 1754.000000
77 78 1747.000000
295 296 1747.000000
1445 1446 1729.000000
500 522 1715.000000
160 161 1696.000000
1294 1295 1696.000000
1337 1338 1692.000000
1027 10270 1689.000000
296 297 1688.000000
1554 1555 1664.000000
1530 1531 1662.000000
1531 1532 1652.000000
204 205 1650.000000
470 471 1643.000000
392 393 1637.000000
1270 1271 1622.000000
117 118 1605.000000
363 385 1603.000000
391 392 1597.000000
1315 1316 1573.000000
435 436 1558.000000
1207 1208 1554.000000
935 936 1542.000000
382 383 1516.000000
914 915 1507.000000
915 916 1507.000000
916 917 1507.000000
161 162 1497.000000
73 74 1495.000000
297 319 1495.000000
1205 1227 1495.000000
1532 1533 1493.000000
1005 10270 1490.000000
404 405 1483.000000
522 523 1481.000000
919 920 1476.000000
1044 1045 1474.000000
1048 1049 1470.000000
449 450 1465.000000
1501 1502 1445.000000
340 362 1442.000000
493 494 1423.000000
962 963 1416.000000
472 473 1403.000000
473 474 1403.000000
474 475 1403.000000
475 476 1403.000000
162 163 1399.000000
1175 1176 1399.000000
1176 1177 1399.000000
1177 1178 1399.000000
1178 1179 1399.000000
1504 1505 1399.000000
957 958 1386.000000
961 962 1385.000000
1574 1575 1348.000000
494 495 1343.000000
1414 1415 1340.000000
1228 1229 1339.000000
319 341 1324.000000
1350 1351 1322.000000
1351 1352 1320.000000
1352 1353 1320.000000
1572 1573 1320.000000
1573 1574 1311.000000
460 461 1309.000000
1575 1576 1307.000000
1327 1328 1298.000000
393 394 1284.000000
415 416 1277.000000
1161 1183 1271.000000
1504 1526 1260.000000
546 547 1256.000000
544 545 1242.000000
1484 1485 1241.000000
940 941 1232.000000
414 436 1219.000000
875 876 1218.000000
854 855 1212.000000
545 546 1202.000000
1483 1484 1196.000000
1132 1133 1193.000000
1133 1134 1193.000000
1134 1135 1193.000000
143 144 1188.000000
913 914 1185.000000
458 480 1183.000000
893 894 1183.000000
894 895 1183.000000
1160 1182 1179.000000
811 812 1170.000000
956 957 1164.000000
372 373 1163.000000
849 850 1149.000000
850 851 1149.000000
851 852 1149.000000
1348 1349 1148.000000
469 470 1144.000000
542 543 1141.000000
937 938 1141.000000
938 939 1140.000000
1349 1350 1125.000000
871 872 1115.000000
872 873 1115.000000
873 874 1115.000000
917 918 1111.000000
1153 1154 1111.000000
480 481 1110.000000
361 362 1103.000000
876 877 1103.000000
941 942 1096.000000
1424 1446 1095.000000
297 298 1088.000000
1391 1392 1072.000000
1072 1094 1056.000000
524 525 1044.000000
187 209 1040.000000
338 339 1035.000000
100 10118 1029.000000
481 482 1029.000000
412 434 1026.000000
936 937 1025.000000
144 145 1011.000000
10 10670 1010.000000
895 896 1003.000000
394 395 993.000000
1135 1136 967.000000
1001 10095 966.000000
188 189 955.000000
163 164 952.000000
784 785 949.000000
785 786 949.000000
786 787 949.000000
1028 1050 946.000000
1435 1436 942.000000
1109 1110 940.000000
471 472 937.000000
978 979 937.000000
286 287 935.000000
287 288 935.000000
288 289 935.000000
289 290 935.000000
368 390 926.000000
426 448 920.000000
892 893 919.000000
476 477 911.000000
100 101 910.000000
1207 1229 899.000000
920 921 896.000000
1028 10395 889.000000
1023 10545 888.000000
525 526 885.000000
437 438 880.000000
1271 1272 880.000000
1208 1209 876.000000
523 524 875.000000
812 813 865.000000
848 849 864.000000
942 943 864.000000
139 140 862.000000
896 897 862.000000
897 898 862.000000
1284 1285 846.000000
1285 1286 846.000000
1286 1287 846.000000
787 788 845.000000
436 437 844.000000
1359 1360 832.000000
457 479 827.000000
1288 1289 824.000000
1402 1403 819.000000
1131 1132 814.000000
292 293 811.000000
293 294 811.000000
963 964 810.000000
1000 1022 810.000000
122 123 808.000000
296 318 807.000000
547 548 796.000000
456 478 790.000000
416 417 782.000000
891 892 776.000000
251 273 773.000000
253 254 771.000000
1050 1051 771.000000
418 419 759.000000
418 439 759.000000
419 420 759.000000
420 421 759.000000
421 422 759.000000
422 423 759.000000
423 424 759.000000
424 425 759.000000
1262 1263 758.000000
1263 1264 758.000000
1264 1265 758.000000
1265 1266 729.000000
1527 1549 729.000000
502 503 726.000000
352 353 721.000000
353 354 721.000000
354 355 721.000000
355 356 721.000000
356 357 721.000000
357 358 721.000000
358 359 721.000000
359 360 721.000000
1338 1339 721.000000
78 79 717.000000
317 339 712.000000
164 165 710.000000
811 833 708.000000
360 361 702.000000
10 10109 701.000000
1287 1288 701.000000
830 831 699.000000
316 317 691.000000
832 833 684.000000
330 331 680.000000
331 332 680.000000
332 333 680.000000
333 334 680.000000
334 335 680.000000
335 336 680.000000
336 337 680.000000
337 338 680.000000
826 827 675.000000
1261 1262 663.000000
203 204 660.000000
564 565 659.000000
898 899 650.000000
492 493 649.000000
788 789 647.000000
425 426 643.000000
566 567 643.000000
1000 10552 642.000000
1403 1404 633.000000
1404 1405 633.000000
1405 1406 633.000000
1370 1371 627.000000
855 856 625.000000
1295 1296 620.000000
1296 1297 620.000000
1337 1359 616.000000
242 243 614.000000
243 244 614.000000
244 245 614.000000
245 246 614.000000
870 871 614.000000
101 10345 612.000000
588 589 612.000000
1174 1175 608.000000
939 940 601.000000
869 870 598.000000
411 433 596.000000
1347 1348 596.000000
1316 1317 592.000000
503 504 584.000000
1382 1383 583.000000
1383 1384 583.000000
1384 1385 583.000000
1283 1284 581.000000
1317 1318 581.000000
1318 1319 581.000000
290 291 574.000000
291 292 574.000000
1240 1241 569.000000
1339 1340 558.000000
1340 1341 558.000000
547 569 557.000000
165 166 552.000000
1511 1512 549.000000
831 832 548.000000
825 826 547.000000
1188 1209 547.000000
438 439 546.000000
513 514 528.000000
567 568 521.000000
1029 1030 517.000000
833 834 513.000000
350 351 508.000000
810 832 508.000000
719 720 506.000000
720 721 506.000000
608 609 505.000000
1043 1044 495.000000
1024 10671 493.000000
1364 1385 486.000000
1028 10429 485.000000
118 140 482.000000
1266 1267 482.000000
232 254 480.000000
1007 1008 478.000000
516 517 470.000000
517 518 470.000000
518 519 470.000000
519 520 470.000000
1217 1218 469.000000
413 435 468.000000
246 247 463.000000
269 270 462.000000
348 349 460.000000
349 350 460.000000
939 961 459.000000
1071 1093 458.000000
308 309 456.000000
309 310 456.000000
310 311 456.000000
311 312 456.000000
312 313 456.000000
313 314 456.000000
314 315 456.000000
315 316 456.000000
230 252 451.000000
766 767 448.000000
1175 1197 446.000000
1272 1273 443.000000
1292 1314 443.000000
396 397 442.000000
397 398 442.000000
398 399 442.000000
399 400 442.000000
400 401 442.000000
401 402 442.000000
402 403 442.000000
1196 1197 440.000000
270 271 436.000000
271 272 436.000000
272 273 436.000000
382 404 435.000000
721 722 432.000000
403 404 431.000000
566 588 431.000000
789 790 430.000000
827 828 429.000000
828 829 429.000000
829 830 429.000000
1007 10145 428.000000
1001 10156 422.000000
186 208 420.000000
1439 1461 417.000000
790 791 416.000000
229 251 415.000000
346 347 414.000000
347 348 414.000000
1342 1363 409.000000
1094 1095 407.000000
484 485 404.000000
484 505 404.000000
485 486 404.000000
486 487 404.000000
487 488 404.000000
488 489 404.000000
489 490 404.000000
490 491 401.000000
504 505 397.000000
767 768 395.000000
1480 1481 390.000000
1481 1482 390.000000
10 32 383.000000
182 183 379.000000
1230 1231 374.000000
805 806 373.000000
1008 10216 373.000000
1229 1230 369.000000
1360 1361 363.000000
1361 1362 363.000000
1362 1363 363.000000
294 295 362.000000
372 394 361.000000
1002 10095 361.000000
1066 10688 361.000000
1482 1483 361.000000
10 10079 359.000000
253 275 358.000000
264 265 358.000000
265 266 358.000000
266 267 358.000000
267 268 358.000000
268 269 358.000000
117 139 357.000000
1024 10628 355.000000
247 248 353.000000
447 448 351.000000
1373 1395 350.000000
1067 10814 348.000000
362 384 347.000000
514 515 344.000000
515 516 344.000000
1294 1316 344.000000
758 759 343.000000
759 760 343.000000
440 441 342.000000
440 461 342.000000
441 442 342.000000
442 443 342.000000
443 444 342.000000
444 445 342.000000
445 446 342.000000
446 447 342.000000
802 803 341.000000
1001 10300 339.000000
522 544 335.000000
383 405 330.000000
1023 10547 330.000000
166 167 329.000000
208 230 327.000000
1251 1252 327.000000
502 524 326.000000
1467 1489 326.000000
146 147 323.000000
147 148 323.000000
148 149 323.000000
185 207 322.000000
766 788 321.000000
416 438 320.000000
248 249 319.000000
249 250 319.000000
250 251 319.000000
1251 1273 318.000000
1544 1545 317.000000
1378 1400 315.000000
10 10009 313.000000
1545 1546 310.000000
159 160 309.000000
1364 1365 309.000000
1365 1366 309.000000
1366 1367 309.000000
1367 1368 309.000000
1368 1369 309.000000
341 363 307.000000
855 877 307.000000
1002 10628 306.000000
1483 1505 306.000000
1546 1547 305.000000
1547 1548 305.000000
1290 1312 303.000000
1461 1483 303.000000
392 414 301.000000
877 878 301.000000
986 987 301.000000
1024 10551 301.000000
1005 10233 298.000000
1005 10565 298.000000
1023 10551 296.000000
1342 1343 296.000000
1343 1344 296.000000
1344 1345 296.000000
1345 1346 296.000000
1346 1347 296.000000
1309 1310 295.000000
589 590 293.000000
590 591 293.000000
101 102 290.000000
1005 10624 290.000000
439 461 289.000000
1022 10261 287.000000
1022 10370 287.000000
1022 10422 287.000000
1022 10480 287.000000
1022 10773 287.000000
1050 10744 287.000000
471 493 286.000000
460 482 285.000000
1246 1268 285.000000
1406 1407 283.000000
286 308 281.000000
462 463 281.000000
462 483 281.000000
463 464 281.000000
464 465 281.000000
465 466 281.000000
466 467 281.000000
467 468 281.000000
468 469 281.000000
520 521 281.000000
740 741 281.000000
741 742 281.000000
742 743 281.000000
1022 10549 277.000000
32 54 276.000000
587 609 275.000000
1027 10450 274.000000
1027 10506 274.000000
961 983 273.000000
1001 10647 273.000000
1022 10854 273.000000
1022 10945 273.000000
1027 10783 273.000000
499 521 271.000000
1000 10084 271.000000
1024 10394 271.000000
1024 10525 271.000000
1024 10538 271.000000
1024 10897 271.000000
1049 10659 271.000000
1442 1464 270.000000
164 186 269.000000
1022 10507 269.000000
374 375 268.000000
374 395 268.000000
375 376 268.000000
376 377 268.000000
377 378 268.000000
378 379 268.000000
379 380 268.000000
380 381 268.000000
381 382 268.000000
1000 10341 268.000000
95 96 267.000000
1027 10951 266.000000
448 470 265.000000
1006 10760 265.000000
1045 10885 265.000000
1066 10962 264.000000
11 33 263.000000
1000 10353 263.000000
1000 10978 263.000000
1023 10771 262.000000
10 10765 260.000000
1006 10765 260.000000
1024 10792 258.000000
1024 11000 258.000000
568 569 257.000000
1250 1272 257.000000
1022 10884 256.000000
1005 10704 255.000000
1297 1319 253.000000
10 10888 252.000000
1183 1205 252.000000
1507 1529 252.000000
762 763 250.000000
763 764 250.000000
764 765 250.000000
765 766 250.000000
10 10892 249.000000
252 274 248.000000
370 392 247.000000
899 900 247.000000
1001 10210 247.000000
1219 1241 247.000000
1005 10171 246.000000
1024 10684 246.000000
1027 10969 246.000000
276 298 243.000000
1000 10543 243.000000
1028 10719 242.000000
1005 10206 241.000000
12 34 239.000000
1000 10579 239.000000
1000 10588 239.000000
1005 10136 239.000000
470 492 238.000000
501 523 235.000000
1576 1577 235.000000
1158 1180 234.000000
324 325 233.000000
1024 10355 233.000000
1027 10476 233.000000
1027 10848 233.000000
1027 10921 233.000000
29 30 232.000000
803 804 232.000000
1027 10775 232.000000
1027 10902 232.000000
1548 1549 231.000000
480 502 229.000000
812 834 228.000000
1027 10946 228.000000
1027 10949 228.000000
1353 1375 227.000000
459 481 226.000000
1023 10710 225.000000
1071 10955 224.000000
427 449 223.000000
1027 10357 223.000000
1463 1485 223.000000
1073 1095 221.000000
1287 1309 221.000000
768 769 220.000000
943 944 219.000000
1005 1027 219.000000
1024 10706 219.000000
1140 1141 219.000000
1141 1142 219.000000
1142 1143 219.000000
1001 10010 216.000000
352 373 214.000000
754 755 214.000000
755 756 214.000000
756 757 214.000000
757 758 214.000000
1007 10072 213.000000
1029 10928 213.000000
1071 10721 213.000000
1457 1458 213.000000
1024 10833 212.000000
1000 10537 211.000000
1393 1415 211.000000
1244 1266 210.000000
298 299 209.000000
299 300 209.000000
300 301 209.000000
301 302 209.000000
770 771 208.000000
771 772 208.000000
772 773 208.000000
773 774 208.000000
1489 1490 208.000000
1115 1137 207.000000
1027 10703 206.000000
1048 10640 206.000000
302 303 205.000000
303 304 205.000000
304 305 205.000000
305 306 205.000000
306 307 205.000000
1043 10562 203.000000
1071 10811 203.000000
1162 1163 203.000000
1315 1337 202.000000
79 80 201.000000
770 791 201.000000
1027 10788 201.000000
1007 10916 199.000000
1007 10631 198.000000
1001 10440 197.000000
1350 1372 197.000000
10 10817 196.000000
10 10861 196.000000
30 52 195.000000
1027 10664 193.000000
1027 10718 193.000000
1027 10965 193.000000
808 830 192.000000
1001 10791 192.000000
1072 10922 192.000000
1001 10297 191.000000
1163 1185 190.000000
1232 1253 190.000000
1252 1253 190.000000
722 744 188.000000
1022 10655 187.000000
384 406 186.000000
1001 10075 186.000000
1022 10630 186.000000
1028 10839 186.000000
1132 1154 186.000000
479 501 183.000000
722 723 183.000000
1023 10437 182.000000
1273 1274 181.000000
1274 1275 181.000000
804 805 180.000000
895 917 180.000000
491 492 179.000000
1004 10386 179.000000
1045 10628 179.000000
743 744 177.000000
1000 10226 177.000000
1028 10384 176.000000
1067 10791 176.000000
543 565 175.000000
761 762 175.000000
1045 10919 175.000000
1413 1414 175.000000
591 592 174.000000
325 326 173.000000
695 696 173.000000
1045 10683 173.000000
160 182 172.000000
1043 10768 172.000000
936 958 171.000000
242 264 170.000000
1072 10935 170.000000
447 469 169.000000
1005 10331 169.000000
326 327 168.000000
327 328 168.000000
328 329 168.000000
483 505 168.000000
1067 10807 168.000000
1007 10092 167.000000
1027 1049 166.000000
852 874 165.000000
1006 10138 165.000000
1007 10266 165.000000
1050 10680 165.000000
1050 10941 165.000000
1005 10890 164.000000
1007 10805 164.000000
74 96 163.000000
1001 10479 163.000000
1005 10816 163.000000
1394 1416 163.000000
1001 10289 161.000000
736 737 160.000000
737 738 160.000000
1005 10380 160.000000
731 732 159.000000
732 733 159.000000
733 734 159.000000
734 735 159.000000
735 736 159.000000
1468 1490 159.000000
1118 1119 158.000000
783 784 157.000000
1005 10726 157.000000
1050 10935 157.000000
1000 10063 156.000000
1004 10640 156.000000
1100 1121 156.000000
1119 1120 156.000000
1120 1121 156.000000
225 226 155.000000
360 382 155.000000
1022 10962 155.000000
1136 1158 155.000000
121 143 154.000000
1005 10587 153.000000
1000 10572 150.000000
1071 10903 150.000000
1276 1297 150.000000
36 37 149.000000
54 76 149.000000
1005 10810 149.000000
1005 10841 149.000000
1306 1307 149.000000
1307 1308 149.000000
1308 1309 149.000000
1005 10777 148.000000
100 10957 147.000000
295 317 147.000000
1005 10745 147.000000
1028 10760 147.000000
105 127 146.000000
102 103 145.000000
103 104 145.000000
104 105 145.000000
869 891 145.000000
417 439 144.000000
1006 10457 144.000000
1048 10726 144.000000
797 798 143.000000
798 799 143.000000
799 800 143.000000
800 801 143.000000
801 802 143.000000
1006 10888 143.000000
100 10917 142.000000
1001 10284 142.000000
1005 10104 142.000000
273 295 139.000000
482 483 139.000000
477 499 138.000000
958 980 138.000000
632 633 137.000000
633 634 137.000000
634 635 137.000000
675 676 137.000000
676 677 137.000000
677 678 137.000000
1408 1409 137.000000
1409 1410 137.000000
1410 1411 137.000000
1411 1412 137.000000
1412 1413 137.000000
1023 10636 134.000000
1045 10482 134.000000
1239 1240 134.000000
1249 1271 134.000000
435 457 133.000000
652 653 133.000000
1349 1371 133.000000
651 652 132.000000
1022 10548 132.000000
1028 10679 132.000000
1005 10603 131.000000
1051 10975 131.000000
1305 1306 131.000000
565 566 130.000000
1029 10892 130.000000
404 426 129.000000
678 679 129.000000
396 417 128.000000
1000 10771 128.000000
1005 10070 128.000000
1028 10890 128.000000
1202 1224 128.000000
1028 10587 127.000000
1072 10817 127.000000
1072 10861 127.000000
124 125 126.000000
125 126 126.000000
126 127 126.000000
536 537 126.000000
537 538 126.000000
538 539 126.000000
539 540 126.000000
540 541 126.000000
541 542 126.000000
1529 1551 126.000000
1548 1570 126.000000
1023 10807 125.000000
1028 10457 125.000000
1402 1424 125.000000
1029 10365 124.000000
1029 10805 124.000000
1392 1414 124.000000
75 97 123.000000
330 351 123.000000
1188 1210 121.000000
14 36 120.000000
1048 10842 120.000000
161 183 119.000000
660 681 119.000000
679 680 119.000000
680 681 119.000000
1181 1203 119.000000
58 59 118.000000
638 660 118.000000
616 638 117.000000
1049 10933 116.000000
874 896 115.000000
1005 10298 115.000000
1072 10941 115.000000
1073 10758 115.000000
56 78 113.000000
371 393 113.000000
188 210 112.000000
718 719 112.000000
308 329 111.000000
436 458 111.000000
478 500 111.000000
616 637 111.000000
635 636 111.000000
636 637 111.000000
1005 10825 111.000000
1049 10839 111.000000
1093 10933 111.000000
1114 1136 111.000000
1183 1184 111.000000
1184 1185 111.000000
100 10661 110.000000
277 278 110.000000
278 279 110.000000
279 280 110.000000
1028 10933 110.000000
1094 10964 110.000000
803 825 109.000000
1029 10419 109.000000
1029 10445 109.000000
1048 10575 109.000000
1071 10775 107.000000
1071 10902 106.000000
254 276 105.000000
1071 10848 105.000000
1071 10921 105.000000
276 277 104.000000
1006 10141 104.000000
1210 1231 104.000000
145 146 102.000000
1022 10341 102.000000
1027 10484 102.000000
1029 1051 101.000000
1029 10817 101.000000
1029 10861 101.000000
1051 10672 101.000000
1511 1533 101.000000
1050 10585 100.000000
329 351 99.000000
760 761 98.000000
935 957 98.000000
1006 10933 98.000000
1050 10559 98.000000
1338 1360 98.000000
120 142 97.000000
232 233 97.000000
918 940 97.000000
1029 10604 97.000000
1180 1202 97.000000
1320 1341 97.000000
1369 1370 97.000000
373 395 96.000000
834 835 96.000000
1087 10945 96.000000
1116 1138 96.000000
53 75 95.000000
207 229 95.000000
1006 10079 95.000000
1007 10365 95.000000
1027 10624 95.000000
1050 10646 95.000000
1051 10698 95.000000
1051 10758 95.000000
330 352 94.000000
544 566 94.000000
701 702 94.000000
702 703 94.000000
1001 10706 94.000000
1027 10726 94.000000
1089 11000 94.000000
609 610 93.000000
610 611 93.000000
611 612 93.000000
1049 1071 93.000000
1050 10859 93.000000
1072 10859 93.000000
1089 10897 93.000000
697 698 92.000000
698 699 92.000000
699 700 92.000000
700 701 92.000000
774 775 92.000000
437 459 91.000000
503 525 91.000000
264 285 90.000000
280 281 90.000000
281 282 90.000000
282 283 90.000000
283 284 90.000000
284 285 90.000000
1001 10833 90.000000
1027 10568 90.000000
1049 10679 90.000000
1092 10955 90.000000
15 37 89.000000
964 965 89.000000
1027 10645 89.000000
1027 10725 89.000000
1051 10569 89.000000
1051 10732 89.000000
1555 1556 89.000000
461 483 88.000000
10 10604 87.000000
1070 1092 87.000000
1408 1429 87.000000
1425 1426 87.000000
1426 1427 87.000000
1427 1428 87.000000
1428 1429 87.000000
892 914 86.000000
921 922 86.000000
1005 10539 86.000000
1027 10380 86.000000
1044 1066 86.000000
723 724 85.000000
782 783 85.000000
1027 10505 85.000000
1050 10892 85.000000
1071 10951 85.000000
1092 10965 85.000000
1027 10777 84.000000
1073 10900 84.000000
1441 1463 84.000000
1027 10331 83.000000
1027 10816 83.000000
1027 10841 83.000000
1261 1283 83.000000
769 791 82.000000
1001 10198 82.000000
1027 10810 82.000000
11 1573 81.000000
847 848 81.000000
1027 10745 81.000000
14 1576 80.000000
814 815 80.000000
815 816 80.000000
816 817 80.000000
817 818 80.000000
896 918 80.000000
1001 10482 80.000000
1131 1153 80.000000
1210 1211 80.000000
1211 1212 80.000000
1212 1213 80.000000
1213 1214 80.000000
1214 1215 80.000000
1215 1216 80.000000
1216 1217 80.000000
1326 1327 80.000000
163 185 79.000000
535 536 79.000000
856 857 79.000000
1232 1233 79.000000
1233 1234 79.000000
1234 1235 79.000000
1235 1236 79.000000
1236 1237 79.000000
1237 1238 79.000000
1238 1239 79.000000
347 369 78.000000
814 835 78.000000
1001 1023 78.000000
1001 10065 78.000000
744 745 77.000000
745 746 77.000000
1027 10603 77.000000
1027 10831 77.000000
704 725 76.000000
724 725 76.000000
900 901 76.000000
929 930 76.000000
930 931 76.000000
931 932 76.000000
932 933 76.000000
933 934 76.000000
1071 10946 76.000000
1071 10949 76.000000
1174 1196 76.000000
1265 1287 76.000000
1266 1288 76.000000
1304 1305 76.000000
205 227 75.000000
210 232 75.000000
746 747 75.000000
1071 10969 75.000000
721 743 74.000000
1005 10299 74.000000
76 98 73.000000
391 413 73.000000
863 864 73.000000
864 865 73.000000
865 866 73.000000
866 867 73.000000
867 868 73.000000
1005 10725 73.000000
1348 1370 73.000000
1048 10522 72.000000
1276 1277 72.000000
1277 1278 72.000000
1278 1279 72.000000
1279 1280 72.000000
1280 1281 72.000000
1281 1282 72.000000
836 857 71.000000
1007 1029 71.000000
1022 10537 71.000000
1023 10425 71.000000
1071 10934 71.000000
1422 1444 71.000000
688 689 70.000000
689 690 70.000000
690 691 70.000000
691 692 70.000000
692 693 70.000000
693 694 70.000000
1071 10890 70.000000
1357 1379 70.000000
836 837 69.000000
837 838 69.000000
838 839 69.000000
839 840 69.000000
1005 10645 69.000000
1228 1250 69.000000
1226 1248 68.000000
123 124 66.000000
1027 10522 66.000000
434 456 65.000000
455 477 65.000000
578 579 65.000000
579 580 65.000000
580 581 65.000000
581 582 65.000000
582 583 65.000000
583 584 65.000000
584 585 65.000000
585 586 65.000000
1022 10572 65.000000
1023 10647 65.000000
34 56 64.000000
141 163 64.000000
789 811 64.000000
792 813 64.000000
1050 10817 64.000000
1050 10861 64.000000
1185 1186 64.000000
1186 1187 64.000000
361 383 63.000000
717 718 63.000000
1043 10570 63.000000
1043 10688 63.000000
1072 10765 63.000000
1072 10888 63.000000
1224 1246 63.000000
745 767 62.000000
840 841 62.000000
1050 10604 61.000000
1282 1283 61.000000
325 347 60.000000
962 984 60.000000
1051 10631 60.000000
1071 10816 60.000000
1188 1189 60.000000
1189 1190 60.000000
1190 1191 60.000000
1191 1192 60.000000
1192 1193 60.000000
1193 1194 60.000000
1194 1195 60.000000
1551 1573 60.000000
899 921 59.000000
1027 10539 59.000000
1027 10565 59.000000
1305 1327 59.000000
841 863 58.000000
1027 10738 58.000000
1030 10658 58.000000
1049 10725 58.000000
1049 10738 58.000000
1065 1066 58.000000
767 789 57.000000
792 793 57.000000
793 794 57.000000
794 795 57.000000
795 796 57.000000
796 797 57.000000
830 852 57.000000
868 869 57.000000
1005 10268 57.000000
1026 10842 57.000000
1027 10808 57.000000
1027 10877 57.000000
1049 10777 57.000000
1049 10810 57.000000
1049 10841 57.000000
1204 1226 57.000000
33 55 56.000000
1022 10353 56.000000
1022 10978 56.000000
1320 1342 56.000000
10 1572 55.000000
1004 10831 55.000000
1419 1441 55.000000
506 507 54.000000
506 527 54.000000
507 508 54.000000
508 509 54.000000
509 510 54.000000
510 511 54.000000
511 512 54.000000
512 513 54.000000
526 527 54.000000
687 688 54.000000
942 964 54.000000
1004 10568 54.000000
528 529 53.000000
528 549 53.000000
529 530 53.000000
530 531 53.000000
531 532 53.000000
532 533 53.000000
533 534 53.000000
548 549 53.000000
557 558 53.000000
558 559 53.000000
559 560 53.000000
560 561 53.000000
561 562 53.000000
562 563 53.000000
563 564 53.000000
1005 10934 53.000000
1028 10825 53.000000
393 415 52.000000
1023 10338 52.000000
1291 1313 52.000000
140 162 51.000000
348 370 51.000000
534 535 51.000000
1005 10808 51.000000
1005 10877 51.000000
1022 1044 51.000000
1049 10603 51.000000
1072 10839 51.000000
1094 10941 51.000000
1334 1356 51.000000
1485 1507 51.000000
308 330 50.000000
1004 10167 50.000000
1004 10179 50.000000
1004 10250 50.000000
1004 10664 50.000000
1004 10718 50.000000
1004 10788 50.000000
1004 10965 50.000000
1049 10587 50.000000
1267 1289 50.000000
1379 1401 50.000000
13 1575 49.000000
526 548 49.000000
1023 10300 49.000000
1049 10745 49.000000
1446 1447 49.000000
1447 1448 49.000000
1448 1449 49.000000
1449 1450 49.000000
1450 1451 49.000000
350 372 48.000000
914 936 48.000000
1030 10569 48.000000
1030 10732 48.000000
1030 10975 48.000000
1505 1527 48.000000
1045 1067 47.000000
1049 10890 47.000000
1182 1204 47.000000
1195 1196 47.000000
1243 1265 47.000000
570 592 46.000000
710 711 46.000000
711 712 46.000000
712 713 46.000000
713 714 46.000000
714 715 46.000000
715 716 46.000000
716 717 46.000000
913 935 46.000000
1028 10670 46.000000
1320 1321 46.000000
1321 1322 46.000000
1322 1323 46.000000
1323 1324 46.000000
1324 1325 46.000000
1386 1387 46.000000
1386 1407 46.000000
1387 1388 46.000000
1388 1389 46.000000
1389 1390 46.000000
688 710 45.000000
748 749 45.000000
749 750 45.000000
750 751 45.000000
751 752 45.000000
752 753 45.000000
1005 10522 45.000000
1088 1110 45.000000
1137 1159 45.000000
1223 1245 45.000000
1370 1392 45.000000
1398 1420 45.000000
1445 1467 45.000000
55 77 44.000000
738 739 44.000000
826 848 44.000000
1049 10808 44.000000
1049 10877 44.000000
1067 10683 44.000000
1067 10919 44.000000
1298 1299 44.000000
1298 1319 44.000000
1299 1300 44.000000
1300 1301 44.000000
1301 1302 44.000000
1302 1303 44.000000
1303 1304 44.000000
31 53 43.000000
346 368 43.000000
1023 10671 43.000000
1027 10298 43.000000
1027 10299 43.000000
1027 10934 43.000000
1049 10645 43.000000
1371 1393 43.000000
1552 1574 43.000000
339 361 42.000000
390 412 42.000000
748 769 42.000000
1027 10903 42.000000
856 878 41.000000
1005 10903 41.000000
1048 10703 41.000000
1048 10848 41.000000
1048 10902 41.000000
1048 10921 41.000000
1048 10951 41.000000
1048 10969 41.000000
1096 1118 41.000000
744 766 40.000000
1023 10289 40.000000
1023 10297 40.000000
1023 10440 40.000000
1023 10791 40.000000
1048 10603 40.000000
1048 10816 40.000000
1310 1332 40.000000
405 427 39.000000
491 513 39.000000
572 593 39.000000
592 593 39.000000
739 740 39.000000
1048 10775 39.000000
612 613 38.000000
1073 1074 38.000000
1269 1291 38.000000
1464 1486 38.000000
556 578 37.000000
768 790 37.000000
1067 10885 37.000000
1071 10825 37.000000
100 10322 36.000000
521 543 36.000000
723 745 36.000000
1004 10575 36.000000
1023 10479 36.000000
1050 10933 36.000000
209 231 35.000000
660 661 35.000000
661 662 35.000000
662 663 35.000000
663 664 35.000000
664 665 35.000000
665 687 35.000000
1006 1028 35.000000
1006 10670 35.000000
1023 10264 35.000000
1023 10885 35.000000
1070 10783 35.000000
1071 10725 35.000000
1071 10738 35.000000
1071 10777 35.000000
1071 10841 35.000000
1074 1096 35.000000
1093 1115 35.000000
1100 1101 35.000000
1101 1102 35.000000
1102 1103 35.000000
1103 1104 35.000000
1104 1105 35.000000
1105 1106 35.000000
1106 1107 35.000000
1107 1108 35.000000
1108 1109 35.000000
1331 1353 35.000000
1375 1397 34.000000
52 74 33.000000
1001 10057 33.000000
1206 1228 33.000000
1001 10355 32.000000
1008 10658 32.000000
1023 10278 32.000000
1023 10320 32.000000
1023 10683 32.000000
1023 10919 32.000000
1044 10545 32.000000
1048 10808 32.000000
1048 10877 32.000000
1051 10916 32.000000
1201 1223 32.000000
1474 1475 32.000000
1474 1495 32.000000
1475 1476 32.000000
1476 1477 32.000000
1477 1478 32.000000
1490 1491 32.000000
1491 1492 32.000000
1492 1493 32.000000
1493 1494 32.000000
1494 1495 32.000000
102 10911 31.000000
572 573 31.000000
573 574 31.000000
574 575 31.000000
575 576 31.000000
576 577 31.000000
577 578 31.000000
1001 10684 31.000000
1008 10128 31.000000
1048 10506 31.000000
1048 10783 31.000000
1049 10825 31.000000
449 471 30.000000
569 570 30.000000
726 727 30.000000
727 728 30.000000
728 729 30.000000
729 730 30.000000
730 731 30.000000
1354 1376 30.000000
1369 1391 30.000000
665 666 29.000000
666 688 29.000000
694 695 29.000000
1004 10407 29.000000
1004 10842 29.000000
1044 10807 29.000000
1071 10808 29.000000
1071 10877 29.000000
1288 1310 29.000000
556 557 28.000000
1067 10684 28.000000
1254 1255 28.000000
1255 1256 28.000000
1256 1257 28.000000
1257 1258 28.000000
1258 1259 28.000000
1259 1260 28.000000
1260 1261 28.000000
940 962 27.000000
957 979 27.000000
963 985 27.000000
1022 10543 27.000000
1022 10579 27.000000
1022 10588 27.000000
1166 1188 27.000000
1325 1347 27.000000
1446 1468 27.000000
145 167 26.000000
425 447 26.000000
1225 1247 26.000000
1270 1292 26.000000
1005 10738 25.000000
1023 10284 25.000000
220 242 24.000000
302 324 24.000000
548 570 24.000000
902 903 24.000000
903 904 24.000000
904 905 24.000000
905 906 24.000000
919 941 24.000000
1067 10792 24.000000
1067 10897 24.000000
1067 11000 24.000000
1530 1552 24.000000
345 367 23.000000
858 859 23.000000
858 879 23.000000
859 860 23.000000
860 861 23.000000
861 862 23.000000
862 863 23.000000
878 879 23.000000
934 935 23.000000
102 10591 22.000000
385 407 22.000000
1067 10671 22.000000
1424 1425 22.000000
1072 10933 21.000000
1262 1284 21.000000
1325 1326 21.000000
51 52 20.000000
280 302 20.000000
323 345 20.000000
338 360 20.000000
902 923 20.000000
922 923 20.000000
1245 1267 20.000000
102 10566 19.000000
102 10963 19.000000
220 221 19.000000
221 222 19.000000
222 223 19.000000
223 224 19.000000
224 225 19.000000
631 632 19.000000
726 747 19.000000
845 846 19.000000
846 847 19.000000
1048 10903 19.000000
1067 10706 19.000000
1067 10833 19.000000
1071 10810 19.000000
1415 1437 19.000000
100 10829 18.000000
1048 10565 18.000000
1071 10745 18.000000
1092 10946 18.000000
1092 10949 18.000000
1306 1328 18.000000
6 7 17.000000
102 10295 17.000000
704 705 17.000000
705 706 17.000000
706 707 17.000000
707 708 17.000000
708 709 17.000000
1000 10300 17.000000
1000 10710 17.000000
1048 10539 17.000000
1048 10934 17.000000
1050 1072 17.000000
1088 10919 17.000000
1227 1249 17.000000
51 73 16.000000
181 182 16.000000
701 723 16.000000
1066 1088 16.000000
1073 10805 16.000000
1144 1145 16.000000
1145 1146 16.000000
1146 1147 16.000000
1147 1148 16.000000
1148 1149 16.000000
1149 1150 16.000000
1150 1151 16.000000
1151 1152 16.000000
138 139 15.000000
264 286 15.000000
351 373 15.000000
534 556 15.000000
1001 10551 15.000000
1073 10928 15.000000
1078 1100 15.000000
1144 1166 15.000000
1144 1165 15.000000
1163 1164 15.000000
1164 1165 15.000000
1254 1275 15.000000
1414 1436 15.000000
525 547 14.000000
788 810 14.000000
946 947 14.000000
947 948 14.000000
948 949 14.000000
949 950 14.000000
1008 10569 14.000000
1008 10732 14.000000
1008 10975 14.000000
1070 10831 14.000000
1070 10842 14.000000
1157 1179 14.000000
1217 1239 14.000000
1359 1381 14.000000
7 8 13.000000
167 168 13.000000
168 169 13.000000
169 170 13.000000
170 171 13.000000
189 190 13.000000
190 191 13.000000
191 192 13.000000
192 193 13.000000
481 503 13.000000
504 526 13.000000
746 768 13.000000
1029 10765 13.000000
1070 10718 13.000000
1070 10788 13.000000
1070 10965 13.000000
1195 1217 13.000000
1254 1276 13.000000
5 6 12.000000
102 10767 12.000000
210 211 12.000000
316 338 12.000000
679 701 12.000000
1001 10278 12.000000
1001 10320 12.000000
1001 10683 12.000000
1048 10484 12.000000
1048 10505 12.000000
1066 10771 12.000000
1311 1333 12.000000
1314 1336 12.000000
1390 1391 12.000000
1550 1572 12.000000
101 10889 11.000000
102 10826 11.000000
137 138 11.000000
137 159 11.000000
403 425 11.000000
709 710 11.000000
726 748 11.000000
946 968 11.000000
968 989 11.000000
987 988 11.000000
988 989 11.000000
1001 10919 11.000000
1051 10928 11.000000
1078 1079 11.000000
1079 1080 11.000000
1080 1081 11.000000
1081 1082 11.000000
1082 1083 11.000000
1083 1084 11.000000
1084 1085 11.000000
1085 1086 11.000000
1086 1087 11.000000
1092 10921 11.000000
1092 10934 11.000000
1092 10951 11.000000
1092 10969 11.000000
1139 1161 11.000000
1282 1304 11.000000
102 10794 10.000000
753 754 10.000000
832 854 10.000000
870 892 10.000000
1317 1339 10.000000
1533 1534 10.000000
12 1574 9.000000
15 1577 9.000000
286 307 9.000000
438 460 9.000000
550 571 9.000000
570 571 9.000000
572 594 9.000000
594 616 9.000000
724 746 9.000000
790 812 9.000000
880 881 9.000000
880 901 9.000000
881 882 9.000000
882 883 9.000000
883 884 9.000000
884 885 9.000000
1001 10671 9.000000
1166 1167 9.000000
1167 1168 9.000000
1168 1169 9.000000
1169 1170 9.000000
1170 1171 9.000000
1171 1172 9.000000
1172 1173 9.000000
1173 1174 9.000000
1460 1482 9.000000
1482 1504 9.000000
550 551 8.000000
551 552 8.000000
552 553 8.000000
553 554 8.000000
554 555 8.000000
555 556 8.000000
674 675 8.000000
678 700 8.000000
696 697 8.000000
700 722 8.000000
775 776 8.000000
776 777 8.000000
777 778 8.000000
778 779 8.000000
834 856 8.000000
1001 10264 8.000000
1022 10226 8.000000
1044 10440 8.000000
1044 10479 8.000000
1044 10791 8.000000
1050 10765 8.000000
1050 10888 8.000000
1094 1116 8.000000
1140 1162 8.000000
1152 1153 8.000000
1152 1174 8.000000
1376 1398 8.000000
770 792 7.000000
791 813 7.000000
825 847 7.000000
841 842 7.000000
842 843 7.000000
843 844 7.000000
844 845 7.000000
885 886 7.000000
886 887 7.000000
887 888 7.000000
888 889 7.000000
889 890 7.000000
890 891 7.000000
1000 10169 7.000000
1001 10038 7.000000
1001 10107 7.000000
1001 10338 7.000000
1001 10885 7.000000
1087 1109 7.000000
1153 1175 7.000000
1185 1207 7.000000
1430 1431 7.000000
1430 1451 7.000000
1431 1432 7.000000
1432 1433 7.000000
1433 1434 7.000000
1545 1567 7.000000
102 10328 6.000000
298 320 6.000000
594 595 6.000000
594 615 6.000000
595 596 6.000000
596 597 6.000000
597 598 6.000000
598 599 6.000000
613 614 6.000000
614 615 6.000000
631 653 6.000000
833 855 6.000000
1022 10285 6.000000
1095 1096 6.000000
4 5 5.000000
242 263 5.000000
254 255 5.000000
255 256 5.000000
256 257 5.000000
257 258 5.000000
258 259 5.000000
259 260 5.000000
260 261 5.000000
261 262 5.000000
262 263 5.000000
326 348 5.000000
415 437 5.000000
709 731 5.000000
783 805 5.000000
1023 1045 5.000000
1044 10710 5.000000
1048 10568 5.000000
1048 10664 5.000000
1048 10718 5.000000
1048 10788 5.000000
1048 10831 5.000000
1048 10965 5.000000
1230 1252 5.000000
1276 1298 5.000000
1298 1320 5.000000
1304 1326 5.000000
1544 1566 5.000000
1546 1568 5.000000
100 10317 4.000000
138 160 4.000000
144 166 4.000000
166 188 4.000000
389 411 4.000000
902 924 4.000000
924 945 4.000000
934 956 4.000000
944 945 4.000000
1043 10537 4.000000
1045 10525 4.000000
1045 10538 4.000000
1045 10792 4.000000
1045 10897 4.000000
1045 11000 4.000000
1056 1078 4.000000
1271 1293 4.000000
1486 1508 4.000000
77 99 3.000000
100 10577 3.000000
101 10496 3.000000
176 198 3.000000
176 197 3.000000
193 194 3.000000
194 195 3.000000
195 196 3.000000
196 197 3.000000
198 220 3.000000
490 512 3.000000
512 534 3.000000
616 617 3.000000
617 618 3.000000
618 619 3.000000
619 620 3.000000
620 621 3.000000
621 643 3.000000
643 665 3.000000
673 674 3.000000
787 809 3.000000
946 967 3.000000
965 966 3.000000
966 967 3.000000
1051 10805 3.000000
1056 1077 3.000000
1065 10768 3.000000
1065 10773 3.000000
1065 10854 3.000000
1065 10945 3.000000
1074 1075 3.000000
1075 1076 3.000000
1076 1077 3.000000
1166 1187 3.000000
1196 1218 3.000000
1268 1290 3.000000
1272 1294 3.000000
1326 1348 3.000000
1351 1373 3.000000
220 241 2.000000
233 234 2.000000
234 235 2.000000
235 236 2.000000
236 237 2.000000
237 238 2.000000
238 239 2.000000
239 240 2.000000
240 241 2.000000
687 709 2.000000
814 836 2.000000
847 869 2.000000
848 870 2.000000
871 893 2.000000
920 942 2.000000
1044 10636 2.000000
1045 10684 2.000000
1045 10706 2.000000
1045 10833 2.000000
1119 1141 2.000000
1141 1163 2.000000
1333 1355 2.000000
1488 1510 2.000000
59 60 1.000000
60 61 1.000000
61 83 1.000000
154 155 1.000000
154 175 1.000000
155 156 1.000000
156 157 1.000000
157 158 1.000000
158 159 1.000000
171 172 1.000000
172 173 1.000000
173 174 1.000000
174 175 1.000000
181 203 1.000000
183 205 1.000000
469 491 1.000000
550 572 1.000000
638 659 1.000000
643 644 1.000000
644 645 1.000000
645 646 1.000000
646 647 1.000000
647 648 1.000000
648 649 1.000000
649 650 1.000000
650 651 1.000000
653 654 1.000000
654 655 1.000000
655 656 1.000000
656 657 1.000000
657 658 1.000000
658 659 1.000000
736 758 1.000000
818 819 1.000000
819 841 1.000000
857 879 1.000000
876 898 1.000000
879 901 1.000000
938 960 1.000000
960 982 1.000000
1000 10545 1.000000
1000 10611 1.000000
1000 10830 1.000000
1012 1034 1.000000
1012 1033 1.000000
1030 1031 1.000000
1031 1032 1.000000
1032 1033 1.000000
1034 1056 1.000000
1043 10579 1.000000
1043 10588 1.000000
1045 10551 1.000000
1045 10671 1.000000
1073 10744 1.000000
1092 1114 1.000000
1109 1131 1.000000
1329 1351 1.000000
1358 1380 1.000000
1413 1435 1.000000
1549 1571 1.000000
