407 408 17373.000000
408 409 17373.000000
409 410 17373.000000
410 411 17283.000000
1335 1336 14673.000000
11 12 14057.000000
406 407 13335.000000
385 386 12004.000000
386 387 12004.000000
387 388 12004.000000
388 389 12004.000000
1400 1401 11661.000000
10 11 10803.000000
8 9 10517.000000
1379 1380 10433.000000
1378 1379 10366.000000
1203 1204 10210.000000
384 385 10165.000000
230 231 10155.000000
364 365 10139.000000
365 366 10139.000000
366 367 10139.000000
1422 1423 10089.000000
411 412 9910.000000
1377 1378 9888.000000
12 13 9728.000000
367 368 9504.000000
1336 1337 9157.000000
363 364 9043.000000
13 14 8907.000000
1444 1445 8880.000000
1247 1248 8805.000000
1204 1205 8801.000000
1181 1182 8729.000000
1421 1422 8622.000000
429 430 8516.000000
430 431 8516.000000
431 432 8516.000000
1248 1249 8412.000000
1423 1424 8253.000000
1202 1203 8199.000000
412 413 8159.000000
1376 1377 8136.000000
1114 1115 7805.000000
1357 1358 7634.000000
1334 1335 7566.000000
1420 1421 7555.000000
1045 1046 7455.000000
1046 1047 7455.000000
1115 1116 7381.000000
362 363 7376.000000
1111 1112 7352.000000
1112 1113 7352.000000
1399 1400 7267.000000
1415 1416 7161.000000
1159 1160 7147.000000
1417 1418 7087.000000
273 274 7068.000000
1443 1444 7060.000000
1442 1443 7002.000000
1180 1181 6929.000000
1416 1417 6928.000000
1419 1420 6765.000000
274 275 6749.000000
1398 1399 6721.000000
1395 1396 6653.000000
1333 1334 6626.000000
1418 1419 6582.000000
1160 1161 6576.000000
1396 1397 6474.000000
32 33 6461.000000
1397 1398 6404.000000
1401 1402 6379.000000
1393 1394 6236.000000
1394 1395 6236.000000
1246 1247 6197.000000
1179 1180 6107.000000
1113 1114 5987.000000
1441 1442 5967.000000
317 318 5925.000000
428 429 5898.000000
1249 1250 5884.000000
1224 1225 5883.000000
251 252 5661.000000
1024 1025 5614.000000
1025 1026 5614.000000
1201 1202 5545.000000
1414 1415 5493.000000
1047 1048 5487.000000
1459 1460 5458.000000
1245 1246 5406.000000
1116 1117 5380.000000
1023 1024 5332.000000
1044 1045 5212.000000
1225 1226 5201.000000
1462 1463 5199.000000
1110 1111 5198.000000
1332 1333 5137.000000
1043 1044 5121.000000
1461 1462 5098.000000
413 414 5015.000000
1001 1002 4950.000000
1002 1003 4950.000000
1003 1004 4950.000000
1158 1159 4863.000000
389 390 4834.000000
1466 1467 4833.000000
1269 1270 4804.000000
1356 1357 4779.000000
98 99 4746.000000
1067 1068 4657.000000
1068 1069 4657.000000
1069 1070 4657.000000
432 433 4638.000000
1570 1571 4568.000000
1465 1466 4544.000000
1438 1439 4542.000000
141 142 4532.000000
1439 1440 4527.000000
1437 1438 4499.000000
1458 1459 4482.000000
1460 1461 4474.000000
586 587 4465.000000
142 143 4436.000000
1138 1139 4425.000000
1355 1356 4410.000000
1440 1441 4374.000000
1027 1028 4329.000000
1268 1269 4293.000000
499 500 4226.000000
433 434 4210.000000
97 98 4162.000000
1571 1572 4140.000000
1526 1527 4114.000000
1205 1206 4091.000000
1223 1224 4076.000000
368 369 4068.000000
1510 1511 4003.000000
1464 1465 3944.000000
1071 1072 3899.000000
1463 1464 3894.000000
520 521 3876.000000
1137 1138 3843.000000
76 77 3842.000000
1392 1393 3786.000000
361 362 3782.000000
1527 1528 3744.000000
405 406 3736.000000
427 428 3709.000000
295 296 3686.000000
1206 1207 3646.000000
183 184 3628.000000
451 452 3626.000000
452 453 3626.000000
453 454 3626.000000
1218 1219 3623.000000
1219 1220 3623.000000
1220 1221 3623.000000
1221 1222 3623.000000
390 391 3571.000000
140 141 3537.000000
1354 1355 3469.000000
980 981 3461.000000
981 982 3461.000000
1182 1183 3377.000000
383 384 3360.000000
1048 1049 3345.000000
1175 1176 3344.000000
1176 1177 3344.000000
1177 1178 3344.000000
1291 1292 3343.000000
1117 1118 3319.000000
1313 1314 3289.000000
1528 1529 3256.000000
1070 1071 3255.000000
184 185 3237.000000
455 456 3232.000000
318 340 3230.000000
1290 1291 3166.000000
1026 1027 3135.000000
162 163 3125.000000
1092 1093 3112.000000
318 319 3108.000000
1270 1271 3103.000000
454 455 3077.000000
1197 1198 3076.000000
1198 1199 3076.000000
1199 1200 3076.000000
1267 1268 3070.000000
1487 1488 3066.000000
316 317 3052.000000
161 162 3038.000000
339 340 3021.000000
1022 1023 3011.000000
1486 1487 2988.000000
185 186 2976.000000
1266 1267 2970.000000
1088 1089 2959.000000
1089 1090 2959.000000
1090 1091 2959.000000
1375 1376 2950.000000
186 187 2944.000000
96 97 2938.000000
500 501 2936.000000
1000 1001 2920.000000
982 983 2907.000000
1200 1201 2898.000000
809 810 2890.000000
958 959 2886.000000
959 960 2886.000000
830 831 2870.000000
1310 1311 2835.000000
1488 1489 2825.000000
340 341 2813.000000
1289 1290 2792.000000
75 76 2783.000000
1136 1137 2779.000000
182 183 2756.000000
229 230 2750.000000
1337 1338 2747.000000
1485 1486 2739.000000
1178 1179 2705.000000
1436 1437 2674.000000
521 522 2672.000000
1109 1110 2658.000000
231 232 2630.000000
1292 1293 2627.000000
1530 1531 2617.000000
1066 1067 2615.000000
1509 1510 2605.000000
957 958 2594.000000
404 405 2554.000000
456 457 2554.000000
874 875 2540.000000
1529 1530 2534.000000
806 807 2531.000000
807 808 2531.000000
1004 1005 2511.000000
118 119 2510.000000
139 140 2485.000000
1531 1532 2483.000000
226 227 2469.000000
227 228 2469.000000
477 478 2459.000000
808 809 2441.000000
1508 1509 2438.000000
1336 1358 2406.000000
1311 1312 2403.000000
827 828 2402.000000
828 829 2402.000000
829 830 2402.000000
494 495 2390.000000
495 496 2390.000000
496 497 2390.000000
497 498 2390.000000
1483 1484 2382.000000
522 523 2380.000000
1271 1272 2376.000000
1087 1088 2374.000000
274 296 2368.000000
55 56 2367.000000
457 458 2367.000000
1005 1006 2355.000000
414 415 2281.000000
163 164 2279.000000
294 295 2270.000000
470 471 2255.000000
434 435 2241.000000
448 449 2234.000000
1572 1573 2234.000000
1250 1251 2220.000000
979 980 2214.000000
1226 1227 2205.000000
501 502 2200.000000
542 543 2165.000000
1117 1139 2165.000000
1352 1353 2145.000000
1222 1223 2143.000000
1482 1483 2129.000000
1227 1228 2126.000000
228 229 2116.000000
296 297 2113.000000
1312 1313 2096.000000
498 499 2090.000000
382 383 2081.000000
1160 1182 2074.000000
1549 1550 2060.000000
187 209 2039.000000
1505 1506 2036.000000
450 451 2033.000000
30 31 2028.000000
164 165 1984.000000
1484 1485 1984.000000
1467 1468 1976.000000
119 120 1971.000000
449 450 1953.000000
33 34 1950.000000
117 118 1941.000000
252 253 1939.000000
391 392 1934.000000
77 78 1924.000000
1135 1136 1922.000000
392 393 1920.000000
1353 1354 1915.000000
478 479 1899.000000
73 74 1893.000000
1550 1551 1884.000000
54 55 1879.000000
74 75 1879.000000
956 957 1875.000000
435 436 1873.000000
978 979 1861.000000
1091 1092 1844.000000
469 470 1838.000000
275 276 1826.000000
1506 1507 1819.000000
1573 1574 1815.000000
393 394 1809.000000
1349 1350 1800.000000
1350 1351 1800.000000
1351 1352 1800.000000
1049 1050 1791.000000
1006 1007 1772.000000
208 209 1771.000000
165 166 1765.000000
414 436 1755.000000
250 251 1738.000000
340 362 1731.000000
1507 1508 1714.000000
231 253 1710.000000
962 963 1693.000000
31 32 1687.000000
1380 1381 1685.000000
543 544 1679.000000
369 391 1672.000000
480 481 1666.000000
1196 1197 1661.000000
143 144 1642.000000
1132 1133 1640.000000
1133 1134 1640.000000
1134 1135 1640.000000
415 416 1630.000000
1093 1094 1623.000000
1174 1175 1608.000000
472 473 1595.000000
473 474 1595.000000
474 475 1595.000000
475 476 1595.000000
120 121 1589.000000
426 427 1581.000000
1028 1029 1568.000000
1348 1349 1567.000000
160 161 1559.000000
1309 1310 1558.000000
961 962 1557.000000
983 984 1547.000000
471 472 1542.000000
1292 1314 1537.000000
319 320 1535.000000
918 919 1521.000000
1380 1402 1494.000000
1314 1315 1493.000000
1072 1073 1488.000000
14 15 1475.000000
1358 1359 1472.000000
960 961 1437.000000
936 937 1427.000000
937 938 1427.000000
1306 1307 1422.000000
1307 1308 1422.000000
1308 1309 1422.000000
78 79 1412.000000
1262 1263 1407.000000
1263 1264 1407.000000
1264 1265 1407.000000
1265 1266 1403.000000
963 964 1400.000000
1161 1162 1398.000000
207 208 1378.000000
873 874 1367.000000
1305 1306 1357.000000
896 897 1355.000000
852 853 1351.000000
368 390 1325.000000
502 503 1302.000000
938 939 1284.000000
1241 1242 1284.000000
1242 1243 1284.000000
1243 1244 1284.000000
56 57 1264.000000
1402 1403 1256.000000
1370 1371 1247.000000
286 287 1245.000000
287 288 1245.000000
288 289 1245.000000
289 290 1245.000000
984 985 1243.000000
447 448 1236.000000
853 854 1236.000000
810 811 1233.000000
341 342 1232.000000
342 343 1232.000000
343 344 1232.000000
344 345 1232.000000
345 346 1232.000000
919 920 1217.000000
870 871 1213.000000
871 872 1213.000000
872 873 1213.000000
1371 1372 1195.000000
1372 1373 1191.000000
587 609 1175.000000
34 35 1173.000000
425 426 1173.000000
95 96 1172.000000
1574 1575 1168.000000
481 482 1163.000000
1501 1502 1154.000000
1502 1503 1154.000000
1503 1504 1154.000000
503 504 1153.000000
10 10141 1149.000000
476 477 1149.000000
369 370 1146.000000
875 876 1146.000000
1373 1374 1144.000000
893 894 1143.000000
894 895 1143.000000
1331 1332 1139.000000
53 54 1137.000000
1240 1241 1136.000000
317 339 1134.000000
607 608 1132.000000
831 832 1107.000000
1413 1414 1099.000000
1374 1375 1092.000000
370 371 1087.000000
917 918 1085.000000
608 609 1074.000000
546 547 1069.000000
1288 1289 1063.000000
766 767 1059.000000
320 321 1058.000000
321 322 1058.000000
322 323 1058.000000
323 324 1058.000000
898 899 1053.000000
1048 10811 1048.000000
1551 1552 1048.000000
1293 1294 1023.000000
1423 1445 1023.000000
1457 1458 1019.000000
897 898 1016.000000
436 437 1013.000000
765 766 1013.000000
762 763 1011.000000
763 764 1011.000000
764 765 1011.000000
290 291 1006.000000
411 433 1005.000000
440 441 1000.000000
440 461 1000.000000
441 442 1000.000000
442 443 1000.000000
443 444 1000.000000
444 445 1000.000000
445 446 1000.000000
446 447 1000.000000
479 480 998.000000
854 855 991.000000
10 32 990.000000
869 870 980.000000
935 936 971.000000
914 915 969.000000
915 916 969.000000
916 917 969.000000
416 417 960.000000
1315 1316 959.000000
275 297 957.000000
1065 1066 951.000000
412 434 950.000000
225 226 946.000000
458 459 943.000000
1244 1245 931.000000
459 460 924.000000
1228 1229 921.000000
767 768 919.000000
543 565 917.000000
35 36 916.000000
1480 1481 910.000000
1481 1482 910.000000
1553 1554 907.000000
892 893 906.000000
1552 1553 906.000000
1304 1305 891.000000
142 164 886.000000
291 292 886.000000
292 293 886.000000
293 294 886.000000
832 833 883.000000
371 372 878.000000
564 565 864.000000
849 850 855.000000
850 851 855.000000
382 404 853.000000
851 852 851.000000
1049 10585 851.000000
248 249 846.000000
249 250 846.000000
1554 1555 845.000000
352 353 836.000000
353 354 836.000000
354 355 836.000000
355 356 836.000000
356 357 836.000000
357 358 836.000000
358 359 836.000000
359 360 836.000000
565 566 836.000000
985 986 823.000000
1004 10380 821.000000
1548 1549 816.000000
1328 1329 814.000000
1329 1330 813.000000
29 30 801.000000
360 361 801.000000
1116 1138 797.000000
1338 1339 796.000000
1339 1340 796.000000
1340 1341 796.000000
1157 1158 794.000000
209 210 790.000000
545 546 789.000000
1284 1285 783.000000
1285 1286 783.000000
499 521 780.000000
52 53 777.000000
1217 1218 775.000000
913 914 774.000000
891 892 770.000000
57 58 761.000000
253 275 761.000000
1005 10399 759.000000
1330 1331 756.000000
855 856 755.000000
1286 1287 752.000000
1131 1132 751.000000
544 545 750.000000
768 769 742.000000
456 478 733.000000
566 567 719.000000
1575 1576 719.000000
1161 1183 716.000000
1027 10280 710.000000
1392 1414 702.000000
895 896 697.000000
876 877 696.000000
1005 10429 695.000000
848 849 691.000000
567 568 690.000000
460 461 687.000000
826 827 686.000000
1504 1526 686.000000
270 271 685.000000
271 272 685.000000
1391 1392 685.000000
12 34 684.000000
1153 1154 681.000000
1154 1155 681.000000
1155 1156 681.000000
1156 1157 681.000000
547 548 680.000000
187 188 677.000000
1251 1252 653.000000
1252 1253 653.000000
454 476 649.000000
324 346 648.000000
1403 1404 648.000000
1404 1405 648.000000
1405 1406 648.000000
1188 1209 647.000000
144 145 644.000000
264 265 644.000000
265 266 644.000000
266 267 644.000000
267 268 644.000000
268 269 644.000000
1544 1545 641.000000
766 788 638.000000
204 205 637.000000
367 389 635.000000
1460 1482 628.000000
1545 1546 628.000000
492 493 624.000000
493 494 624.000000
1347 1348 616.000000
1229 1230 614.000000
269 270 610.000000
847 848 609.000000
1207 1208 609.000000
1208 1209 609.000000
1546 1547 608.000000
1005 10136 605.000000
1294 1295 602.000000
740 741 601.000000
741 742 601.000000
742 743 601.000000
1004 10055 595.000000
229 251 594.000000
185 207 588.000000
1547 1548 586.000000
437 438 584.000000
205 206 582.000000
206 207 582.000000
372 373 578.000000
361 383 576.000000
272 273 572.000000
523 524 570.000000
121 122 561.000000
788 789 551.000000
940 941 538.000000
1005 10670 535.000000
514 515 534.000000
515 516 534.000000
516 517 534.000000
517 518 534.000000
518 519 534.000000
519 520 534.000000
1207 1229 534.000000
308 309 528.000000
309 310 528.000000
310 311 528.000000
311 312 528.000000
312 313 528.000000
313 314 528.000000
314 315 528.000000
315 316 528.000000
1295 1296 524.000000
1296 1297 524.000000
1022 10341 521.000000
1205 1227 517.000000
1504 1505 517.000000
524 525 516.000000
941 942 513.000000
805 806 512.000000
568 569 510.000000
1532 1533 505.000000
1250 1272 497.000000
228 250 491.000000
203 204 486.000000
1206 1228 472.000000
1004 10225 471.000000
394 395 470.000000
939 940 470.000000
100 10118 463.000000
1359 1360 461.000000
1360 1361 457.000000
1361 1362 457.000000
1467 1489 456.000000
833 834 455.000000
252 274 454.000000
273 295 453.000000
630 631 448.000000
247 248 445.000000
426 448 445.000000
491 492 443.000000
1045 10628 443.000000
609 610 441.000000
610 611 441.000000
611 612 441.000000
447 469 440.000000
448 470 439.000000
811 812 438.000000
500 522 436.000000
1435 1436 435.000000
297 319 433.000000
825 826 431.000000
188 189 430.000000
1327 1328 429.000000
330 331 428.000000
330 351 428.000000
331 332 428.000000
332 333 428.000000
333 334 428.000000
334 335 428.000000
335 336 428.000000
336 337 428.000000
460 482 427.000000
374 375 421.000000
374 395 421.000000
375 376 421.000000
376 377 421.000000
377 378 421.000000
378 379 421.000000
379 380 421.000000
380 381 421.000000
381 382 421.000000
501 523 418.000000
1000 10169 418.000000
1043 10562 414.000000
339 361 413.000000
425 447 412.000000
10 10115 411.000000
324 325 410.000000
1007 10569 409.000000
1204 1226 409.000000
1379 1401 394.000000
100 10917 391.000000
1364 1385 391.000000
413 435 390.000000
1287 1309 386.000000
296 318 384.000000
10 10892 383.000000
159 160 381.000000
1364 1365 381.000000
1365 1366 381.000000
1366 1367 381.000000
1367 1368 381.000000
1368 1369 381.000000
164 186 380.000000
325 326 380.000000
326 327 380.000000
327 328 380.000000
328 329 380.000000
589 590 380.000000
590 591 380.000000
1007 10128 377.000000
1043 10549 375.000000
1043 10773 375.000000
230 252 374.000000
418 419 374.000000
418 439 374.000000
419 420 374.000000
420 421 374.000000
421 422 374.000000
422 423 374.000000
423 424 374.000000
424 425 374.000000
10 10559 373.000000
1287 1288 370.000000
1479 1480 368.000000
934 935 367.000000
536 537 364.000000
537 538 364.000000
538 539 364.000000
539 540 364.000000
540 541 364.000000
541 542 364.000000
1072 1094 357.000000
167 168 356.000000
168 169 356.000000
169 170 356.000000
1027 10270 352.000000
912 913 350.000000
337 338 342.000000
457 479 337.000000
1326 1327 336.000000
350 351 335.000000
100 10496 334.000000
51 52 332.000000
1001 10038 331.000000
1087 1109 329.000000
1320 1341 325.000000
1202 1224 324.000000
789 790 322.000000
804 805 316.000000
346 347 314.000000
1239 1240 314.000000
10 10009 313.000000
100 101 313.000000
1004 10361 313.000000
1023 10437 312.000000
10 10079 308.000000
403 404 305.000000
920 921 305.000000
1070 10946 305.000000
1381 1382 305.000000
1230 1231 304.000000
588 589 303.000000
1004 10842 303.000000
207 229 302.000000
10 10680 299.000000
160 182 299.000000
347 348 299.000000
348 349 299.000000
349 350 299.000000
75 97 298.000000
478 500 298.000000
1044 10710 296.000000
1000 10226 295.000000
1022 10579 295.000000
1022 10588 295.000000
1162 1163 295.000000
1406 1407 295.000000
1022 10353 293.000000
1022 10978 293.000000
830 852 291.000000
1004 10640 291.000000
787 788 290.000000
1023 10297 287.000000
1249 1271 287.000000
1001 10628 285.000000
1023 10440 285.000000
1023 10807 285.000000
1066 10757 285.000000
1043 10768 284.000000
1024 10628 282.000000
286 307 281.000000
811 833 281.000000
522 544 280.000000
295 317 278.000000
743 744 277.000000
1000 10611 277.000000
1369 1370 277.000000
506 507 276.000000
506 527 276.000000
507 508 276.000000
508 509 276.000000
509 510 276.000000
510 511 276.000000
526 527 276.000000
511 512 274.000000
899 900 274.000000
1028 10419 274.000000
1393 1415 272.000000
10 10109 271.000000
10 10765 271.000000
1022 10543 271.000000
1050 1051 271.000000
480 502 270.000000
1005 10384 270.000000
10 10817 269.000000
10 10861 269.000000
10 10888 269.000000
384 406 269.000000
547 569 269.000000
874 896 268.000000
1483 1505 265.000000
1004 10250 262.000000
1283 1284 262.000000
1185 1186 261.000000
1272 1273 261.000000
251 273 260.000000
396 397 259.000000
396 417 259.000000
397 398 259.000000
398 399 259.000000
399 400 259.000000
400 401 259.000000
401 402 259.000000
402 403 259.000000
1027 1049 259.000000
1000 10547 258.000000
1043 10507 257.000000
1043 10854 257.000000
1043 10945 257.000000
513 514 256.000000
1174 1196 255.000000
779 780 254.000000
780 781 254.000000
1382 1383 253.000000
1383 1384 253.000000
1384 1385 253.000000
868 869 251.000000
1023 10791 251.000000
718 719 250.000000
719 720 250.000000
720 721 250.000000
1445 1446 249.000000
122 123 248.000000
427 449 248.000000
1001 10075 248.000000
1294 1316 248.000000
1004 10167 247.000000
1071 1093 244.000000
1028 1050 243.000000
840 841 242.000000
1066 10741 242.000000
1048 10951 241.000000
14 1576 240.000000
1048 10969 240.000000
1004 10268 239.000000
1022 10537 238.000000
1022 10572 238.000000
208 230 237.000000
1416 1438 237.000000
1004 10179 236.000000
1004 10664 236.000000
1004 10718 236.000000
1004 10965 236.000000
1028 10859 236.000000
1183 1184 235.000000
1028 10445 234.000000
1184 1185 234.000000
1026 10386 232.000000
721 722 231.000000
117 139 230.000000
1027 10949 229.000000
1232 1253 229.000000
535 536 227.000000
1000 10061 227.000000
1005 10679 227.000000
1045 10684 227.000000
1000 10285 225.000000
1004 10575 225.000000
1293 1315 225.000000
181 182 224.000000
1000 10063 224.000000
1087 10962 222.000000
1004 10783 221.000000
1006 10604 221.000000
1027 10703 221.000000
1004 10450 220.000000
1004 10506 220.000000
1353 1375 220.000000
1045 10706 218.000000
1158 1180 218.000000
329 351 217.000000
436 458 217.000000
1004 10848 217.000000
1004 10902 217.000000
1004 10921 217.000000
587 588 216.000000
1092 10955 216.000000
1511 1512 216.000000
101 102 214.000000
166 167 214.000000
1007 10145 214.000000
338 339 213.000000
371 393 213.000000
1045 10551 213.000000
1045 10671 213.000000
1273 1274 213.000000
1274 1275 213.000000
253 254 212.000000
810 832 212.000000
939 961 212.000000
1006 10892 211.000000
1028 10670 211.000000
812 813 210.000000
462 463 209.000000
462 483 209.000000
463 464 209.000000
464 465 209.000000
465 466 209.000000
466 467 209.000000
467 468 209.000000
468 469 209.000000
482 483 209.000000
964 965 208.000000
525 526 207.000000
1004 10407 206.000000
1027 10946 206.000000
362 384 205.000000
1001 10885 205.000000
1001 10338 204.000000
498 520 203.000000
1130 1131 203.000000
629 630 200.000000
1529 1551 200.000000
1026 1048 199.000000
1005 10825 198.000000
1043 10570 197.000000
1044 10547 197.000000
1007 10658 195.000000
1027 10704 195.000000
55 77 194.000000
76 98 194.000000
242 264 194.000000
455 477 194.000000
1027 10357 194.000000
1185 1207 194.000000
1004 10476 192.000000
1049 10839 192.000000
1028 10646 191.000000
1005 10760 190.000000
242 243 189.000000
243 244 189.000000
244 245 189.000000
245 246 189.000000
74 96 188.000000
1094 10971 188.000000
1001 10284 187.000000
1001 10683 187.000000
1386 1387 186.000000
1386 1407 186.000000
1387 1388 186.000000
1388 1389 186.000000
1389 1390 186.000000
942 943 185.000000
1001 10289 185.000000
1044 10771 183.000000
308 329 179.000000
1358 1380 179.000000
10 10457 178.000000
823 824 178.000000
824 825 178.000000
1200 1222 178.000000
416 438 177.000000
1050 10805 177.000000
1315 1337 177.000000
54 76 176.000000
1006 10109 174.000000
1163 1164 174.000000
1164 1165 174.000000
1430 1431 174.000000
1430 1451 174.000000
1431 1432 174.000000
1432 1433 174.000000
1433 1434 174.000000
1027 10331 173.000000
1048 10788 173.000000
1005 10522 172.000000
1050 10567 172.000000
1050 10744 172.000000
1067 10919 172.000000
392 414 171.000000
1045 10538 171.000000
1049 10670 171.000000
1001 10198 170.000000
1043 10688 169.000000
1378 1400 169.000000
1043 10962 168.000000
10 10933 167.000000
1026 10484 167.000000
1043 10548 166.000000
1029 10631 165.000000
1072 10935 165.000000
53 75 163.000000
360 382 163.000000
1022 10611 163.000000
1023 10479 163.000000
1050 10900 163.000000
29 51 162.000000
739 740 161.000000
1045 10525 161.000000
1045 10792 161.000000
1045 11000 161.000000
138 139 160.000000
1005 10745 159.000000
1043 10480 159.000000
1045 10897 159.000000
675 676 158.000000
676 677 158.000000
677 678 158.000000
1000 10771 158.000000
1419 1441 157.000000
1023 10425 156.000000
1027 10399 156.000000
1023 10482 155.000000
1048 10664 155.000000
1048 10718 155.000000
1048 10965 155.000000
1402 1424 155.000000
782 783 154.000000
1006 10765 154.000000
1201 1223 153.000000
1007 10975 152.000000
961 983 151.000000
403 425 150.000000
1045 10833 150.000000
1070 10842 150.000000
188 210 149.000000
825 847 149.000000
1001 1023 149.000000
1029 10928 149.000000
1044 10814 149.000000
1224 1246 149.000000
1425 1426 149.000000
1426 1427 149.000000
1427 1428 149.000000
1428 1429 149.000000
1434 1435 149.000000
1500 1501 149.000000
439 461 148.000000
1028 10719 148.000000
1048 10575 148.000000
120 142 146.000000
479 501 146.000000
1027 10539 146.000000
1049 10890 146.000000
1072 10900 145.000000
10 10445 144.000000
767 789 144.000000
1000 10830 144.000000
1028 10457 144.000000
32 54 143.000000
938 960 143.000000
1005 10104 143.000000
1072 10781 143.000000
1139 1140 143.000000
792 813 142.000000
1203 1225 142.000000
10 10419 141.000000
31 53 141.000000
1048 10726 140.000000
10 10382 139.000000
438 439 139.000000
1006 10817 139.000000
1006 10861 139.000000
1006 10888 139.000000
1028 10395 139.000000
1071 10725 139.000000
184 206 138.000000
206 228 138.000000
1005 10138 138.000000
1043 10655 138.000000
1439 1461 138.000000
792 793 137.000000
793 794 137.000000
794 795 137.000000
795 796 137.000000
1028 10585 136.000000
1029 10732 136.000000
1029 10916 136.000000
1071 10890 136.000000
1175 1197 136.000000
1268 1290 136.000000
899 921 135.000000
10 10290 134.000000
10 10604 134.000000
761 762 134.000000
1004 10788 133.000000
1023 10326 133.000000
1049 10825 131.000000
1115 1137 131.000000
660 681 130.000000
678 679 130.000000
679 680 130.000000
680 681 130.000000
1093 10935 130.000000
1424 1425 130.000000
1001 10538 129.000000
10 10859 128.000000
10 10174 127.000000
10 10201 127.000000
10 10315 127.000000
1072 10933 127.000000
1463 1485 127.000000
10 10395 126.000000
1001 10010 126.000000
434 456 125.000000
744 745 125.000000
797 798 125.000000
798 799 125.000000
799 800 125.000000
800 801 125.000000
1043 10884 125.000000
1050 10928 125.000000
1000 10636 124.000000
1070 1092 124.000000
10 10646 123.000000
1071 10933 123.000000
525 547 122.000000
958 980 122.000000
745 746 121.000000
1163 1185 121.000000
363 385 120.000000
1071 10811 120.000000
688 689 119.000000
689 690 119.000000
690 691 119.000000
691 692 119.000000
692 693 119.000000
693 694 119.000000
746 747 119.000000
801 802 119.000000
458 480 118.000000
1044 10636 118.000000
802 803 117.000000
895 917 117.000000
1073 10758 117.000000
1001 10278 116.000000
1001 10095 115.000000
1334 1356 115.000000
1001 10065 114.000000
10 10257 113.000000
775 776 113.000000
776 777 113.000000
777 778 113.000000
778 779 113.000000
1001 10320 113.000000
1001 10706 113.000000
10 10585 112.000000
845 846 112.000000
1001 10919 112.000000
1005 10233 112.000000
1044 10551 112.000000
1251 1273 112.000000
790 791 110.000000
1027 10476 110.000000
1049 10933 110.000000
1188 1189 110.000000
1189 1190 110.000000
1190 1191 110.000000
1191 1192 110.000000
1192 1193 110.000000
1193 1194 110.000000
1194 1195 110.000000
246 247 109.000000
297 298 109.000000
1007 10092 109.000000
1029 1030 109.000000
1051 10569 109.000000
1065 1087 109.000000
1071 10719 109.000000
770 771 108.000000
771 772 108.000000
772 773 108.000000
773 774 108.000000
1550 1572 108.000000
10 10941 107.000000
651 652 107.000000
1195 1196 107.000000
722 744 106.000000
710 711 105.000000
711 712 105.000000
712 713 105.000000
713 714 105.000000
714 715 105.000000
715 716 105.000000
1028 10765 105.000000
1028 10817 105.000000
1028 10861 105.000000
1028 10888 105.000000
123 124 104.000000
124 125 104.000000
125 126 104.000000
126 127 104.000000
504 526 104.000000
1028 10604 104.000000
770 791 103.000000
808 830 103.000000
1001 10107 103.000000
1007 10732 103.000000
1007 10805 103.000000
286 308 102.000000
316 338 102.000000
338 360 102.000000
781 782 102.000000
1001 10264 102.000000
1007 10266 102.000000
1007 10916 102.000000
1446 1447 102.000000
1447 1448 102.000000
1448 1449 102.000000
1449 1450 102.000000
1450 1451 102.000000
298 299 101.000000
299 300 101.000000
300 301 101.000000
301 302 101.000000
302 303 101.000000
303 304 101.000000
304 305 101.000000
305 306 101.000000
306 307 101.000000
139 161 100.000000
432 454 100.000000
914 936 100.000000
1007 10631 100.000000
1072 10744 100.000000
638 660 99.000000
687 688 99.000000
1029 10365 99.000000
1548 1570 98.000000
1027 10299 97.000000
1029 10805 97.000000
1093 10933 97.000000
1527 1549 96.000000
1005 10903 94.000000
1027 10890 94.000000
390 412 93.000000
1005 10777 93.000000
1005 10810 93.000000
1005 10841 93.000000
1049 10719 93.000000
391 413 92.000000
410 432 90.000000
896 918 90.000000
1028 10933 90.000000
1071 10839 90.000000
1093 10941 90.000000
1210 1211 90.000000
1211 1212 90.000000
1212 1213 90.000000
1213 1214 90.000000
1214 1215 90.000000
1215 1216 90.000000
1216 1217 90.000000
100 10322 89.000000
389 411 89.000000
1005 10704 88.000000
1330 1352 88.000000
352 373 87.000000
1005 10603 87.000000
1027 10565 87.000000
1093 1115 87.000000
1232 1233 87.000000
1233 1234 87.000000
1234 1235 87.000000
1235 1236 87.000000
1236 1237 87.000000
1237 1238 87.000000
1238 1239 87.000000
738 739 86.000000
1001 10089 86.000000
1005 10206 86.000000
836 857 85.000000
856 857 85.000000
1005 1027 84.000000
1391 1413 84.000000
503 525 83.000000
526 548 83.000000
748 769 83.000000
1048 10949 83.000000
1320 1321 83.000000
1321 1322 83.000000
1322 1323 83.000000
1323 1324 83.000000
1324 1325 83.000000
836 837 82.000000
837 838 82.000000
838 839 82.000000
839 840 82.000000
1048 10703 82.000000
1316 1338 82.000000
1507 1529 82.000000
748 749 81.000000
749 750 81.000000
750 751 81.000000
751 752 81.000000
752 753 81.000000
1006 10079 81.000000
1048 10946 81.000000
435 457 80.000000
102 103 79.000000
103 104 79.000000
104 105 79.000000
105 127 79.000000
341 363 79.000000
1005 10725 79.000000
1022 10547 79.000000
1048 10783 79.000000
1072 10941 79.000000
786 787 78.000000
1005 10890 78.000000
1071 10825 78.000000
783 784 77.000000
784 785 77.000000
785 786 77.000000
1027 10816 77.000000
1027 10825 77.000000
1048 10506 77.000000
116 117 76.000000
1422 1444 76.000000
11 33 75.000000
484 485 75.000000
484 505 75.000000
485 486 75.000000
486 487 75.000000
487 488 75.000000
488 489 75.000000
504 505 75.000000
1048 10745 75.000000
1210 1231 75.000000
1245 1267 75.000000
1418 1440 75.000000
1486 1508 75.000000
11 1573 74.000000
100 10954 74.000000
1359 1381 74.000000
100 10967 73.000000
101 10345 73.000000
528 529 73.000000
528 549 73.000000
529 530 73.000000
530 531 73.000000
531 532 73.000000
532 533 73.000000
548 549 73.000000
846 847 73.000000
1442 1464 73.000000
898 920 72.000000
100 10829 71.000000
102 10566 71.000000
393 415 71.000000
489 490 71.000000
490 491 71.000000
1325 1326 71.000000
1092 10951 70.000000
1092 10969 70.000000
1118 1140 70.000000
616 638 69.000000
950 951 69.000000
951 952 69.000000
952 953 69.000000
953 954 69.000000
954 955 69.000000
1004 10624 69.000000
1027 10745 69.000000
1048 10848 69.000000
1048 10902 69.000000
1048 10921 69.000000
1316 1317 69.000000
1317 1318 69.000000
1318 1319 69.000000
1048 10568 68.000000
1166 1188 68.000000
77 99 67.000000
161 183 67.000000
1114 1136 67.000000
1306 1328 67.000000
616 637 66.000000
635 636 66.000000
636 637 66.000000
1027 10775 66.000000
1005 10587 65.000000
1092 10921 65.000000
1462 1484 65.000000
285 307 64.000000
1489 1490 64.000000
599 600 63.000000
600 601 63.000000
601 602 63.000000
602 603 63.000000
603 604 63.000000
604 605 63.000000
605 606 63.000000
606 607 63.000000
1027 10380 63.000000
1051 10658 63.000000
612 613 62.000000
1271 1293 62.000000
385 407 61.000000
1004 10070 61.000000
521 543 60.000000
942 964 60.000000
1004 10726 60.000000
1005 10645 60.000000
7 8 59.000000
100 10957 59.000000
370 392 59.000000
869 891 59.000000
346 368 58.000000
796 797 58.000000
1000 1022 58.000000
1004 10775 58.000000
1005 10738 58.000000
1027 10298 58.000000
1004 10298 57.000000
1004 10299 57.000000
1004 10522 57.000000
1004 10903 57.000000
264 285 56.000000
276 277 56.000000
277 278 56.000000
278 279 56.000000
279 280 56.000000
280 281 56.000000
281 282 56.000000
282 283 56.000000
283 284 56.000000
284 285 56.000000
533 534 56.000000
534 535 56.000000
1004 10934 56.000000
1027 10808 56.000000
1049 10679 56.000000
1071 10777 56.000000
1071 10810 56.000000
1071 10841 56.000000
1444 1466 56.000000
717 718 55.000000
814 815 55.000000
815 816 55.000000
816 817 55.000000
817 818 55.000000
1007 1008 55.000000
1008 10216 55.000000
1139 1161 55.000000
1144 1165 55.000000
1065 10773 54.000000
1144 1166 54.000000
1157 1179 54.000000
1227 1249 54.000000
1347 1369 54.000000
1395 1417 54.000000
1027 10877 53.000000
1047 10842 53.000000
814 835 52.000000
834 835 52.000000
1004 10505 52.000000
1004 10539 52.000000
1140 1141 52.000000
1141 1142 52.000000
1142 1143 52.000000
1183 1205 52.000000
753 754 51.000000
754 755 51.000000
755 756 51.000000
756 757 51.000000
955 956 51.000000
1004 10484 51.000000
1004 10568 51.000000
438 460 50.000000
512 513 50.000000
812 834 50.000000
935 957 50.000000
1266 1288 50.000000
1291 1313 50.000000
1310 1332 50.000000
6 7 49.000000
609 631 49.000000
1004 10565 49.000000
1022 10226 49.000000
1027 10587 49.000000
1027 10934 49.000000
481 503 48.000000
757 758 48.000000
758 759 48.000000
759 760 48.000000
841 842 48.000000
842 843 48.000000
843 844 48.000000
844 845 48.000000
1073 10805 48.000000
1269 1291 48.000000
1298 1319 48.000000
1370 1392 48.000000
1373 1395 48.000000
482 504 47.000000
1021 1022 47.000000
1022 10437 47.000000
1048 10603 47.000000
1048 10645 47.000000
1048 10725 47.000000
1048 10738 47.000000
1048 10777 47.000000
1048 10808 47.000000
1048 10810 47.000000
1048 10816 47.000000
1048 10841 47.000000
1048 10877 47.000000
1217 1239 47.000000
731 732 46.000000
732 733 46.000000
733 734 46.000000
734 735 46.000000
735 736 46.000000
736 737 46.000000
737 738 46.000000
1071 10745 46.000000
1254 1255 46.000000
1254 1275 46.000000
1255 1256 46.000000
1256 1257 46.000000
1257 1258 46.000000
1258 1259 46.000000
1259 1260 46.000000
272 294 45.000000
347 369 45.000000
1048 10484 45.000000
1048 10831 45.000000
1096 1118 45.000000
1223 1245 45.000000
1309 1331 45.000000
141 163 44.000000
163 185 44.000000
972 973 44.000000
973 974 44.000000
974 975 44.000000
975 976 44.000000
976 977 44.000000
1023 10338 44.000000
1092 1114 44.000000
394 416 43.000000
694 695 43.000000
1048 10505 43.000000
1072 10859 43.000000
1092 10949 43.000000
1122 1123 43.000000
1122 1143 43.000000
1123 1124 43.000000
1124 1125 43.000000
1125 1126 43.000000
1126 1127 43.000000
1127 1128 43.000000
1128 1129 43.000000
1129 1130 43.000000
1298 1299 43.000000
1299 1300 43.000000
1300 1301 43.000000
1301 1302 43.000000
1302 1303 43.000000
145 146 42.000000
146 147 42.000000
147 148 42.000000
148 149 42.000000
722 723 42.000000
723 724 42.000000
724 725 42.000000
1023 10885 42.000000
1092 10934 42.000000
788 810 41.000000
846 868 41.000000
1026 10842 41.000000
1073 1074 41.000000
1074 1096 41.000000
1092 10946 41.000000
1261 1262 41.000000
373 395 40.000000
469 491 40.000000
695 696 40.000000
819 820 40.000000
820 821 40.000000
821 822 40.000000
822 823 40.000000
877 878 40.000000
1023 10284 40.000000
1023 10683 40.000000
1027 10738 40.000000
1303 1304 40.000000
13 35 39.000000
210 211 39.000000
211 212 39.000000
212 213 39.000000
213 214 39.000000
956 978 39.000000
1397 1419 39.000000
760 761 38.000000
818 819 38.000000
1050 1072 38.000000
1371 1393 38.000000
30 52 37.000000
12 1574 37.000000
1023 10289 37.000000
1029 10892 37.000000
1044 10885 37.000000
1070 10703 37.000000
1070 10951 37.000000
1070 10969 37.000000
350 372 36.000000
885 886 36.000000
886 887 36.000000
887 888 36.000000
888 889 36.000000
889 890 36.000000
1066 10710 36.000000
1067 10684 36.000000
1304 1326 36.000000
1354 1376 36.000000
870 892 35.000000
1022 10545 35.000000
1026 10640 35.000000
1026 10664 35.000000
1026 10718 35.000000
1026 10965 35.000000
1044 10671 35.000000
1067 10706 35.000000
14 36 34.000000
566 588 34.000000
700 722 34.000000
1026 10568 34.000000
1026 10575 34.000000
1065 10884 34.000000
1066 10771 34.000000
1485 1507 34.000000
1006 1028 33.000000
1044 1066 33.000000
1044 10919 33.000000
1196 1218 33.000000
1355 1377 33.000000
138 160 32.000000
726 727 32.000000
727 728 32.000000
728 729 32.000000
729 730 32.000000
1004 10831 32.000000
1027 10645 32.000000
1027 10725 32.000000
1049 1071 32.000000
1067 10671 32.000000
1137 1159 32.000000
1314 1336 32.000000
372 394 31.000000
774 775 31.000000
918 940 31.000000
1027 10777 31.000000
1027 10810 31.000000
1027 10841 31.000000
1286 1308 31.000000
1308 1330 31.000000
10 1572 30.000000
325 347 30.000000
638 639 30.000000
639 640 30.000000
640 641 30.000000
641 642 30.000000
726 747 30.000000
809 831 30.000000
917 939 30.000000
1007 10072 30.000000
1023 10538 30.000000
1026 10407 30.000000
5 6 29.000000
572 593 29.000000
591 592 29.000000
592 593 29.000000
1023 10394 29.000000
1023 10525 29.000000
1023 10792 29.000000
1023 10897 29.000000
1023 11000 29.000000
1027 10522 29.000000
1027 10903 29.000000
1051 10975 29.000000
1136 1158 29.000000
555 577 28.000000
678 700 28.000000
943 944 28.000000
1027 10603 28.000000
79 80 27.000000
102 10963 27.000000
491 513 27.000000
1065 10978 27.000000
1088 10897 27.000000
1088 11000 27.000000
1184 1206 27.000000
1276 1277 27.000000
1276 1297 27.000000
1277 1278 27.000000
1278 1279 27.000000
1279 1280 27.000000
1280 1281 27.000000
1348 1370 27.000000
1468 1469 27.000000
1469 1470 27.000000
1470 1471 27.000000
1471 1472 27.000000
1472 1473 27.000000
101 123 26.000000
964 986 26.000000
1023 10278 26.000000
1070 10783 26.000000
1070 10808 26.000000
1072 10892 26.000000
1162 1184 26.000000
1246 1268 26.000000
417 439 25.000000
858 859 25.000000
859 860 25.000000
860 861 25.000000
861 862 25.000000
941 963 25.000000
1065 10768 25.000000
1065 10854 25.000000
1065 10945 25.000000
118 140 24.000000
477 499 24.000000
744 766 24.000000
1022 10285 24.000000
1044 10482 24.000000
1070 10816 24.000000
1070 10877 24.000000
1073 10916 24.000000
1138 1160 24.000000
1424 1446 24.000000
1496 1497 24.000000
1496 1517 24.000000
1497 1498 24.000000
1498 1499 24.000000
1499 1500 24.000000
1512 1513 24.000000
1513 1514 24.000000
1514 1515 24.000000
1515 1516 24.000000
1516 1517 24.000000
533 555 23.000000
569 591 23.000000
572 573 23.000000
573 574 23.000000
574 575 23.000000
575 576 23.000000
576 577 23.000000
1023 10264 23.000000
1023 10320 23.000000
1023 10355 23.000000
1023 10833 23.000000
1023 10919 23.000000
1044 10683 23.000000
1073 10732 23.000000
1408 1409 23.000000
1408 1429 23.000000
1409 1410 23.000000
1410 1411 23.000000
1411 1412 23.000000
1576 1577 23.000000
696 697 22.000000
697 698 22.000000
698 699 22.000000
699 700 22.000000
858 879 22.000000
878 879 22.000000
913 935 22.000000
977 978 22.000000
977 999 22.000000
1048 10522 22.000000
1048 10539 22.000000
1048 10565 22.000000
1048 10775 22.000000
1048 10903 22.000000
1048 10934 22.000000
1050 10892 22.000000
1067 10792 22.000000
1067 10833 22.000000
1067 10897 22.000000
1067 11000 22.000000
1070 10788 22.000000
1070 10831 22.000000
1118 1119 22.000000
1119 1120 22.000000
1120 1121 22.000000
1121 1143 22.000000
1182 1204 22.000000
1281 1282 22.000000
1547 1569 22.000000
137 159 21.000000
1004 1026 21.000000
1026 10788 21.000000
1026 10831 21.000000
1043 1065 21.000000
1044 10807 21.000000
1051 10732 21.000000
1051 10916 21.000000
1070 10718 21.000000
1070 10965 21.000000
1113 1135 21.000000
1131 1153 21.000000
1282 1304 21.000000
1511 1533 21.000000
688 710 20.000000
832 854 20.000000
1023 10706 20.000000
1325 1347 20.000000
1375 1397 20.000000
1400 1422 20.000000
1546 1568 20.000000
459 481 19.000000
577 578 19.000000
578 579 19.000000
579 580 19.000000
580 581 19.000000
581 582 19.000000
582 583 19.000000
583 584 19.000000
584 585 19.000000
585 586 19.000000
721 743 19.000000
730 731 19.000000
1247 1269 19.000000
1412 1413 19.000000
102 10911 18.000000
186 208 18.000000
890 891 18.000000
1000 10289 18.000000
1001 10394 18.000000
1001 10525 18.000000
1001 10792 18.000000
1001 10833 18.000000
1001 10897 18.000000
1001 11000 18.000000
1072 10765 18.000000
1342 1343 18.000000
1342 1363 18.000000
1343 1344 18.000000
1344 1345 18.000000
1345 1346 18.000000
1346 1347 18.000000
1362 1363 18.000000
1369 1391 18.000000
1526 1548 18.000000
404 426 17.000000
555 556 17.000000
1044 10791 17.000000
1050 10765 17.000000
1072 10817 17.000000
1072 10861 17.000000
1072 10888 17.000000
1456 1457 17.000000
4 5 16.000000
209 231 16.000000
351 373 16.000000
700 701 16.000000
701 702 16.000000
702 703 16.000000
921 922 16.000000
1022 1044 16.000000
1401 1423 16.000000
1544 1566 16.000000
34 56 15.000000
159 181 15.000000
250 272 15.000000
433 455 15.000000
704 725 15.000000
716 717 15.000000
1023 10551 15.000000
1023 10671 15.000000
1023 10684 15.000000
1166 1167 15.000000
1167 1168 15.000000
1168 1169 15.000000
1169 1170 15.000000
1170 1171 15.000000
1171 1172 15.000000
1172 1173 15.000000
1173 1174 15.000000
1210 1232 15.000000
1267 1289 15.000000
1327 1349 15.000000
1468 1490 15.000000
13 1575 14.000000
803 825 14.000000
851 873 14.000000
940 962 14.000000
957 979 14.000000
1022 10771 14.000000
1070 10903 14.000000
1506 1528 14.000000
52 74 13.000000
204 226 13.000000
631 632 13.000000
632 633 13.000000
633 634 13.000000
634 635 13.000000
674 675 13.000000
962 984 13.000000
968 969 13.000000
968 989 13.000000
969 970 13.000000
970 971 13.000000
971 972 13.000000
986 987 13.000000
987 988 13.000000
988 989 13.000000
1070 10775 13.000000
1070 10934 13.000000
1073 1095 13.000000
1095 1117 13.000000
1166 1187 13.000000
1545 1567 13.000000
51 73 12.000000
550 551 12.000000
550 571 12.000000
551 552 12.000000
552 553 12.000000
553 554 12.000000
554 555 12.000000
569 570 12.000000
570 571 12.000000
782 804 12.000000
803 804 12.000000
891 913 12.000000
1000 10038 12.000000
1000 10210 12.000000
1001 10355 12.000000
1050 10604 12.000000
1050 10817 12.000000
1050 10861 12.000000
1050 10888 12.000000
1088 10919 12.000000
1091 10965 12.000000
1244 1266 12.000000
137 138 11.000000
556 557 11.000000
704 705 11.000000
705 706 11.000000
706 707 11.000000
707 708 11.000000
924 925 11.000000
924 945 11.000000
925 926 11.000000
926 927 11.000000
927 928 11.000000
944 945 11.000000
1044 10440 11.000000
1044 10479 11.000000
1066 10814 11.000000
1070 10848 11.000000
1070 10902 11.000000
1070 10921 11.000000
1228 1250 11.000000
1298 1320 11.000000
115 116 10.000000
115 137 10.000000
747 769 10.000000
877 899 10.000000
1021 10480 10.000000
1066 10807 10.000000
1152 1153 10.000000
1461 1483 10.000000
1482 1504 10.000000
594 616 9.000000
827 849 9.000000
1001 10057 9.000000
1001 10684 9.000000
1021 10261 9.000000
1021 10655 9.000000
1021 10884 9.000000
1022 10710 9.000000
1260 1261 9.000000
708 709 8.000000
1288 1310 8.000000
1303 1325 8.000000
1312 1334 8.000000
1414 1436 8.000000
33 55 7.000000
395 417 7.000000
854 876 7.000000
902 903 7.000000
902 923 7.000000
903 904 7.000000
904 905 7.000000
905 906 7.000000
922 923 7.000000
143 165 6.000000
165 187 6.000000
210 232 6.000000
264 286 6.000000
511 533 6.000000
572 594 6.000000
616 617 6.000000
617 618 6.000000
618 619 6.000000
619 620 6.000000
620 621 6.000000
621 643 6.000000
643 665 6.000000
665 687 6.000000
789 811 6.000000
852 874 6.000000
1000 10647 6.000000
1186 1187 6.000000
220 242 5.000000
770 792 5.000000
1000 10437 5.000000
1000 10440 5.000000
1000 10479 5.000000
1066 10791 5.000000
1281 1303 5.000000
1452 1453 5.000000
1452 1473 5.000000
1453 1454 5.000000
1454 1455 5.000000
1455 1456 5.000000
181 203 4.000000
220 221 4.000000
221 222 4.000000
222 223 4.000000
223 224 4.000000
224 225 4.000000
489 511 4.000000
557 558 4.000000
558 559 4.000000
559 560 4.000000
560 561 4.000000
561 562 4.000000
562 563 4.000000
563 564 4.000000
594 615 4.000000
613 614 4.000000
614 615 4.000000
709 710 4.000000
745 767 4.000000
768 790 4.000000
790 812 4.000000
834 856 4.000000
847 869 4.000000
876 898 4.000000
892 914 4.000000
946 947 4.000000
946 967 4.000000
947 948 4.000000
948 949 4.000000
949 950 4.000000
965 966 4.000000
966 967 4.000000
1000 10300 4.000000
1065 10688 4.000000
1065 10962 4.000000
1094 1095 4.000000
1095 1096 4.000000
1135 1157 4.000000
1229 1251 4.000000
1265 1287 4.000000
1283 1305 4.000000
1331 1353 4.000000
1349 1371 4.000000
1372 1394 4.000000
1394 1416 4.000000
1489 1511 4.000000
73 95 3.000000
121 143 3.000000
162 184 3.000000
176 197 3.000000
193 194 3.000000
194 195 3.000000
195 196 3.000000
196 197 3.000000
673 674 3.000000
708 730 3.000000
757 779 3.000000
814 836 3.000000
819 841 3.000000
858 880 3.000000
880 901 3.000000
900 901 3.000000
1001 10551 3.000000
1001 10671 3.000000
1043 10537 3.000000
1179 1201 3.000000
1180 1202 3.000000
1195 1217 3.000000
1332 1354 3.000000
176 177 2.000000
177 178 2.000000
178 179 2.000000
179 180 2.000000
180 181 2.000000
405 427 2.000000
476 498 2.000000
565 587 2.000000
709 731 2.000000
726 748 2.000000
746 768 2.000000
791 813 2.000000
802 824 2.000000
824 846 2.000000
1007 1029 2.000000
1218 1240 2.000000
1284 1306 2.000000
1319 1341 2.000000
1326 1348 2.000000
1390 1391 2.000000
1551 1573 2.000000
56 78 1.000000
102 10767 1.000000
102 10794 1.000000
102 10826 1.000000
176 198 1.000000
198 220 1.000000
594 595 1.000000
595 596 1.000000
596 597 1.000000
597 598 1.000000
598 599 1.000000
621 622 1.000000
622 623 1.000000
623 624 1.000000
624 625 1.000000
625 626 1.000000
626 627 1.000000
627 628 1.000000
628 629 1.000000
786 808 1.000000
797 819 1.000000
833 855 1.000000
878 900 1.000000
890 912 1.000000
928 929 1.000000
929 930 1.000000
930 931 1.000000
931 932 1.000000
932 933 1.000000
933 934 1.000000
1144 1145 1.000000
1145 1146 1.000000
1146 1147 1.000000
1147 1148 1.000000
1148 1149 1.000000
1149 1150 1.000000
1150 1151 1.000000
1151 1152 1.000000
1282 1283 1.000000
1305 1327 1.000000
1329 1351 1.000000
1351 1373 1.000000
