406 407 18318.000000
407 408 18318.000000
408 409 18318.000000
409 410 17974.000000
405 406 14417.000000
1202 1203 14243.000000
10 11 13754.000000
7 8 13672.000000
8 9 13331.000000
1421 1422 12839.000000
1378 1379 12034.000000
11 12 11527.000000
1334 1335 11489.000000
1201 1202 10580.000000
1399 1400 10499.000000
1420 1421 10433.000000
1398 1399 10414.000000
410 411 10057.000000
1377 1378 10018.000000
1418 1419 9388.000000
1419 1420 9295.000000
1200 1201 9288.000000
1416 1417 9243.000000
1417 1418 9225.000000
427 428 9180.000000
428 429 9180.000000
429 430 9180.000000
430 431 9180.000000
450 451 9115.000000
451 452 9115.000000
452 453 9115.000000
1414 1415 9085.000000
1415 1416 8870.000000
12 13 8836.000000
1376 1377 8829.000000
1396 1397 8678.000000
1397 1398 8381.000000
1355 1356 8314.000000
1066 1067 8193.000000
1067 1068 8193.000000
1422 1423 7764.000000
384 385 7543.000000
385 386 7543.000000
386 387 7543.000000
387 388 7543.000000
31 32 7334.000000
1465 1466 7305.000000
1044 1045 7243.000000
1045 1046 7243.000000
453 454 7203.000000
454 455 7116.000000
1375 1376 7100.000000
362 363 7061.000000
363 364 7061.000000
364 365 7061.000000
365 366 7061.000000
411 412 6969.000000
1180 1181 6961.000000
1068 1069 6934.000000
1223 1224 6877.000000
272 273 6697.000000
1224 1225 6614.000000
316 317 6595.000000
366 367 6593.000000
1022 1023 6526.000000
1023 1024 6526.000000
1024 1025 6526.000000
294 295 6521.000000
1333 1334 6437.000000
1158 1159 6422.000000
1413 1414 6346.000000
1354 1355 6241.000000
383 384 6165.000000
1113 1114 6165.000000
250 251 6155.000000
361 362 6114.000000
1159 1160 6078.000000
382 383 5898.000000
1114 1115 5898.000000
541 542 5879.000000
229 230 5806.000000
1356 1357 5784.000000
1043 1044 5759.000000
1392 1393 5678.000000
1393 1394 5678.000000
293 294 5650.000000
1290 1291 5646.000000
1203 1204 5601.000000
1065 1066 5559.000000
1222 1223 5516.000000
1394 1395 5516.000000
1042 1043 5501.000000
1353 1354 5482.000000
1441 1442 5466.000000
426 427 5432.000000
431 432 5408.000000
1395 1396 5385.000000
1332 1333 5370.000000
1179 1180 5342.000000
1442 1443 5322.000000
1443 1444 5319.000000
1245 1246 5252.000000
1464 1465 5166.000000
1463 1464 5132.000000
1246 1247 5023.000000
1047 1048 5009.000000
432 433 5002.000000
161 162 4966.000000
117 118 4866.000000
162 163 4818.000000
1335 1336 4788.000000
1268 1269 4765.000000
1244 1245 4753.000000
53 54 4695.000000
455 456 4695.000000
1069 1070 4685.000000
118 119 4675.000000
1247 1248 4634.000000
1440 1441 4619.000000
829 830 4563.000000
498 499 4542.000000
1331 1332 4463.000000
1046 1047 4462.000000
1109 1110 4435.000000
1110 1111 4435.000000
1111 1112 4435.000000
1178 1179 4435.000000
1157 1158 4428.000000
979 980 4405.000000
980 981 4405.000000
1458 1459 4335.000000
1481 1482 4315.000000
1547 1548 4290.000000
1548 1549 4290.000000
1352 1353 4282.000000
1289 1290 4262.000000
1462 1463 4225.000000
1217 1218 4164.000000
1218 1219 4164.000000
1219 1220 4164.000000
1220 1221 4164.000000
449 450 4150.000000
1482 1483 4148.000000
606 607 4127.000000
493 494 4124.000000
494 495 4124.000000
495 496 4124.000000
496 497 4124.000000
1070 1071 4017.000000
1064 1065 4007.000000
1265 1266 3992.000000
32 33 3977.000000
1221 1222 3973.000000
1134 1135 3966.000000
116 117 3916.000000
1115 1116 3915.000000
1461 1462 3911.000000
826 827 3821.000000
827 828 3821.000000
828 829 3821.000000
1204 1205 3802.000000
1391 1392 3796.000000
1460 1461 3775.000000
1291 1292 3753.000000
315 316 3747.000000
448 449 3734.000000
1549 1550 3732.000000
497 498 3711.000000
160 161 3662.000000
404 405 3594.000000
1021 1022 3546.000000
1026 1027 3543.000000
1459 1460 3511.000000
978 979 3507.000000
456 457 3485.000000
1000 1001 3482.000000
1001 1002 3482.000000
1002 1003 3482.000000
10 10669 3454.000000
1112 1113 3454.000000
1335 1357 3392.000000
1136 1137 3391.000000
1240 1241 3364.000000
1241 1242 3364.000000
273 274 3358.000000
1374 1375 3341.000000
159 160 3257.000000
317 318 3249.000000
1135 1136 3207.000000
1266 1267 3205.000000
1269 1270 3175.000000
1288 1289 3171.000000
1025 1026 3164.000000
163 164 3129.000000
1483 1484 3121.000000
1457 1458 3120.000000
29 30 3095.000000
412 413 3087.000000
1267 1268 3018.000000
1137 1138 2978.000000
1239 1240 2974.000000
1400 1401 2956.000000
1439 1440 2922.000000
1196 1197 2893.000000
1197 1198 2893.000000
1198 1199 2893.000000
1248 1249 2883.000000
33 34 2854.000000
542 543 2822.000000
249 250 2818.000000
424 425 2793.000000
499 500 2768.000000
381 382 2747.000000
1225 1226 2742.000000
1437 1438 2723.000000
1226 1227 2712.000000
360 361 2711.000000
30 31 2692.000000
1199 1200 2688.000000
1116 1138 2685.000000
1156 1157 2669.000000
317 339 2663.000000
1422 1444 2662.000000
1351 1352 2651.000000
97 98 2647.000000
977 978 2642.000000
388 389 2633.000000
1438 1439 2623.000000
1091 1092 2618.000000
1435 1436 2602.000000
1436 1437 2602.000000
206 207 2556.000000
1504 1505 2556.000000
1242 1243 2540.000000
1485 1486 2537.000000
433 434 2531.000000
873 874 2524.000000
10 10953 2512.000000
1108 1109 2503.000000
1131 1132 2497.000000
1132 1133 2497.000000
204 205 2480.000000
1087 1088 2473.000000
1088 1089 2473.000000
1089 1090 2473.000000
872 873 2463.000000
1486 1487 2456.000000
1133 1134 2430.000000
75 76 2415.000000
367 368 2405.000000
1205 1206 2382.000000
1357 1358 2381.000000
1203 1225 2361.000000
273 295 2353.000000
543 544 2334.000000
425 426 2327.000000
1484 1485 2325.000000
207 208 2301.000000
1336 1337 2286.000000
183 184 2285.000000
1551 1552 2272.000000
1550 1551 2267.000000
1552 1553 2266.000000
203 204 2253.000000
295 296 2240.000000
185 186 2218.000000
139 140 2216.000000
138 139 2194.000000
140 141 2188.000000
434 435 2167.000000
1479 1480 2166.000000
935 936 2151.000000
936 937 2151.000000
28 29 2130.000000
468 469 2121.000000
205 206 2119.000000
96 97 2118.000000
339 340 2114.000000
1270 1271 2077.000000
403 404 2057.000000
251 252 2052.000000
1503 1504 2037.000000
1287 1288 2033.000000
1434 1435 2027.000000
1507 1508 2015.000000
228 229 2006.000000
413 414 2005.000000
182 183 2002.000000
956 957 1981.000000
957 958 1981.000000
958 959 1981.000000
1480 1481 1969.000000
1086 1087 1958.000000
939 940 1945.000000
1378 1400 1942.000000
74 75 1937.000000
895 896 1935.000000
1348 1349 1931.000000
1349 1350 1931.000000
1350 1351 1931.000000
1027 1028 1897.000000
1373 1374 1885.000000
226 227 1874.000000
1505 1506 1867.000000
230 231 1844.000000
1506 1507 1839.000000
1508 1509 1838.000000
1174 1175 1834.000000
1175 1176 1834.000000
1176 1177 1834.000000
1310 1311 1814.000000
761 762 1805.000000
762 763 1805.000000
763 764 1805.000000
469 470 1792.000000
981 982 1787.000000
1525 1526 1781.000000
848 849 1776.000000
849 850 1776.000000
1509 1510 1771.000000
94 95 1761.000000
1500 1501 1741.000000
1501 1502 1741.000000
1173 1174 1732.000000
852 853 1704.000000
447 448 1697.000000
1309 1310 1688.000000
850 851 1682.000000
937 938 1680.000000
940 941 1672.000000
1195 1196 1668.000000
316 338 1665.000000
1478 1479 1664.000000
1502 1503 1663.000000
1243 1244 1662.000000
184 185 1656.000000
851 852 1654.000000
1291 1313 1651.000000
141 142 1645.000000
338 339 1642.000000
500 501 1631.000000
607 608 1613.000000
158 159 1610.000000
1312 1313 1593.000000
1370 1371 1585.000000
1371 1372 1583.000000
202 203 1582.000000
1372 1373 1578.000000
435 436 1566.000000
501 502 1564.000000
95 96 1546.000000
414 415 1526.000000
1311 1312 1513.000000
225 226 1512.000000
446 447 1506.000000
853 854 1501.000000
164 165 1499.000000
938 939 1495.000000
498 520 1485.000000
934 935 1477.000000
1181 1182 1473.000000
982 983 1455.000000
542 564 1454.000000
1526 1527 1443.000000
76 77 1442.000000
1003 1004 1442.000000
1116 1117 1433.000000
1090 1091 1428.000000
52 53 1424.000000
471 472 1405.000000
472 473 1405.000000
473 474 1405.000000
474 475 1405.000000
1048 1049 1405.000000
1369 1370 1401.000000
764 765 1393.000000
54 55 1391.000000
410 432 1389.000000
830 831 1386.000000
490 491 1381.000000
1379 1380 1375.000000
1487 1488 1363.000000
269 270 1354.000000
270 271 1354.000000
808 809 1354.000000
10 10446 1349.000000
227 228 1333.000000
1304 1305 1324.000000
1305 1306 1324.000000
1306 1307 1324.000000
1307 1308 1319.000000
361 383 1316.000000
119 120 1315.000000
983 984 1306.000000
271 272 1284.000000
998 999 1284.000000
1292 1293 1279.000000
1261 1262 1270.000000
1262 1263 1270.000000
1263 1264 1270.000000
1004 1005 1269.000000
186 208 1263.000000
457 458 1245.000000
411 433 1241.000000
455 477 1235.000000
1003 10331 1234.000000
272 294 1210.000000
1177 1178 1201.000000
1529 1530 1194.000000
1152 1153 1193.000000
1153 1154 1193.000000
1154 1155 1193.000000
1155 1156 1193.000000
502 503 1184.000000
1390 1391 1179.000000
1159 1181 1174.000000
98 99 1173.000000
436 437 1167.000000
1528 1529 1165.000000
477 478 1162.000000
1530 1531 1151.000000
1412 1413 1144.000000
765 766 1115.000000
330 331 1113.000000
330 351 1113.000000
331 332 1113.000000
332 333 1113.000000
333 334 1113.000000
334 335 1113.000000
335 336 1113.000000
350 351 1113.000000
470 471 1109.000000
73 74 1097.000000
955 956 1097.000000
1026 1048 1086.000000
1456 1457 1082.000000
1003 10171 1069.000000
1092 1093 1060.000000
115 116 1059.000000
1248 1270 1059.000000
491 492 1056.000000
492 493 1056.000000
521 522 1052.000000
246 247 1050.000000
247 248 1050.000000
248 249 1050.000000
1553 1554 1044.000000
268 269 1040.000000
1130 1131 1036.000000
51 52 1034.000000
896 897 1032.000000
1347 1348 1029.000000
825 826 1019.000000
476 477 1017.000000
475 476 1014.000000
1216 1217 1009.000000
1249 1250 1009.000000
1527 1528 1001.000000
809 810 1000.000000
389 390 999.000000
1308 1309 998.000000
367 389 990.000000
181 182 987.000000
391 392 973.000000
186 187 970.000000
392 393 970.000000
1021 10830 961.000000
368 369 960.000000
369 370 960.000000
390 391 952.000000
564 565 944.000000
412 434 943.000000
544 545 943.000000
1238 1239 942.000000
224 225 941.000000
1205 1227 917.000000
458 459 904.000000
545 546 902.000000
339 361 897.000000
413 435 893.000000
360 382 862.000000
1303 1304 861.000000
933 934 858.000000
522 523 846.000000
1358 1359 833.000000
1359 1360 833.000000
1360 1361 833.000000
13 14 831.000000
1264 1265 831.000000
424 446 827.000000
1242 1264 824.000000
766 767 821.000000
1569 1570 820.000000
523 524 815.000000
961 962 814.000000
456 478 811.000000
960 961 810.000000
1391 1413 804.000000
1570 1571 802.000000
1047 10659 796.000000
274 296 793.000000
1330 1331 793.000000
10 10260 792.000000
1069 10955 791.000000
854 855 781.000000
1025 10476 779.000000
917 918 777.000000
1337 1338 777.000000
1338 1339 777.000000
1339 1340 777.000000
228 250 775.000000
184 206 773.000000
1368 1369 770.000000
897 898 769.000000
874 875 766.000000
916 917 761.000000
380 381 752.000000
831 832 746.000000
1071 1093 744.000000
229 251 741.000000
1401 1402 740.000000
318 319 738.000000
295 317 735.000000
1042 1064 734.000000
142 143 730.000000
338 360 730.000000
1433 1434 727.000000
10 10421 726.000000
337 338 725.000000
1283 1284 722.000000
1284 1285 722.000000
1285 1286 722.000000
72 73 713.000000
10 10190 710.000000
34 35 706.000000
230 252 703.000000
962 963 690.000000
1227 1228 679.000000
913 914 677.000000
914 915 677.000000
915 916 677.000000
459 481 670.000000
227 249 667.000000
1381 1382 659.000000
1382 1383 659.000000
869 870 657.000000
870 871 657.000000
871 872 657.000000
264 285 656.000000
868 869 655.000000
77 78 653.000000
286 287 651.000000
286 307 651.000000
287 288 651.000000
288 289 651.000000
374 375 649.000000
374 395 649.000000
375 376 649.000000
376 377 649.000000
377 378 649.000000
378 379 649.000000
379 380 649.000000
394 395 649.000000
520 521 644.000000
1005 1006 638.000000
1003 10361 631.000000
10 32 625.000000
984 985 625.000000
264 265 620.000000
265 266 620.000000
266 267 620.000000
1115 1137 608.000000
370 371 601.000000
100 10069 600.000000
1380 1381 599.000000
867 868 597.000000
1026 10270 597.000000
1574 1575 596.000000
608 609 595.000000
941 942 595.000000
1003 10136 594.000000
912 913 593.000000
462 463 588.000000
462 483 588.000000
463 464 588.000000
464 465 588.000000
465 466 588.000000
466 467 588.000000
481 482 588.000000
482 483 588.000000
306 307 587.000000
824 825 587.000000
381 403 586.000000
1228 1229 581.000000
336 337 576.000000
891 892 575.000000
892 893 575.000000
893 894 575.000000
1466 1467 575.000000
1272 1273 572.000000
1271 1272 568.000000
918 919 566.000000
629 630 557.000000
1020 1021 557.000000
1525 1547 556.000000
628 629 555.000000
267 268 552.000000
402 403 552.000000
1249 1271 548.000000
1293 1294 547.000000
371 372 546.000000
959 960 544.000000
588 589 541.000000
650 651 541.000000
585 586 533.000000
479 480 524.000000
911 912 522.000000
810 811 518.000000
55 56 515.000000
1313 1314 513.000000
440 441 501.000000
440 461 501.000000
441 442 501.000000
442 443 501.000000
443 444 501.000000
444 445 501.000000
445 446 501.000000
460 461 501.000000
10 10305 500.000000
468 490 500.000000
137 138 495.000000
10 10713 494.000000
587 588 494.000000
1071 1072 493.000000
396 397 488.000000
396 417 488.000000
397 398 488.000000
398 399 488.000000
399 400 488.000000
400 401 488.000000
401 402 488.000000
416 417 488.000000
454 476 486.000000
415 416 485.000000
535 536 484.000000
536 537 484.000000
537 538 484.000000
538 539 484.000000
539 540 484.000000
540 541 484.000000
188 189 481.000000
189 190 481.000000
190 191 481.000000
565 566 480.000000
566 567 478.000000
415 437 475.000000
894 895 474.000000
937 959 471.000000
366 388 468.000000
478 479 468.000000
1069 10811 468.000000
1070 1092 466.000000
767 789 465.000000
609 610 463.000000
610 611 463.000000
1571 1572 462.000000
1042 10854 460.000000
1346 1347 453.000000
589 590 449.000000
847 848 449.000000
846 847 443.000000
50 51 442.000000
1026 10331 440.000000
1129 1130 436.000000
1340 1341 435.000000
1026 10299 434.000000
1160 1182 434.000000
10 10964 433.000000
546 568 432.000000
1521 1522 426.000000
1522 1523 426.000000
1523 1524 426.000000
1004 10138 422.000000
1027 10670 416.000000
1503 1525 416.000000
206 228 415.000000
1005 10072 414.000000
1160 1161 413.000000
1392 1414 412.000000
289 290 411.000000
807 808 411.000000
804 805 408.000000
805 806 408.000000
806 807 408.000000
1025 10361 407.000000
1206 1207 400.000000
1207 1208 400.000000
1481 1503 399.000000
245 246 395.000000
143 144 393.000000
10 10677 392.000000
832 833 390.000000
1065 10710 388.000000
1402 1403 387.000000
1403 1404 387.000000
1404 1405 387.000000
294 316 386.000000
1286 1287 382.000000
290 291 380.000000
291 292 380.000000
1573 1574 379.000000
1042 10962 378.000000
308 329 377.000000
1405 1406 377.000000
405 427 376.000000
1043 10814 376.000000
308 309 371.000000
309 310 371.000000
310 311 371.000000
311 312 371.000000
312 313 371.000000
313 314 371.000000
314 315 371.000000
512 513 370.000000
513 514 370.000000
180 181 368.000000
370 392 367.000000
875 876 362.000000
120 121 357.000000
767 768 356.000000
453 475 354.000000
1314 1315 354.000000
446 468 352.000000
1022 10628 352.000000
1021 10579 351.000000
1021 10588 351.000000
1379 1401 351.000000
1477 1478 351.000000
1572 1573 351.000000
208 209 348.000000
1386 1387 348.000000
1386 1407 348.000000
1387 1388 348.000000
1388 1389 348.000000
1406 1407 348.000000
1459 1481 345.000000
409 431 344.000000
292 293 342.000000
1208 1209 342.000000
1003 10055 338.000000
803 804 337.000000
853 875 337.000000
1025 10386 337.000000
346 347 335.000000
347 348 335.000000
348 349 335.000000
1022 10425 334.000000
1042 10773 333.000000
10 10469 331.000000
764 786 329.000000
586 587 328.000000
345 346 327.000000
1250 1251 326.000000
1251 1252 326.000000
10 10796 325.000000
56 57 324.000000
739 740 324.000000
740 741 324.000000
741 742 324.000000
1025 10407 321.000000
1524 1525 321.000000
1086 1108 320.000000
1064 10768 318.000000
480 481 317.000000
1042 10548 317.000000
1047 10890 317.000000
1025 1047 308.000000
1043 10437 306.000000
1326 1327 306.000000
1327 1328 306.000000
1328 1329 306.000000
340 341 305.000000
341 342 305.000000
342 343 305.000000
343 344 305.000000
344 345 305.000000
1043 10636 303.000000
1294 1295 297.000000
1295 1296 297.000000
10 10487 296.000000
766 788 294.000000
1022 10326 294.000000
1022 10482 294.000000
418 419 293.000000
418 439 293.000000
419 420 293.000000
420 421 293.000000
421 422 293.000000
422 423 293.000000
423 424 293.000000
437 438 293.000000
438 439 293.000000
435 457 291.000000
1003 10664 290.000000
1003 10718 290.000000
1047 10951 290.000000
519 520 289.000000
1065 10741 288.000000
760 761 287.000000
778 779 287.000000
779 780 287.000000
1065 10757 287.000000
160 182 285.000000
800 801 285.000000
801 802 285.000000
1025 10842 284.000000
402 424 283.000000
1064 10945 283.000000
251 273 279.000000
1025 10575 279.000000
1044 11000 279.000000
1021 10285 278.000000
1025 10250 278.000000
1025 10640 278.000000
1204 1226 278.000000
1021 10226 276.000000
1499 1500 275.000000
788 789 273.000000
296 318 272.000000
1021 10547 272.000000
71 72 271.000000
484 485 270.000000
484 505 270.000000
485 486 270.000000
486 487 270.000000
487 488 270.000000
503 504 270.000000
504 505 270.000000
1216 1238 269.000000
1229 1230 267.000000
1329 1330 267.000000
72 94 265.000000
488 489 265.000000
489 490 265.000000
541 563 265.000000
1005 10092 265.000000
1466 1488 264.000000
514 515 261.000000
515 516 261.000000
516 517 261.000000
517 518 261.000000
1025 10902 260.000000
567 568 258.000000
1184 1185 258.000000
390 412 256.000000
1026 10760 256.000000
787 788 255.000000
1047 10946 255.000000
1047 10969 255.000000
1334 1356 255.000000
802 803 254.000000
359 381 253.000000
252 274 252.000000
1048 10585 249.000000
1069 10726 247.000000
1042 10422 245.000000
1047 10831 245.000000
1042 10543 244.000000
1047 10811 244.000000
1042 10480 243.000000
1047 10949 243.000000
717 718 242.000000
718 719 242.000000
719 720 242.000000
1505 1527 239.000000
469 491 238.000000
796 797 238.000000
797 798 238.000000
798 799 238.000000
799 800 238.000000
1320 1321 238.000000
1320 1341 238.000000
1321 1322 238.000000
1322 1323 238.000000
1042 10978 236.000000
467 468 235.000000
1003 10179 235.000000
1042 10884 235.000000
1003 10965 234.000000
1361 1362 234.000000
919 920 233.000000
1182 1183 232.000000
30 52 231.000000
1047 10539 231.000000
1026 10268 229.000000
1183 1184 229.000000
1484 1506 228.000000
890 891 227.000000
433 455 225.000000
524 546 224.000000
1026 10429 224.000000
1027 10290 222.000000
319 320 221.000000
320 321 221.000000
321 322 221.000000
322 323 221.000000
1022 10479 221.000000
1022 10289 220.000000
1022 10885 218.000000
1048 10559 218.000000
1206 1228 218.000000
12 1574 217.000000
1066 10684 217.000000
1415 1437 217.000000
1022 10338 215.000000
810 832 214.000000
1066 10706 213.000000
1044 10628 212.000000
1042 10547 211.000000
1003 10450 209.000000
1003 10783 209.000000
323 324 208.000000
1003 10703 207.000000
1064 10648 207.000000
829 851 205.000000
1418 1440 205.000000
477 499 204.000000
1003 10816 204.000000
1325 1326 204.000000
1000 10065 203.000000
1006 10128 202.000000
1021 10771 202.000000
1028 10658 202.000000
1066 10671 202.000000
1482 1504 202.000000
274 275 200.000000
1020 10549 200.000000
1028 10975 200.000000
1004 10679 199.000000
158 180 198.000000
1043 1065 197.000000
141 163 196.000000
352 353 196.000000
352 373 196.000000
353 354 196.000000
354 355 196.000000
355 356 196.000000
356 357 196.000000
357 358 196.000000
372 373 196.000000
1000 10057 194.000000
1064 10688 193.000000
1065 10771 193.000000
459 460 191.000000
1028 10569 191.000000
1043 10791 191.000000
1026 10384 188.000000
119 141 187.000000
1027 1049 187.000000
1042 10537 187.000000
1000 10628 185.000000
1003 10225 185.000000
1003 10476 185.000000
1003 10484 185.000000
1003 10505 185.000000
1003 10506 185.000000
1003 10775 185.000000
1003 10848 185.000000
1003 10902 185.000000
1003 10921 185.000000
1028 10732 185.000000
1247 1269 185.000000
1000 10706 184.000000
1048 10933 184.000000
1273 1274 184.000000
811 812 183.000000
1026 10280 183.000000
163 185 182.000000
1022 10284 182.000000
324 325 180.000000
325 326 180.000000
326 327 180.000000
327 328 180.000000
1000 10089 179.000000
1000 10792 177.000000
1000 10833 177.000000
1043 10807 177.000000
359 360 176.000000
368 390 176.000000
1000 10010 176.000000
1000 10525 176.000000
1000 10538 176.000000
1000 10897 176.000000
1043 10440 176.000000
1066 10897 175.000000
1069 1091 175.000000
1423 1424 175.000000
1424 1425 175.000000
1425 1426 175.000000
1426 1427 175.000000
1427 1428 175.000000
1066 10792 174.000000
1066 10833 174.000000
1200 1222 174.000000
1049 1050 170.000000
1161 1162 170.000000
1173 1195 170.000000
765 787 169.000000
1022 10264 169.000000
792 793 168.000000
792 813 168.000000
793 794 168.000000
794 795 168.000000
812 813 168.000000
1005 10892 168.000000
1070 10890 168.000000
358 359 167.000000
1071 10900 167.000000
1345 1346 166.000000
10 10618 165.000000
1004 10670 165.000000
1049 10928 165.000000
499 521 164.000000
720 721 164.000000
839 861 164.000000
1022 10683 164.000000
52 74 162.000000
337 359 162.000000
534 535 162.000000
759 760 162.000000
315 337 161.000000
730 731 161.000000
731 732 161.000000
732 733 161.000000
733 734 161.000000
734 735 161.000000
735 736 161.000000
1026 10399 161.000000
1026 10745 161.000000
1260 1261 160.000000
425 447 159.000000
1049 10916 158.000000
1114 1136 157.000000
242 243 156.000000
243 244 156.000000
244 245 156.000000
808 830 156.000000
844 845 156.000000
1022 10278 156.000000
938 960 155.000000
1223 1245 155.000000
13 1575 152.000000
187 188 152.000000
1022 10919 152.000000
1531 1532 152.000000
1071 10781 151.000000
1065 10814 150.000000
1022 10320 149.000000
1000 10394 147.000000
1000 11000 146.000000
1071 10744 146.000000
1357 1379 146.000000
1071 10941 145.000000
1048 10719 144.000000
1528 1550 144.000000
506 507 143.000000
506 527 143.000000
507 508 143.000000
508 509 143.000000
509 510 143.000000
510 511 143.000000
525 526 143.000000
526 527 143.000000
1027 10817 143.000000
1027 10861 143.000000
382 404 142.000000
1027 10419 142.000000
1027 10445 142.000000
1027 10604 142.000000
121 122 141.000000
140 162 141.000000
518 519 141.000000
743 744 141.000000
744 745 141.000000
1027 10892 141.000000
1252 1274 141.000000
1323 1345 141.000000
1394 1416 141.000000
31 53 140.000000
1042 10572 140.000000
1021 10636 139.000000
1048 10817 139.000000
1048 10861 139.000000
1399 1421 138.000000
1288 1310 137.000000
630 631 136.000000
631 632 136.000000
632 633 136.000000
1070 10745 136.000000
1071 10928 136.000000
447 469 135.000000
742 743 135.000000
1027 10646 135.000000
1151 1152 135.000000
568 590 134.000000
521 543 133.000000
814 815 133.000000
815 816 133.000000
1048 10888 133.000000
1048 10765 132.000000
1064 10655 130.000000
1435 1457 130.000000
10 10979 129.000000
1027 10859 129.000000
1048 10604 129.000000
1003 10568 128.000000
1070 10825 128.000000
1003 10788 127.000000
183 205 126.000000
205 227 126.000000
1048 10859 126.000000
1091 10955 126.000000
250 272 125.000000
780 781 124.000000
349 350 123.000000
1048 10646 123.000000
1113 1135 122.000000
1364 1365 122.000000
1364 1385 122.000000
1365 1366 122.000000
1366 1367 122.000000
1367 1368 122.000000
1383 1384 122.000000
1384 1385 122.000000
481 503 121.000000
854 876 121.000000
1006 10569 121.000000
1006 10732 121.000000
1027 10457 121.000000
850 872 120.000000
897 919 120.000000
10 10627 119.000000
1003 10070 119.000000
74 96 118.000000
1071 10805 118.000000
1046 10831 117.000000
1267 1289 117.000000
1396 1418 117.000000
1047 10825 116.000000
1452 1453 116.000000
1452 1473 116.000000
1453 1454 116.000000
1454 1455 116.000000
1467 1468 116.000000
1468 1469 116.000000
1469 1470 116.000000
1470 1471 116.000000
1471 1472 116.000000
1472 1473 116.000000
479 501 115.000000
781 782 115.000000
10 1572 114.000000
242 263 114.000000
520 542 114.000000
787 809 114.000000
1208 1230 114.000000
262 263 113.000000
1004 10104 113.000000
1070 10933 113.000000
1026 10679 112.000000
1026 10704 112.000000
1085 1086 112.000000
1028 10916 111.000000
1048 10839 111.000000
814 835 109.000000
833 834 109.000000
834 835 109.000000
1026 10825 109.000000
1028 10365 108.000000
1071 10935 108.000000
1440 1462 108.000000
564 586 107.000000
795 796 107.000000
1004 10429 107.000000
1004 10704 107.000000
1549 1571 107.000000
500 522 106.000000
836 857 106.000000
855 856 106.000000
856 857 106.000000
1004 10233 106.000000
1184 1206 106.000000
1049 10805 105.000000
328 350 104.000000
1003 10624 104.000000
1026 10380 104.000000
1323 1324 104.000000
898 899 103.000000
1004 10825 103.000000
1112 1134 103.000000
809 831 102.000000
1174 1196 102.000000
478 500 101.000000
563 564 101.000000
774 775 101.000000
775 776 101.000000
776 777 101.000000
777 778 101.000000
1000 10671 101.000000
1050 10658 101.000000
1254 1255 100.000000
1254 1275 100.000000
1255 1256 100.000000
1256 1257 100.000000
1257 1258 100.000000
1258 1259 100.000000
1274 1275 100.000000
1000 10551 99.000000
1000 10684 99.000000
1070 10719 99.000000
1092 10922 99.000000
115 137 98.000000
1071 10765 98.000000
1094 1116 98.000000
328 329 97.000000
1020 10370 97.000000
1020 10773 97.000000
1071 10888 97.000000
1162 1163 97.000000
1163 1164 97.000000
1026 10890 96.000000
437 459 95.000000
249 271 94.000000
680 702 94.000000
1346 1368 94.000000
53 75 93.000000
162 184 93.000000
845 867 93.000000
1408 1409 93.000000
1408 1429 93.000000
1409 1410 93.000000
1410 1411 93.000000
1428 1429 93.000000
1048 10670 92.000000
1202 1224 92.000000
816 817 91.000000
1130 1152 91.000000
1265 1287 91.000000
1092 10933 90.000000
1455 1456 90.000000
75 97 88.000000
502 524 87.000000
971 972 87.000000
972 973 87.000000
973 974 87.000000
974 975 87.000000
975 976 87.000000
1005 10079 87.000000
1005 10765 87.000000
1049 10631 87.000000
963 964 85.000000
1047 10565 85.000000
1072 1094 85.000000
426 448 84.000000
1324 1325 84.000000
584 585 83.000000
940 962 83.000000
1047 10587 83.000000
1070 10839 83.000000
434 456 82.000000
836 837 82.000000
837 838 82.000000
838 839 82.000000
1027 10765 82.000000
1047 10703 82.000000
1047 10783 82.000000
1027 10888 81.000000
1047 10484 81.000000
1443 1465 81.000000
457 479 80.000000
1308 1330 80.000000
708 709 79.000000
709 710 79.000000
710 711 79.000000
711 712 79.000000
712 713 79.000000
713 714 79.000000
714 715 79.000000
1004 10760 79.000000
284 306 78.000000
720 742 78.000000
1026 10725 78.000000
1028 10805 78.000000
1047 10745 78.000000
1417 1439 78.000000
1502 1524 78.000000
1047 10505 77.000000
1047 10506 77.000000
1047 10775 77.000000
1069 10951 77.000000
1047 10476 76.000000
1047 10816 76.000000
1047 10848 76.000000
1047 10902 76.000000
1047 10921 76.000000
293 315 75.000000
1006 10658 75.000000
6 7 74.000000
555 556 74.000000
824 846 74.000000
1003 10725 74.000000
1006 10975 74.000000
1026 10587 74.000000
1315 1316 74.000000
1316 1317 74.000000
554 555 73.000000
586 608 73.000000
1162 1184 73.000000
296 297 72.000000
297 298 72.000000
298 299 72.000000
299 300 72.000000
300 301 72.000000
301 302 72.000000
302 303 72.000000
303 304 72.000000
304 305 72.000000
305 306 72.000000
934 956 72.000000
1000 1022 72.000000
1006 10145 72.000000
1026 10522 72.000000
1006 10916 71.000000
1020 10261 70.000000
1069 10969 70.000000
1314 1336 70.000000
117 139 69.000000
1281 1282 69.000000
1461 1483 69.000000
28 50 68.000000
1282 1283 68.000000
1336 1358 68.000000
1389 1390 68.000000
307 329 67.000000
1003 10299 67.000000
1026 10903 67.000000
1232 1233 67.000000
1232 1253 67.000000
1233 1234 67.000000
1234 1235 67.000000
1235 1236 67.000000
1236 1237 67.000000
1401 1423 67.000000
144 145 66.000000
145 146 66.000000
146 147 66.000000
147 148 66.000000
896 918 66.000000
1026 10934 66.000000
1201 1223 66.000000
1237 1238 66.000000
393 394 65.000000
1003 10522 65.000000
1003 10645 65.000000
1048 10679 65.000000
1069 10946 65.000000
1069 10949 65.000000
1179 1201 65.000000
748 749 64.000000
748 769 64.000000
749 750 64.000000
750 751 64.000000
768 769 64.000000
1005 10888 64.000000
1025 10664 64.000000
1025 10718 64.000000
1025 10965 64.000000
1069 10718 64.000000
1069 10965 64.000000
1135 1157 64.000000
845 846 63.000000
873 895 63.000000
1069 10788 63.000000
1092 1114 63.000000
137 159 62.000000
1003 10268 62.000000
1003 10603 62.000000
1003 10726 62.000000
1003 10738 62.000000
1003 10777 62.000000
1003 10808 62.000000
1003 10810 62.000000
1003 10841 62.000000
1003 10877 62.000000
1003 10903 62.000000
1043 10833 62.000000
1069 10745 62.000000
1087 10919 62.000000
11 33 60.000000
284 285 60.000000
716 717 60.000000
839 840 60.000000
840 841 60.000000
841 842 60.000000
842 843 60.000000
843 844 60.000000
960 982 60.000000
1003 1025 60.000000
1004 10890 60.000000
1025 10726 60.000000
32 54 59.000000
550 551 59.000000
550 571 59.000000
551 552 59.000000
552 553 59.000000
553 554 59.000000
568 569 59.000000
569 570 59.000000
570 571 59.000000
708 730 59.000000
852 874 59.000000
1026 10603 59.000000
1026 10645 59.000000
1026 10738 59.000000
1026 10777 59.000000
1026 10808 59.000000
1026 10810 59.000000
1026 10841 59.000000
1026 10877 59.000000
1243 1265 59.000000
576 577 58.000000
577 578 58.000000
578 579 58.000000
579 580 58.000000
580 581 58.000000
581 582 58.000000
582 583 58.000000
583 584 58.000000
1003 10380 58.000000
1021 10545 58.000000
1095 1117 58.000000
51 73 57.000000
941 963 57.000000
1244 1266 57.000000
1421 1443 57.000000
11 1573 56.000000
677 678 56.000000
678 679 56.000000
679 680 56.000000
1028 1029 56.000000
1092 10935 56.000000
1092 10941 56.000000
1259 1260 56.000000
371 393 55.000000
786 787 55.000000
1003 10298 55.000000
1003 10934 55.000000
1506 1528 55.000000
1510 1511 55.000000
674 675 54.000000
675 676 54.000000
676 677 54.000000
884 885 54.000000
885 886 54.000000
886 887 54.000000
887 888 54.000000
888 889 54.000000
1138 1139 53.000000
1139 1140 53.000000
1140 1141 53.000000
1141 1142 53.000000
388 410 52.000000
389 411 52.000000
392 414 52.000000
431 453 52.000000
869 891 52.000000
976 977 52.000000
1043 10525 52.000000
1043 10538 52.000000
1043 10897 52.000000
1066 11000 51.000000
1072 1073 51.000000
1073 1095 51.000000
1091 10946 50.000000
1226 1248 50.000000
1276 1277 50.000000
1276 1297 50.000000
1277 1278 50.000000
1278 1279 50.000000
1296 1297 50.000000
1311 1333 50.000000
1352 1374 50.000000
519 541 49.000000
773 774 49.000000
894 916 49.000000
1025 10298 49.000000
1025 10450 49.000000
1025 10484 49.000000
1025 10505 49.000000
1025 10506 49.000000
1025 10775 49.000000
1025 10783 49.000000
1025 10848 49.000000
1025 10921 49.000000
1025 10934 49.000000
1043 10792 49.000000
1210 1211 49.000000
1210 1231 49.000000
1211 1212 49.000000
1212 1213 49.000000
1213 1214 49.000000
1214 1215 49.000000
1215 1216 49.000000
1230 1231 49.000000
165 166 48.000000
166 167 48.000000
167 168 48.000000
168 169 48.000000
252 253 48.000000
346 368 48.000000
556 557 48.000000
557 558 48.000000
558 559 48.000000
559 560 48.000000
560 561 48.000000
561 562 48.000000
1003 10539 48.000000
1046 10575 48.000000
1046 10640 48.000000
1072 10732 48.000000
1091 10949 48.000000
1342 1343 48.000000
1342 1363 48.000000
1343 1344 48.000000
1344 1345 48.000000
1362 1363 48.000000
524 525 47.000000
1004 10587 47.000000
1069 10903 47.000000
1547 1569 47.000000
562 563 46.000000
1020 10630 46.000000
1120 1142 46.000000
1252 1253 46.000000
1510 1532 46.000000
138 160 45.000000
1021 10647 45.000000
1117 1118 45.000000
1118 1119 45.000000
1119 1120 45.000000
1188 1189 45.000000
1188 1209 45.000000
1189 1190 45.000000
1190 1191 45.000000
1191 1192 45.000000
1192 1193 45.000000
1193 1194 45.000000
1390 1412 45.000000
350 372 44.000000
393 415 44.000000
745 746 44.000000
1046 10664 44.000000
1046 10718 44.000000
1046 10965 44.000000
1064 10854 44.000000
1138 1160 44.000000
1279 1280 44.000000
1280 1281 44.000000
1329 1351 44.000000
345 367 43.000000
511 512 43.000000
1003 10565 43.000000
1122 1123 43.000000
1122 1143 43.000000
1123 1124 43.000000
1124 1125 43.000000
1125 1126 43.000000
1126 1127 43.000000
1127 1128 43.000000
1128 1129 43.000000
1142 1143 43.000000
242 264 42.000000
187 209 41.000000
203 225 41.000000
721 722 41.000000
722 723 41.000000
723 724 41.000000
1004 10206 41.000000
1006 1007 41.000000
1007 10216 41.000000
1025 10568 41.000000
956 978 40.000000
1069 10703 40.000000
1194 1195 40.000000
1046 10568 39.000000
1157 1179 39.000000
1353 1375 39.000000
1368 1390 39.000000
384 406 38.000000
490 512 38.000000
1064 1086 38.000000
1156 1178 38.000000
522 544 37.000000
1064 10884 37.000000
1064 10978 37.000000
1181 1203 37.000000
1222 1244 37.000000
271 293 36.000000
528 529 36.000000
528 549 36.000000
529 530 36.000000
530 531 36.000000
531 532 36.000000
546 547 36.000000
547 548 36.000000
548 549 36.000000
554 576 36.000000
782 783 36.000000
783 784 36.000000
784 785 36.000000
858 859 36.000000
859 860 36.000000
1048 1070 36.000000
1064 10773 36.000000
1355 1377 36.000000
1444 1445 36.000000
404 426 35.000000
976 998 35.000000
743 765 34.000000
751 752 34.000000
1025 10788 34.000000
1069 10725 34.000000
590 591 33.000000
591 592 33.000000
770 771 33.000000
770 791 33.000000
771 772 33.000000
772 773 33.000000
789 790 33.000000
790 791 33.000000
1022 10706 33.000000
1022 10833 33.000000
1069 10934 33.000000
358 380 32.000000
1021 10300 32.000000
1022 10525 32.000000
1022 10538 32.000000
1022 10792 32.000000
1022 10897 32.000000
1069 10738 32.000000
1069 10777 32.000000
1069 10808 32.000000
1069 10810 32.000000
1069 10841 32.000000
1069 10877 32.000000
572 573 31.000000
572 593 31.000000
573 574 31.000000
574 575 31.000000
575 576 31.000000
592 593 31.000000
1025 10539 31.000000
1046 10788 31.000000
1069 10816 31.000000
608 630 30.000000
1003 10831 30.000000
1022 10551 30.000000
1022 10671 30.000000
1022 10684 30.000000
1065 10791 30.000000
1069 10775 30.000000
1069 10783 30.000000
1069 10831 30.000000
1069 10848 30.000000
1069 10902 30.000000
1069 10921 30.000000
1090 10951 30.000000
1090 10969 30.000000
729 730 29.000000
916 938 29.000000
1043 10684 29.000000
1270 1292 29.000000
324 346 28.000000
620 621 28.000000
621 622 28.000000
622 623 28.000000
623 624 28.000000
624 625 28.000000
625 626 28.000000
626 627 28.000000
627 628 28.000000
636 658 28.000000
658 680 28.000000
721 743 28.000000
785 786 28.000000
826 848 28.000000
1043 10671 28.000000
1046 10842 28.000000
33 55 27.000000
1020 10655 27.000000
1021 10710 27.000000
1025 10565 27.000000
1178 1200 27.000000
1400 1422 27.000000
306 328 26.000000
634 635 26.000000
635 636 26.000000
715 716 26.000000
788 810 26.000000
1022 11000 26.000000
1065 10919 26.000000
1072 10916 26.000000
1107 1108 26.000000
1369 1391 26.000000
50 72 25.000000
209 210 25.000000
210 211 25.000000
211 212 25.000000
212 213 25.000000
240 262 25.000000
913 935 25.000000
1022 10394 25.000000
1047 10725 25.000000
100 10794 24.000000
207 229 24.000000
480 502 24.000000
724 746 24.000000
780 802 24.000000
814 836 24.000000
917 939 24.000000
1025 10831 24.000000
1028 10631 24.000000
1047 1069 24.000000
1065 10807 24.000000
1187 1209 24.000000
391 413 23.000000
476 498 23.000000
742 764 23.000000
858 879 23.000000
877 878 23.000000
878 879 23.000000
1006 10631 23.000000
1050 10569 23.000000
1050 10732 23.000000
1050 10975 23.000000
1309 1331 23.000000
1313 1335 23.000000
1358 1380 23.000000
29 51 22.000000
73 95 22.000000
253 254 22.000000
254 255 22.000000
255 256 22.000000
256 257 22.000000
257 258 22.000000
258 259 22.000000
259 260 22.000000
260 261 22.000000
261 262 22.000000
876 877 22.000000
1043 10706 22.000000
1065 10683 22.000000
1462 1484 22.000000
180 202 21.000000
532 533 21.000000
533 534 21.000000
1183 1205 21.000000
1286 1308 21.000000
532 554 20.000000
660 661 20.000000
661 662 20.000000
662 663 20.000000
736 737 20.000000
752 753 20.000000
753 754 20.000000
754 755 20.000000
755 756 20.000000
756 757 20.000000
757 758 20.000000
758 759 20.000000
961 983 20.000000
1071 10892 20.000000
1093 1094 20.000000
1164 1165 20.000000
1298 1299 20.000000
1298 1319 20.000000
1299 1300 20.000000
1300 1301 20.000000
1324 1346 20.000000
394 416 19.000000
497 519 19.000000
726 727 19.000000
726 747 19.000000
727 728 19.000000
728 729 19.000000
746 747 19.000000
860 861 19.000000
1043 10551 19.000000
1047 10522 19.000000
1047 10603 19.000000
1047 10645 19.000000
1047 10738 19.000000
1047 10777 19.000000
1047 10808 19.000000
1047 10810 19.000000
1047 10841 19.000000
1047 10877 19.000000
1047 10903 19.000000
1064 10962 19.000000
1136 1158 19.000000
1165 1187 19.000000
1301 1302 19.000000
1302 1303 19.000000
1413 1435 19.000000
1161 1183 18.000000
1318 1319 18.000000
100 10295 17.000000
100 10328 17.000000
159 181 17.000000
208 230 17.000000
889 890 17.000000
1043 10482 17.000000
1246 1268 17.000000
1375 1397 17.000000
100 101 16.000000
101 10173 16.000000
737 738 16.000000
939 961 16.000000
1158 1180 16.000000
1326 1348 16.000000
380 402 15.000000
977 999 15.000000
1317 1318 15.000000
231 232 14.000000
232 233 14.000000
233 234 14.000000
234 235 14.000000
235 236 14.000000
236 237 14.000000
237 238 14.000000
238 239 14.000000
239 240 14.000000
660 681 14.000000
680 681 14.000000
832 854 14.000000
868 890 14.000000
959 981 14.000000
1047 10934 14.000000
1281 1303 14.000000
213 214 13.000000
214 215 13.000000
215 216 13.000000
216 217 13.000000
217 218 13.000000
323 345 13.000000
695 696 13.000000
696 697 13.000000
697 698 13.000000
698 699 13.000000
699 700 13.000000
700 701 13.000000
701 702 13.000000
858 880 13.000000
880 901 13.000000
899 900 13.000000
900 901 13.000000
955 977 13.000000
968 969 13.000000
968 989 13.000000
969 970 13.000000
970 971 13.000000
985 986 13.000000
986 987 13.000000
987 988 13.000000
988 989 13.000000
1021 1043 13.000000
1043 10919 13.000000
1087 11000 13.000000
136 137 12.000000
136 158 12.000000
275 276 12.000000
276 277 12.000000
277 278 12.000000
278 279 12.000000
279 280 12.000000
280 281 12.000000
281 282 12.000000
282 283 12.000000
283 284 12.000000
802 824 12.000000
912 934 12.000000
1000 10095 12.000000
1043 10885 12.000000
1224 1246 12.000000
1347 1369 12.000000
218 240 11.000000
1022 10355 11.000000
1312 1334 11.000000
93 94 10.000000
1090 10902 10.000000
1090 10921 10.000000
1090 10934 10.000000
1318 1340 10.000000
861 862 9.000000
862 863 9.000000
863 864 9.000000
864 865 9.000000
865 866 9.000000
866 867 9.000000
1021 10210 9.000000
1049 1071 9.000000
1134 1156 9.000000
1137 1159 9.000000
1182 1204 9.000000
1411 1412 9.000000
185 207 8.000000
458 480 8.000000
817 839 8.000000
831 853 8.000000
895 917 8.000000
924 925 8.000000
924 945 8.000000
925 926 8.000000
926 927 8.000000
943 944 8.000000
944 945 8.000000
1049 10892 8.000000
1315 1337 8.000000
1319 1341 8.000000
1373 1395 8.000000
1430 1431 8.000000
1430 1451 8.000000
1431 1432 8.000000
1432 1433 8.000000
1445 1446 8.000000
1446 1447 8.000000
1447 1448 8.000000
1448 1449 8.000000
1449 1450 8.000000
1450 1451 8.000000
403 425 7.000000
795 817 7.000000
942 943 7.000000
1090 1112 7.000000
1094 1095 7.000000
1259 1281 7.000000
1289 1311 7.000000
1290 1312 7.000000
1301 1323 7.000000
1310 1332 7.000000
1437 1459 7.000000
78 79 6.000000
262 284 6.000000
264 286 6.000000
286 308 6.000000
340 362 6.000000
432 454 6.000000
660 682 6.000000
673 674 6.000000
682 703 6.000000
702 703 6.000000
1004 1026 6.000000
1043 10479 6.000000
1043 10683 6.000000
1071 10817 6.000000
1071 10861 6.000000
1279 1301 6.000000
116 138 5.000000
488 510 5.000000
510 532 5.000000
606 628 5.000000
817 818 5.000000
818 819 5.000000
819 820 5.000000
820 821 5.000000
911 933 5.000000
963 985 5.000000
1021 10437 5.000000
1021 10440 5.000000
1071 10859 5.000000
1144 1145 5.000000
1144 1165 5.000000
1145 1146 5.000000
1146 1147 5.000000
1147 1148 5.000000
1148 1149 5.000000
1149 1150 5.000000
1150 1151 5.000000
1194 1216 5.000000
1266 1288 5.000000
1307 1329 5.000000
1370 1392 5.000000
1372 1394 5.000000
118 140 4.000000
633 634 4.000000
693 694 4.000000
889 911 4.000000
927 928 4.000000
928 929 4.000000
929 930 4.000000
930 931 4.000000
931 932 4.000000
932 933 4.000000
1042 10710 4.000000
1068 1090 4.000000
1087 10897 4.000000
1090 10965 4.000000
1093 1115 4.000000
1166 1167 4.000000
1166 1187 4.000000
1167 1168 4.000000
1168 1169 4.000000
1169 1170 4.000000
1170 1171 4.000000
1171 1172 4.000000
1172 1173 4.000000
1195 1217 4.000000
1227 1249 4.000000
1228 1250 4.000000
1272 1294 4.000000
1348 1370 4.000000
49 50 3.000000
49 71 3.000000
54 76 3.000000
285 307 3.000000
336 358 3.000000
694 695 3.000000
704 705 3.000000
704 725 3.000000
705 706 3.000000
706 707 3.000000
707 729 3.000000
724 725 3.000000
730 752 3.000000
738 739 3.000000
807 829 3.000000
833 855 3.000000
902 903 3.000000
902 923 3.000000
903 904 3.000000
904 905 3.000000
920 921 3.000000
921 922 3.000000
922 923 3.000000
1186 1208 3.000000
1199 1221 3.000000
1374 1396 3.000000
1412 1434 3.000000
1474 1475 3.000000
1474 1495 3.000000
1475 1476 3.000000
1489 1490 3.000000
1490 1491 3.000000
1491 1492 3.000000
1492 1493 3.000000
1493 1494 3.000000
1494 1495 3.000000
1496 1497 3.000000
1496 1517 3.000000
1497 1498 3.000000
1498 1499 3.000000
1511 1512 3.000000
1512 1513 3.000000
1513 1514 3.000000
1514 1515 3.000000
1515 1516 3.000000
1516 1517 3.000000
198 199 2.000000
198 219 2.000000
199 200 2.000000
200 201 2.000000
218 219 2.000000
223 224 2.000000
592 614 2.000000
614 636 2.000000
677 699 2.000000
699 721 2.000000
738 760 2.000000
851 873 2.000000
890 912 2.000000
1000 10355 2.000000
1005 1027 2.000000
1042 10545 2.000000
1164 1186 2.000000
1185 1186 2.000000
1325 1347 2.000000
1330 1352 2.000000
1351 1373 2.000000
1371 1393 2.000000
1393 1415 2.000000
1489 1511 2.000000
181 203 1.000000
253 275 1.000000
263 285 1.000000
686 687 1.000000
686 708 1.000000
687 688 1.000000
688 689 1.000000
689 690 1.000000
690 691 1.000000
691 692 1.000000
692 693 1.000000
786 808 1.000000
872 894 1.000000
877 899 1.000000
1020 10353 1.000000
1020 10422 1.000000
1020 10480 1.000000
1020 10537 1.000000
1020 10543 1.000000
1020 10884 1.000000
1020 10978 1.000000
1042 10771 1.000000
1085 10854 1.000000
1100 1101 1.000000
1100 1121 1.000000
1101 1102 1.000000
1102 1103 1.000000
1103 1104 1.000000
1104 1105 1.000000
1105 1106 1.000000
1106 1107 1.000000
1120 1121 1.000000
1186 1187 1.000000
1217 1239 1.000000
1237 1259 1.000000
1282 1304 1.000000
1304 1326 1.000000
1331 1353 1.000000
1488 1489 1.000000
