1375 1376 15847.000000
1397 1398 14683.000000
404 405 12186.000000
405 406 12186.000000
406 407 12186.000000
1419 1420 11971.000000
1374 1375 11641.000000
1418 1419 11554.000000
1435 1436 11022.000000
1221 1222 10702.000000
313 314 10587.000000
1436 1437 10123.000000
314 315 10007.000000
1433 1434 9977.000000
1434 1435 9977.000000
403 404 9871.000000
1156 1157 9785.000000
1373 1374 9740.000000
407 408 9707.000000
1200 1201 9263.000000
1244 1245 9166.000000
1417 1418 9049.000000
27 28 8965.000000
26 27 8932.000000
447 448 8855.000000
448 449 8855.000000
449 450 8855.000000
1440 1441 8837.000000
450 451 8810.000000
402 403 8798.000000
28 29 8702.000000
1376 1377 8671.000000
1155 1156 8459.000000
1416 1417 8440.000000
1064 1065 8315.000000
1065 1066 8315.000000
1220 1221 8264.000000
360 361 8198.000000
361 362 8198.000000
362 363 8198.000000
363 364 8198.000000
1396 1397 8048.000000
1372 1373 7942.000000
1219 1220 7788.000000
1437 1438 7739.000000
5 6 7730.000000
1243 1244 7693.000000
7 8 7514.000000
1395 1396 7457.000000
425 426 7452.000000
426 427 7452.000000
427 428 7452.000000
428 429 7452.000000
6 7 7436.000000
1199 1200 7268.000000
408 409 7245.000000
29 30 7175.000000
1353 1354 7121.000000
1432 1433 7102.000000
270 271 7013.000000
1154 1155 6941.000000
359 360 6883.000000
1438 1439 6851.000000
1461 1462 6827.000000
1462 1463 6821.000000
1067 1068 6806.000000
1439 1440 6781.000000
451 452 6761.000000
8 9 6718.000000
1063 1064 6714.000000
452 453 6568.000000
1484 1485 6393.000000
1463 1464 6334.000000
424 425 6248.000000
1157 1158 6148.000000
1085 1086 6127.000000
1086 1087 6127.000000
1245 1246 6034.000000
380 381 6031.000000
446 447 6023.000000
51 52 5968.000000
1242 1243 5942.000000
1066 1067 5936.000000
1198 1199 5866.000000
1460 1461 5836.000000
1062 1063 5769.000000
1394 1395 5756.000000
491 492 5741.000000
492 493 5741.000000
493 494 5741.000000
469 470 5607.000000
470 471 5607.000000
471 472 5607.000000
1332 1333 5555.000000
30 31 5530.000000
1288 1289 5528.000000
1041 1042 5509.000000
1042 1043 5509.000000
1043 1044 5509.000000
494 495 5455.000000
1020 1021 5283.000000
1021 1022 5283.000000
1441 1442 5250.000000
1022 1023 5227.000000
495 496 5189.000000
1331 1332 5162.000000
1330 1331 5101.000000
381 382 5078.000000
382 383 5078.000000
383 384 5078.000000
384 385 5078.000000
385 386 5075.000000
181 182 4984.000000
1459 1460 4813.000000
10 11 4748.000000
1264 1265 4741.000000
453 454 4720.000000
1178 1179 4702.000000
1241 1242 4699.000000
226 227 4655.000000
1087 1088 4590.000000
31 32 4480.000000
1376 1398 4419.000000
496 497 4324.000000
1246 1247 4310.000000
849 850 4277.000000
95 96 4246.000000
1285 1286 4233.000000
94 95 4222.000000
182 183 4121.000000
314 336 4102.000000
227 228 4020.000000
1329 1330 4007.000000
1222 1223 4002.000000
1412 1413 3991.000000
1415 1416 3989.000000
560 561 3978.000000
1352 1353 3967.000000
1263 1264 3958.000000
1265 1266 3945.000000
179 180 3914.000000
180 181 3874.000000
72 73 3857.000000
1308 1309 3841.000000
1483 1484 3837.000000
1237 1238 3829.000000
1238 1239 3829.000000
1239 1240 3827.000000
1240 1241 3826.000000
138 139 3816.000000
429 430 3813.000000
998 999 3808.000000
1371 1372 3801.000000
137 138 3790.000000
1413 1414 3764.000000
1177 1178 3721.000000
472 473 3703.000000
1482 1483 3685.000000
248 249 3637.000000
846 847 3632.000000
847 848 3632.000000
1501 1502 3629.000000
1502 1503 3629.000000
848 849 3597.000000
1354 1355 3592.000000
1458 1459 3592.000000
512 513 3587.000000
513 514 3587.000000
514 515 3587.000000
515 516 3587.000000
1084 1085 3515.000000
1309 1310 3509.000000
1499 1500 3500.000000
291 292 3493.000000
409 410 3489.000000
1215 1216 3457.000000
1216 1217 3457.000000
1217 1218 3457.000000
1414 1415 3456.000000
1107 1108 3447.000000
1108 1109 3447.000000
1109 1110 3447.000000
1457 1458 3380.000000
1111 1112 3372.000000
626 627 3359.000000
1289 1290 3354.000000
269 270 3336.000000
1151 1152 3286.000000
1152 1153 3286.000000
1132 1133 3276.000000
1023 1024 3274.000000
1287 1288 3230.000000
1545 1546 3225.000000
4 5 3224.000000
422 423 3216.000000
1153 1154 3195.000000
379 380 3145.000000
1045 1046 3128.000000
1286 1287 3120.000000
93 94 3112.000000
52 53 3094.000000
473 474 3080.000000
516 517 3080.000000
1455 1456 3022.000000
1088 1089 3015.000000
1351 1352 3000.000000
1350 1351 2989.000000
1040 1041 2977.000000
1456 1457 2970.000000
1393 1394 2959.000000
1479 1480 2956.000000
1498 1499 2951.000000
454 455 2920.000000
430 431 2913.000000
1110 1111 2910.000000
976 977 2884.000000
977 978 2884.000000
497 498 2882.000000
364 365 2874.000000
1218 1219 2871.000000
358 359 2868.000000
386 387 2868.000000
517 518 2846.000000
1481 1482 2820.000000
978 979 2811.000000
1019 1020 2785.000000
401 402 2737.000000
92 93 2733.000000
136 137 2720.000000
224 225 2710.000000
1368 1369 2684.000000
1369 1370 2682.000000
1370 1371 2670.000000
271 272 2649.000000
931 932 2634.000000
53 54 2620.000000
1546 1547 2617.000000
997 998 2614.000000
1454 1455 2595.000000
183 184 2593.000000
1411 1412 2591.000000
1503 1504 2567.000000
1477 1478 2566.000000
1176 1177 2561.000000
1266 1267 2557.000000
1133 1134 2534.000000
1290 1291 2522.000000
1480 1481 2514.000000
50 51 2506.000000
1478 1479 2492.000000
407 429 2482.000000
315 316 2477.000000
1390 1391 2465.000000
1391 1392 2463.000000
49 50 2453.000000
1392 1393 2452.000000
423 424 2403.000000
933 934 2399.000000
934 935 2399.000000
1112 1113 2396.000000
223 224 2386.000000
1500 1501 2357.000000
468 469 2353.000000
71 72 2328.000000
1128 1129 2327.000000
1129 1130 2327.000000
1130 1131 2327.000000
1310 1311 2324.000000
1024 1025 2314.000000
357 358 2311.000000
870 871 2297.000000
1267 1268 2248.000000
1089 1090 2244.000000
445 446 2227.000000
225 226 2226.000000
1505 1506 2220.000000
1000 10179 2210.000000
410 411 2190.000000
1150 1151 2190.000000
1506 1507 2178.000000
1389 1390 2177.000000
271 293 2158.000000
1202 1203 2155.000000
975 976 2153.000000
932 933 2151.000000
1046 1047 2147.000000
518 519 2136.000000
1044 1045 2121.000000
1523 1524 2105.000000
996 997 2050.000000
1547 1548 2049.000000
1307 1308 2045.000000
1106 1107 2038.000000
315 337 2029.000000
1157 1179 2026.000000
1281 1282 2021.000000
1282 1283 2021.000000
1214 1215 2001.000000
474 475 1992.000000
292 293 1977.000000
1023 10331 1975.000000
1377 1378 1971.000000
1571 1572 1959.000000
48 49 1950.000000
1388 1389 1945.000000
116 117 1938.000000
1258 1259 1933.000000
1259 1260 1933.000000
1260 1261 1933.000000
1261 1262 1933.000000
115 116 1932.000000
444 445 1913.000000
336 337 1911.000000
1420 1421 1903.000000
1223 1224 1897.000000
1083 1084 1894.000000
157 158 1881.000000
1504 1505 1872.000000
365 387 1838.000000
411 412 1822.000000
1328 1329 1818.000000
892 893 1809.000000
893 894 1809.000000
1201 1202 1806.000000
158 159 1796.000000
1567 1568 1796.000000
1566 1567 1794.000000
1068 1069 1780.000000
70 71 1740.000000
466 467 1736.000000
1018 1019 1732.000000
160 161 1728.000000
582 583 1713.000000
958 959 1706.000000
1193 1194 1705.000000
1194 1195 1705.000000
1195 1196 1705.000000
1196 1197 1705.000000
1398 1399 1704.000000
1570 1571 1674.000000
455 456 1665.000000
1127 1128 1656.000000
954 955 1651.000000
955 956 1651.000000
956 957 1651.000000
465 466 1649.000000
1476 1477 1647.000000
431 432 1636.000000
1114 1136 1633.000000
1548 1549 1630.000000
1569 1570 1621.000000
1355 1356 1619.000000
467 468 1617.000000
475 476 1613.000000
1113 1114 1608.000000
1289 1311 1605.000000
249 250 1598.000000
1131 1132 1597.000000
496 518 1582.000000
222 223 1573.000000
266 267 1566.000000
267 268 1566.000000
268 269 1555.000000
1525 1526 1551.000000
1568 1569 1534.000000
364 386 1531.000000
1283 1284 1530.000000
73 74 1518.000000
850 851 1497.000000
1000 1001 1496.000000
412 413 1493.000000
1135 1136 1490.000000
561 562 1488.000000
1524 1525 1486.000000
871 872 1484.000000
1526 1527 1475.000000
1175 1176 1464.000000
1549 1550 1458.000000
205 206 1455.000000
959 960 1447.000000
1324 1325 1436.000000
1325 1326 1436.000000
1326 1327 1436.000000
204 205 1435.000000
1306 1307 1430.000000
1134 1135 1426.000000
433 434 1410.000000
1527 1528 1409.000000
1327 1328 1397.000000
562 563 1391.000000
867 868 1388.000000
868 869 1388.000000
869 870 1388.000000
1528 1529 1381.000000
432 433 1380.000000
520 521 1376.000000
1224 1225 1357.000000
1197 1198 1355.000000
519 520 1351.000000
489 490 1350.000000
914 915 1349.000000
1039 1040 1347.000000
509 510 1343.000000
583 584 1338.000000
1550 1551 1336.000000
1431 1432 1325.000000
1367 1368 1312.000000
336 358 1309.000000
780 781 1304.000000
781 782 1304.000000
782 783 1303.000000
872 873 1286.000000
452 474 1271.000000
388 389 1266.000000
454 476 1262.000000
96 97 1261.000000
490 491 1255.000000
806 807 1241.000000
521 522 1218.000000
10 10345 1213.000000
270 292 1181.000000
247 248 1180.000000
957 958 1179.000000
387 388 1178.000000
1044 10450 1178.000000
178 179 1177.000000
894 895 1174.000000
159 160 1171.000000
335 336 1171.000000
380 402 1166.000000
1001 1002 1166.000000
1349 1350 1155.000000
1201 1223 1112.000000
114 115 1111.000000
1311 1312 1102.000000
488 489 1096.000000
1410 1411 1093.000000
456 457 1091.000000
356 357 1089.000000
201 202 1082.000000
542 543 1081.000000
936 937 1080.000000
1262 1263 1080.000000
937 938 1077.000000
1002 1003 1071.000000
1171 1172 1071.000000
1172 1173 1071.000000
1173 1174 1071.000000
1174 1175 1071.000000
802 803 1062.000000
803 804 1062.000000
783 784 1058.000000
138 160 1055.000000
117 118 1052.000000
807 808 1049.000000
1025 1026 1047.000000
184 185 1046.000000
1280 1281 1043.000000
389 390 1036.000000
1203 1225 1033.000000
202 203 1030.000000
1247 1248 1030.000000
390 391 1014.000000
627 628 1014.000000
1284 1285 1007.000000
935 936 996.000000
1323 1324 992.000000
805 806 991.000000
804 805 989.000000
200 201 983.000000
541 542 983.000000
1572 1573 983.000000
400 401 980.000000
1522 1523 960.000000
288 289 944.000000
289 290 944.000000
1068 10680 928.000000
1500 1522 928.000000
1257 1258 925.000000
979 980 912.000000
293 315 903.000000
365 366 897.000000
1001 10331 896.000000
873 874 892.000000
1149 1150 891.000000
352 353 882.000000
352 373 882.000000
353 354 882.000000
354 355 882.000000
355 356 882.000000
370 371 882.000000
371 372 882.000000
372 373 882.000000
498 499 882.000000
845 846 882.000000
247 269 872.000000
953 954 870.000000
1291 1292 867.000000
1292 1293 867.000000
366 367 865.000000
1068 1090 864.000000
139 140 863.000000
1333 1334 854.000000
161 162 846.000000
510 511 844.000000
511 512 844.000000
543 544 841.000000
1399 1400 835.000000
889 890 831.000000
890 891 831.000000
891 892 831.000000
827 828 827.000000
938 939 821.000000
337 359 815.000000
337 338 813.000000
1497 1498 811.000000
1507 1508 809.000000
1519 1520 809.000000
1520 1521 809.000000
1521 1522 809.000000
915 916 806.000000
851 852 790.000000
135 136 786.000000
1047 10658 785.000000
69 70 784.000000
1400 1401 783.000000
1401 1402 783.000000
1090 1091 782.000000
118 119 781.000000
1387 1388 774.000000
888 889 766.000000
1044 10476 761.000000
980 981 758.000000
203 204 755.000000
156 157 751.000000
828 829 744.000000
936 958 734.000000
1236 1237 726.000000
310 311 718.000000
311 312 718.000000
808 809 717.000000
604 605 715.000000
822 823 715.000000
1023 10361 709.000000
540 541 707.000000
434 435 705.000000
476 477 703.000000
499 500 701.000000
113 114 693.000000
422 444 692.000000
242 263 689.000000
260 261 689.000000
261 262 689.000000
262 263 689.000000
484 505 689.000000
501 502 689.000000
502 503 689.000000
503 504 689.000000
504 505 689.000000
981 982 685.000000
287 288 678.000000
821 822 678.000000
330 351 676.000000
348 349 676.000000
349 350 676.000000
350 351 676.000000
330 331 669.000000
331 332 669.000000
332 333 669.000000
333 334 669.000000
584 585 668.000000
396 397 666.000000
396 417 666.000000
397 398 666.000000
398 399 666.000000
414 415 666.000000
415 416 666.000000
416 417 666.000000
1268 1269 666.000000
453 475 663.000000
916 917 662.000000
399 400 661.000000
312 313 650.000000
409 431 650.000000
586 587 649.000000
910 911 649.000000
911 912 649.000000
912 913 649.000000
497 519 648.000000
1024 1046 640.000000
798 799 639.000000
290 291 635.000000
484 485 635.000000
485 486 635.000000
486 487 635.000000
1378 1379 628.000000
1379 1380 628.000000
1380 1381 628.000000
1041 10628 622.000000
539 540 616.000000
1334 1335 612.000000
74 75 610.000000
358 380 610.000000
785 786 607.000000
786 787 605.000000
829 830 600.000000
1090 10925 596.000000
784 785 595.000000
865 866 591.000000
715 716 585.000000
716 717 585.000000
717 718 585.000000
97 98 575.000000
227 249 570.000000
265 266 570.000000
498 520 565.000000
844 845 563.000000
585 586 562.000000
935 957 562.000000
1346 1347 562.000000
1347 1348 562.000000
1348 1349 562.000000
1203 1204 559.000000
1204 1205 559.000000
1366 1367 557.000000
182 204 555.000000
313 335 555.000000
367 368 555.000000
378 379 554.000000
1335 1336 552.000000
1336 1337 552.000000
225 247 551.000000
806 828 551.000000
228 229 548.000000
1248 1249 546.000000
1002 10079 543.000000
292 314 542.000000
866 867 539.000000
467 489 534.000000
1105 1106 522.000000
357 379 516.000000
443 444 516.000000
242 243 513.000000
286 307 513.000000
304 305 513.000000
305 306 513.000000
306 307 513.000000
418 419 513.000000
418 439 513.000000
419 420 513.000000
420 421 513.000000
435 436 513.000000
436 437 513.000000
437 438 513.000000
438 439 513.000000
1485 1486 512.000000
477 478 511.000000
500 501 509.000000
1044 10703 507.000000
1332 1354 507.000000
563 564 502.000000
207 208 500.000000
208 209 500.000000
209 210 500.000000
1283 1305 493.000000
1062 10962 485.000000
421 422 484.000000
1003 1004 478.000000
1479 1501 476.000000
1062 10688 475.000000
913 914 473.000000
1001 10025 470.000000
587 588 469.000000
1345 1346 466.000000
368 369 459.000000
1312 1313 453.000000
1523 1545 452.000000
1313 1314 449.000000
1314 1315 449.000000
462 463 445.000000
463 464 445.000000
464 465 445.000000
1001 10704 440.000000
226 248 439.000000
1344 1345 438.000000
974 975 435.000000
562 584 430.000000
140 141 429.000000
204 226 429.000000
583 605 429.000000
308 329 427.000000
326 327 427.000000
327 328 427.000000
328 329 427.000000
887 888 427.000000
308 309 420.000000
244 245 415.000000
245 246 415.000000
246 247 415.000000
248 270 413.000000
1001 10055 412.000000
1245 1267 409.000000
286 287 406.000000
670 671 406.000000
807 829 406.000000
1420 1442 406.000000
1333 1355 399.000000
162 163 397.000000
1249 1250 395.000000
462 483 391.000000
479 480 391.000000
480 481 391.000000
481 482 391.000000
482 483 391.000000
518 540 391.000000
1200 1222 389.000000
335 357 387.000000
1062 10854 387.000000
538 539 386.000000
718 740 384.000000
309 310 381.000000
1402 1403 380.000000
1062 10945 379.000000
628 629 378.000000
629 630 378.000000
630 631 378.000000
243 244 374.000000
440 441 371.000000
440 461 371.000000
441 442 371.000000
442 443 371.000000
457 458 371.000000
458 459 371.000000
459 460 371.000000
460 461 371.000000
443 465 366.000000
1040 10588 366.000000
826 827 365.000000
1464 1486 361.000000
564 565 359.000000
799 800 359.000000
1381 1382 358.000000
1279 1280 355.000000
199 200 353.000000
75 76 352.000000
466 488 352.000000
1501 1523 349.000000
293 294 348.000000
532 533 348.000000
533 534 348.000000
534 535 348.000000
535 536 348.000000
536 537 348.000000
537 538 348.000000
1068 10888 347.000000
410 432 342.000000
348 370 341.000000
823 824 340.000000
824 825 340.000000
825 826 340.000000
982 983 340.000000
1213 1214 337.000000
1023 10575 336.000000
1305 1306 336.000000
1246 1268 333.000000
1453 1454 332.000000
494 516 331.000000
26 48 329.000000
32 33 326.000000
456 478 324.000000
316 317 321.000000
317 318 321.000000
318 319 321.000000
319 320 321.000000
1044 10640 319.000000
1047 10569 318.000000
54 55 316.000000
1286 1308 316.000000
1247 1269 314.000000
1389 1411 312.000000
1334 1356 311.000000
367 389 310.000000
1063 10814 308.000000
607 608 306.000000
1356 1357 305.000000
1357 1358 305.000000
1358 1359 305.000000
1040 10579 304.000000
1475 1476 301.000000
91 92 299.000000
794 795 299.000000
795 796 299.000000
796 797 299.000000
797 798 299.000000
1020 10525 299.000000
1020 10792 298.000000
28 50 296.000000
1421 1422 293.000000
1020 10897 292.000000
1019 10771 290.000000
1064 11000 289.000000
1390 1412 288.000000
70 92 287.000000
895 896 286.000000
29 51 285.000000
1503 1525 285.000000
1069 1091 284.000000
1067 10951 282.000000
1067 10969 282.000000
895 917 281.000000
1041 10482 281.000000
799 821 280.000000
1293 1315 280.000000
475 497 279.000000
1001 10233 278.000000
1041 10425 277.000000
1062 10773 276.000000
155 156 275.000000
1044 10842 275.000000
1067 10721 273.000000
1463 1485 273.000000
1062 10884 272.000000
11 12 271.000000
1020 10538 269.000000
1063 10636 269.000000
1020 10706 268.000000
851 873 266.000000
1293 1294 266.000000
1359 1360 266.000000
141 142 265.000000
554 555 265.000000
555 556 265.000000
556 557 265.000000
557 558 265.000000
558 559 265.000000
559 560 265.000000
1023 10250 264.000000
1023 10664 264.000000
1023 10718 264.000000
222 244 263.000000
400 422 263.000000
932 954 263.000000
1023 10965 263.000000
543 565 262.000000
1040 1062 257.000000
316 338 255.000000
334 335 254.000000
1045 1067 253.000000
1041 10479 252.000000
1507 1529 251.000000
1215 1237 249.000000
1242 1264 249.000000
228 250 246.000000
1067 10955 246.000000
1001 10171 245.000000
1408 1409 245.000000
1408 1429 245.000000
1426 1427 245.000000
1427 1428 245.000000
1428 1429 245.000000
1023 10450 242.000000
10 1572 241.000000
606 607 240.000000
1067 10946 240.000000
1067 10949 240.000000
1111 1133 240.000000
487 488 239.000000
960 961 238.000000
1001 10206 238.000000
412 434 237.000000
1365 1366 237.000000
718 719 236.000000
1540 1541 236.000000
1063 10807 235.000000
1413 1435 235.000000
1541 1542 234.000000
719 720 233.000000
720 721 233.000000
721 722 233.000000
1024 10384 233.000000
1067 10811 233.000000
1542 1543 233.000000
379 401 232.000000
479 501 232.000000
1543 1544 232.000000
1068 10941 229.000000
304 326 227.000000
1024 10429 227.000000
1301 1302 227.000000
1112 1134 226.000000
338 339 224.000000
339 340 224.000000
340 341 224.000000
341 342 224.000000
627 649 221.000000
1020 10628 221.000000
1023 10505 221.000000
1025 10365 220.000000
1040 10547 220.000000
1023 10484 219.000000
1023 10783 219.000000
1047 10975 219.000000
342 343 217.000000
1171 1193 217.000000
1202 1224 217.000000
156 178 216.000000
408 430 214.000000
1024 10670 214.000000
1302 1303 214.000000
1303 1304 214.000000
1304 1305 214.000000
848 870 212.000000
1023 10506 210.000000
403 425 208.000000
1364 1365 208.000000
1364 1385 208.000000
1382 1383 208.000000
1383 1384 208.000000
1384 1385 208.000000
1343 1344 207.000000
1544 1545 206.000000
1374 1396 205.000000
1023 1045 204.000000
1432 1454 203.000000
608 609 202.000000
1004 10097 202.000000
343 344 200.000000
344 345 200.000000
345 346 200.000000
346 347 200.000000
830 831 199.000000
1003 10631 199.000000
1047 10732 199.000000
1062 10978 199.000000
1226 1227 199.000000
1269 1270 199.000000
1270 1271 199.000000
779 780 198.000000
1045 10760 198.000000
1047 10916 198.000000
800 801 196.000000
1039 10562 196.000000
1225 1226 196.000000
1039 10507 195.000000
342 364 194.000000
939 940 194.000000
1041 10683 194.000000
1046 10933 193.000000
1227 1228 193.000000
1003 10072 192.000000
814 835 190.000000
831 832 190.000000
832 833 190.000000
833 834 190.000000
834 835 190.000000
1041 10885 187.000000
10 10889 186.000000
1001 10831 186.000000
1002 10429 186.000000
320 342 185.000000
1026 10569 182.000000
1068 10922 182.000000
1019 10545 179.000000
1023 10476 179.000000
1023 10775 179.000000
1023 10848 179.000000
1023 10902 179.000000
1023 10921 179.000000
1342 1343 179.000000
1342 1363 179.000000
1360 1361 179.000000
1361 1362 179.000000
1362 1363 179.000000
474 496 178.000000
605 606 178.000000
1023 10703 178.000000
1019 10710 177.000000
870 892 176.000000
1418 1440 176.000000
1422 1423 176.000000
1423 1424 176.000000
1424 1425 176.000000
1425 1426 176.000000
249 271 175.000000
801 802 175.000000
1004 10216 175.000000
1069 10928 175.000000
1085 10897 175.000000
1020 10833 174.000000
369 370 173.000000
1039 10549 171.000000
1018 10655 170.000000
30 52 167.000000
1001 10816 166.000000
1220 1242 163.000000
758 759 162.000000
759 760 162.000000
760 761 162.000000
761 762 162.000000
909 910 162.000000
1001 10738 162.000000
1024 10679 160.000000
157 179 158.000000
476 498 157.000000
1394 1416 157.000000
1003 10092 156.000000
1206 1228 156.000000
1001 10136 155.000000
1001 10268 155.000000
1001 10603 155.000000
1001 10808 155.000000
1001 10877 155.000000
206 207 154.000000
954 976 154.000000
1045 10745 154.000000
1001 10934 153.000000
1330 1352 153.000000
793 794 152.000000
1205 1206 152.000000
1435 1457 152.000000
1001 10104 151.000000
1001 10380 151.000000
1438 1460 151.000000
1066 10831 150.000000
430 452 149.000000
1221 1243 149.000000
374 375 148.000000
374 395 148.000000
375 376 148.000000
376 377 148.000000
377 378 148.000000
388 410 148.000000
391 392 148.000000
392 393 148.000000
393 394 148.000000
394 395 148.000000
1045 10903 148.000000
1551 1552 148.000000
359 381 147.000000
750 751 146.000000
751 752 146.000000
752 753 146.000000
1026 10916 145.000000
762 763 144.000000
1068 10719 144.000000
1068 10817 144.000000
1068 10861 144.000000
50 72 143.000000
1179 1180 143.000000
71 93 142.000000
478 479 142.000000
770 791 142.000000
787 788 142.000000
788 789 142.000000
789 790 142.000000
790 791 142.000000
931 953 140.000000
1068 10859 140.000000
1026 10732 139.000000
1001 10645 138.000000
1041 1063 138.000000
1068 10839 138.000000
1158 1159 138.000000
850 872 137.000000
1001 10777 137.000000
1001 10810 137.000000
1001 10841 137.000000
1024 10760 137.000000
320 321 136.000000
1311 1333 136.000000
1046 10888 135.000000
250 272 134.000000
1018 10261 134.000000
1018 10370 134.000000
1067 1089 134.000000
49 71 133.000000
1001 10587 133.000000
1001 10890 133.000000
1018 10773 133.000000
432 454 132.000000
1003 10266 132.000000
1003 10805 132.000000
413 435 131.000000
1025 10892 131.000000
1046 10646 131.000000
1046 10859 131.000000
852 874 129.000000
1068 10765 129.000000
1301 1323 128.000000
753 754 127.000000
754 755 127.000000
755 756 127.000000
1179 1201 126.000000
1025 10604 125.000000
1482 1504 125.000000
51 73 124.000000
531 532 123.000000
1090 10935 123.000000
1132 1154 123.000000
72 94 122.000000
1090 10928 122.000000
1159 1160 122.000000
1160 1161 122.000000
1161 1162 122.000000
1001 1023 121.000000
763 764 120.000000
1020 10551 120.000000
1020 10671 120.000000
1020 10684 120.000000
865 887 119.000000
1020 10394 119.000000
1020 11000 119.000000
1046 1068 118.000000
1019 10300 117.000000
764 765 116.000000
1442 1443 116.000000
1443 1444 116.000000
1444 1445 116.000000
1445 1446 116.000000
1446 1447 116.000000
1001 10726 115.000000
1039 10854 115.000000
528 549 114.000000
545 546 114.000000
546 547 114.000000
547 548 114.000000
548 549 114.000000
587 609 114.000000
1018 10422 114.000000
1018 10480 114.000000
1067 10783 114.000000
1018 10884 112.000000
1045 10704 112.000000
1046 10892 112.000000
413 414 111.000000
506 507 111.000000
507 508 111.000000
508 509 111.000000
1041 10919 111.000000
1180 1181 111.000000
1181 1182 111.000000
1182 1183 111.000000
1409 1410 111.000000
487 509 110.000000
528 529 110.000000
952 953 110.000000
1002 10138 110.000000
1154 1176 110.000000
1474 1475 110.000000
1001 10581 109.000000
1069 10900 109.000000
52 74 108.000000
114 136 108.000000
506 527 107.000000
522 523 107.000000
523 524 107.000000
524 525 107.000000
525 526 107.000000
526 527 107.000000
841 842 107.000000
842 843 107.000000
983 984 107.000000
529 530 106.000000
530 531 106.000000
808 830 106.000000
1000 10842 106.000000
762 784 105.000000
1019 10636 105.000000
1544 1566 105.000000
500 522 104.000000
778 779 104.000000
1047 1048 104.000000
852 853 103.000000
1001 10825 103.000000
1019 10437 103.000000
1039 10945 103.000000
411 433 101.000000
649 650 99.000000
650 651 99.000000
651 652 99.000000
1000 10575 99.000000
1026 10975 99.000000
1063 10791 99.000000
837 838 98.000000
838 839 98.000000
839 840 98.000000
840 841 98.000000
343 365 96.000000
368 390 96.000000
1320 1321 96.000000
1320 1341 96.000000
1338 1339 96.000000
1339 1340 96.000000
1340 1341 96.000000
1346 1368 96.000000
1399 1421 96.000000
957 979 95.000000
1024 10704 95.000000
1025 10817 95.000000
1025 10861 95.000000
1026 10658 95.000000
160 182 94.000000
1089 10922 94.000000
1459 1481 94.000000
1068 10933 93.000000
113 135 92.000000
757 758 92.000000
1023 10788 92.000000
1039 10548 92.000000
1045 10522 92.000000
1127 1149 92.000000
1198 1220 92.000000
914 936 91.000000
1023 10568 91.000000
1025 10266 91.000000
1025 10805 91.000000
1214 1236 91.000000
1222 1244 91.000000
1002 10760 90.000000
1266 1288 90.000000
27 49 89.000000
770 771 89.000000
1018 10630 89.000000
1045 10679 89.000000
1411 1433 89.000000
433 455 88.000000
553 554 88.000000
1001 10070 88.000000
1025 10765 88.000000
565 566 87.000000
566 588 87.000000
1089 10933 87.000000
917 918 86.000000
1090 10900 86.000000
378 400 84.000000
1067 10775 84.000000
1067 10848 84.000000
1067 10902 84.000000
1067 10921 84.000000
814 815 83.000000
1046 10585 83.000000
1067 10703 83.000000
115 137 82.000000
473 495 82.000000
1018 10552 82.000000
1024 10587 82.000000
1024 10890 82.000000
1062 1084 82.000000
1067 10890 82.000000
1386 1387 82.000000
1386 1407 82.000000
1403 1404 82.000000
1404 1405 82.000000
1405 1406 82.000000
1406 1407 82.000000
1067 10745 81.000000
1088 10965 81.000000
1232 1253 81.000000
1250 1251 81.000000
1251 1252 81.000000
1252 1253 81.000000
457 479 80.000000
1001 10624 80.000000
1001 10725 80.000000
836 857 78.000000
853 854 78.000000
854 855 78.000000
855 856 78.000000
856 857 78.000000
903 904 77.000000
904 905 77.000000
905 906 77.000000
906 907 77.000000
907 908 77.000000
1232 1233 77.000000
1233 1234 77.000000
1234 1235 77.000000
269 291 76.000000
804 826 76.000000
1023 10624 76.000000
1136 1158 76.000000
1337 1338 76.000000
1018 10537 74.000000
1023 10522 74.000000
1023 10725 74.000000
1023 10738 74.000000
1046 10765 74.000000
1067 10816 74.000000
181 203 73.000000
1276 1277 73.000000
1276 1297 73.000000
1277 1278 73.000000
1278 1279 73.000000
1294 1295 73.000000
1295 1296 73.000000
1296 1297 73.000000
272 294 72.000000
1018 10579 72.000000
1023 10816 72.000000
1045 10725 72.000000
1045 10738 72.000000
136 158 71.000000
321 343 71.000000
572 573 71.000000
1170 1171 71.000000
1176 1198 71.000000
1306 1328 71.000000
1001 10565 70.000000
1063 10792 70.000000
1210 1211 70.000000
1211 1212 70.000000
1212 1213 70.000000
1321 1343 70.000000
200 222 69.000000
572 593 69.000000
588 589 69.000000
589 590 69.000000
590 591 69.000000
591 592 69.000000
592 593 69.000000
1066 1088 69.000000
1084 1106 69.000000
1243 1265 69.000000
1018 10611 68.000000
1023 10934 68.000000
478 500 67.000000
1023 10268 67.000000
1023 10380 67.000000
1023 10808 67.000000
1063 11000 67.000000
1410 1432 67.000000
728 729 66.000000
729 730 66.000000
730 731 66.000000
731 732 66.000000
732 733 66.000000
733 734 66.000000
1023 10603 66.000000
1023 10645 66.000000
1023 10726 66.000000
1023 10777 66.000000
1023 10810 66.000000
1023 10841 66.000000
1023 10877 66.000000
1045 10808 66.000000
1046 10604 66.000000
1046 10817 66.000000
1046 10861 66.000000
1067 10903 66.000000
1210 1231 66.000000
1228 1229 66.000000
1229 1230 66.000000
1230 1231 66.000000
1235 1236 66.000000
321 322 65.000000
322 323 65.000000
323 324 65.000000
324 325 65.000000
325 326 65.000000
431 453 65.000000
837 859 65.000000
1001 10522 65.000000
1088 10946 65.000000
1088 10949 65.000000
1088 10955 65.000000
1254 1255 65.000000
1254 1275 65.000000
1255 1256 65.000000
1256 1257 65.000000
1272 1273 65.000000
1273 1274 65.000000
1274 1275 65.000000
1546 1568 65.000000
1067 10934 64.000000
1284 1306 64.000000
1398 1420 64.000000
203 225 63.000000
958 980 63.000000
1019 10647 63.000000
1430 1451 63.000000
1447 1448 63.000000
1448 1449 63.000000
1449 1450 63.000000
1450 1451 63.000000
48 70 62.000000
117 139 62.000000
606 628 62.000000
1004 10975 62.000000
1045 10603 62.000000
1045 10877 62.000000
1264 1286 62.000000
1355 1377 62.000000
544 566 61.000000
576 577 61.000000
577 578 61.000000
578 579 61.000000
579 580 61.000000
580 581 61.000000
581 582 61.000000
1067 10825 61.000000
661 683 59.000000
909 931 58.000000
1025 10888 58.000000
69 91 57.000000
740 762 57.000000
1045 10777 57.000000
1045 10810 57.000000
1045 10841 57.000000
595 596 56.000000
596 597 56.000000
597 598 56.000000
598 599 56.000000
599 600 56.000000
600 601 56.000000
601 602 56.000000
602 603 56.000000
938 960 56.000000
1022 1044 56.000000
1023 10299 56.000000
1023 10903 56.000000
1045 10645 56.000000
714 715 55.000000
836 837 55.000000
1001 10539 55.000000
1004 10658 55.000000
1018 10341 55.000000
1018 10572 55.000000
1308 1330 55.000000
462 484 54.000000
1001 10298 54.000000
1023 10831 54.000000
1045 10587 54.000000
1063 10683 54.000000
1063 10885 54.000000
1088 10951 54.000000
1088 10969 54.000000
185 186 53.000000
186 187 53.000000
187 188 53.000000
188 189 53.000000
1263 1285 53.000000
1456 1478 53.000000
1481 1503 53.000000
1525 1547 53.000000
135 157 52.000000
1023 10298 52.000000
1045 10890 52.000000
1020 10355 51.000000
1345 1367 51.000000
573 595 50.000000
727 728 50.000000
1063 10833 50.000000
1023 10565 49.000000
1024 10825 49.000000
1062 10710 49.000000
423 445 48.000000
544 545 48.000000
1023 10539 48.000000
1063 10897 48.000000
1067 10738 48.000000
1067 10808 48.000000
765 787 47.000000
771 772 47.000000
772 773 47.000000
773 774 47.000000
774 775 47.000000
858 879 47.000000
859 860 47.000000
860 861 47.000000
861 862 47.000000
862 863 47.000000
863 864 47.000000
864 865 47.000000
874 875 47.000000
875 876 47.000000
876 877 47.000000
877 878 47.000000
878 879 47.000000
1001 10903 47.000000
1066 10664 47.000000
1066 10718 47.000000
1066 10965 47.000000
116 138 46.000000
387 409 46.000000
1044 10505 46.000000
1044 10506 46.000000
1044 10775 46.000000
1044 10848 46.000000
1044 10902 46.000000
1044 10921 46.000000
1298 1299 46.000000
1298 1319 46.000000
1315 1316 46.000000
1316 1317 46.000000
1317 1318 46.000000
1318 1319 46.000000
450 472 45.000000
472 494 45.000000
775 776 45.000000
776 777 45.000000
777 778 45.000000
896 918 45.000000
1003 1025 45.000000
1089 1111 45.000000
1271 1272 45.000000
1349 1371 45.000000
10 32 44.000000
206 228 44.000000
1044 10934 44.000000
356 378 43.000000
1044 10484 42.000000
1044 10783 42.000000
1155 1177 42.000000
1299 1300 42.000000
1526 1548 42.000000
749 750 41.000000
792 813 41.000000
809 810 41.000000
810 811 41.000000
811 812 41.000000
812 813 41.000000
822 844 41.000000
1310 1332 41.000000
539 561 40.000000
540 562 40.000000
1315 1337 40.000000
435 457 39.000000
520 542 39.000000
1039 10630 39.000000
1197 1219 39.000000
1309 1331 39.000000
1327 1349 39.000000
1460 1482 39.000000
119 120 38.000000
163 164 38.000000
164 165 38.000000
165 166 38.000000
166 167 38.000000
575 576 38.000000
1000 10568 38.000000
1066 10842 38.000000
1067 10725 38.000000
1338 1360 38.000000
1474 1495 38.000000
1486 1487 38.000000
1487 1488 38.000000
1488 1489 38.000000
1489 1490 38.000000
1490 1491 38.000000
1491 1492 38.000000
1492 1493 38.000000
1493 1494 38.000000
1494 1495 38.000000
603 604 37.000000
1045 10825 37.000000
1529 1530 37.000000
1018 10588 36.000000
488 510 35.000000
671 672 35.000000
672 673 35.000000
673 674 35.000000
674 696 35.000000
696 718 35.000000
866 888 35.000000
1044 10664 35.000000
1044 10718 35.000000
1044 10965 35.000000
1067 10877 35.000000
1113 1135 35.000000
1135 1157 35.000000
1395 1417 35.000000
221 222 34.000000
550 551 34.000000
550 571 34.000000
566 567 34.000000
567 568 34.000000
568 569 34.000000
569 570 34.000000
570 571 34.000000
735 736 34.000000
961 962 34.000000
1000 10788 34.000000
1067 10777 34.000000
1067 10810 34.000000
1067 10841 34.000000
1090 10941 34.000000
700 722 33.000000
1001 10299 33.000000
1044 10726 33.000000
1063 10919 33.000000
1271 1293 33.000000
366 388 32.000000
551 552 32.000000
552 553 32.000000
678 700 32.000000
892 914 32.000000
1019 10440 32.000000
1047 10631 32.000000
1144 1145 32.000000
1144 1165 32.000000
1145 1146 32.000000
1146 1147 32.000000
1147 1148 32.000000
1162 1163 32.000000
1163 1164 32.000000
1164 1165 32.000000
1249 1271 32.000000
522 544 31.000000
573 574 31.000000
574 575 31.000000
647 648 31.000000
1044 10539 31.000000
1044 10565 31.000000
1061 1062 31.000000
1148 1149 31.000000
1441 1463 31.000000
521 543 30.000000
1019 10210 30.000000
1321 1322 30.000000
1442 1464 30.000000
1547 1569 30.000000
639 640 29.000000
640 641 29.000000
641 642 29.000000
642 643 29.000000
643 644 29.000000
644 645 29.000000
645 646 29.000000
646 647 29.000000
1063 10706 29.000000
141 163 28.000000
648 649 28.000000
734 735 28.000000
894 916 28.000000
1019 10791 28.000000
1025 1047 28.000000
1066 10788 28.000000
1069 10805 28.000000
1257 1279 28.000000
1365 1387 28.000000
1409 1431 28.000000
561 583 27.000000
675 676 27.000000
676 677 27.000000
677 678 27.000000
785 807 27.000000
858 859 27.000000
1018 10353 27.000000
1018 10543 27.000000
1018 10978 27.000000
1415 1437 27.000000
142 143 26.000000
143 144 26.000000
144 145 26.000000
145 167 26.000000
184 206 26.000000
445 467 26.000000
902 923 26.000000
918 919 26.000000
919 920 26.000000
920 921 26.000000
921 922 26.000000
922 923 26.000000
1156 1178 26.000000
1268 1290 26.000000
326 348 25.000000
451 473 25.000000
713 714 25.000000
770 792 25.000000
1092 1114 25.000000
1110 1132 25.000000
273 274 24.000000
274 275 24.000000
275 276 24.000000
276 277 24.000000
277 278 24.000000
278 279 24.000000
279 280 24.000000
280 281 24.000000
281 282 24.000000
1000 10407 24.000000
1002 10670 24.000000
1004 10128 24.000000
1063 10671 24.000000
1063 10684 24.000000
1070 1092 24.000000
1193 1215 24.000000
11 1573 23.000000
391 413 23.000000
1040 10479 23.000000
1088 10903 23.000000
1177 1199 23.000000
1322 1323 23.000000
1344 1366 23.000000
1508 1530 23.000000
1069 1070 22.000000
1219 1241 22.000000
1419 1441 22.000000
268 290 21.000000
272 273 21.000000
390 412 21.000000
814 836 21.000000
873 895 21.000000
1019 1041 21.000000
1044 10831 21.000000
741 742 20.000000
742 743 20.000000
828 850 20.000000
1149 1171 20.000000
1366 1388 20.000000
477 499 19.000000
740 741 19.000000
753 775 19.000000
908 909 19.000000
1122 1123 19.000000
1122 1143 19.000000
1123 1124 19.000000
1124 1125 19.000000
1125 1126 19.000000
1140 1141 19.000000
1140 1162 19.000000
1141 1142 19.000000
1142 1143 19.000000
238 260 18.000000
683 684 18.000000
684 685 18.000000
685 686 18.000000
686 687 18.000000
687 688 18.000000
688 689 18.000000
689 690 18.000000
1084 10919 18.000000
389 411 17.000000
455 477 17.000000
748 749 17.000000
748 769 17.000000
766 767 17.000000
767 768 17.000000
768 769 17.000000
827 849 17.000000
925 926 17.000000
926 927 17.000000
927 928 17.000000
928 929 17.000000
929 930 17.000000
1041 11000 17.000000
425 447 16.000000
444 466 16.000000
565 587 16.000000
594 615 16.000000
609 610 16.000000
610 611 16.000000
611 612 16.000000
612 613 16.000000
613 614 16.000000
614 615 16.000000
728 750 16.000000
792 793 16.000000
1041 10833 16.000000
1159 1181 16.000000
1181 1203 16.000000
118 140 15.000000
756 757 15.000000
930 931 15.000000
1019 10264 15.000000
1019 10919 15.000000
1041 10792 15.000000
1044 10568 15.000000
1044 10575 15.000000
1044 10788 15.000000
1062 10771 15.000000
1133 1155 15.000000
286 308 14.000000
465 487 14.000000
594 595 14.000000
652 653 14.000000
953 975 14.000000
975 997 14.000000
1040 10647 14.000000
1353 1375 14.000000
133 134 13.000000
133 155 13.000000
134 135 13.000000
690 691 13.000000
765 766 13.000000
826 848 13.000000
843 844 13.000000
1041 10525 13.000000
1041 10897 13.000000
1285 1307 13.000000
369 391 12.000000
691 692 12.000000
1040 10437 12.000000
1040 10440 12.000000
1040 10636 12.000000
1241 1263 12.000000
1370 1392 12.000000
1388 1410 12.000000
229 230 11.000000
230 231 11.000000
231 232 11.000000
232 233 11.000000
233 234 11.000000
234 235 11.000000
235 236 11.000000
236 237 11.000000
237 238 11.000000
347 348 11.000000
763 785 11.000000
1041 10538 11.000000
1041 10706 11.000000
1047 1069 11.000000
1228 1250 11.000000
1235 1257 11.000000
224 246 10.000000
246 268 10.000000
656 678 10.000000
787 809 10.000000
880 901 10.000000
896 897 10.000000
897 898 10.000000
898 899 10.000000
899 900 10.000000
900 901 10.000000
1019 10284 10.000000
1019 10289 10.000000
1019 10320 10.000000
1019 10338 10.000000
1019 10479 10.000000
1019 10683 10.000000
1019 10885 10.000000
1134 1156 10.000000
1272 1294 10.000000
1371 1393 10.000000
499 521 9.000000
631 632 9.000000
632 633 9.000000
633 634 9.000000
653 654 9.000000
654 655 9.000000
655 656 9.000000
843 865 9.000000
1088 10902 9.000000
1088 10921 9.000000
1088 10934 9.000000
1180 1202 9.000000
1267 1289 9.000000
264 265 8.000000
264 285 8.000000
282 283 8.000000
283 284 8.000000
284 285 8.000000
880 881 8.000000
1041 10551 8.000000
1041 10671 8.000000
1041 10684 8.000000
1085 11000 8.000000
1307 1329 8.000000
1372 1394 8.000000
308 330 7.000000
381 403 7.000000
660 661 7.000000
829 851 7.000000
946 967 7.000000
962 963 7.000000
963 964 7.000000
964 965 7.000000
965 966 7.000000
966 967 7.000000
1158 1180 7.000000
1224 1246 7.000000
1279 1301 7.000000
1300 1301 7.000000
1322 1344 7.000000
47 48 6.000000
47 69 6.000000
137 159 6.000000
159 181 6.000000
178 200 6.000000
205 227 6.000000
220 221 6.000000
220 241 6.000000
238 239 6.000000
239 240 6.000000
240 241 6.000000
291 313 6.000000
551 573 6.000000
736 737 6.000000
737 738 6.000000
738 739 6.000000
739 740 6.000000
786 808 6.000000
910 932 6.000000
1002 1024 6.000000
1329 1351 6.000000
1437 1459 6.000000
1457 1479 6.000000
177 178 5.000000
399 421 5.000000
421 443 5.000000
517 539 5.000000
616 617 5.000000
616 637 5.000000
634 635 5.000000
635 636 5.000000
636 637 5.000000
639 661 5.000000
660 681 5.000000
678 679 5.000000
679 680 5.000000
680 681 5.000000
1040 10545 5.000000
1040 10710 5.000000
1040 10771 5.000000
1047 10805 5.000000
1126 1127 5.000000
1223 1245 5.000000
1313 1335 5.000000
1343 1365 5.000000
1551 1573 5.000000
3 4 4.000000
161 183 4.000000
250 251 4.000000
251 252 4.000000
252 253 4.000000
253 254 4.000000
254 255 4.000000
255 256 4.000000
256 257 4.000000
257 258 4.000000
258 259 4.000000
259 260 4.000000
495 517 4.000000
506 528 4.000000
529 551 4.000000
634 656 4.000000
704 725 4.000000
722 723 4.000000
723 724 4.000000
724 725 4.000000
741 763 4.000000
764 786 4.000000
946 968 4.000000
968 989 4.000000
984 985 4.000000
985 986 4.000000
986 987 4.000000
987 988 4.000000
988 989 4.000000
1153 1175 4.000000
1166 1167 4.000000
1166 1187 4.000000
1167 1168 4.000000
1168 1169 4.000000
1169 1170 4.000000
1184 1185 4.000000
1184 1206 4.000000
1185 1186 4.000000
1186 1187 4.000000
1210 1232 4.000000
1299 1321 4.000000
1391 1413 4.000000
1478 1500 4.000000
2 3 3.000000
177 199 3.000000
385 407 3.000000
638 639 3.000000
638 659 3.000000
656 657 3.000000
657 658 3.000000
658 659 3.000000
704 705 3.000000
719 741 3.000000
784 806 3.000000
815 837 3.000000
937 959 3.000000
959 981 3.000000
1090 1112 3.000000
1226 1248 3.000000
1328 1350 3.000000
1 2 2.000000
1 1563 2.000000
294 295 2.000000
295 296 2.000000
296 297 2.000000
297 298 2.000000
298 299 2.000000
299 300 2.000000
300 301 2.000000
301 302 2.000000
302 303 2.000000
303 304 2.000000
434 456 2.000000
572 594 2.000000
617 639 2.000000
660 682 2.000000
727 749 2.000000
793 815 2.000000
858 880 2.000000
930 952 2.000000
1018 10226 2.000000
1018 10285 2.000000
1069 10892 2.000000
1083 1105 2.000000
1239 1261 2.000000
1261 1283 2.000000
1369 1391 2.000000
1377 1399 2.000000
1541 1563 2.000000
154 155 1.000000
154 175 1.000000
167 168 1.000000
168 169 1.000000
169 170 1.000000
170 171 1.000000
171 172 1.000000
172 173 1.000000
173 174 1.000000
174 175 1.000000
189 190 1.000000
190 191 1.000000
191 192 1.000000
192 193 1.000000
193 194 1.000000
194 216 1.000000
216 238 1.000000
401 423 1.000000
682 704 1.000000
682 703 1.000000
700 701 1.000000
701 702 1.000000
702 703 1.000000
749 771 1.000000
782 804 1.000000
805 827 1.000000
872 894 1.000000
881 882 1.000000
882 883 1.000000
883 884 1.000000
884 885 1.000000
885 886 1.000000
886 887 1.000000
902 924 1.000000
924 945 1.000000
940 941 1.000000
941 942 1.000000
942 943 1.000000
943 944 1.000000
944 945 1.000000
952 974 1.000000
960 982 1.000000
1018 1040 1.000000
1091 1092 1.000000
1148 1170 1.000000
1240 1262 1.000000
1262 1284 1.000000
1350 1372 1.000000
1356 1378 1.000000
1412 1434 1.000000
1434 1456 1.000000
1542 1564 1.000000
1543 1565 1.000000
