406 407 17019.000000
407 408 17019.000000
408 409 17019.000000
409 410 16940.000000
1334 1335 15374.000000
405 406 13572.000000
10 11 11937.000000
1399 1400 11811.000000
8 9 11448.000000
1202 1203 11298.000000
384 385 10927.000000
385 386 10927.000000
386 387 10927.000000
387 388 10927.000000
7 8 10744.000000
1378 1379 10617.000000
1421 1422 10422.000000
1377 1378 10300.000000
1335 1336 9876.000000
410 411 9750.000000
1376 1377 9693.000000
428 429 9224.000000
429 430 9224.000000
430 431 9224.000000
11 12 9144.000000
363 364 9130.000000
364 365 9130.000000
365 366 9130.000000
1246 1247 9023.000000
1420 1421 8870.000000
1333 1334 8859.000000
1443 1444 8765.000000
1422 1423 8735.000000
1201 1202 8716.000000
12 13 8630.000000
229 230 8616.000000
383 384 8558.000000
366 367 8527.000000
411 412 8516.000000
1203 1204 8458.000000
1375 1376 8253.000000
1247 1248 8204.000000
362 363 8111.000000
1044 1045 7866.000000
1045 1046 7866.000000
1180 1181 7733.000000
1419 1420 7456.000000
1356 1357 7394.000000
1398 1399 7348.000000
1158 1159 7263.000000
1416 1417 7079.000000
1159 1160 7068.000000
1414 1415 6941.000000
427 428 6940.000000
272 273 6931.000000
1442 1443 6883.000000
1441 1442 6867.000000
1415 1416 6837.000000
1223 1224 6806.000000
1418 1419 6757.000000
1113 1114 6705.000000
1417 1418 6671.000000
1110 1111 6646.000000
1111 1112 6646.000000
1245 1246 6555.000000
1397 1398 6470.000000
1332 1333 6449.000000
31 32 6352.000000
250 251 6336.000000
1179 1180 6316.000000
273 274 6281.000000
1395 1396 6271.000000
519 520 6193.000000
1394 1395 6150.000000
1396 1397 6149.000000
1114 1115 6142.000000
1400 1401 6088.000000
1224 1225 6064.000000
1200 1201 6050.000000
1178 1179 5986.000000
1440 1441 5914.000000
1046 1047 5744.000000
1392 1393 5692.000000
1393 1394 5692.000000
1244 1245 5630.000000
1023 1024 5610.000000
1024 1025 5610.000000
316 317 5543.000000
361 362 5526.000000
1465 1466 5488.000000
1043 1044 5467.000000
388 389 5396.000000
1022 1023 5335.000000
1355 1356 5259.000000
1066 1067 5221.000000
1067 1068 5221.000000
1068 1069 5221.000000
1413 1414 5163.000000
1112 1113 5148.000000
1248 1249 5130.000000
1464 1465 5113.000000
1157 1158 5018.000000
1042 1043 4998.000000
1268 1269 4983.000000
1458 1459 4946.000000
1331 1332 4937.000000
1460 1461 4913.000000
412 413 4902.000000
1436 1437 4885.000000
585 586 4873.000000
1461 1462 4788.000000
1437 1438 4750.000000
1222 1223 4691.000000
426 427 4686.000000
450 451 4667.000000
451 452 4667.000000
452 453 4667.000000
431 432 4644.000000
97 98 4638.000000
1438 1439 4638.000000
1354 1355 4584.000000
1267 1268 4565.000000
294 295 4554.000000
141 142 4518.000000
382 383 4442.000000
520 521 4442.000000
1109 1110 4434.000000
140 141 4394.000000
1569 1570 4376.000000
1070 1071 4305.000000
1115 1116 4296.000000
1509 1510 4296.000000
1439 1440 4286.000000
1459 1460 4281.000000
432 433 4248.000000
1463 1464 4224.000000
1462 1463 4205.000000
1570 1571 4114.000000
454 455 4101.000000
1525 1526 4059.000000
1000 1001 4044.000000
1001 1002 4044.000000
1002 1003 4044.000000
1026 1027 3960.000000
1457 1458 3957.000000
453 454 3910.000000
1526 1527 3877.000000
96 97 3800.000000
1204 1205 3749.000000
1181 1182 3670.000000
1353 1354 3664.000000
1069 1070 3643.000000
1391 1392 3621.000000
1217 1218 3593.000000
1218 1219 3593.000000
1219 1220 3593.000000
1220 1221 3593.000000
389 390 3560.000000
75 76 3541.000000
979 980 3490.000000
980 981 3490.000000
1047 1048 3486.000000
1335 1357 3482.000000
1336 1337 3481.000000
1486 1487 3464.000000
1088 1089 3446.000000
1089 1090 3446.000000
404 405 3433.000000
360 361 3396.000000
1527 1528 3379.000000
1091 1092 3377.000000
182 183 3356.000000
1485 1486 3349.000000
521 522 3339.000000
493 494 3330.000000
494 495 3330.000000
495 496 3330.000000
496 497 3330.000000
1266 1267 3302.000000
1265 1266 3288.000000
1290 1291 3279.000000
1269 1270 3274.000000
338 339 3234.000000
498 499 3227.000000
455 456 3186.000000
1289 1290 3163.000000
1374 1375 3151.000000
873 874 3133.000000
317 339 3125.000000
139 140 3120.000000
449 450 3116.000000
1065 1066 3116.000000
1484 1485 3100.000000
1136 1137 3073.000000
456 457 3071.000000
117 118 3048.000000
497 498 3008.000000
1174 1175 2999.000000
1175 1176 2999.000000
1176 1177 2999.000000
1021 1022 2978.000000
1137 1138 2973.000000
161 162 2960.000000
1482 1483 2949.000000
1487 1488 2939.000000
249 250 2903.000000
1507 1508 2901.000000
183 184 2887.000000
116 117 2885.000000
1205 1206 2885.000000
1025 1026 2867.000000
1087 1088 2863.000000
1508 1509 2863.000000
1435 1436 2861.000000
160 161 2841.000000
230 231 2832.000000
367 368 2803.000000
981 982 2794.000000
1135 1136 2768.000000
1086 1087 2763.000000
315 316 2761.000000
1108 1109 2750.000000
1481 1482 2739.000000
317 318 2709.000000
1196 1197 2694.000000
1197 1198 2694.000000
1198 1199 2694.000000
1483 1484 2672.000000
95 96 2649.000000
829 830 2636.000000
413 414 2609.000000
1116 1117 2586.000000
1309 1310 2566.000000
54 55 2546.000000
1199 1200 2546.000000
1312 1313 2489.000000
1270 1271 2485.000000
1226 1227 2467.000000
184 185 2451.000000
1571 1572 2409.000000
1249 1250 2399.000000
1134 1135 2386.000000
295 296 2378.000000
808 809 2371.000000
247 248 2368.000000
248 249 2368.000000
1177 1178 2366.000000
74 75 2363.000000
1529 1530 2352.000000
293 294 2333.000000
29 30 2327.000000
826 827 2317.000000
827 828 2317.000000
828 829 2317.000000
1530 1531 2317.000000
1131 1132 2290.000000
1132 1133 2290.000000
1133 1134 2290.000000
339 340 2289.000000
1225 1226 2284.000000
978 979 2283.000000
469 470 2281.000000
433 434 2278.000000
1528 1529 2268.000000
118 119 2264.000000
471 472 2252.000000
472 473 2252.000000
473 474 2252.000000
474 475 2252.000000
1221 1222 2209.000000
1291 1292 2207.000000
425 426 2202.000000
1090 1091 2201.000000
1310 1311 2201.000000
957 958 2196.000000
958 959 2196.000000
207 208 2192.000000
1288 1289 2185.000000
162 163 2159.000000
185 186 2156.000000
403 404 2131.000000
381 382 2127.000000
228 229 2124.000000
10 10190 2122.000000
499 500 2111.000000
1506 1507 2103.000000
977 978 2089.000000
138 139 2085.000000
251 252 2083.000000
273 295 2075.000000
1003 1004 2040.000000
1048 1049 2040.000000
805 806 2037.000000
806 807 2037.000000
1352 1353 2030.000000
1466 1467 2030.000000
181 182 2028.000000
53 54 1995.000000
807 808 1987.000000
470 471 1976.000000
447 448 1973.000000
414 415 1967.000000
956 957 1963.000000
246 247 1948.000000
541 542 1931.000000
1116 1138 1931.000000
448 449 1922.000000
434 435 1913.000000
1572 1573 1910.000000
1379 1401 1907.000000
1004 1005 1902.000000
468 469 1890.000000
1351 1352 1878.000000
13 14 1871.000000
1311 1312 1853.000000
119 120 1846.000000
982 983 1824.000000
1160 1161 1805.000000
1379 1380 1805.000000
30 31 1801.000000
1348 1349 1799.000000
1349 1350 1799.000000
1350 1351 1799.000000
1548 1549 1793.000000
76 77 1781.000000
895 896 1775.000000
1549 1550 1764.000000
206 207 1757.000000
1501 1502 1739.000000
1502 1503 1739.000000
1261 1262 1734.000000
1262 1263 1734.000000
1263 1264 1734.000000
872 873 1727.000000
1264 1265 1723.000000
142 143 1713.000000
1159 1181 1708.000000
1092 1093 1705.000000
360 382 1697.000000
1240 1241 1674.000000
1241 1242 1674.000000
1242 1243 1674.000000
73 74 1671.000000
1195 1196 1670.000000
1504 1505 1636.000000
391 392 1631.000000
500 501 1631.000000
983 984 1628.000000
72 73 1626.000000
390 391 1625.000000
1071 1072 1615.000000
10 10979 1601.000000
10 10446 1588.000000
1347 1348 1588.000000
1505 1506 1584.000000
1291 1313 1578.000000
424 425 1567.000000
475 476 1561.000000
163 164 1556.000000
1027 1028 1542.000000
1173 1174 1530.000000
1357 1358 1524.000000
476 477 1521.000000
225 226 1516.000000
226 227 1516.000000
1005 1006 1507.000000
274 275 1500.000000
55 56 1492.000000
392 393 1489.000000
586 608 1466.000000
542 543 1464.000000
230 252 1433.000000
1308 1309 1429.000000
869 870 1422.000000
870 871 1422.000000
871 872 1422.000000
477 478 1421.000000
186 208 1415.000000
413 435 1412.000000
1369 1370 1401.000000
1370 1371 1392.000000
1371 1372 1390.000000
98 99 1389.000000
851 852 1381.000000
761 762 1378.000000
762 763 1378.000000
763 764 1378.000000
1401 1402 1370.000000
935 936 1358.000000
936 937 1358.000000
227 228 1357.000000
606 607 1357.000000
77 78 1351.000000
961 962 1348.000000
955 956 1343.000000
1372 1373 1343.000000
159 160 1340.000000
1239 1240 1327.000000
368 390 1316.000000
852 853 1310.000000
607 608 1307.000000
764 765 1302.000000
1305 1306 1290.000000
1306 1307 1290.000000
1307 1308 1290.000000
94 95 1283.000000
1573 1574 1278.000000
1156 1157 1275.000000
960 961 1274.000000
937 938 1268.000000
164 165 1267.000000
830 831 1263.000000
897 898 1256.000000
1373 1374 1250.000000
1064 1065 1244.000000
896 897 1238.000000
563 564 1230.000000
1153 1154 1218.000000
1154 1155 1218.000000
1155 1156 1218.000000
1304 1305 1210.000000
318 319 1202.000000
479 480 1179.000000
501 502 1167.000000
962 963 1164.000000
367 389 1162.000000
1243 1244 1156.000000
458 459 1145.000000
435 436 1144.000000
274 296 1137.000000
874 875 1133.000000
868 869 1132.000000
892 893 1131.000000
893 894 1131.000000
765 766 1123.000000
1479 1480 1111.000000
1480 1481 1111.000000
141 163 1100.000000
457 458 1099.000000
1227 1228 1096.000000
917 918 1095.000000
1313 1314 1091.000000
913 914 1068.000000
914 915 1068.000000
915 916 1068.000000
1337 1338 1065.000000
1338 1339 1065.000000
1339 1340 1065.000000
339 361 1058.000000
446 447 1058.000000
809 810 1050.000000
502 503 1043.000000
1130 1131 1037.000000
848 849 1029.000000
849 850 1029.000000
850 851 1025.000000
1500 1501 1020.000000
984 985 1009.000000
1160 1182 1004.000000
52 53 1002.000000
959 960 997.000000
1047 10811 991.000000
316 338 990.000000
916 917 989.000000
912 913 984.000000
33 34 974.000000
308 329 973.000000
545 546 972.000000
934 935 970.000000
28 29 969.000000
853 854 969.000000
564 565 967.000000
56 57 964.000000
361 383 963.000000
32 33 955.000000
1422 1444 948.000000
1152 1153 946.000000
1412 1413 941.000000
203 204 939.000000
1456 1457 939.000000
918 919 931.000000
411 433 923.000000
308 309 922.000000
309 310 922.000000
310 311 922.000000
311 312 922.000000
312 313 922.000000
313 314 922.000000
314 315 922.000000
831 832 922.000000
415 416 904.000000
204 205 892.000000
205 206 892.000000
1026 10280 888.000000
1503 1504 884.000000
480 481 877.000000
1205 1227 874.000000
440 441 870.000000
440 461 870.000000
441 442 870.000000
442 443 870.000000
443 444 870.000000
444 445 870.000000
445 446 870.000000
460 461 870.000000
208 209 866.000000
1503 1525 859.000000
453 475 847.000000
286 287 846.000000
287 288 846.000000
288 289 846.000000
1574 1575 839.000000
894 895 838.000000
1550 1551 838.000000
1330 1331 835.000000
1248 1270 830.000000
10 10040 818.000000
608 609 816.000000
542 564 815.000000
854 855 810.000000
1283 1284 806.000000
1284 1285 806.000000
1287 1288 799.000000
286 307 795.000000
498 520 794.000000
289 290 792.000000
1285 1286 790.000000
766 767 783.000000
767 768 783.000000
1048 10585 777.000000
478 479 771.000000
939 940 766.000000
522 523 761.000000
891 892 758.000000
1216 1217 748.000000
1390 1391 748.000000
1003 10476 746.000000
368 369 745.000000
875 876 740.000000
1303 1304 739.000000
337 338 724.000000
1314 1315 720.000000
369 370 718.000000
1552 1553 717.000000
523 524 716.000000
1551 1552 713.000000
513 514 706.000000
514 515 706.000000
515 516 706.000000
516 517 706.000000
517 518 706.000000
518 519 706.000000
825 826 703.000000
491 492 700.000000
492 493 700.000000
544 545 698.000000
184 206 696.000000
1115 1137 696.000000
290 291 692.000000
291 292 692.000000
292 293 692.000000
787 788 692.000000
566 567 689.000000
1003 10055 688.000000
1553 1554 688.000000
436 437 684.000000
1327 1328 684.000000
1328 1329 683.000000
1250 1251 682.000000
1251 1252 682.000000
381 403 673.000000
338 360 672.000000
459 460 672.000000
34 35 670.000000
847 848 670.000000
1478 1479 668.000000
543 544 665.000000
565 566 662.000000
352 353 658.000000
352 373 658.000000
353 354 658.000000
354 355 658.000000
355 356 658.000000
356 357 658.000000
357 358 658.000000
358 359 658.000000
1329 1330 658.000000
1547 1548 658.000000
272 294 650.000000
359 360 635.000000
911 912 630.000000
1206 1228 630.000000
186 187 629.000000
1359 1360 629.000000
1360 1361 629.000000
1391 1413 629.000000
546 547 628.000000
1402 1403 627.000000
1403 1404 627.000000
1404 1405 627.000000
1228 1229 624.000000
1203 1225 622.000000
938 939 620.000000
1292 1293 617.000000
271 272 615.000000
410 432 614.000000
250 272 603.000000
366 388 603.000000
371 372 603.000000
120 121 596.000000
1346 1347 595.000000
306 307 593.000000
370 371 593.000000
1021 10341 593.000000
269 270 590.000000
270 271 590.000000
890 891 589.000000
1543 1544 585.000000
832 833 582.000000
319 320 580.000000
320 321 580.000000
321 322 580.000000
322 323 580.000000
1358 1359 576.000000
340 341 574.000000
341 342 574.000000
342 343 574.000000
343 344 574.000000
344 345 574.000000
846 847 571.000000
1544 1545 564.000000
1004 10429 558.000000
143 144 557.000000
459 481 556.000000
252 274 545.000000
588 589 545.000000
1340 1341 545.000000
490 491 544.000000
1208 1209 537.000000
1545 1546 536.000000
567 568 525.000000
940 941 525.000000
1049 10805 525.000000
374 375 520.000000
374 395 520.000000
375 376 520.000000
376 377 520.000000
377 378 520.000000
378 379 520.000000
379 380 520.000000
380 381 520.000000
394 395 520.000000
446 468 517.000000
1249 1271 517.000000
718 719 509.000000
719 720 509.000000
1546 1547 509.000000
1466 1488 507.000000
1459 1481 499.000000
1206 1207 498.000000
1207 1208 498.000000
268 269 497.000000
330 331 494.000000
330 351 494.000000
331 332 494.000000
332 333 494.000000
333 334 494.000000
334 335 494.000000
335 336 494.000000
788 789 491.000000
1003 10225 480.000000
10 10563 479.000000
1026 10270 478.000000
10 10393 476.000000
824 825 476.000000
1434 1435 473.000000
51 52 472.000000
10 10925 467.000000
1003 10361 466.000000
609 610 464.000000
610 611 464.000000
1086 1108 453.000000
412 434 449.000000
587 588 449.000000
1004 10745 446.000000
264 285 445.000000
589 590 444.000000
1047 10745 444.000000
1531 1532 438.000000
166 167 437.000000
167 168 437.000000
168 169 437.000000
224 225 436.000000
1044 10628 434.000000
425 447 433.000000
1204 1226 428.000000
10 10260 419.000000
535 536 419.000000
536 537 419.000000
537 538 419.000000
538 539 419.000000
539 540 419.000000
540 541 419.000000
10 10713 418.000000
1286 1308 418.000000
295 317 416.000000
10 10499 413.000000
10 10487 409.000000
418 419 408.000000
418 439 408.000000
419 420 408.000000
420 421 408.000000
421 422 408.000000
422 423 408.000000
423 424 408.000000
438 439 408.000000
1048 10587 408.000000
10 10544 407.000000
264 265 407.000000
265 266 407.000000
266 267 407.000000
267 268 407.000000
10 10935 406.000000
720 721 400.000000
765 787 400.000000
350 351 397.000000
1352 1374 396.000000
10 10680 391.000000
202 203 390.000000
898 899 385.000000
1006 10569 384.000000
10 10941 383.000000
1286 1287 383.000000
998 999 381.000000
1368 1369 378.000000
10 10283 377.000000
1042 10549 377.000000
1042 10773 377.000000
1364 1365 377.000000
1364 1385 377.000000
1365 1366 377.000000
1366 1367 377.000000
1367 1368 377.000000
10 10964 376.000000
228 250 375.000000
447 469 373.000000
1042 10422 373.000000
1384 1385 373.000000
10 10781 370.000000
1071 10900 367.000000
499 521 366.000000
778 779 361.000000
779 780 361.000000
296 318 360.000000
251 273 359.000000
323 324 359.000000
10 10305 357.000000
163 185 357.000000
873 895 357.000000
10 10677 356.000000
336 337 356.000000
1293 1294 356.000000
1028 10732 353.000000
10 10542 350.000000
1003 10624 350.000000
1042 10562 349.000000
1049 1050 345.000000
766 788 344.000000
1026 1048 344.000000
116 138 343.000000
810 811 342.000000
324 325 339.000000
325 326 339.000000
326 327 339.000000
327 328 339.000000
1004 10138 339.000000
1326 1327 339.000000
187 188 337.000000
74 96 335.000000
456 478 333.000000
1043 10710 331.000000
75 97 328.000000
933 934 324.000000
1000 10038 324.000000
1510 1511 321.000000
804 805 317.000000
809 831 317.000000
10 10412 316.000000
1405 1406 315.000000
1004 10670 314.000000
1003 10842 313.000000
1021 10543 313.000000
1071 1093 313.000000
13 1575 310.000000
455 477 309.000000
524 525 309.000000
10 10922 308.000000
586 587 308.000000
512 513 307.000000
1065 10741 307.000000
1378 1400 307.000000
506 507 306.000000
506 527 306.000000
507 508 306.000000
508 509 306.000000
509 510 306.000000
525 526 306.000000
526 527 306.000000
1069 10946 304.000000
510 511 303.000000
1229 1230 301.000000
383 405 300.000000
1282 1283 300.000000
158 159 296.000000
829 851 293.000000
393 394 292.000000
1380 1381 290.000000
31 53 289.000000
1021 10579 289.000000
1021 10588 289.000000
424 446 286.000000
426 448 286.000000
500 522 285.000000
811 812 285.000000
1022 10297 285.000000
1003 10268 284.000000
1022 10807 283.000000
1025 1047 283.000000
479 501 280.000000
546 568 280.000000
1201 1223 279.000000
1271 1272 279.000000
10 10469 278.000000
1238 1239 278.000000
534 535 277.000000
477 499 276.000000
1003 10640 275.000000
1023 10628 275.000000
206 228 272.000000
402 403 271.000000
1022 10791 271.000000
521 543 269.000000
1021 10353 268.000000
1021 10978 268.000000
1086 10962 267.000000
1026 10399 265.000000
1173 1195 263.000000
1392 1414 262.000000
180 181 260.000000
227 249 259.000000
1042 10507 259.000000
396 397 258.000000
396 417 258.000000
397 398 258.000000
398 399 258.000000
399 400 258.000000
400 401 258.000000
401 402 258.000000
416 417 258.000000
1047 10949 258.000000
1065 10757 257.000000
1401 1423 257.000000
1292 1314 253.000000
1357 1379 253.000000
1325 1326 252.000000
1047 10902 251.000000
1047 10951 251.000000
1003 10167 250.000000
1025 10386 250.000000
1071 10744 250.000000
919 920 249.000000
1003 10788 247.000000
1042 10854 247.000000
1042 10945 247.000000
1044 10684 246.000000
1003 10179 245.000000
1003 10250 245.000000
1003 10664 245.000000
1003 10718 245.000000
1003 10965 245.000000
433 455 243.000000
1048 10670 241.000000
415 437 240.000000
10 10421 239.000000
1294 1295 239.000000
1295 1296 239.000000
786 787 238.000000
1021 10537 238.000000
1184 1185 238.000000
1381 1382 238.000000
1382 1383 238.000000
1383 1384 238.000000
1047 10969 237.000000
1003 10575 236.000000
1021 10572 236.000000
867 868 234.000000
1021 10547 234.000000
345 346 232.000000
349 350 232.000000
941 942 230.000000
1006 10128 230.000000
1027 10419 230.000000
1027 10445 230.000000
1027 10604 230.000000
650 651 229.000000
1044 10706 228.000000
1047 10946 228.000000
1182 1183 226.000000
1183 1184 226.000000
774 775 225.000000
775 776 225.000000
776 777 225.000000
777 778 225.000000
1064 10648 225.000000
1272 1273 225.000000
1273 1274 225.000000
1444 1445 225.000000
1064 10768 224.000000
140 162 222.000000
1003 10848 222.000000
1003 10921 222.000000
323 345 221.000000
1043 10636 221.000000
346 347 220.000000
347 348 220.000000
348 349 220.000000
53 75 218.000000
1091 10955 218.000000
10 32 217.000000
121 122 217.000000
1005 10892 217.000000
1547 1569 217.000000
1043 10547 216.000000
1161 1162 216.000000
1027 1049 215.000000
1044 10551 215.000000
1044 10671 215.000000
1521 1522 215.000000
1522 1523 215.000000
1523 1524 215.000000
1003 10450 214.000000
1003 10505 214.000000
1003 10506 214.000000
1003 10783 214.000000
1482 1504 214.000000
1528 1550 213.000000
1022 10440 212.000000
1524 1525 211.000000
229 251 210.000000
810 832 210.000000
207 229 209.000000
307 329 209.000000
1004 10679 209.000000
1026 10703 209.000000
1129 1130 208.000000
1462 1484 208.000000
462 463 207.000000
462 483 207.000000
463 464 207.000000
464 465 207.000000
465 466 207.000000
466 467 207.000000
467 468 207.000000
481 482 207.000000
482 483 207.000000
739 740 204.000000
740 741 204.000000
741 742 204.000000
1114 1136 204.000000
1386 1387 204.000000
1386 1407 204.000000
1387 1388 204.000000
1388 1389 204.000000
1406 1407 204.000000
1026 10357 202.000000
1157 1179 202.000000
1027 10670 201.000000
1003 10775 200.000000
1027 10395 200.000000
1430 1431 200.000000
1430 1451 200.000000
1431 1432 200.000000
1432 1433 200.000000
1450 1451 200.000000
716 717 199.000000
1004 10738 199.000000
497 519 198.000000
1252 1274 198.000000
1093 10971 197.000000
1004 10760 194.000000
1042 10480 194.000000
165 166 193.000000
822 823 193.000000
823 824 193.000000
54 76 192.000000
1000 10338 192.000000
1000 10885 191.000000
1005 10765 189.000000
1048 10839 189.000000
159 181 186.000000
1048 10719 185.000000
10 10796 184.000000
1026 10816 183.000000
1047 10788 183.000000
435 457 182.000000
1025 10484 182.000000
1044 10538 182.000000
1044 10897 182.000000
1028 10631 181.000000
1047 10664 181.000000
1066 10683 181.000000
1000 10320 180.000000
1047 10718 180.000000
1047 10965 180.000000
1004 10645 179.000000
1026 10704 179.000000
50 51 178.000000
803 804 178.000000
1066 10919 178.000000
187 209 177.000000
1043 10771 177.000000
1042 10570 176.000000
1047 10575 176.000000
1049 10567 176.000000
1092 10922 176.000000
1022 10479 175.000000
1433 1434 175.000000
1004 10825 174.000000
1006 10145 173.000000
1022 10289 173.000000
1006 10658 172.000000
1044 10525 172.000000
1044 10792 172.000000
1044 11000 172.000000
1003 10407 171.000000
1314 1336 171.000000
792 813 170.000000
812 813 170.000000
1022 10284 170.000000
503 525 169.000000
629 630 169.000000
1071 10859 167.000000
1071 10935 166.000000
328 350 165.000000
792 793 165.000000
793 794 165.000000
794 795 165.000000
1000 10278 165.000000
1004 10522 165.000000
1069 10842 165.000000
1377 1399 165.000000
359 381 164.000000
1026 10331 163.000000
1026 10726 163.000000
100 101 162.000000
1027 10457 162.000000
1043 10437 162.000000
1223 1245 162.000000
438 460 161.000000
1162 1163 160.000000
1163 1164 160.000000
628 629 157.000000
1200 1222 157.000000
1000 10075 156.000000
294 316 154.000000
328 329 154.000000
478 500 154.000000
1044 10833 154.000000
1311 1333 154.000000
252 253 153.000000
457 479 153.000000
1022 10425 153.000000
1424 1425 151.000000
1425 1426 151.000000
1426 1427 151.000000
1427 1428 151.000000
1027 10585 150.000000
1028 10916 148.000000
1199 1221 148.000000
760 761 147.000000
1004 10777 146.000000
1004 10810 146.000000
1006 10916 146.000000
1026 10539 146.000000
1042 10688 146.000000
1070 10890 146.000000
1004 10104 144.000000
963 964 143.000000
1000 10198 143.000000
1021 10611 143.000000
1042 10962 143.000000
1092 10935 143.000000
717 718 141.000000
1003 10522 141.000000
1049 10928 140.000000
1050 10569 140.000000
1042 10548 137.000000
1071 10781 137.000000
1526 1548 137.000000
1006 10975 136.000000
1069 1091 136.000000
1202 1224 136.000000
1043 10814 135.000000
1549 1571 135.000000
242 243 134.000000
243 244 134.000000
244 245 134.000000
1004 10206 134.000000
370 392 133.000000
1026 10890 133.000000
1438 1460 133.000000
1028 10928 132.000000
1445 1446 132.000000
1446 1447 132.000000
1447 1448 132.000000
1448 1449 132.000000
1449 1450 132.000000
137 138 131.000000
1048 10890 131.000000
1418 1440 131.000000
144 145 130.000000
145 146 130.000000
146 147 130.000000
147 148 130.000000
351 373 130.000000
781 782 130.000000
1027 10817 130.000000
1027 10861 130.000000
1027 10888 130.000000
437 438 129.000000
1004 10233 129.000000
1000 10706 128.000000
1071 10933 128.000000
484 485 127.000000
484 505 127.000000
485 486 127.000000
486 487 127.000000
487 488 127.000000
503 504 127.000000
504 505 127.000000
1004 10704 127.000000
1000 10065 126.000000
1022 10482 126.000000
138 160 125.000000
1027 10765 125.000000
488 489 124.000000
489 490 124.000000
524 546 124.000000
1000 10628 124.000000
1048 10933 124.000000
1072 10758 124.000000
1042 10655 123.000000
1042 10884 123.000000
1000 10919 122.000000
1005 10817 122.000000
796 797 121.000000
797 798 121.000000
798 799 121.000000
799 800 121.000000
1000 1022 121.000000
1000 10683 121.000000
1005 10861 121.000000
1005 10888 121.000000
1320 1321 120.000000
1320 1341 120.000000
1321 1322 120.000000
1322 1323 120.000000
1323 1324 120.000000
73 95 118.000000
800 801 118.000000
801 802 118.000000
1188 1189 117.000000
1188 1209 117.000000
1189 1190 117.000000
1190 1191 117.000000
1191 1192 117.000000
1192 1193 117.000000
1193 1194 117.000000
1293 1315 117.000000
100 10345 116.000000
894 916 116.000000
721 722 115.000000
722 723 115.000000
723 724 115.000000
1000 10010 115.000000
1000 10538 114.000000
1000 10897 114.000000
1194 1195 114.000000
1485 1507 114.000000
1000 10264 113.000000
372 373 112.000000
1000 10107 112.000000
853 875 111.000000
938 960 110.000000
1022 10326 110.000000
1070 10933 110.000000
720 742 109.000000
1070 1092 109.000000
1423 1424 108.000000
52 74 107.000000
390 412 107.000000
391 413 107.000000
1092 10941 107.000000
1138 1139 107.000000
1027 10933 106.000000
1415 1437 106.000000
30 52 105.000000
284 306 105.000000
824 846 105.000000
1250 1272 105.000000
742 743 104.000000
1070 10738 104.000000
337 359 103.000000
382 404 102.000000
780 781 102.000000
1070 10719 102.000000
183 205 100.000000
205 227 100.000000
674 675 100.000000
675 676 100.000000
676 677 100.000000
1092 1114 100.000000
296 297 99.000000
721 743 99.000000
1499 1500 98.000000
263 285 97.000000
297 298 97.000000
298 299 97.000000
299 300 97.000000
300 301 97.000000
301 302 97.000000
302 303 97.000000
303 304 97.000000
304 305 97.000000
305 306 97.000000
242 263 96.000000
677 678 96.000000
678 679 96.000000
679 680 96.000000
680 681 96.000000
898 920 96.000000
960 982 96.000000
1026 10565 96.000000
1047 10568 96.000000
1070 10725 96.000000
315 337 95.000000
1004 10890 95.000000
738 739 94.000000
811 833 94.000000
1333 1355 93.000000
1461 1483 93.000000
752 753 92.000000
753 754 92.000000
754 755 92.000000
755 756 92.000000
1047 10831 92.000000
1184 1206 92.000000
245 246 91.000000
770 771 91.000000
771 772 91.000000
772 773 91.000000
431 453 90.000000
913 935 90.000000
937 959 90.000000
1047 10505 90.000000
1047 10506 90.000000
1047 10783 90.000000
743 744 89.000000
1004 10841 89.000000
1028 10805 89.000000
1092 10933 89.000000
6 7 88.000000
10 10627 88.000000
1047 10476 87.000000
1047 10775 87.000000
1047 10848 87.000000
1047 10921 87.000000
1071 10941 87.000000
1324 1325 87.000000
10 1572 86.000000
101 10173 86.000000
756 757 86.000000
757 758 86.000000
758 759 86.000000
1006 10631 86.000000
1396 1418 86.000000
744 745 85.000000
745 746 85.000000
1047 10703 85.000000
1047 10816 85.000000
770 791 84.000000
790 791 84.000000
1006 10732 84.000000
71 72 83.000000
402 424 83.000000
1026 10825 83.000000
1070 10839 83.000000
1050 10658 82.000000
1181 1203 82.000000
1305 1327 82.000000
28 50 81.000000
119 141 81.000000
1000 10089 81.000000
1087 1109 80.000000
409 431 79.000000
437 459 79.000000
502 524 79.000000
1026 10299 79.000000
1047 10777 79.000000
1047 10810 79.000000
1254 1255 79.000000
1255 1256 79.000000
1256 1257 79.000000
1257 1258 79.000000
1258 1259 79.000000
1358 1380 79.000000
789 790 78.000000
1043 10647 78.000000
1028 10365 77.000000
1006 10092 76.000000
1174 1196 76.000000
1254 1275 76.000000
1274 1275 76.000000
897 919 75.000000
1005 10079 75.000000
1006 10266 75.000000
737 738 73.000000
748 769 72.000000
768 769 72.000000
957 979 72.000000
1117 1139 72.000000
1244 1266 72.000000
1421 1443 72.000000
748 749 71.000000
749 750 71.000000
750 751 71.000000
751 752 71.000000
795 796 71.000000
1026 10380 71.000000
1026 10808 71.000000
481 503 70.000000
1026 10587 70.000000
1069 10726 70.000000
1070 10825 70.000000
1156 1178 70.000000
1003 10070 69.000000
1026 10298 69.000000
1026 10877 69.000000
284 285 68.000000
345 367 68.000000
520 542 68.000000
659 681 68.000000
1028 1029 68.000000
708 709 67.000000
709 710 67.000000
710 711 67.000000
711 712 67.000000
712 713 67.000000
713 714 67.000000
714 715 67.000000
1267 1289 67.000000
137 159 66.000000
814 815 66.000000
815 816 66.000000
816 817 66.000000
949 950 66.000000
950 951 66.000000
951 952 66.000000
952 953 66.000000
953 954 66.000000
1026 10777 66.000000
1026 10810 66.000000
528 529 65.000000
528 549 65.000000
529 530 65.000000
530 531 65.000000
531 532 65.000000
547 548 65.000000
548 549 65.000000
844 845 65.000000
1390 1412 65.000000
525 547 64.000000
1006 10805 64.000000
1047 10484 64.000000
340 362 63.000000
416 438 63.000000
611 612 63.000000
1026 10745 63.000000
1091 10949 63.000000
1095 1117 63.000000
1226 1248 63.000000
598 599 62.000000
599 600 62.000000
600 601 62.000000
601 602 62.000000
602 603 62.000000
603 604 62.000000
604 605 62.000000
605 606 62.000000
759 760 62.000000
1048 10679 62.000000
362 384 61.000000
814 835 61.000000
833 834 61.000000
834 835 61.000000
1025 10565 61.000000
1113 1135 61.000000
1315 1337 61.000000
554 555 60.000000
1006 1007 60.000000
1007 10216 60.000000
5 6 59.000000
384 406 59.000000
476 498 59.000000
1091 10946 59.000000
1091 10951 59.000000
1091 10969 59.000000
1443 1465 59.000000
1091 10921 58.000000
162 184 57.000000
730 731 57.000000
731 732 57.000000
732 733 57.000000
733 734 57.000000
734 735 57.000000
735 736 57.000000
736 737 57.000000
1004 10903 57.000000
1026 10603 57.000000
1260 1261 57.000000
275 276 56.000000
276 277 56.000000
277 278 56.000000
278 279 56.000000
279 280 56.000000
280 281 56.000000
281 282 56.000000
282 283 56.000000
283 284 56.000000
836 857 56.000000
855 856 56.000000
856 857 56.000000
884 885 56.000000
885 886 56.000000
886 887 56.000000
887 888 56.000000
888 889 56.000000
1003 10298 56.000000
1003 10299 56.000000
1003 10903 56.000000
1162 1184 56.000000
1187 1209 56.000000
1232 1233 56.000000
1232 1253 56.000000
1233 1234 56.000000
1234 1235 56.000000
1235 1236 56.000000
1236 1237 56.000000
1237 1238 56.000000
11 1573 55.000000
249 271 55.000000
480 502 55.000000
637 659 55.000000
787 809 55.000000
942 943 55.000000
1003 10934 55.000000
1026 10934 55.000000
1046 10842 55.000000
807 829 54.000000
1004 10725 54.000000
1021 10437 54.000000
1047 10603 54.000000
1047 10645 54.000000
1047 10725 54.000000
1047 10738 54.000000
1047 10808 54.000000
1047 10841 54.000000
1047 10877 54.000000
1064 10773 54.000000
1091 1113 54.000000
1222 1244 54.000000
1265 1287 54.000000
1290 1312 54.000000
468 490 53.000000
511 512 53.000000
568 590 53.000000
1026 10522 53.000000
1026 10903 53.000000
1070 10777 53.000000
1070 10810 53.000000
1072 1073 53.000000
1073 1095 53.000000
1346 1368 53.000000
434 456 52.000000
1049 1071 52.000000
286 308 51.000000
941 963 51.000000
1026 10268 51.000000
1070 10841 51.000000
1210 1211 51.000000
1210 1231 51.000000
1211 1212 51.000000
1212 1213 51.000000
1213 1214 51.000000
1214 1215 51.000000
1215 1216 51.000000
1230 1231 51.000000
1296 1297 51.000000
1315 1316 51.000000
1316 1317 51.000000
1317 1318 51.000000
1394 1416 51.000000
393 415 50.000000
1003 10539 50.000000
1003 10726 50.000000
1270 1292 50.000000
836 837 49.000000
837 838 49.000000
838 839 49.000000
895 917 49.000000
1048 10825 49.000000
469 491 48.000000
634 635 48.000000
635 636 48.000000
636 637 48.000000
782 783 48.000000
783 784 48.000000
784 785 48.000000
785 786 48.000000
1003 10484 48.000000
1003 10568 48.000000
1182 1204 48.000000
1372 1394 48.000000
271 293 47.000000
350 372 47.000000
1004 10587 47.000000
532 533 46.000000
533 534 46.000000
550 551 46.000000
550 571 46.000000
551 552 46.000000
552 553 46.000000
553 554 46.000000
568 569 46.000000
569 570 46.000000
570 571 46.000000
971 972 45.000000
972 973 45.000000
973 974 45.000000
974 975 45.000000
975 976 45.000000
1070 10745 45.000000
1122 1123 45.000000
1122 1143 45.000000
1123 1124 45.000000
1124 1125 45.000000
1125 1126 45.000000
1126 1127 45.000000
1127 1128 45.000000
1128 1129 45.000000
1142 1143 45.000000
1151 1152 45.000000
1369 1391 45.000000
160 182 44.000000
1000 10095 44.000000
1022 10338 44.000000
1259 1260 44.000000
1408 1409 44.000000
1408 1429 44.000000
1409 1410 44.000000
1410 1411 44.000000
1428 1429 44.000000
392 414 43.000000
954 955 43.000000
1069 10703 43.000000
1069 10816 43.000000
1069 10902 43.000000
1069 10951 43.000000
1069 10969 43.000000
1139 1140 43.000000
1140 1141 43.000000
1141 1142 43.000000
1165 1187 43.000000
1216 1238 43.000000
1324 1346 43.000000
388 410 42.000000
608 630 42.000000
868 890 42.000000
940 962 42.000000
1042 1064 42.000000
1091 10934 42.000000
1164 1165 42.000000
1252 1253 42.000000
1309 1331 42.000000
1313 1335 42.000000
1004 1026 41.000000
1022 10885 41.000000
1065 10710 41.000000
1179 1201 41.000000
1329 1351 41.000000
1484 1506 41.000000
1003 10565 40.000000
1050 10975 40.000000
1065 10771 40.000000
1066 10684 40.000000
1071 10892 40.000000
1094 1116 40.000000
1138 1160 40.000000
1227 1249 40.000000
1289 1311 40.000000
117 139 39.000000
554 576 39.000000
638 639 39.000000
639 640 39.000000
640 641 39.000000
831 853 39.000000
1006 10072 39.000000
1066 10706 39.000000
209 210 38.000000
210 211 38.000000
211 212 38.000000
212 213 38.000000
242 264 38.000000
1025 10250 38.000000
1025 10640 38.000000
1025 10664 38.000000
1025 10718 38.000000
1025 10788 38.000000
1025 10842 38.000000
1025 10965 38.000000
1064 10655 38.000000
1064 10884 38.000000
389 411 37.000000
839 840 37.000000
1025 10568 37.000000
1025 10575 37.000000
1026 10725 37.000000
1048 1070 37.000000
1066 10671 37.000000
1411 1412 37.000000
817 818 36.000000
818 819 36.000000
819 820 36.000000
820 821 36.000000
821 822 36.000000
1026 10645 36.000000
1072 1094 36.000000
1319 1341 36.000000
78 79 35.000000
917 939 35.000000
1003 10831 35.000000
1354 1376 35.000000
13 35 34.000000
934 956 34.000000
1020 1021 34.000000
1022 10706 34.000000
1064 10978 34.000000
329 351 33.000000
845 846 33.000000
1049 10892 33.000000
1195 1217 33.000000
4 5 32.000000
346 368 32.000000
845 867 32.000000
862 884 32.000000
1353 1375 32.000000
404 426 31.000000
808 830 31.000000
1022 10538 31.000000
1022 10897 31.000000
1043 10885 31.000000
590 591 30.000000
591 592 30.000000
592 593 30.000000
869 891 30.000000
880 881 30.000000
880 901 30.000000
881 882 30.000000
882 883 30.000000
883 884 30.000000
899 900 30.000000
900 901 30.000000
1022 10525 30.000000
1022 10792 30.000000
1022 11000 30.000000
1043 10919 30.000000
1318 1319 30.000000
963 985 29.000000
1022 10278 29.000000
1026 10841 29.000000
1050 10732 29.000000
1069 10808 29.000000
1069 10877 29.000000
1072 10916 29.000000
1245 1267 29.000000
100 122 28.000000
101 10566 28.000000
101 10963 28.000000
372 394 28.000000
565 587 28.000000
955 977 28.000000
1003 1025 28.000000
1043 10551 28.000000
1043 10671 28.000000
1047 10522 28.000000
1047 10539 28.000000
1047 10726 28.000000
1047 10903 28.000000
1047 10934 28.000000
1071 10817 28.000000
1071 10861 28.000000
1071 10888 28.000000
1117 1118 28.000000
1118 1119 28.000000
1119 1120 28.000000
1120 1142 28.000000
1303 1325 28.000000
1347 1369 28.000000
1370 1392 28.000000
1496 1497 28.000000
1496 1517 28.000000
1497 1498 28.000000
1498 1499 28.000000
1511 1512 28.000000
1512 1513 28.000000
1513 1514 28.000000
1514 1515 28.000000
1515 1516 28.000000
1516 1517 28.000000
1545 1567 28.000000
369 391 27.000000
743 765 27.000000
889 890 27.000000
1025 10407 27.000000
1047 10565 27.000000
1050 10916 27.000000
1064 1086 27.000000
1069 10783 27.000000
1071 10765 27.000000
1072 10732 27.000000
1467 1468 27.000000
1468 1469 27.000000
1469 1470 27.000000
1470 1471 27.000000
1471 1472 27.000000
1546 1568 27.000000
490 512 26.000000
572 573 26.000000
572 593 26.000000
573 574 26.000000
574 575 26.000000
575 576 26.000000
638 660 26.000000
660 681 26.000000
976 977 26.000000
1026 10738 26.000000
1069 10738 26.000000
1266 1288 26.000000
1276 1297 26.000000
458 480 25.000000
532 554 25.000000
726 727 25.000000
727 728 25.000000
728 729 25.000000
924 925 25.000000
924 945 25.000000
925 926 25.000000
926 927 25.000000
943 944 25.000000
944 945 25.000000
1022 10264 25.000000
1022 10919 25.000000
1064 10854 25.000000
1064 10945 25.000000
1066 10792 25.000000
1066 10833 25.000000
1066 10897 25.000000
1066 11000 25.000000
1069 10788 25.000000
1069 10831 25.000000
1246 1268 25.000000
1297 1319 25.000000
1298 1299 25.000000
1298 1319 25.000000
1299 1300 25.000000
1300 1301 25.000000
1301 1302 25.000000
1302 1303 25.000000
12 1574 24.000000
33 55 24.000000
76 98 24.000000
726 747 24.000000
746 747 24.000000
1022 10833 24.000000
1049 10604 24.000000
1049 10765 24.000000
1069 10718 24.000000
1069 10965 24.000000
1135 1157 24.000000
1326 1348 24.000000
1374 1396 24.000000
1525 1547 24.000000
1575 1576 24.000000
454 476 23.000000
1021 10226 23.000000
1021 10285 23.000000
1022 10320 23.000000
1022 10683 23.000000
1043 10683 23.000000
1043 10791 23.000000
1087 10897 23.000000
1087 11000 23.000000
1276 1277 23.000000
1277 1278 23.000000
1278 1279 23.000000
1279 1280 23.000000
136 158 22.000000
555 556 22.000000
724 725 22.000000
1025 10831 22.000000
1136 1158 22.000000
1505 1527 22.000000
1510 1532 22.000000
840 841 21.000000
841 842 21.000000
842 843 21.000000
843 844 21.000000
1043 10479 21.000000
1399 1421 21.000000
1544 1566 21.000000
101 10911 20.000000
166 188 20.000000
324 346 20.000000
916 938 20.000000
1005 1027 20.000000
1043 10482 20.000000
1043 10807 20.000000
1400 1422 20.000000
1481 1503 20.000000
773 774 19.000000
876 877 19.000000
976 998 19.000000
1021 1043 19.000000
1021 10545 19.000000
1022 10355 19.000000
1280 1281 19.000000
1308 1330 19.000000
576 577 18.000000
577 578 18.000000
578 579 18.000000
579 580 18.000000
580 581 18.000000
581 582 18.000000
582 583 18.000000
583 584 18.000000
584 585 18.000000
729 730 18.000000
840 862 18.000000
1043 1065 18.000000
1137 1159 18.000000
1281 1303 18.000000
1368 1390 18.000000
1423 1445 18.000000
57 58 17.000000
708 730 17.000000
802 824 17.000000
1000 10394 17.000000
1069 10903 17.000000
1455 1456 17.000000
50 72 16.000000
686 708 16.000000
1069 10775 16.000000
1069 10934 16.000000
1285 1307 16.000000
1307 1329 16.000000
32 54 15.000000
306 328 15.000000
912 934 15.000000
1049 10817 15.000000
1049 10861 15.000000
1049 10888 15.000000
1065 10814 15.000000
1130 1152 15.000000
1506 1528 15.000000
403 425 14.000000
788 810 14.000000
850 872 14.000000
890 912 14.000000
920 921 14.000000
968 969 14.000000
968 989 14.000000
969 970 14.000000
970 971 14.000000
985 986 14.000000
986 987 14.000000
987 988 14.000000
988 989 14.000000
1021 10300 14.000000
1022 10551 14.000000
1022 10671 14.000000
1022 10684 14.000000
1065 10791 14.000000
1065 10807 14.000000
1069 10848 14.000000
1069 10921 14.000000
1093 1094 14.000000
1152 1174 14.000000
1166 1167 14.000000
1166 1187 14.000000
1167 1168 14.000000
1168 1169 14.000000
1169 1170 14.000000
1170 1171 14.000000
1171 1172 14.000000
1172 1173 14.000000
1342 1343 14.000000
1342 1363 14.000000
1343 1344 14.000000
1344 1345 14.000000
1345 1346 14.000000
1361 1362 14.000000
1362 1363 14.000000
1488 1510 14.000000
638 659 13.000000
715 716 13.000000
956 978 13.000000
1000 10525 13.000000
1000 10792 13.000000
1000 10833 13.000000
1000 11000 13.000000
1021 10771 13.000000
136 137 12.000000
158 180 12.000000
185 207 12.000000
349 371 12.000000
704 725 12.000000
862 863 12.000000
863 864 12.000000
864 865 12.000000
865 866 12.000000
866 867 12.000000
876 898 12.000000
961 983 12.000000
977 999 12.000000
1087 10919 12.000000
1090 10965 12.000000
1243 1265 12.000000
3 4 11.000000
208 230 11.000000
685 686 11.000000
1186 1187 11.000000
1264 1286 11.000000
1543 1565 11.000000
11 33 10.000000
114 115 10.000000
114 136 10.000000
652 653 10.000000
653 654 10.000000
654 655 10.000000
746 768 10.000000
756 778 10.000000
1043 10440 10.000000
1094 1095 10.000000
1161 1183 10.000000
1183 1205 10.000000
1287 1309 10.000000
51 73 9.000000
225 247 9.000000
695 696 9.000000
696 697 9.000000
697 698 9.000000
698 699 9.000000
699 700 9.000000
700 701 9.000000
701 702 9.000000
704 705 9.000000
705 706 9.000000
706 707 9.000000
707 708 9.000000
802 803 9.000000
939 961 9.000000
1020 10480 9.000000
101 102 8.000000
102 103 8.000000
103 104 8.000000
104 126 8.000000
115 116 8.000000
126 148 8.000000
253 275 8.000000
475 497 8.000000
1020 10655 8.000000
1020 10884 8.000000
1021 10710 8.000000
1134 1156 8.000000
285 307 7.000000
394 416 7.000000
615 637 7.000000
673 674 7.000000
770 792 7.000000
814 836 7.000000
1000 10355 7.000000
1325 1347 7.000000
1452 1453 7.000000
1452 1473 7.000000
1453 1454 7.000000
1454 1455 7.000000
1472 1473 7.000000
77 99 6.000000
192 193 6.000000
193 194 6.000000
194 195 6.000000
195 196 6.000000
510 532 6.000000
564 586 6.000000
855 877 6.000000
875 897 6.000000
877 899 6.000000
1000 10684 6.000000
1064 10688 6.000000
1064 10962 6.000000
1112 1134 6.000000
1282 1304 6.000000
1373 1395 6.000000
1437 1459 6.000000
142 164 5.000000
164 186 5.000000
180 202 5.000000
556 557 5.000000
557 558 5.000000
558 559 5.000000
559 560 5.000000
560 561 5.000000
561 562 5.000000
562 563 5.000000
686 687 5.000000
687 688 5.000000
688 689 5.000000
689 690 5.000000
690 691 5.000000
691 692 5.000000
692 693 5.000000
693 694 5.000000
694 695 5.000000
851 873 5.000000
1185 1186 5.000000
72 94 4.000000
120 142 4.000000
593 615 4.000000
630 631 4.000000
631 632 4.000000
632 633 4.000000
633 634 4.000000
677 699 4.000000
682 683 4.000000
683 684 4.000000
684 685 4.000000
699 721 4.000000
744 766 4.000000
846 868 4.000000
891 913 4.000000
902 903 4.000000
902 923 4.000000
903 904 4.000000
904 905 4.000000
921 922 4.000000
922 923 4.000000
1000 10057 4.000000
1000 10551 4.000000
1000 10671 4.000000
1280 1302 4.000000
1302 1324 4.000000
1330 1352 4.000000
1413 1435 4.000000
196 197 3.000000
196 218 3.000000
218 240 3.000000
240 262 3.000000
262 284 3.000000
488 510 3.000000
612 613 3.000000
613 614 3.000000
614 615 3.000000
672 673 3.000000
682 704 3.000000
889 911 3.000000
946 947 3.000000
946 967 3.000000
947 948 3.000000
948 949 3.000000
964 965 3.000000
965 966 3.000000
966 967 3.000000
1144 1145 3.000000
1144 1165 3.000000
1145 1146 3.000000
1146 1147 3.000000
1147 1148 3.000000
1148 1149 3.000000
1149 1150 3.000000
1150 1151 3.000000
1178 1200 3.000000
1194 1216 3.000000
1228 1250 3.000000
1254 1276 3.000000
1331 1353 3.000000
1548 1570 3.000000
55 77 2.000000
176 177 2.000000
176 197 2.000000
177 178 2.000000
178 179 2.000000
179 180 2.000000
209 231 2.000000
730 752 2.000000
790 812 2.000000
792 814 2.000000
833 855 2.000000
858 859 2.000000
858 879 2.000000
859 860 2.000000
860 861 2.000000
861 862 2.000000
877 878 2.000000
878 879 2.000000
1006 1028 2.000000
1042 10537 2.000000
1042 10572 2.000000
1283 1305 2.000000
1304 1326 2.000000
1318 1340 2.000000
1348 1370 2.000000
1371 1393 2.000000
1389 1390 2.000000
1393 1415 2.000000
1550 1572 2.000000
27 49 1.000000
49 71 1.000000
118 140 1.000000
197 219 1.000000
219 241 1.000000
241 263 1.000000
620 621 1.000000
621 622 1.000000
622 623 1.000000
623 624 1.000000
624 625 1.000000
625 626 1.000000
626 627 1.000000
627 628 1.000000
682 703 1.000000
703 725 1.000000
726 748 1.000000
872 894 1.000000
927 928 1.000000
928 929 1.000000
929 930 1.000000
930 931 1.000000
931 932 1.000000
932 933 1.000000
1093 1115 1.000000
1239 1261 1.000000
1281 1282 1.000000
1328 1350 1.000000
1350 1372 1.000000
1351 1373 1.000000
1440 1462 1.000000
