1378 1379 16621.000000
363 364 15095.000000
364 365 15095.000000
365 366 15095.000000
1400 1401 13901.000000
1203 1204 13618.000000
362 363 12730.000000
1422 1423 11957.000000
407 408 11907.000000
408 409 11907.000000
409 410 11907.000000
1377 1378 11699.000000
410 411 11134.000000
366 367 10877.000000
1376 1377 10669.000000
1379 1380 10041.000000
1421 1422 9855.000000
273 274 9690.000000
1356 1357 9586.000000
1159 1160 9489.000000
1202 1203 9243.000000
384 385 9127.000000
385 386 9127.000000
386 387 9127.000000
387 388 9127.000000
1375 1376 9029.000000
1247 1248 9009.000000
1398 1399 8914.000000
1420 1421 8911.000000
1438 1439 8878.000000
1067 1068 8818.000000
1068 1069 8818.000000
32 33 8709.000000
1399 1400 8557.000000
406 407 8459.000000
1436 1437 8114.000000
1437 1438 8114.000000
1419 1420 7982.000000
1439 1440 7840.000000
1158 1159 7836.000000
10 11 7681.000000
1201 1202 7599.000000
367 368 7597.000000
1066 1067 7544.000000
1224 1225 7349.000000
1160 1161 7311.000000
1246 1247 7252.000000
8 9 7165.000000
1335 1336 7066.000000
383 384 7014.000000
317 318 7009.000000
411 412 6898.000000
31 32 6869.000000
1070 1071 6771.000000
30 31 6710.000000
1069 1070 6512.000000
1223 1224 6479.000000
405 406 6466.000000
1397 1398 6411.000000
11 12 6408.000000
1334 1335 6345.000000
316 317 6334.000000
455 456 6281.000000
1415 1416 6138.000000
1157 1158 6133.000000
1023 1024 6114.000000
1024 1025 6114.000000
1025 1026 6083.000000
1418 1419 6060.000000
1440 1441 6044.000000
1291 1292 6025.000000
428 429 5973.000000
429 430 5973.000000
430 431 5973.000000
431 432 5973.000000
1416 1417 5936.000000
1417 1418 5880.000000
1435 1436 5875.000000
1222 1223 5853.000000
29 30 5848.000000
852 853 5846.000000
1333 1334 5660.000000
494 495 5628.000000
495 496 5628.000000
496 497 5628.000000
497 498 5628.000000
1548 1549 5559.000000
1065 1066 5509.000000
33 34 5472.000000
12 13 5418.000000
229 230 5416.000000
498 499 5409.000000
1441 1442 5301.000000
1374 1375 5261.000000
1443 1444 5250.000000
1442 1443 5179.000000
1248 1249 5125.000000
450 451 5117.000000
451 452 5117.000000
452 453 5117.000000
453 454 5117.000000
1245 1246 5117.000000
54 55 5103.000000
1355 1356 5078.000000
456 457 5000.000000
1549 1550 4991.000000
1001 1002 4890.000000
1002 1003 4890.000000
427 428 4844.000000
1088 1089 4806.000000
1089 1090 4806.000000
1357 1358 4787.000000
388 389 4784.000000
1465 1466 4762.000000
1464 1465 4743.000000
1205 1206 4731.000000
98 99 4564.000000
272 273 4549.000000
1044 1045 4530.000000
1045 1046 4530.000000
1046 1047 4530.000000
361 362 4409.000000
1180 1181 4377.000000
425 426 4376.000000
1466 1467 4367.000000
230 231 4358.000000
1114 1115 4348.000000
1332 1333 4345.000000
1136 1137 4322.000000
1181 1182 4316.000000
1371 1372 4301.000000
1372 1373 4301.000000
1373 1374 4300.000000
10 10190 4295.000000
1204 1205 4295.000000
1463 1464 4275.000000
454 455 4261.000000
366 388 4247.000000
1135 1136 4240.000000
1288 1289 4140.000000
389 390 4122.000000
251 252 4105.000000
1022 1023 4091.000000
1115 1116 4074.000000
1414 1415 4064.000000
1550 1551 4037.000000
1026 1027 3975.000000
97 98 3936.000000
183 184 3927.000000
1354 1355 3909.000000
184 185 3796.000000
1379 1401 3792.000000
1197 1198 3789.000000
1198 1199 3789.000000
1199 1200 3789.000000
979 980 3775.000000
980 981 3775.000000
849 850 3774.000000
850 851 3774.000000
1090 1091 3773.000000
851 852 3763.000000
1462 1463 3762.000000
981 982 3736.000000
34 35 3730.000000
1353 1354 3722.000000
1396 1397 3693.000000
96 97 3678.000000
1289 1290 3677.000000
1487 1488 3674.000000
1244 1245 3656.000000
563 564 3653.000000
499 500 3612.000000
1137 1138 3604.000000
13 14 3544.000000
1485 1486 3539.000000
476 477 3536.000000
1000 1001 3533.000000
1290 1291 3509.000000
7 8 3468.000000
1486 1487 3434.000000
1551 1552 3433.000000
95 96 3377.000000
449 450 3364.000000
457 458 3329.000000
1196 1197 3311.000000
586 587 3310.000000
317 339 3308.000000
585 586 3306.000000
140 141 3298.000000
412 413 3286.000000
274 296 3222.000000
1461 1462 3201.000000
1240 1241 3183.000000
1241 1242 3183.000000
1242 1243 3183.000000
1267 1268 3183.000000
1021 1022 3179.000000
1225 1226 3170.000000
185 186 3137.000000
118 119 3136.000000
432 433 3133.000000
75 76 3127.000000
1460 1461 3125.000000
1292 1293 3122.000000
1444 1445 3122.000000
1482 1483 3108.000000
274 275 3101.000000
1249 1250 3100.000000
119 120 3084.000000
368 369 3026.000000
339 340 3017.000000
1091 1092 3013.000000
1153 1154 3013.000000
1154 1155 3013.000000
1155 1156 3013.000000
186 187 3007.000000
382 383 3001.000000
1312 1313 2976.000000
1179 1180 2963.000000
1087 1088 2959.000000
368 390 2937.000000
1243 1244 2913.000000
1394 1395 2899.000000
1484 1485 2894.000000
1393 1394 2890.000000
1110 1111 2879.000000
1111 1112 2879.000000
1112 1113 2879.000000
1552 1553 2875.000000
141 142 2857.000000
1268 1269 2857.000000
1458 1459 2845.000000
1459 1460 2845.000000
1311 1312 2843.000000
1113 1114 2795.000000
1200 1201 2779.000000
182 183 2770.000000
1483 1484 2764.000000
294 295 2763.000000
1292 1314 2744.000000
472 473 2721.000000
473 474 2721.000000
474 475 2721.000000
1526 1527 2710.000000
1156 1157 2707.000000
340 341 2676.000000
74 75 2662.000000
426 427 2656.000000
295 296 2649.000000
500 501 2640.000000
478 479 2634.000000
477 478 2617.000000
338 339 2603.000000
1313 1314 2597.000000
1269 1270 2591.000000
1395 1396 2587.000000
1048 1049 2570.000000
226 227 2519.000000
227 228 2519.000000
160 161 2509.000000
252 253 2497.000000
1138 1139 2490.000000
1071 1072 2476.000000
1092 1093 2476.000000
1266 1267 2455.000000
139 140 2434.000000
433 434 2391.000000
161 162 2382.000000
341 342 2363.000000
342 343 2363.000000
343 344 2363.000000
1027 1028 2360.000000
344 345 2357.000000
1392 1393 2344.000000
520 521 2306.000000
1370 1371 2295.000000
1506 1507 2294.000000
1553 1554 2293.000000
1003 1004 2288.000000
1391 1392 2281.000000
318 319 2278.000000
1131 1132 2259.000000
1132 1133 2259.000000
1133 1134 2259.000000
73 74 2250.000000
475 476 2246.000000
853 854 2239.000000
1116 1117 2237.000000
225 226 2191.000000
273 295 2191.000000
1457 1458 2145.000000
369 370 2138.000000
228 229 2125.000000
1003 10167 2122.000000
1117 1139 2108.000000
1331 1332 2088.000000
873 874 2078.000000
1043 1044 2069.000000
936 937 2059.000000
937 938 2059.000000
159 160 2051.000000
250 251 2050.000000
1527 1528 2046.000000
1218 1219 2013.000000
1219 1220 2013.000000
1220 1221 2013.000000
458 459 2001.000000
404 405 1987.000000
1226 1227 1987.000000
370 371 1984.000000
1504 1505 1980.000000
1505 1506 1980.000000
783 784 1975.000000
784 785 1975.000000
785 786 1975.000000
1293 1294 1957.000000
1508 1509 1954.000000
1509 1510 1943.000000
10 32 1941.000000
1206 1207 1940.000000
983 984 1906.000000
76 77 1890.000000
786 787 1866.000000
978 979 1859.000000
457 479 1854.000000
1204 1226 1854.000000
447 448 1848.000000
1270 1271 1832.000000
1413 1414 1822.000000
542 543 1786.000000
1380 1381 1780.000000
448 449 1772.000000
1047 1048 1772.000000
1501 1502 1770.000000
1502 1503 1770.000000
935 936 1758.000000
120 121 1746.000000
934 935 1731.000000
51 52 1729.000000
53 54 1729.000000
1327 1328 1710.000000
1328 1329 1710.000000
1329 1330 1710.000000
1507 1508 1709.000000
1529 1530 1704.000000
162 163 1703.000000
339 361 1697.000000
1528 1529 1696.000000
52 53 1688.000000
1116 1138 1676.000000
1310 1311 1665.000000
1352 1353 1657.000000
982 983 1648.000000
1221 1222 1644.000000
1004 1005 1627.000000
1217 1218 1627.000000
1479 1480 1622.000000
1480 1481 1622.000000
163 164 1620.000000
492 493 1620.000000
1530 1531 1620.000000
413 414 1619.000000
1160 1182 1608.000000
1134 1135 1595.000000
1130 1131 1590.000000
874 875 1589.000000
55 56 1569.000000
117 118 1566.000000
957 958 1563.000000
958 959 1563.000000
959 960 1563.000000
1423 1445 1547.000000
1330 1331 1543.000000
1531 1532 1537.000000
469 470 1531.000000
493 494 1525.000000
940 941 1492.000000
809 810 1474.000000
1086 1087 1474.000000
984 985 1447.000000
1227 1228 1421.000000
1178 1179 1404.000000
459 460 1397.000000
1109 1110 1391.000000
1206 1228 1381.000000
391 392 1372.000000
390 391 1359.000000
939 940 1347.000000
337 338 1324.000000
938 939 1323.000000
479 480 1322.000000
848 849 1322.000000
917 918 1322.000000
207 208 1317.000000
629 630 1312.000000
72 73 1307.000000
521 522 1304.000000
371 372 1302.000000
1284 1285 1299.000000
1285 1286 1299.000000
1286 1287 1299.000000
1358 1359 1282.000000
100 10345 1280.000000
1481 1482 1275.000000
480 481 1260.000000
121 122 1255.000000
875 876 1250.000000
1005 1006 1250.000000
286 287 1232.000000
286 307 1232.000000
287 288 1232.000000
288 289 1232.000000
564 565 1230.000000
1049 1050 1219.000000
941 942 1214.000000
142 143 1208.000000
208 209 1208.000000
1570 1571 1201.000000
425 447 1197.000000
434 435 1187.000000
1336 1337 1187.000000
436 437 1176.000000
1174 1175 1167.000000
1175 1176 1167.000000
1176 1177 1167.000000
1177 1178 1167.000000
381 382 1147.000000
1336 1358 1141.000000
545 546 1140.000000
1071 1093 1139.000000
141 163 1127.000000
1326 1327 1127.000000
403 404 1122.000000
1572 1573 1116.000000
1314 1315 1114.000000
56 57 1106.000000
961 962 1100.000000
524 525 1096.000000
318 340 1091.000000
187 188 1089.000000
870 871 1084.000000
871 872 1084.000000
872 873 1084.000000
203 204 1080.000000
854 855 1079.000000
1500 1501 1079.000000
499 521 1075.000000
523 524 1069.000000
296 318 1066.000000
1287 1288 1060.000000
435 436 1059.000000
456 478 1052.000000
543 544 1050.000000
319 320 1049.000000
320 321 1049.000000
321 322 1049.000000
204 205 1047.000000
205 206 1047.000000
392 393 1043.000000
808 809 1033.000000
322 323 1026.000000
1309 1310 1026.000000
470 471 1023.000000
491 492 1021.000000
805 806 1014.000000
806 807 1014.000000
544 545 1011.000000
330 331 1008.000000
330 351 1008.000000
331 332 1008.000000
332 333 1008.000000
333 334 1008.000000
334 335 1008.000000
335 336 1008.000000
336 337 1008.000000
455 477 997.000000
393 394 995.000000
414 415 989.000000
1271 1272 986.000000
587 588 983.000000
1004 10745 976.000000
229 251 970.000000
892 893 969.000000
893 894 969.000000
894 895 969.000000
1349 1350 961.000000
1350 1351 961.000000
1351 1352 961.000000
787 788 957.000000
918 919 953.000000
807 808 952.000000
1207 1208 944.000000
891 892 937.000000
471 472 929.000000
895 896 928.000000
896 897 928.000000
1028 1029 927.000000
164 165 919.000000
897 898 915.000000
1027 1049 913.000000
181 182 900.000000
1571 1572 879.000000
230 252 875.000000
1239 1240 870.000000
788 789 866.000000
1261 1262 864.000000
1262 1263 864.000000
1263 1264 864.000000
1264 1265 864.000000
1348 1349 856.000000
522 523 854.000000
1347 1348 850.000000
77 78 849.000000
138 139 848.000000
1503 1504 844.000000
1152 1153 843.000000
291 292 842.000000
292 293 842.000000
1503 1525 841.000000
323 345 837.000000
1248 1270 836.000000
143 144 820.000000
960 961 819.000000
10 10245 812.000000
10 10050 807.000000
956 957 807.000000
231 232 802.000000
1525 1526 787.000000
418 419 774.000000
418 439 774.000000
419 420 774.000000
420 421 774.000000
421 422 774.000000
422 423 774.000000
423 424 774.000000
438 439 774.000000
1401 1402 774.000000
410 432 773.000000
1526 1548 773.000000
789 790 770.000000
437 438 765.000000
546 547 765.000000
1574 1575 762.000000
360 361 760.000000
913 914 760.000000
914 915 760.000000
915 916 760.000000
1434 1435 760.000000
10 10080 753.000000
1402 1403 750.000000
1403 1404 750.000000
1404 1405 750.000000
424 425 745.000000
919 920 739.000000
589 590 729.000000
116 117 725.000000
396 397 725.000000
396 417 725.000000
397 398 725.000000
398 399 725.000000
399 400 725.000000
400 401 725.000000
401 402 725.000000
1390 1391 724.000000
1042 1043 723.000000
810 811 720.000000
415 416 716.000000
402 403 713.000000
1569 1570 713.000000
206 207 710.000000
1573 1574 707.000000
588 589 706.000000
1369 1370 702.000000
1335 1357 701.000000
295 317 690.000000
1026 10331 687.000000
10 10627 684.000000
100 101 664.000000
359 360 663.000000
470 492 663.000000
185 207 661.000000
718 719 656.000000
719 720 656.000000
720 721 656.000000
411 433 647.000000
313 314 640.000000
314 315 640.000000
847 848 636.000000
962 963 635.000000
960 982 628.000000
1006 1007 628.000000
289 290 627.000000
290 291 627.000000
362 384 627.000000
11 33 626.000000
1004 10331 617.000000
501 502 616.000000
1047 10476 610.000000
252 274 608.000000
231 253 602.000000
1174 1196 601.000000
1283 1284 600.000000
869 870 597.000000
1208 1209 592.000000
315 316 586.000000
1294 1295 580.000000
1295 1296 580.000000
352 353 571.000000
352 373 571.000000
353 354 571.000000
354 355 571.000000
355 356 571.000000
356 357 571.000000
357 358 571.000000
358 359 571.000000
868 869 571.000000
1510 1511 570.000000
1272 1273 561.000000
1273 1274 561.000000
985 986 553.000000
1393 1415 546.000000
502 503 539.000000
340 362 536.000000
316 338 535.000000
10 10109 534.000000
349 350 530.000000
269 270 527.000000
270 271 527.000000
271 272 527.000000
268 269 526.000000
1265 1266 525.000000
1026 10407 521.000000
1337 1338 514.000000
10 10765 510.000000
876 877 504.000000
916 917 503.000000
1250 1272 501.000000
10 10419 495.000000
10 10445 495.000000
1260 1261 495.000000
10 10604 494.000000
1005 10765 494.000000
1381 1382 493.000000
1382 1383 493.000000
1383 1384 493.000000
10 10817 492.000000
10 10861 492.000000
296 297 491.000000
1044 10628 491.000000
512 513 483.000000
890 891 478.000000
228 250 474.000000
1070 1092 474.000000
413 435 472.000000
250 272 471.000000
1316 1317 469.000000
1317 1318 469.000000
1359 1360 464.000000
1360 1361 464.000000
1361 1362 464.000000
782 783 463.000000
1249 1271 461.000000
1315 1316 460.000000
293 294 458.000000
32 54 457.000000
1001 10095 455.000000
1093 1094 455.000000
347 348 453.000000
348 349 453.000000
1282 1283 453.000000
590 591 450.000000
1023 10628 449.000000
607 608 444.000000
412 434 443.000000
159 181 436.000000
468 469 436.000000
1001 10355 436.000000
242 243 433.000000
243 244 433.000000
244 245 433.000000
825 826 427.000000
811 812 425.000000
242 263 423.000000
1027 10429 419.000000
438 460 416.000000
346 347 411.000000
345 346 410.000000
1026 10624 406.000000
1027 10457 405.000000
1346 1347 405.000000
501 523 402.000000
1007 10216 401.000000
1108 1109 399.000000
831 832 396.000000
1001 10628 387.000000
1384 1385 383.000000
1072 1094 381.000000
829 830 377.000000
826 827 373.000000
827 828 373.000000
828 829 373.000000
1004 10581 373.000000
459 481 372.000000
165 166 371.000000
810 832 371.000000
10 10796 369.000000
938 960 368.000000
307 329 365.000000
1482 1504 364.000000
1467 1489 362.000000
10 10395 361.000000
1159 1181 361.000000
1296 1318 361.000000
830 831 360.000000
1456 1457 360.000000
1488 1489 360.000000
650 651 358.000000
651 652 358.000000
1250 1251 358.000000
1438 1460 358.000000
977 978 357.000000
10 10174 355.000000
117 139 355.000000
484 485 355.000000
484 505 355.000000
485 486 355.000000
486 487 355.000000
487 488 355.000000
488 489 355.000000
489 490 355.000000
504 505 355.000000
546 568 355.000000
854 876 354.000000
10 10201 352.000000
503 504 348.000000
361 383 341.000000
1092 10922 339.000000
766 767 337.000000
144 145 336.000000
367 389 335.000000
565 587 335.000000
10 10713 333.000000
565 566 332.000000
1338 1339 332.000000
1339 1340 332.000000
245 246 331.000000
447 469 331.000000
1362 1363 331.000000
1460 1482 330.000000
251 273 328.000000
515 516 326.000000
516 517 326.000000
517 518 326.000000
518 519 326.000000
104 126 325.000000
1001 10089 323.000000
440 441 320.000000
440 461 320.000000
441 442 320.000000
442 443 320.000000
443 444 320.000000
444 445 320.000000
445 446 320.000000
460 461 320.000000
1067 11000 320.000000
78 79 318.000000
1048 10659 318.000000
10 10290 317.000000
10 10382 317.000000
10 10646 317.000000
10 10859 317.000000
10 10933 316.000000
102 103 316.000000
103 104 316.000000
158 159 315.000000
1405 1406 315.000000
1066 10814 314.000000
1195 1196 314.000000
1043 10579 312.000000
10 10900 311.000000
403 425 309.000000
804 805 309.000000
939 961 309.000000
1065 10688 309.000000
1216 1217 308.000000
1575 1576 307.000000
1047 10703 306.000000
29 51 305.000000
10 10457 305.000000
53 75 304.000000
513 514 302.000000
514 515 302.000000
308 309 301.000000
308 329 301.000000
309 310 301.000000
310 311 301.000000
311 312 301.000000
312 313 301.000000
1027 10670 301.000000
809 831 300.000000
10 10567 298.000000
757 758 298.000000
758 759 298.000000
765 766 298.000000
10 10744 297.000000
462 463 297.000000
462 483 297.000000
463 464 297.000000
464 465 297.000000
465 466 297.000000
466 467 297.000000
467 468 297.000000
482 483 297.000000
735 736 297.000000
736 737 297.000000
1182 1204 297.000000
586 608 296.000000
731 732 296.000000
732 733 296.000000
733 734 296.000000
734 735 296.000000
1023 10264 296.000000
498 520 295.000000
73 95 294.000000
721 743 293.000000
770 771 292.000000
771 772 292.000000
772 773 292.000000
824 825 292.000000
479 501 291.000000
832 833 290.000000
898 899 290.000000
10 10257 289.000000
10 10585 289.000000
478 500 284.000000
382 404 281.000000
372 373 280.000000
912 913 280.000000
10 10115 278.000000
116 138 278.000000
10 10315 277.000000
446 447 277.000000
1070 10721 275.000000
10 10719 274.000000
541 542 271.000000
535 536 270.000000
536 537 270.000000
537 538 270.000000
538 539 270.000000
539 540 270.000000
540 541 270.000000
1243 1265 270.000000
31 53 269.000000
10 10839 268.000000
10 10563 267.000000
1070 10955 267.000000
1293 1315 264.000000
1000 10300 263.000000
1072 10758 263.000000
371 393 262.000000
1377 1399 262.000000
10 10559 260.000000
942 943 260.000000
1026 10969 259.000000
803 804 257.000000
767 768 256.000000
770 791 255.000000
790 791 255.000000
1047 10640 255.000000
567 568 254.000000
123 124 253.000000
124 125 253.000000
125 126 253.000000
1071 10935 253.000000
1004 10055 250.000000
1026 10946 250.000000
1044 10482 249.000000
721 722 248.000000
1065 10854 248.000000
1065 10945 248.000000
1065 10962 248.000000
1044 10791 247.000000
1478 1479 245.000000
1026 10505 244.000000
1070 10811 244.000000
1026 10450 242.000000
1026 10506 242.000000
1026 10783 242.000000
10 10499 241.000000
10 10781 241.000000
246 247 240.000000
1070 10949 240.000000
855 877 238.000000
469 491 237.000000
1026 10575 237.000000
801 802 233.000000
1027 10839 233.000000
1006 10631 232.000000
1027 10399 232.000000
1342 1343 232.000000
1342 1363 232.000000
1343 1344 232.000000
1344 1345 232.000000
1345 1346 232.000000
1021 10549 231.000000
1023 10671 231.000000
1043 10588 231.000000
1115 1137 230.000000
1506 1528 230.000000
374 375 229.000000
374 395 229.000000
375 376 229.000000
376 377 229.000000
377 378 229.000000
378 379 229.000000
379 380 229.000000
380 381 229.000000
1026 10848 229.000000
1026 10921 229.000000
1004 10233 228.000000
1026 10476 228.000000
1026 10902 228.000000
1026 10951 228.000000
264 285 227.000000
1314 1336 226.000000
1000 10647 225.000000
1065 10773 225.000000
1044 10479 223.000000
1161 1162 223.000000
1289 1311 222.000000
10 10421 221.000000
436 458 221.000000
458 480 221.000000
1423 1424 221.000000
1162 1184 219.000000
1296 1297 219.000000
264 265 217.000000
265 266 217.000000
266 267 217.000000
267 268 217.000000
94 95 214.000000
202 203 214.000000
1004 10775 214.000000
1026 10718 214.000000
247 248 213.000000
248 249 213.000000
249 250 213.000000
935 957 211.000000
1337 1359 211.000000
521 543 210.000000
1044 1066 210.000000
1114 1136 210.000000
1000 10440 209.000000
1071 10922 209.000000
35 36 208.000000
160 182 207.000000
1026 1048 207.000000
490 491 206.000000
1364 1365 206.000000
1364 1385 206.000000
1365 1366 206.000000
1366 1367 206.000000
1367 1368 206.000000
10 10283 205.000000
1023 10538 204.000000
1251 1252 204.000000
1252 1253 204.000000
1023 10897 203.000000
543 565 202.000000
1000 10437 202.000000
1042 10768 202.000000
10 10412 201.000000
1069 10831 201.000000
394 395 200.000000
566 567 200.000000
631 632 200.000000
632 633 200.000000
633 634 200.000000
1029 10658 200.000000
1005 10429 199.000000
1021 10552 199.000000
10 10925 198.000000
163 185 198.000000
955 956 198.000000
1180 1202 196.000000
1554 1555 196.000000
1088 10897 195.000000
1049 10680 193.000000
1183 1184 193.000000
1023 10278 191.000000
1028 10892 191.000000
1006 10092 190.000000
1026 10645 190.000000
323 324 189.000000
482 504 189.000000
1004 10171 188.000000
674 675 187.000000
675 676 187.000000
676 677 187.000000
811 833 187.000000
1022 10547 187.000000
1022 10771 187.000000
1201 1223 187.000000
1042 10562 186.000000
1000 10075 184.000000
1004 10831 183.000000
1005 10141 183.000000
1021 10854 183.000000
1021 10945 183.000000
1021 10962 183.000000
1044 10919 183.000000
1224 1246 182.000000
101 102 181.000000
519 520 181.000000
1004 10380 181.000000
1139 1140 181.000000
1140 1141 181.000000
1141 1142 181.000000
1004 10816 180.000000
57 58 178.000000
1001 1023 178.000000
1004 10703 178.000000
1004 10726 178.000000
1022 10545 178.000000
1049 10892 178.000000
851 873 177.000000
1022 10710 177.000000
477 499 176.000000
1229 1230 176.000000
1230 1231 176.000000
253 275 175.000000
677 678 175.000000
1066 10807 175.000000
10 10964 174.000000
1021 10214 174.000000
1021 10507 174.000000
1441 1463 174.000000
1131 1153 173.000000
1228 1229 173.000000
1027 10384 172.000000
1395 1417 172.000000
391 413 171.000000
1021 10261 171.000000
1021 10480 171.000000
1021 10548 171.000000
1021 10773 171.000000
1027 10679 171.000000
1021 10370 170.000000
1021 10422 170.000000
1000 10210 169.000000
1007 10658 169.000000
1069 1091 168.000000
1044 10885 167.000000
1330 1352 167.000000
1466 1488 167.000000
678 679 166.000000
679 680 166.000000
680 681 166.000000
207 229 165.000000
416 417 165.000000
224 225 164.000000
434 456 164.000000
766 788 164.000000
481 482 163.000000
476 498 162.000000
1049 10646 162.000000
1049 10859 162.000000
1050 10672 161.000000
1049 10941 160.000000
184 206 159.000000
637 659 159.000000
659 681 159.000000
773 774 159.000000
1043 1065 159.000000
1003 10386 158.000000
1005 10890 158.000000
1044 10683 158.000000
1004 10890 157.000000
1050 10569 157.000000
1050 10732 157.000000
10 10305 155.000000
1003 10179 155.000000
1004 1026 155.000000
370 392 154.000000
1004 10704 153.000000
1392 1414 152.000000
730 731 151.000000
381 403 150.000000
1218 1240 149.000000
10 10922 148.000000
753 754 148.000000
754 755 148.000000
755 756 148.000000
756 757 148.000000
1065 10978 148.000000
10 10935 146.000000
1004 10603 146.000000
1028 10805 146.000000
1071 10888 146.000000
101 10911 145.000000
1093 10964 145.000000
55 77 144.000000
765 787 144.000000
1006 10266 144.000000
1006 10805 144.000000
359 381 142.000000
1071 10861 142.000000
1182 1183 142.000000
802 803 141.000000
961 983 141.000000
1071 10817 141.000000
10 10677 140.000000
10 10941 140.000000
1320 1341 140.000000
1000 10791 139.000000
28 29 138.000000
415 437 138.000000
1348 1370 138.000000
1023 10525 137.000000
1023 10706 137.000000
1027 10933 136.000000
1117 1118 136.000000
1397 1419 136.000000
10 10544 135.000000
634 635 135.000000
635 636 135.000000
636 637 135.000000
1000 10479 135.000000
1118 1119 135.000000
1119 1120 135.000000
1120 1121 135.000000
1071 10941 134.000000
10 10680 133.000000
122 123 133.000000
1320 1321 133.000000
1321 1322 133.000000
1322 1323 133.000000
1323 1324 133.000000
10 10469 132.000000
917 939 132.000000
1305 1306 132.000000
1306 1307 132.000000
1307 1308 132.000000
1504 1526 131.000000
1004 10565 130.000000
855 856 129.000000
1005 10933 129.000000
1029 10569 129.000000
1029 10732 129.000000
760 761 127.000000
1028 1050 127.000000
1022 10636 126.000000
1071 10859 126.000000
1304 1305 126.000000
830 852 125.000000
957 979 125.000000
1023 10792 125.000000
1023 10833 125.000000
1245 1267 125.000000
1308 1309 125.000000
1000 10198 124.000000
1006 10365 124.000000
350 351 123.000000
1047 10539 123.000000
1304 1326 123.000000
1340 1341 123.000000
1006 10072 122.000000
1027 10704 122.000000
1048 10522 122.000000
906 907 120.000000
907 908 120.000000
908 909 120.000000
909 910 120.000000
910 911 120.000000
1210 1211 120.000000
1210 1231 120.000000
1211 1212 120.000000
1212 1213 120.000000
1213 1214 120.000000
1214 1215 120.000000
1215 1216 120.000000
1023 10394 119.000000
1042 10570 119.000000
324 325 118.000000
1004 10104 118.000000
1047 10842 118.000000
1048 10903 118.000000
1130 1152 118.000000
1238 1239 118.000000
1412 1413 118.000000
1028 10365 117.000000
717 718 115.000000
1005 10079 115.000000
1023 10551 115.000000
1225 1247 115.000000
1022 10807 114.000000
1223 1245 114.000000
1023 10684 113.000000
1027 10587 113.000000
1290 1312 113.000000
33 55 112.000000
1462 1484 112.000000
416 438 111.000000
1049 10559 111.000000
534 535 110.000000
1027 10760 110.000000
1209 1231 110.000000
1005 10138 109.000000
1005 10760 109.000000
1042 10688 109.000000
759 760 107.000000
768 790 107.000000
920 921 107.000000
1004 10587 107.000000
346 368 106.000000
351 373 106.000000
369 391 106.000000
1528 1550 106.000000
1349 1371 105.000000
14 15 104.000000
454 476 104.000000
761 762 102.000000
762 763 102.000000
763 764 102.000000
764 765 102.000000
1049 10585 102.000000
325 326 101.000000
326 327 101.000000
327 328 101.000000
1028 10419 101.000000
1028 10445 101.000000
1028 10604 101.000000
1028 10817 101.000000
1049 10719 101.000000
1028 10861 100.000000
1268 1290 100.000000
1401 1423 100.000000
118 140 99.000000
722 723 99.000000
723 724 99.000000
724 725 99.000000
1071 10719 99.000000
101 10318 98.000000
1324 1346 98.000000
1026 10484 97.000000
1048 10679 97.000000
1004 10825 96.000000
609 610 95.000000
610 611 95.000000
1070 10969 95.000000
1408 1409 95.000000
1408 1429 95.000000
1409 1410 95.000000
1410 1411 95.000000
1411 1412 95.000000
1421 1443 95.000000
13 1575 94.000000
1004 10206 94.000000
1070 10783 94.000000
319 341 92.000000
802 824 92.000000
1026 10788 92.000000
1028 10888 92.000000
1026 10726 91.000000
1386 1387 91.000000
1386 1407 91.000000
1387 1388 91.000000
1388 1389 91.000000
1389 1390 91.000000
328 329 90.000000
460 482 90.000000
426 448 89.000000
868 890 89.000000
1070 10848 89.000000
1070 10902 89.000000
1070 10921 89.000000
1000 1022 88.000000
1023 11000 88.000000
1072 10744 88.000000
1265 1287 88.000000
383 405 87.000000
1070 10951 87.000000
1072 10900 87.000000
1026 10568 86.000000
1026 10664 86.000000
1026 10965 86.000000
533 534 85.000000
1021 10630 85.000000
1021 10884 85.000000
1048 1070 85.000000
1070 10946 85.000000
448 470 83.000000
525 547 83.000000
528 529 83.000000
528 549 83.000000
529 530 83.000000
530 531 83.000000
531 532 83.000000
532 533 83.000000
548 549 83.000000
1072 10928 83.000000
1309 1331 83.000000
1070 10903 82.000000
1510 1532 82.000000
360 382 81.000000
568 569 81.000000
767 789 81.000000
1391 1413 81.000000
873 895 80.000000
1333 1355 80.000000
608 609 78.000000
1000 10057 78.000000
1113 1135 78.000000
349 371 77.000000
390 412 77.000000
1021 10655 77.000000
1358 1380 77.000000
836 857 76.000000
856 857 76.000000
1022 10300 76.000000
1050 10916 76.000000
1050 10975 76.000000
1022 10647 75.000000
1026 10738 75.000000
1026 10775 74.000000
74 96 73.000000
404 426 73.000000
844 845 73.000000
845 846 73.000000
1004 10624 73.000000
1184 1185 73.000000
1185 1186 73.000000
630 631 72.000000
1026 10725 72.000000
52 74 71.000000
324 346 71.000000
347 369 71.000000
1026 10703 71.000000
1026 10808 71.000000
1026 10877 71.000000
276 277 70.000000
277 278 70.000000
278 279 70.000000
279 280 70.000000
280 281 70.000000
281 282 70.000000
282 283 70.000000
283 284 70.000000
284 285 70.000000
781 782 70.000000
1026 10816 70.000000
1070 10775 70.000000
1298 1299 70.000000
1299 1300 70.000000
1300 1301 70.000000
1301 1302 70.000000
1368 1369 70.000000
1026 10299 69.000000
1026 10380 69.000000
1026 10522 69.000000
1026 10903 69.000000
1179 1201 69.000000
1485 1507 69.000000
792 813 68.000000
812 813 68.000000
1026 10603 68.000000
1026 10841 68.000000
1029 10916 68.000000
1049 10604 68.000000
1049 10817 68.000000
1049 10861 68.000000
840 862 67.000000
1006 1028 67.000000
1026 10565 67.000000
1026 10777 67.000000
1026 10810 67.000000
1203 1225 67.000000
1424 1425 67.000000
1425 1426 67.000000
1426 1427 67.000000
1427 1428 67.000000
1428 1429 67.000000
836 837 66.000000
837 838 66.000000
838 839 66.000000
839 840 66.000000
1004 10725 66.000000
1007 10569 66.000000
1007 10732 66.000000
1049 10888 66.000000
1302 1303 66.000000
329 351 65.000000
506 507 65.000000
506 527 65.000000
507 508 65.000000
508 509 65.000000
509 510 65.000000
510 511 65.000000
511 512 65.000000
525 526 65.000000
526 527 65.000000
577 578 65.000000
578 579 65.000000
579 580 65.000000
580 581 65.000000
581 582 65.000000
582 583 65.000000
583 584 65.000000
584 585 65.000000
673 674 65.000000
788 810 65.000000
1022 10297 65.000000
1071 10765 65.000000
1445 1446 65.000000
1446 1447 65.000000
1447 1448 65.000000
1448 1449 65.000000
1449 1450 65.000000
263 285 64.000000
446 468 64.000000
1004 10645 64.000000
1004 10738 64.000000
1070 10703 64.000000
204 226 63.000000
1004 10070 63.000000
1026 10298 63.000000
1065 1087 63.000000
1298 1319 63.000000
1318 1319 63.000000
275 276 62.000000
744 766 62.000000
807 829 62.000000
1023 10355 61.000000
1091 10949 61.000000
1091 10955 61.000000
941 963 60.000000
963 964 60.000000
1026 10268 60.000000
1156 1178 60.000000
569 591 59.000000
840 841 59.000000
841 842 59.000000
842 843 59.000000
843 844 59.000000
1026 10934 59.000000
1048 10603 59.000000
1070 10738 59.000000
1070 10825 59.000000
738 739 58.000000
743 765 58.000000
833 834 58.000000
911 912 58.000000
1021 10537 58.000000
1066 10671 58.000000
1135 1157 58.000000
591 592 57.000000
592 593 57.000000
737 738 57.000000
956 978 57.000000
338 360 56.000000
1029 10975 56.000000
1048 10816 56.000000
1356 1378 56.000000
1463 1485 56.000000
12 1574 55.000000
722 744 55.000000
891 913 55.000000
1004 10539 55.000000
1050 10928 55.000000
139 161 54.000000
414 436 54.000000
869 891 54.000000
1004 10136 54.000000
1004 10777 54.000000
1004 10808 54.000000
1004 10810 54.000000
1004 10841 54.000000
1004 10877 54.000000
13 35 53.000000
818 819 53.000000
819 820 53.000000
820 821 53.000000
821 822 53.000000
822 823 53.000000
823 824 53.000000
898 920 53.000000
1200 1222 53.000000
611 612 52.000000
768 769 52.000000
796 797 52.000000
797 798 52.000000
798 799 52.000000
799 800 52.000000
800 801 52.000000
1048 10725 52.000000
1048 10934 52.000000
1091 10965 52.000000
1413 1435 52.000000
1484 1506 52.000000
748 769 51.000000
1027 10825 51.000000
1070 10725 51.000000
1173 1174 51.000000
1276 1277 51.000000
1276 1297 51.000000
1277 1278 51.000000
1278 1279 51.000000
1279 1280 51.000000
1004 10298 50.000000
1026 10831 50.000000
1048 10890 50.000000
1070 10745 50.000000
1232 1233 50.000000
1232 1253 50.000000
1233 1234 50.000000
1234 1235 50.000000
1235 1236 50.000000
1236 1237 50.000000
1237 1238 50.000000
1398 1420 50.000000
1047 10505 49.000000
1047 10506 49.000000
1047 10783 49.000000
1173 1195 49.000000
1280 1281 49.000000
1281 1282 49.000000
1418 1440 49.000000
1047 10902 48.000000
1047 10951 48.000000
1048 10738 48.000000
1048 10808 48.000000
1048 10841 48.000000
1048 10877 48.000000
1158 1180 48.000000
1266 1288 48.000000
1547 1548 48.000000
547 548 47.000000
748 749 47.000000
749 750 47.000000
750 751 47.000000
751 752 47.000000
814 815 47.000000
815 816 47.000000
816 817 47.000000
1047 10848 47.000000
1047 10921 47.000000
1048 10745 47.000000
1066 10683 47.000000
1066 10919 47.000000
1352 1374 47.000000
1406 1407 47.000000
912 934 46.000000
913 935 46.000000
1004 10934 46.000000
120 142 45.000000
272 294 45.000000
294 316 45.000000
825 847 45.000000
1026 10539 45.000000
1188 1189 45.000000
1188 1209 45.000000
1189 1190 45.000000
1190 1191 45.000000
1191 1192 45.000000
1192 1193 45.000000
1193 1194 45.000000
1048 10587 44.000000
1254 1255 44.000000
1254 1275 44.000000
1255 1256 44.000000
1256 1257 44.000000
1257 1258 44.000000
1258 1259 44.000000
1259 1260 44.000000
1260 1282 44.000000
1341 1363 44.000000
394 416 43.000000
899 900 43.000000
1066 10885 43.000000
1152 1174 43.000000
1324 1325 43.000000
1003 10575 42.000000
1070 10808 42.000000
1070 10877 42.000000
209 231 41.000000
275 297 41.000000
572 573 41.000000
572 593 41.000000
573 574 41.000000
574 575 41.000000
575 576 41.000000
576 577 41.000000
660 661 41.000000
660 681 41.000000
661 662 41.000000
662 663 41.000000
663 664 41.000000
853 875 41.000000
1003 10250 41.000000
1003 10718 41.000000
1022 10437 41.000000
1022 10440 41.000000
1027 10890 41.000000
1066 10791 41.000000
384 406 40.000000
1003 10568 40.000000
1003 10664 40.000000
1003 10788 40.000000
1003 10965 40.000000
1048 10645 40.000000
1048 10777 40.000000
1048 10810 40.000000
1050 10631 40.000000
1440 1462 40.000000
188 189 39.000000
189 190 39.000000
190 191 39.000000
191 192 39.000000
389 411 39.000000
547 569 39.000000
1021 10341 39.000000
1021 10572 39.000000
1066 10706 39.000000
1066 10792 39.000000
1066 10833 39.000000
1066 10897 39.000000
1070 10816 39.000000
1004 10299 38.000000
1004 10903 38.000000
1047 10775 38.000000
524 546 37.000000
770 792 37.000000
814 835 37.000000
834 835 37.000000
895 917 37.000000
1100 1101 37.000000
1100 1121 37.000000
1101 1102 37.000000
1102 1103 37.000000
1103 1104 37.000000
1104 1105 37.000000
1105 1106 37.000000
1106 1107 37.000000
1107 1108 37.000000
1550 1572 37.000000
75 97 36.000000
716 717 36.000000
1066 10684 36.000000
10 1572 35.000000
51 73 35.000000
345 367 35.000000
1070 10934 35.000000
1422 1444 35.000000
14 36 33.000000
144 166 33.000000
1000 10156 33.000000
1004 10522 33.000000
1005 1027 33.000000
1025 1047 33.000000
1194 1195 33.000000
1414 1436 33.000000
1047 10934 32.000000
1066 11000 32.000000
1069 10842 32.000000
187 209 31.000000
328 350 31.000000
792 793 31.000000
793 794 31.000000
794 795 31.000000
795 796 31.000000
1022 10338 31.000000
1022 10885 31.000000
1048 10825 31.000000
1136 1158 31.000000
395 417 30.000000
664 686 30.000000
1003 10407 30.000000
1003 10842 30.000000
1007 10128 30.000000
1069 10788 30.000000
344 366 29.000000
630 652 29.000000
1069 10718 29.000000
1069 10965 29.000000
1070 10777 29.000000
1070 10810 29.000000
1070 10841 29.000000
140 162 28.000000
162 184 28.000000
520 542 28.000000
752 753 28.000000
1021 10353 28.000000
1021 10543 28.000000
1021 10978 28.000000
1347 1369 28.000000
30 52 27.000000
555 577 27.000000
615 637 27.000000
686 687 27.000000
687 688 27.000000
688 689 27.000000
689 690 27.000000
690 691 27.000000
691 692 27.000000
692 693 27.000000
902 903 27.000000
903 904 27.000000
904 905 27.000000
1287 1309 27.000000
1312 1334 27.000000
490 512 26.000000
902 923 26.000000
918 940 26.000000
921 922 26.000000
922 923 26.000000
1022 10320 26.000000
1022 10683 26.000000
1022 10919 26.000000
1092 10933 26.000000
101 10566 25.000000
101 10591 25.000000
101 10963 25.000000
164 186 25.000000
862 863 25.000000
863 864 25.000000
864 865 25.000000
865 866 25.000000
866 867 25.000000
867 868 25.000000
1022 10284 25.000000
1022 10289 25.000000
1181 1203 25.000000
1325 1326 25.000000
101 10767 24.000000
101 10826 24.000000
209 210 24.000000
555 556 24.000000
1005 10670 24.000000
1022 10479 24.000000
1022 10791 24.000000
1043 10440 24.000000
1043 10479 24.000000
1043 10791 24.000000
1049 10933 24.000000
1071 10839 24.000000
322 344 23.000000
817 818 23.000000
1227 1249 23.000000
137 138 22.000000
138 160 22.000000
372 394 22.000000
858 859 22.000000
858 879 22.000000
859 860 22.000000
860 861 22.000000
861 862 22.000000
877 878 22.000000
878 879 22.000000
1071 10933 22.000000
1093 10941 22.000000
1430 1431 22.000000
1430 1451 22.000000
1431 1432 22.000000
1432 1433 22.000000
1444 1466 22.000000
1450 1451 22.000000
77 99 21.000000
142 164 21.000000
1064 1065 21.000000
1222 1244 21.000000
1269 1291 21.000000
1374 1396 21.000000
76 98 20.000000
523 545 20.000000
609 631 20.000000
1004 10268 20.000000
1022 10264 20.000000
1047 10565 20.000000
1187 1209 20.000000
1368 1390 20.000000
1369 1391 20.000000
1529 1551 20.000000
743 744 19.000000
846 847 19.000000
1072 10805 19.000000
285 307 18.000000
744 745 18.000000
745 746 18.000000
964 965 18.000000
1000 10551 18.000000
1000 10671 18.000000
1000 10684 18.000000
1325 1347 18.000000
50 51 17.000000
50 72 17.000000
325 347 17.000000
612 613 17.000000
613 614 17.000000
614 615 17.000000
1047 10484 17.000000
1091 10946 17.000000
1091 10969 17.000000
1274 1275 17.000000
1445 1467 17.000000
593 615 16.000000
1043 10636 16.000000
1532 1533 16.000000
241 263 15.000000
350 372 15.000000
424 446 15.000000
503 525 15.000000
1087 1109 15.000000
1092 1114 15.000000
136 137 14.000000
136 158 14.000000
739 740 14.000000
740 741 14.000000
741 742 14.000000
742 743 14.000000
928 929 14.000000
929 930 14.000000
930 931 14.000000
931 932 14.000000
932 933 14.000000
1000 10038 14.000000
1047 10831 14.000000
1093 1115 14.000000
1261 1283 14.000000
1288 1310 14.000000
1305 1327 14.000000
297 298 13.000000
298 299 13.000000
299 300 13.000000
300 301 13.000000
301 302 13.000000
302 303 13.000000
303 304 13.000000
304 305 13.000000
305 306 13.000000
306 307 13.000000
337 359 13.000000
435 457 13.000000
550 551 13.000000
550 571 13.000000
551 552 13.000000
552 553 13.000000
553 554 13.000000
554 555 13.000000
556 557 13.000000
557 558 13.000000
558 559 13.000000
559 560 13.000000
560 561 13.000000
561 562 13.000000
562 563 13.000000
569 570 13.000000
570 571 13.000000
1000 10278 13.000000
1000 10320 13.000000
1000 10683 13.000000
1007 10975 13.000000
1099 1121 13.000000
1271 1293 13.000000
402 424 12.000000
677 699 12.000000
699 721 12.000000
731 753 12.000000
933 934 12.000000
962 984 12.000000
1000 10264 12.000000
1000 10284 12.000000
1000 10919 12.000000
1022 1044 12.000000
1028 10765 12.000000
1044 10538 12.000000
1044 10897 12.000000
1050 1072 12.000000
1078 1079 12.000000
1078 1099 12.000000
1079 1080 12.000000
1080 1081 12.000000
1081 1082 12.000000
1082 1083 12.000000
1083 1084 12.000000
1084 1085 12.000000
1085 1086 12.000000
1108 1130 12.000000
1194 1216 12.000000
100 10889 11.000000
101 10794 11.000000
119 141 11.000000
232 233 11.000000
233 234 11.000000
234 235 11.000000
235 236 11.000000
236 237 11.000000
237 238 11.000000
238 239 11.000000
239 240 11.000000
240 241 11.000000
693 694 11.000000
694 695 11.000000
1049 10765 11.000000
1091 10921 11.000000
1091 10934 11.000000
1091 10951 11.000000
1139 1161 11.000000
1144 1145 11.000000
1144 1165 11.000000
1145 1146 11.000000
1146 1147 11.000000
1147 1148 11.000000
1148 1149 11.000000
1149 1150 11.000000
1150 1151 11.000000
1151 1152 11.000000
1375 1397 11.000000
1394 1416 11.000000
101 10295 10.000000
101 10328 10.000000
242 264 10.000000
533 555 10.000000
704 705 10.000000
704 725 10.000000
705 706 10.000000
706 707 10.000000
707 708 10.000000
726 727 10.000000
727 728 10.000000
728 729 10.000000
729 730 10.000000
814 836 10.000000
846 868 10.000000
946 947 10.000000
947 948 10.000000
948 949 10.000000
1050 10805 10.000000
1303 1304 10.000000
1316 1338 10.000000
58 59 9.000000
59 60 9.000000
60 82 9.000000
166 167 9.000000
167 168 9.000000
168 169 9.000000
169 170 9.000000
253 254 9.000000
254 255 9.000000
255 256 9.000000
256 257 9.000000
257 258 9.000000
258 259 9.000000
259 260 9.000000
260 261 9.000000
261 262 9.000000
262 263 9.000000
437 459 9.000000
502 524 9.000000
678 700 9.000000
700 722 9.000000
708 730 9.000000
774 775 9.000000
775 776 9.000000
776 777 9.000000
777 778 9.000000
787 809 9.000000
1000 10107 9.000000
1000 10289 9.000000
1021 10579 9.000000
1021 10588 9.000000
1093 10935 9.000000
1166 1167 9.000000
1166 1187 9.000000
1167 1168 9.000000
1168 1169 9.000000
1169 1170 9.000000
1170 1171 9.000000
1171 1172 9.000000
1172 1173 9.000000
1275 1297 9.000000
14 1576 8.000000
137 159 8.000000
392 414 8.000000
829 851 8.000000
1049 1071 8.000000
1244 1266 8.000000
1357 1379 8.000000
1452 1453 8.000000
1452 1473 8.000000
1453 1454 8.000000
1454 1455 8.000000
1455 1456 8.000000
1468 1469 8.000000
1469 1470 8.000000
1470 1471 8.000000
1471 1472 8.000000
1472 1473 8.000000
876 898 7.000000
946 968 7.000000
968 989 7.000000
986 987 7.000000
987 988 7.000000
988 989 7.000000
1000 10338 7.000000
1000 10885 7.000000
1021 10226 7.000000
1021 10285 7.000000
1044 10706 7.000000
1044 11000 7.000000
1047 10568 7.000000
1047 10575 7.000000
1047 10664 7.000000
1047 10718 7.000000
1047 10788 7.000000
1047 10965 7.000000
1065 10771 7.000000
1094 1095 7.000000
1095 1117 7.000000
1298 1320 7.000000
1310 1332 7.000000
1554 1576 7.000000
11 1573 6.000000
206 228 6.000000
208 230 6.000000
594 595 6.000000
594 615 6.000000
595 596 6.000000
596 597 6.000000
597 598 6.000000
726 747 6.000000
781 803 6.000000
880 881 6.000000
880 901 6.000000
881 882 6.000000
882 883 6.000000
883 884 6.000000
900 901 6.000000
1186 1187 6.000000
1302 1324 6.000000
1315 1337 6.000000
686 708 5.000000
746 747 5.000000
832 854 5.000000
897 919 5.000000
919 941 5.000000
1043 10437 5.000000
1043 10545 5.000000
1043 10710 5.000000
1044 10525 5.000000
1044 10792 5.000000
1044 10833 5.000000
1162 1163 5.000000
1163 1164 5.000000
1164 1165 5.000000
1165 1187 5.000000
1184 1206 5.000000
1332 1354 5.000000
1402 1424 5.000000
54 76 4.000000
726 748 4.000000
833 855 4.000000
1088 11000 4.000000
1195 1217 4.000000
1226 1248 4.000000
1331 1353 4.000000
1548 1570 4.000000
186 208 3.000000
315 337 3.000000
587 609 3.000000
616 617 3.000000
616 637 3.000000
617 618 3.000000
618 619 3.000000
619 620 3.000000
620 642 3.000000
642 664 3.000000
672 673 3.000000
760 782 3.000000
790 812 3.000000
831 853 3.000000
946 967 3.000000
965 966 3.000000
966 967 3.000000
1229 1251 3.000000
1412 1434 3.000000
1474 1475 3.000000
1474 1495 3.000000
1475 1476 3.000000
1476 1477 3.000000
1489 1490 3.000000
1490 1491 3.000000
1491 1492 3.000000
1492 1493 3.000000
1493 1494 3.000000
1494 1495 3.000000
100 10496 2.000000
192 193 2.000000
193 194 2.000000
194 195 2.000000
195 196 2.000000
196 197 2.000000
197 219 2.000000
219 241 2.000000
220 221 2.000000
220 241 2.000000
221 222 2.000000
222 223 2.000000
223 224 2.000000
468 490 2.000000
608 630 2.000000
642 643 2.000000
643 644 2.000000
644 645 2.000000
645 646 2.000000
646 647 2.000000
647 648 2.000000
648 649 2.000000
649 650 2.000000
786 808 2.000000
789 811 2.000000
796 818 2.000000
808 830 2.000000
818 840 2.000000
933 955 2.000000
934 956 2.000000
1042 10655 2.000000
1044 10551 2.000000
1044 10671 2.000000
1044 10684 2.000000
1086 1108 2.000000
1280 1302 2.000000
1353 1375 2.000000
154 155 1.000000
154 175 1.000000
155 156 1.000000
156 157 1.000000
157 158 1.000000
170 171 1.000000
171 172 1.000000
172 173 1.000000
173 174 1.000000
174 175 1.000000
373 395 1.000000
735 757 1.000000
747 769 1.000000
778 779 1.000000
779 780 1.000000
780 781 1.000000
856 878 1.000000
878 900 1.000000
884 885 1.000000
885 886 1.000000
886 887 1.000000
887 888 1.000000
888 889 1.000000
889 890 1.000000
902 924 1.000000
924 945 1.000000
943 944 1.000000
944 945 1.000000
1072 1073 1.000000
1073 1074 1.000000
1074 1075 1.000000
1075 1076 1.000000
1076 1077 1.000000
1077 1099 1.000000
1118 1140 1.000000
1140 1162 1.000000
1246 1268 1.000000
1267 1289 1.000000
1373 1395 1.000000
1416 1438 1.000000
1547 1569 1.000000
