1382 1383 17310.000000
1338 1339 16418.000000
366 367 14830.000000
367 368 14830.000000
368 369 14830.000000
369 370 14830.000000
13 14 14697.000000
14 15 14302.000000
1381 1382 12905.000000
365 366 12199.000000
1403 1404 11993.000000
370 371 11981.000000
1206 1207 11701.000000
1380 1381 11640.000000
12 13 11573.000000
11 12 11252.000000
1402 1403 10308.000000
410 411 10243.000000
411 412 10243.000000
412 413 10243.000000
413 414 10124.000000
1401 1402 9862.000000
1184 1185 9859.000000
15 16 9531.000000
1400 1401 9462.000000
1418 1419 9075.000000
1398 1399 8862.000000
371 372 8807.000000
1379 1380 8720.000000
1396 1397 8709.000000
1397 1398 8708.000000
1048 1049 8675.000000
1049 1050 8675.000000
1399 1400 8657.000000
1205 1206 8597.000000
1420 1421 8401.000000
388 389 8334.000000
389 390 8334.000000
390 391 8334.000000
391 392 8334.000000
1183 1184 8178.000000
1118 1119 8161.000000
1359 1360 8137.000000
1337 1338 8131.000000
1421 1422 8049.000000
1119 1120 8035.000000
1204 1205 7999.000000
1336 1337 7875.000000
409 410 7832.000000
1419 1420 7830.000000
1424 1425 7414.000000
1117 1118 7396.000000
1358 1359 7373.000000
1228 1229 7339.000000
1425 1426 7304.000000
454 455 6987.000000
455 456 6987.000000
456 457 6987.000000
458 459 6964.000000
1423 1424 6901.000000
1529 1530 6778.000000
1422 1423 6777.000000
276 277 6755.000000
1207 1208 6657.000000
1047 1048 6582.000000
1335 1336 6504.000000
1070 1071 6503.000000
1071 1072 6503.000000
1072 1073 6495.000000
1339 1340 6426.000000
414 415 6329.000000
1162 1163 6294.000000
233 234 6226.000000
1182 1183 6192.000000
1357 1358 6183.000000
1163 1164 6165.000000
1530 1531 6161.000000
1417 1418 6151.000000
1360 1361 6097.000000
1294 1295 6055.000000
35 36 6008.000000
16 17 5968.000000
1227 1228 5884.000000
320 321 5860.000000
387 388 5797.000000
1004 1005 5714.000000
1005 1006 5714.000000
1006 1007 5714.000000
1051 1052 5673.000000
1395 1396 5655.000000
1046 1047 5562.000000
343 344 5474.000000
457 458 5409.000000
298 299 5362.000000
833 834 5305.000000
983 984 5215.000000
984 985 5215.000000
1050 1051 5184.000000
1140 1141 5131.000000
344 345 5106.000000
345 346 5106.000000
346 347 5106.000000
347 348 5106.000000
1295 1296 5092.000000
1339 1361 4931.000000
1531 1532 4910.000000
1026 1027 4874.000000
1027 1028 4874.000000
1028 1029 4874.000000
386 387 4811.000000
1120 1121 4757.000000
1141 1142 4657.000000
79 80 4640.000000
1139 1140 4611.000000
1030 1031 4581.000000
1293 1294 4566.000000
415 416 4451.000000
1426 1427 4438.000000
1226 1227 4436.000000
297 298 4434.000000
1356 1357 4397.000000
1073 1074 4336.000000
321 322 4329.000000
277 278 4284.000000
1378 1379 4267.000000
459 460 4206.000000
1355 1356 4124.000000
392 393 4074.000000
1161 1162 4012.000000
1272 1273 4009.000000
1178 1179 4007.000000
1179 1180 4007.000000
1180 1181 4007.000000
78 79 3987.000000
1446 1447 3961.000000
416 417 3914.000000
502 503 3908.000000
1447 1448 3897.000000
1486 1487 3876.000000
1445 1446 3858.000000
982 983 3804.000000
1485 1486 3789.000000
1249 1250 3758.000000
254 255 3752.000000
210 211 3736.000000
1251 1252 3721.000000
1221 1222 3698.000000
1222 1223 3698.000000
1223 1224 3698.000000
1224 1225 3698.000000
364 365 3659.000000
1113 1114 3647.000000
1114 1115 3647.000000
1115 1116 3647.000000
1469 1470 3623.000000
1229 1230 3602.000000
1487 1488 3597.000000
1250 1251 3590.000000
1292 1293 3570.000000
57 58 3546.000000
232 233 3539.000000
1444 1445 3507.000000
319 320 3505.000000
1532 1533 3491.000000
830 831 3484.000000
831 832 3484.000000
832 833 3484.000000
1468 1469 3476.000000
1138 1139 3452.000000
1467 1468 3450.000000
431 432 3418.000000
432 433 3418.000000
433 434 3418.000000
434 435 3418.000000
1069 1070 3413.000000
1208 1209 3413.000000
211 212 3382.000000
1316 1317 3342.000000
166 167 3336.000000
961 962 3335.000000
962 963 3335.000000
960 961 3319.000000
436 437 3304.000000
165 166 3224.000000
77 78 3201.000000
545 546 3197.000000
322 323 3184.000000
1074 1075 3152.000000
497 498 3127.000000
498 499 3127.000000
499 500 3127.000000
500 501 3127.000000
143 144 3120.000000
277 299 3080.000000
1177 1178 3068.000000
1533 1534 3043.000000
1269 1270 3016.000000
142 143 3014.000000
1252 1253 3006.000000
167 168 3002.000000
164 165 2979.000000
1248 1249 2974.000000
1273 1274 2969.000000
1352 1353 2965.000000
1353 1354 2965.000000
1354 1355 2965.000000
1116 1117 2920.000000
323 324 2883.000000
324 325 2883.000000
325 326 2883.000000
460 461 2857.000000
370 392 2849.000000
76 77 2841.000000
189 190 2835.000000
1007 1008 2827.000000
1225 1226 2759.000000
1230 1231 2750.000000
120 121 2733.000000
501 502 2725.000000
1488 1489 2723.000000
407 408 2695.000000
121 122 2670.000000
144 145 2666.000000
981 982 2657.000000
1029 1030 2656.000000
342 343 2629.000000
1120 1142 2619.000000
1314 1315 2605.000000
234 235 2601.000000
1489 1490 2590.000000
372 373 2586.000000
1181 1182 2574.000000
1270 1271 2568.000000
408 409 2560.000000
101 102 2553.000000
34 35 2552.000000
1534 1535 2534.000000
1003 1004 2529.000000
1315 1316 2516.000000
985 986 2499.000000
1490 1491 2498.000000
100 101 2497.000000
1462 1463 2488.000000
475 476 2485.000000
476 477 2485.000000
477 478 2485.000000
478 479 2485.000000
1351 1352 2483.000000
33 34 2472.000000
186 187 2440.000000
1095 1096 2431.000000
187 188 2427.000000
1271 1272 2407.000000
122 123 2383.000000
1200 1201 2352.000000
1201 1202 2352.000000
1202 1203 2352.000000
1291 1292 2349.000000
1025 1026 2326.000000
352 373 2309.000000
36 37 2288.000000
1274 1275 2272.000000
185 186 2269.000000
385 386 2267.000000
453 454 2266.000000
1552 1553 2252.000000
1185 1186 2230.000000
1466 1467 2228.000000
58 59 2220.000000
765 766 2217.000000
766 767 2217.000000
767 768 2217.000000
430 431 2208.000000
1464 1465 2197.000000
959 960 2187.000000
1394 1395 2182.000000
56 57 2170.000000
80 81 2163.000000
939 940 2159.000000
940 941 2159.000000
986 987 2159.000000
1008 1009 2157.000000
435 436 2148.000000
428 429 2140.000000
1091 1092 2120.000000
1092 1093 2120.000000
1093 1094 2120.000000
437 438 2108.000000
1188 1209 2097.000000
255 256 2086.000000
473 474 2065.000000
396 397 2062.000000
768 769 2051.000000
503 504 2050.000000
1313 1314 2040.000000
1443 1444 2039.000000
190 212 2037.000000
188 189 2028.000000
855 856 2019.000000
396 417 2013.000000
321 343 2011.000000
229 230 2003.000000
230 231 2003.000000
915 916 2000.000000
479 480 1995.000000
32 33 1992.000000
1203 1204 1991.000000
1465 1466 1988.000000
1361 1362 1987.000000
320 342 1984.000000
429 430 1962.000000
1461 1462 1955.000000
481 482 1939.000000
1199 1200 1928.000000
1441 1442 1908.000000
326 327 1891.000000
1508 1509 1866.000000
941 942 1851.000000
459 481 1841.000000
1442 1443 1841.000000
1052 1053 1832.000000
1112 1113 1830.000000
1551 1552 1822.000000
1553 1554 1818.000000
1482 1483 1803.000000
1483 1484 1803.000000
393 394 1779.000000
231 232 1774.000000
938 939 1749.000000
438 439 1747.000000
1377 1378 1726.000000
836 857 1724.000000
1296 1297 1724.000000
1134 1135 1718.000000
1135 1136 1718.000000
1136 1137 1718.000000
856 857 1715.000000
1002 1003 1713.000000
1068 1069 1709.000000
1463 1464 1695.000000
987 988 1691.000000
299 300 1687.000000
1554 1555 1683.000000
480 481 1682.000000
55 56 1676.000000
1295 1317 1675.000000
1007 10331 1670.000000
1374 1375 1645.000000
163 164 1643.000000
1375 1376 1638.000000
610 611 1636.000000
234 256 1623.000000
228 229 1622.000000
253 254 1620.000000
1376 1377 1616.000000
1334 1335 1606.000000
899 900 1600.000000
37 38 1591.000000
1186 1187 1581.000000
145 146 1571.000000
1308 1309 1544.000000
1309 1310 1544.000000
1310 1311 1544.000000
1311 1312 1544.000000
418 439 1539.000000
1509 1510 1539.000000
1137 1138 1531.000000
504 505 1530.000000
1555 1556 1526.000000
1556 1557 1523.000000
452 453 1518.000000
502 524 1514.000000
233 255 1507.000000
769 791 1506.000000
748 769 1504.000000
872 873 1501.000000
1163 1185 1499.000000
1373 1374 1496.000000
1340 1341 1471.000000
451 452 1465.000000
1031 1032 1452.000000
352 353 1447.000000
937 938 1446.000000
348 349 1442.000000
484 505 1440.000000
1510 1511 1439.000000
921 922 1437.000000
101 123 1434.000000
417 439 1426.000000
1243 1244 1424.000000
1244 1245 1424.000000
1245 1246 1424.000000
1232 1253 1415.000000
1331 1332 1406.000000
1332 1333 1405.000000
1090 1091 1404.000000
415 437 1400.000000
852 853 1392.000000
853 854 1392.000000
472 473 1383.000000
1160 1161 1373.000000
854 855 1360.000000
102 10317 1354.000000
59 60 1343.000000
141 142 1338.000000
371 393 1337.000000
1511 1512 1325.000000
1094 1095 1324.000000
208 209 1322.000000
394 395 1322.000000
209 210 1304.000000
1383 1384 1284.000000
917 918 1278.000000
918 919 1278.000000
919 920 1278.000000
922 923 1276.000000
834 835 1271.000000
546 547 1262.000000
372 394 1260.000000
920 921 1259.000000
1419 1441 1253.000000
829 830 1251.000000
1512 1513 1248.000000
1073 10811 1245.000000
546 568 1239.000000
1333 1334 1222.000000
1426 1448 1216.000000
877 878 1210.000000
1439 1440 1209.000000
1440 1441 1209.000000
1404 1405 1204.000000
1307 1308 1187.000000
876 877 1184.000000
748 749 1174.000000
1484 1485 1174.000000
1312 1313 1172.000000
792 813 1156.000000
311 312 1153.000000
312 313 1153.000000
313 314 1153.000000
314 315 1153.000000
315 316 1153.000000
316 317 1153.000000
317 318 1153.000000
318 319 1153.000000
1513 1514 1148.000000
384 385 1144.000000
418 419 1115.000000
440 461 1104.000000
102 103 1091.000000
916 917 1090.000000
1096 1097 1089.000000
168 169 1088.000000
54 55 1084.000000
1265 1266 1079.000000
1266 1267 1079.000000
1267 1268 1079.000000
397 419 1071.000000
873 874 1067.000000
874 875 1067.000000
875 876 1067.000000
900 901 1051.000000
965 966 1050.000000
474 475 1043.000000
374 395 1036.000000
1075 1076 1032.000000
1208 1230 1031.000000
964 965 1030.000000
963 964 1026.000000
568 569 1019.000000
326 348 1016.000000
1246 1247 1016.000000
1491 1492 1015.000000
207 208 1014.000000
880 901 1014.000000
1416 1417 1008.000000
460 482 990.000000
833 855 990.000000
1395 1417 989.000000
146 147 980.000000
943 944 978.000000
1031 1053 973.000000
123 124 968.000000
1164 1165 964.000000
749 750 951.000000
1557 1558 940.000000
1207 1229 939.000000
1024 1025 920.000000
190 191 904.000000
1052 10680 901.000000
484 485 898.000000
1004 10107 897.000000
1507 1508 894.000000
878 879 888.000000
353 354 878.000000
1364 1385 878.000000
1007 10225 877.000000
942 943 871.000000
1166 1187 866.000000
1268 1269 859.000000
119 120 858.000000
232 254 842.000000
374 375 839.000000
812 813 837.000000
1009 1010 837.000000
406 407 835.000000
1384 1385 833.000000
210 232 809.000000
103 104 804.000000
255 277 804.000000
1330 1331 799.000000
1364 1365 795.000000
349 350 793.000000
525 526 789.000000
1247 1248 788.000000
1350 1351 786.000000
836 837 784.000000
376 377 763.000000
377 378 763.000000
378 379 763.000000
379 380 763.000000
380 381 763.000000
381 382 763.000000
382 383 763.000000
383 384 763.000000
450 451 759.000000
1329 1330 756.000000
299 321 754.000000
98 99 751.000000
895 896 751.000000
896 897 751.000000
897 898 751.000000
482 483 750.000000
330 331 747.000000
589 590 744.000000
524 525 741.000000
1276 1277 741.000000
1277 1278 741.000000
212 213 738.000000
457 479 737.000000
1165 1187 737.000000
440 441 736.000000
1318 1319 736.000000
814 835 733.000000
547 548 732.000000
81 82 729.000000
944 945 725.000000
1317 1318 725.000000
494 495 710.000000
363 364 703.000000
495 496 701.000000
496 497 701.000000
462 483 698.000000
385 407 695.000000
1470 1471 695.000000
275 276 693.000000
397 398 693.000000
1276 1297 693.000000
1460 1461 692.000000
206 207 682.000000
1382 1404 679.000000
256 278 678.000000
341 342 670.000000
1438 1439 658.000000
330 351 656.000000
350 351 656.000000
526 527 645.000000
327 328 642.000000
188 210 641.000000
1342 1343 641.000000
569 570 622.000000
144 166 620.000000
1144 1165 619.000000
398 399 617.000000
399 400 617.000000
400 401 617.000000
401 402 617.000000
402 403 617.000000
403 404 617.000000
404 405 617.000000
405 406 617.000000
528 549 616.000000
570 571 615.000000
1573 1574 609.000000
289 290 606.000000
290 291 606.000000
291 292 606.000000
292 293 606.000000
293 294 606.000000
894 895 606.000000
988 989 601.000000
792 793 588.000000
828 829 588.000000
100 10145 587.000000
1220 1221 585.000000
743 744 582.000000
744 745 582.000000
745 746 582.000000
276 298 581.000000
124 125 572.000000
100 10916 569.000000
223 224 568.000000
224 225 568.000000
225 226 568.000000
226 227 568.000000
966 967 568.000000
1242 1243 568.000000
227 228 567.000000
100 10732 565.000000
100 10975 565.000000
1574 1575 565.000000
343 365 564.000000
1342 1363 558.000000
1362 1363 558.000000
1156 1157 551.000000
1157 1158 551.000000
1158 1159 551.000000
1159 1160 551.000000
105 106 550.000000
106 107 550.000000
107 108 550.000000
1007 10136 548.000000
506 527 547.000000
1372 1373 544.000000
1166 1167 541.000000
548 549 535.000000
770 791 533.000000
364 386 531.000000
332 333 529.000000
333 334 529.000000
334 335 529.000000
335 336 529.000000
336 337 529.000000
337 338 529.000000
338 339 529.000000
339 340 529.000000
1119 1141 529.000000
406 428 527.000000
184 185 521.000000
1008 10141 517.000000
770 771 514.000000
1074 1096 514.000000
784 785 509.000000
1463 1485 509.000000
808 809 508.000000
809 810 508.000000
810 811 508.000000
1074 10752 506.000000
785 786 496.000000
13 35 484.000000
147 148 484.000000
898 899 479.000000
1048 10525 479.000000
1503 1504 478.000000
1504 1505 478.000000
1505 1506 478.000000
1506 1507 478.000000
101 10563 472.000000
1007 10407 469.000000
60 61 468.000000
1232 1233 465.000000
1233 1234 465.000000
101 10143 461.000000
1026 10628 461.000000
1210 1231 459.000000
273 274 458.000000
274 275 458.000000
851 852 458.000000
850 851 457.000000
811 812 455.000000
1322 1323 453.000000
298 320 447.000000
871 872 444.000000
1007 10624 442.000000
764 765 438.000000
1252 1274 437.000000
1287 1288 437.000000
1288 1289 437.000000
1289 1290 437.000000
1365 1366 437.000000
1361 1383 436.000000
1422 1444 433.000000
442 443 429.000000
443 444 429.000000
444 445 429.000000
445 446 429.000000
446 447 429.000000
447 448 429.000000
448 449 429.000000
449 450 429.000000
611 612 428.000000
327 349 424.000000
1008 10933 424.000000
1046 10570 420.000000
1009 10805 419.000000
167 189 415.000000
38 39 413.000000
288 289 413.000000
1246 1268 408.000000
484 506 404.000000
1029 10476 400.000000
1320 1341 400.000000
441 463 397.000000
294 295 396.000000
295 296 396.000000
296 297 396.000000
251 252 395.000000
252 253 395.000000
528 550 394.000000
1535 1536 394.000000
1298 1299 392.000000
14 36 389.000000
1068 10768 388.000000
523 524 384.000000
1008 10429 384.000000
101 10423 382.000000
1048 10792 378.000000
17 18 377.000000
1048 11000 373.000000
163 185 372.000000
125 126 371.000000
309 310 371.000000
437 459 370.000000
308 329 369.000000
328 329 369.000000
278 279 365.000000
1176 1177 363.000000
1050 10831 362.000000
1046 10599 360.000000
308 309 357.000000
721 722 357.000000
722 723 357.000000
723 724 357.000000
1004 10628 357.000000
858 879 352.000000
1320 1321 352.000000
1321 1322 352.000000
1298 1319 344.000000
450 472 341.000000
1328 1329 339.000000
1264 1265 338.000000
340 341 337.000000
1144 1166 337.000000
1133 1134 333.000000
1074 10825 332.000000
100 10631 331.000000
342 364 331.000000
1177 1199 331.000000
463 464 329.000000
464 465 329.000000
465 466 329.000000
466 467 329.000000
467 468 329.000000
468 469 329.000000
469 470 329.000000
470 471 329.000000
319 341 326.000000
1198 1199 325.000000
1069 10741 323.000000
1069 10757 323.000000
1030 10331 322.000000
1051 10587 321.000000
1323 1324 321.000000
1324 1325 321.000000
1325 1326 321.000000
1326 1327 321.000000
1327 1328 321.000000
1075 1097 320.000000
32 54 319.000000
481 503 315.000000
1008 10245 313.000000
1046 10688 313.000000
1046 10962 313.000000
550 571 312.000000
941 963 308.000000
162 163 305.000000
1507 1529 304.000000
12 34 299.000000
119 141 298.000000
724 725 296.000000
103 10889 295.000000
462 463 295.000000
1029 10386 293.000000
1046 10507 292.000000
1046 10945 292.000000
1053 10672 291.000000
1026 10425 290.000000
1026 10482 290.000000
1146 1168 289.000000
1053 10698 287.000000
1053 10758 287.000000
1144 1145 287.000000
1145 1146 287.000000
807 808 286.000000
1553 1575 286.000000
365 387 284.000000
414 436 284.000000
738 739 284.000000
739 740 284.000000
1204 1226 284.000000
1290 1291 282.000000
328 350 281.000000
458 480 280.000000
782 783 278.000000
783 784 278.000000
373 395 277.000000
1007 10450 277.000000
1007 10505 277.000000
1007 10506 277.000000
1007 10783 277.000000
1188 1189 276.000000
1189 1190 276.000000
1190 1191 276.000000
1396 1418 276.000000
1047 10636 273.000000
1026 10791 272.000000
1070 10897 272.000000
1089 1090 272.000000
1026 10479 270.000000
100 10569 268.000000
1090 1112 268.000000
1029 1051 266.000000
1209 1231 266.000000
1025 10579 265.000000
1025 10588 265.000000
938 960 264.000000
1096 10964 263.000000
231 253 260.000000
429 451 259.000000
1002 10077 259.000000
1046 10548 258.000000
1052 10922 258.000000
271 272 257.000000
272 273 257.000000
501 523 257.000000
1051 10721 256.000000
1481 1482 256.000000
145 167 254.000000
1007 10951 253.000000
1343 1344 253.000000
123 145 252.000000
1008 10399 252.000000
1026 10297 252.000000
1004 10075 250.000000
1032 10569 249.000000
1167 1168 248.000000
746 747 247.000000
1007 10645 247.000000
1007 10969 247.000000
35 57 244.000000
1029 10640 244.000000
100 10053 242.000000
1007 10484 241.000000
1210 1211 241.000000
1211 1212 241.000000
439 461 240.000000
1026 10284 240.000000
1046 10854 240.000000
1048 10628 238.000000
1029 10298 237.000000
1118 1140 237.000000
140 141 236.000000
451 473 235.000000
1007 10902 235.000000
1007 10921 235.000000
1073 10842 235.000000
267 268 234.000000
268 269 234.000000
269 270 234.000000
270 271 234.000000
1007 10848 234.000000
1029 10902 234.000000
101 10900 233.000000
1007 10476 233.000000
101 10189 232.000000
726 727 232.000000
354 355 231.000000
355 356 231.000000
356 357 231.000000
357 358 231.000000
358 359 231.000000
359 360 231.000000
360 361 231.000000
361 362 231.000000
1004 10538 231.000000
1004 10897 231.000000
1051 10946 231.000000
726 747 230.000000
1051 10949 230.000000
1007 10250 229.000000
1002 10548 228.000000
558 559 226.000000
662 684 226.000000
1007 10575 226.000000
419 420 225.000000
420 421 225.000000
421 422 225.000000
422 423 225.000000
423 424 225.000000
424 425 225.000000
425 426 225.000000
426 427 225.000000
427 428 225.000000
806 807 225.000000
1051 10811 223.000000
1051 10955 223.000000
1030 1052 222.000000
289 311 220.000000
1070 10833 220.000000
101 10157 218.000000
1007 10775 217.000000
612 613 216.000000
613 614 216.000000
614 615 216.000000
792 814 216.000000
1008 10670 216.000000
1094 10969 216.000000
1009 10092 215.000000
902 923 212.000000
100 122 211.000000
750 751 211.000000
751 752 211.000000
752 753 211.000000
753 754 211.000000
754 755 211.000000
1488 1510 211.000000
1004 10065 209.000000
1073 1095 209.000000
34 56 207.000000
101 10462 207.000000
1004 10198 206.000000
101 10366 205.000000
101 10698 205.000000
101 10758 205.000000
1367 1368 204.000000
1368 1369 204.000000
1369 1370 204.000000
1370 1371 204.000000
1371 1372 204.000000
591 592 203.000000
592 593 203.000000
678 679 203.000000
679 680 203.000000
680 681 203.000000
1004 10264 203.000000
1046 10480 203.000000
1046 10773 203.000000
331 332 202.000000
1046 10549 202.000000
1030 10357 201.000000
419 441 200.000000
1030 10659 199.000000
1046 10460 199.000000
713 714 198.000000
714 715 198.000000
715 716 198.000000
1188 1210 196.000000
716 717 195.000000
717 718 195.000000
718 719 195.000000
104 105 194.000000
105 10911 194.000000
428 450 194.000000
1008 10104 193.000000
1053 10805 193.000000
211 233 192.000000
438 460 192.000000
786 787 192.000000
787 788 192.000000
788 789 192.000000
789 790 192.000000
506 528 189.000000
660 661 188.000000
660 681 188.000000
661 662 188.000000
1004 10394 188.000000
1004 11000 188.000000
1070 10706 188.000000
1297 1319 188.000000
362 363 187.000000
1004 10095 186.000000
1032 10732 186.000000
1032 10975 186.000000
1052 10839 186.000000
10 11 185.000000
1003 10063 185.000000
1007 10725 185.000000
1032 10916 185.000000
1575 1576 185.000000
1234 1256 184.000000
1333 1355 183.000000
278 300 182.000000
1069 10771 182.000000
1002 10214 181.000000
1008 10384 181.000000
1010 10658 181.000000
1251 1273 181.000000
100 10092 180.000000
363 385 180.000000
1024 10562 179.000000
1026 10289 179.000000
1026 10683 179.000000
341 363 178.000000
516 517 178.000000
517 518 178.000000
518 519 178.000000
519 520 178.000000
520 521 178.000000
521 522 178.000000
959 981 178.000000
1254 1255 177.000000
1254 1275 177.000000
1255 1256 177.000000
1026 10320 176.000000
572 593 175.000000
1031 10680 175.000000
1155 1156 174.000000
1003 10061 172.000000
1052 10888 172.000000
725 747 171.000000
1509 1531 171.000000
1003 10547 169.000000
1003 10771 169.000000
1026 10338 169.000000
1026 10885 169.000000
1227 1249 169.000000
814 815 168.000000
1470 1492 168.000000
1052 10604 167.000000
1052 10765 167.000000
1052 10817 167.000000
1052 10861 167.000000
100 10365 166.000000
101 10287 166.000000
1047 1069 166.000000
525 547 165.000000
1002 10854 164.000000
893 894 163.000000
1047 10807 163.000000
1075 10925 163.000000
1004 10278 162.000000
1052 10941 162.000000
471 472 161.000000
1296 1318 161.000000
539 540 160.000000
540 541 160.000000
541 542 160.000000
542 543 160.000000
543 544 160.000000
544 545 160.000000
1031 10646 160.000000
1002 10480 159.000000
1007 10664 159.000000
1007 10718 159.000000
1007 10965 159.000000
1047 10814 159.000000
1263 1264 159.000000
375 376 158.000000
1002 10261 158.000000
1002 10422 158.000000
1031 10859 158.000000
102 10661 157.000000
942 964 157.000000
1007 10167 157.000000
1007 10179 157.000000
1031 10315 157.000000
1002 10370 156.000000
1002 10773 156.000000
1008 10679 156.000000
1010 10145 156.000000
1010 10916 156.000000
483 505 155.000000
1002 10549 155.000000
1004 10919 155.000000
1007 10788 155.000000
1356 1378 155.000000
416 438 154.000000
418 440 154.000000
440 462 154.000000
353 375 149.000000
1008 10760 149.000000
1025 10285 149.000000
1075 10781 149.000000
1437 1438 149.000000
1052 10859 147.000000
10 10518 146.000000
1009 10892 146.000000
1030 10903 146.000000
1576 1577 146.000000
1052 10646 145.000000
77 99 144.000000
734 735 144.000000
735 736 144.000000
736 737 144.000000
737 738 144.000000
1004 10671 144.000000
1009 10266 144.000000
1026 10326 144.000000
1205 1227 144.000000
1366 1367 144.000000
441 442 143.000000
568 590 143.000000
1030 10704 143.000000
1337 1359 143.000000
1031 10719 142.000000
1164 1186 142.000000
1031 10892 139.000000
1400 1422 139.000000
505 527 136.000000
1003 10545 136.000000
804 805 135.000000
805 806 135.000000
880 881 133.000000
1003 10710 133.000000
1031 10382 133.000000
1004 10525 132.000000
1004 10792 132.000000
386 408 131.000000
120 142 130.000000
1046 10978 130.000000
1274 1296 130.000000
1100 1101 129.000000
1100 1121 129.000000
1101 1102 129.000000
435 457 128.000000
1029 10842 128.000000
1010 10128 127.000000
1117 1139 127.000000
1183 1205 127.000000
1003 10071 126.000000
1031 10941 125.000000
1051 10539 125.000000
1386 1387 125.000000
1386 1407 125.000000
1387 1388 125.000000
1405 1406 125.000000
1406 1407 125.000000
1074 10745 124.000000
1076 1077 124.000000
1206 1228 124.000000
185 207 123.000000
1046 1068 123.000000
1398 1420 120.000000
413 435 119.000000
1052 10585 119.000000
1010 10569 118.000000
1074 10922 118.000000
1394 1416 118.000000
461 483 117.000000
1008 10704 117.000000
1052 10559 117.000000
166 188 116.000000
310 311 116.000000
1388 1389 116.000000
1389 1390 116.000000
1390 1391 116.000000
1391 1392 116.000000
1392 1393 116.000000
76 98 115.000000
1053 10928 115.000000
1191 1192 115.000000
1192 1193 115.000000
1193 1194 115.000000
1194 1195 115.000000
1195 1196 115.000000
1196 1197 115.000000
1197 1198 115.000000
712 713 113.000000
1024 10688 113.000000
1024 10962 113.000000
1075 10888 113.000000
1312 1334 113.000000
514 515 112.000000
330 352 111.000000
755 756 111.000000
771 772 111.000000
772 773 111.000000
773 774 111.000000
774 775 111.000000
775 776 111.000000
776 777 111.000000
1403 1425 111.000000
507 508 110.000000
508 509 110.000000
509 510 110.000000
510 511 110.000000
511 512 110.000000
512 513 110.000000
513 514 110.000000
873 895 110.000000
1004 10706 110.000000
1007 10070 110.000000
1008 10233 110.000000
1030 10380 110.000000
1046 10543 110.000000
1074 10839 109.000000
1307 1329 109.000000
1578 1579 109.000000
1030 10522 108.000000
1031 10559 108.000000
1075 10765 108.000000
778 779 107.000000
779 780 107.000000
780 781 107.000000
781 782 107.000000
790 791 107.000000
1029 10539 107.000000
1009 10365 106.000000
1220 1242 106.000000
57 79 104.000000
1097 1098 104.000000
800 801 103.000000
801 802 103.000000
802 803 103.000000
803 804 103.000000
1004 10057 103.000000
1051 10783 103.000000
1318 1340 103.000000
828 850 102.000000
1024 10507 102.000000
1024 10945 102.000000
1098 1099 102.000000
1031 10457 101.000000
763 764 100.000000
1051 10565 100.000000
1271 1293 100.000000
350 372 99.000000
768 790 99.000000
1004 1026 99.000000
1030 10587 99.000000
1031 10395 99.000000
799 800 98.000000
1003 10636 98.000000
1532 1554 98.000000
54 76 97.000000
522 523 97.000000
1459 1460 97.000000
740 741 96.000000
1008 10138 96.000000
1030 10679 96.000000
1031 10585 96.000000
1075 10817 96.000000
1075 10861 96.000000
1351 1373 96.000000
1004 10833 95.000000
1010 10732 95.000000
1010 10975 95.000000
1053 10567 95.000000
1053 10744 95.000000
33 55 94.000000
794 795 92.000000
795 796 92.000000
796 797 92.000000
797 798 92.000000
798 799 92.000000
1004 10551 92.000000
1004 10684 92.000000
1030 10384 92.000000
1051 10659 92.000000
793 794 91.000000
888 889 91.000000
889 890 91.000000
890 891 91.000000
891 892 91.000000
892 893 91.000000
1007 10568 91.000000
1577 1578 90.000000
462 484 89.000000
654 655 89.000000
1075 10935 88.000000
1166 1188 88.000000
590 591 87.000000
920 942 87.000000
1053 10900 87.000000
1075 10859 87.000000
1486 1508 87.000000
538 539 86.000000
964 986 86.000000
1051 10951 86.000000
300 301 85.000000
301 302 85.000000
302 303 85.000000
303 304 85.000000
1008 10587 85.000000
1078 1079 85.000000
1078 1099 85.000000
1079 1080 85.000000
1373 1395 85.000000
201 223 84.000000
727 728 84.000000
1007 10808 84.000000
1052 10719 84.000000
201 202 83.000000
202 203 83.000000
203 204 83.000000
204 205 83.000000
205 206 83.000000
1007 10603 83.000000
1007 10877 83.000000
1030 10890 83.000000
1051 10969 83.000000
1162 1184 83.000000
1342 1364 83.000000
14 1576 82.000000
485 486 82.000000
486 487 82.000000
487 488 82.000000
488 489 82.000000
489 490 82.000000
490 491 82.000000
491 492 82.000000
1030 10725 82.000000
1096 1118 82.000000
1007 10380 81.000000
1007 10703 81.000000
1007 10777 81.000000
1007 10810 81.000000
1007 10841 81.000000
1009 10109 81.000000
1075 10928 81.000000
813 835 80.000000
1051 10848 80.000000
1009 10419 79.000000
1009 10445 79.000000
1009 10604 79.000000
1009 10765 79.000000
1009 10817 79.000000
1009 10861 79.000000
1009 10888 79.000000
1032 10928 79.000000
1051 10902 79.000000
1051 10921 79.000000
1142 1164 79.000000
1278 1279 79.000000
374 396 78.000000
1007 10816 78.000000
1058 1080 78.000000
1091 10919 78.000000
814 836 77.000000
898 920 77.000000
1056 1057 77.000000
1056 1077 77.000000
1057 1058 77.000000
1199 1221 77.000000
492 493 76.000000
493 494 76.000000
837 859 76.000000
1003 10156 76.000000
1007 10738 76.000000
121 143 75.000000
304 305 75.000000
748 770 75.000000
1030 10738 75.000000
1031 10419 75.000000
1031 10445 75.000000
1051 10775 75.000000
332 354 74.000000
720 721 74.000000
777 778 74.000000
1031 10604 74.000000
1031 10765 74.000000
1031 10817 74.000000
1031 10861 74.000000
1031 10888 74.000000
118 119 73.000000
118 140 73.000000
1372 1394 73.000000
559 560 72.000000
560 561 72.000000
561 562 72.000000
562 563 72.000000
563 564 72.000000
564 565 72.000000
565 566 72.000000
266 288 71.000000
392 414 71.000000
395 417 71.000000
1007 10268 71.000000
1235 1236 71.000000
1236 1237 71.000000
1237 1238 71.000000
1238 1239 71.000000
1239 1240 71.000000
1240 1241 71.000000
1344 1345 71.000000
1345 1346 71.000000
1346 1347 71.000000
1347 1348 71.000000
1348 1349 71.000000
1530 1552 71.000000
256 257 70.000000
12 1574 69.000000
958 959 69.000000
1007 10299 69.000000
1007 10903 69.000000
1269 1291 69.000000
58 80 68.000000
189 211 68.000000
741 742 68.000000
1009 1031 68.000000
1338 1360 68.000000
1383 1405 68.000000
1421 1443 68.000000
504 526 67.000000
1008 10890 67.000000
1030 10934 67.000000
529 530 66.000000
530 531 66.000000
531 532 66.000000
532 533 66.000000
533 534 66.000000
534 535 66.000000
535 536 66.000000
944 966 66.000000
1050 10640 66.000000
1051 10703 66.000000
1052 1074 66.000000
1249 1271 66.000000
1425 1447 66.000000
266 267 65.000000
946 967 65.000000
1030 10816 65.000000
1097 10971 65.000000
1007 10522 64.000000
1030 10603 64.000000
1030 10808 64.000000
1030 10877 64.000000
1073 10949 64.000000
1099 1121 64.000000
1279 1280 64.000000
1280 1281 64.000000
1281 1282 64.000000
1282 1283 64.000000
1283 1284 64.000000
506 507 63.000000
1073 10946 63.000000
331 353 62.000000
1073 10955 62.000000
286 287 61.000000
286 307 61.000000
287 288 61.000000
305 306 61.000000
306 307 61.000000
724 746 61.000000
1052 10679 60.000000
1485 1507 60.000000
1030 10777 59.000000
1030 10810 59.000000
1030 10841 59.000000
1075 10900 59.000000
704 725 58.000000
1030 10645 58.000000
1247 1269 58.000000
1408 1409 58.000000
1408 1429 58.000000
1409 1410 58.000000
1427 1428 58.000000
1428 1429 58.000000
162 184 57.000000
528 529 57.000000
1030 10825 57.000000
1073 10965 57.000000
747 769 56.000000
1007 10298 55.000000
1007 10934 55.000000
1008 10206 55.000000
1030 10399 55.000000
1051 10825 55.000000
1054 10569 55.000000
1073 10788 55.000000
1139 1161 55.000000
55 77 54.000000
101 10713 54.000000
749 771 54.000000
1026 10355 54.000000
1053 1054 54.000000
1073 10831 54.000000
1286 1287 54.000000
1357 1379 54.000000
924 945 53.000000
1284 1285 53.000000
1008 10825 52.000000
1116 1138 52.000000
1187 1209 52.000000
1002 10552 51.000000
1241 1242 51.000000
1529 1551 51.000000
728 729 50.000000
729 730 50.000000
730 731 50.000000
731 732 50.000000
732 733 50.000000
756 757 50.000000
757 758 50.000000
758 759 50.000000
759 760 50.000000
821 822 50.000000
921 943 50.000000
1466 1488 50.000000
15 37 49.000000
536 558 49.000000
719 720 49.000000
1095 10955 49.000000
1285 1286 49.000000
13 1575 48.000000
101 10938 48.000000
101 10950 48.000000
104 10794 48.000000
407 429 48.000000
704 705 48.000000
705 706 48.000000
822 823 48.000000
823 824 48.000000
824 825 48.000000
1051 10745 48.000000
1080 1081 48.000000
1081 1082 48.000000
1082 1083 48.000000
1083 1084 48.000000
1084 1085 48.000000
1085 1086 48.000000
1086 1087 48.000000
1087 1088 48.000000
1088 1089 48.000000
1250 1272 48.000000
1256 1257 48.000000
1257 1258 48.000000
1258 1259 48.000000
1259 1260 48.000000
1260 1261 48.000000
1261 1262 48.000000
1262 1263 48.000000
1298 1320 48.000000
36 58 47.000000
60 82 47.000000
1077 1099 47.000000
1140 1162 47.000000
100 10266 46.000000
100 10928 46.000000
825 826 46.000000
826 827 46.000000
837 838 46.000000
838 839 46.000000
839 840 46.000000
840 841 46.000000
841 842 46.000000
842 843 46.000000
843 844 46.000000
854 876 46.000000
1030 10745 46.000000
254 276 45.000000
362 384 45.000000
566 567 45.000000
760 761 45.000000
761 762 45.000000
902 924 45.000000
1008 1030 45.000000
1025 10710 45.000000
1026 10264 45.000000
1095 1117 45.000000
1212 1213 45.000000
1213 1214 45.000000
1214 1215 45.000000
1215 1216 45.000000
1216 1217 45.000000
1217 1218 45.000000
1218 1219 45.000000
1317 1339 45.000000
1003 10038 44.000000
1025 10545 44.000000
1074 10933 44.000000
100 10805 43.000000
191 213 43.000000
1007 10726 43.000000
1306 1307 43.000000
376 398 42.000000
588 589 42.000000
1026 10278 42.000000
1026 10671 42.000000
1026 10919 42.000000
1073 10745 42.000000
1256 1278 42.000000
1445 1467 42.000000
169 170 41.000000
170 171 41.000000
171 172 41.000000
172 173 41.000000
396 418 41.000000
1330 1352 41.000000
472 494 40.000000
1050 10664 40.000000
1050 10718 40.000000
1050 10965 40.000000
1075 10892 40.000000
1410 1411 40.000000
1411 1412 40.000000
1412 1413 40.000000
1413 1414 40.000000
1414 1415 40.000000
103 10322 39.000000
515 516 39.000000
567 568 39.000000
1024 10655 39.000000
1068 10773 39.000000
1203 1225 39.000000
10 32 38.000000
640 662 38.000000
858 859 38.000000
1007 10539 38.000000
1007 10565 38.000000
1032 10631 38.000000
1068 1090 38.000000
1300 1301 38.000000
344 366 37.000000
612 634 37.000000
762 784 37.000000
844 845 37.000000
845 846 37.000000
846 847 37.000000
847 848 37.000000
848 849 37.000000
849 850 37.000000
1004 10355 37.000000
1024 10884 37.000000
1068 10688 37.000000
1068 10854 37.000000
1068 10945 37.000000
1068 10962 37.000000
1070 11000 37.000000
1444 1466 37.000000
212 234 36.000000
279 280 36.000000
280 281 36.000000
281 282 36.000000
482 504 36.000000
917 939 36.000000
960 982 36.000000
122 144 35.000000
618 640 35.000000
682 683 35.000000
682 703 35.000000
683 684 35.000000
699 700 35.000000
700 701 35.000000
701 702 35.000000
702 703 35.000000
899 921 35.000000
1050 10568 35.000000
1299 1300 35.000000
101 10390 34.000000
101 10490 34.000000
101 10925 34.000000
393 415 34.000000
770 792 34.000000
945 967 34.000000
1029 10450 34.000000
1029 10484 34.000000
1029 10505 34.000000
1029 10506 34.000000
1029 10783 34.000000
1047 10525 34.000000
1047 10538 34.000000
1047 10792 34.000000
1047 10833 34.000000
1047 10897 34.000000
1306 1328 34.000000
101 10260 33.000000
101 10393 33.000000
590 612 33.000000
633 634 33.000000
784 806 33.000000
858 880 33.000000
1026 10538 33.000000
1026 10897 33.000000
1359 1381 33.000000
1376 1398 33.000000
242 243 32.000000
243 244 32.000000
300 322 32.000000
632 633 32.000000
706 728 32.000000
1029 10848 32.000000
1219 1220 32.000000
1234 1235 32.000000
1301 1302 32.000000
1302 1303 32.000000
1303 1304 32.000000
1304 1305 32.000000
1305 1306 32.000000
209 231 31.000000
305 327 31.000000
1029 10775 31.000000
1029 10921 31.000000
1047 10551 31.000000
1047 10671 31.000000
1047 10684 31.000000
1073 10903 31.000000
1098 1120 31.000000
1161 1183 31.000000
242 263 30.000000
257 258 30.000000
258 259 30.000000
259 260 30.000000
260 261 30.000000
261 262 30.000000
262 263 30.000000
480 502 30.000000
791 813 30.000000
877 899 30.000000
1050 10575 30.000000
1050 10788 30.000000
1070 10792 30.000000
349 371 29.000000
536 537 29.000000
537 538 29.000000
616 617 29.000000
617 618 29.000000
1007 1029 29.000000
1029 10407 29.000000
1076 1098 29.000000
1134 1156 29.000000
1404 1426 29.000000
101 10253 28.000000
101 10971 28.000000
1010 10631 28.000000
1029 10664 28.000000
1029 10718 28.000000
1029 10831 28.000000
1029 10934 28.000000
1029 10965 28.000000
1047 10706 28.000000
1050 10842 28.000000
1374 1396 28.000000
168 190 27.000000
267 289 27.000000
388 410 27.000000
733 734 27.000000
1230 1252 27.000000
1329 1351 27.000000
946 968 26.000000
968 989 26.000000
1026 10706 26.000000
1026 10833 26.000000
1069 10791 26.000000
101 10669 25.000000
141 163 25.000000
550 551 25.000000
551 552 25.000000
552 553 25.000000
553 554 25.000000
554 555 25.000000
555 556 25.000000
556 557 25.000000
557 558 25.000000
815 816 25.000000
816 817 25.000000
817 818 25.000000
818 819 25.000000
819 820 25.000000
820 821 25.000000
1052 10933 25.000000
1073 10738 25.000000
1141 1163 25.000000
1160 1182 25.000000
1465 1487 25.000000
288 310 24.000000
304 326 24.000000
384 406 24.000000
1051 1073 24.000000
1073 10951 24.000000
1142 1143 24.000000
1007 10831 23.000000
1025 10547 23.000000
1025 10771 23.000000
1026 10551 23.000000
1026 10684 23.000000
1029 10568 23.000000
1029 10575 23.000000
1029 10788 23.000000
1047 10482 23.000000
1415 1416 23.000000
1510 1532 23.000000
282 283 22.000000
1026 10394 22.000000
1026 11000 22.000000
1031 10933 22.000000
1073 10969 22.000000
1315 1337 22.000000
103 10496 21.000000
103 10954 21.000000
148 149 21.000000
149 150 21.000000
150 151 21.000000
151 152 21.000000
677 678 21.000000
830 852 21.000000
966 988 21.000000
1004 10089 21.000000
1122 1143 21.000000
1301 1323 21.000000
931 932 20.000000
932 933 20.000000
933 934 20.000000
934 935 20.000000
935 936 20.000000
1051 10522 20.000000
1051 10603 20.000000
1051 10645 20.000000
1051 10725 20.000000
1051 10738 20.000000
1051 10777 20.000000
1051 10808 20.000000
1051 10810 20.000000
1051 10841 20.000000
1051 10877 20.000000
1051 10903 20.000000
1073 10783 20.000000
1073 10934 20.000000
1182 1204 20.000000
1210 1232 20.000000
1241 1263 20.000000
1285 1307 20.000000
1313 1335 20.000000
1328 1350 20.000000
1441 1463 20.000000
1448 1449 20.000000
10 1572 19.000000
936 937 19.000000
1029 10565 19.000000
1073 10775 19.000000
1073 10848 19.000000
1073 10902 19.000000
1073 10921 19.000000
1169 1170 19.000000
1170 1171 19.000000
1171 1172 19.000000
1172 1173 19.000000
1173 1174 19.000000
1174 1175 19.000000
1175 1176 19.000000
11 33 18.000000
102 10577 18.000000
394 416 18.000000
1147 1148 18.000000
1148 1149 18.000000
1149 1150 18.000000
1150 1151 18.000000
1151 1152 18.000000
1152 1153 18.000000
1153 1154 18.000000
11 1573 17.000000
37 59 17.000000
103 10967 17.000000
146 168 17.000000
283 305 17.000000
1051 10816 17.000000
1314 1336 17.000000
220 221 16.000000
220 241 16.000000
221 222 16.000000
222 223 16.000000
235 236 16.000000
236 237 16.000000
237 238 16.000000
238 239 16.000000
239 240 16.000000
240 241 16.000000
872 894 16.000000
916 938 16.000000
961 983 16.000000
1025 10300 16.000000
1053 10892 16.000000
1122 1123 16.000000
1123 1124 16.000000
1138 1160 16.000000
1146 1147 16.000000
1290 1312 16.000000
1514 1515 16.000000
61 62 15.000000
62 63 15.000000
63 64 15.000000
64 86 15.000000
100 10462 15.000000
100 10672 15.000000
681 703 15.000000
703 725 15.000000
924 925 15.000000
925 926 15.000000
926 927 15.000000
927 928 15.000000
928 929 15.000000
929 930 15.000000
930 931 15.000000
1003 10338 15.000000
1124 1125 15.000000
1125 1126 15.000000
1126 1127 15.000000
1127 1128 15.000000
1128 1129 15.000000
1129 1130 15.000000
1130 1131 15.000000
1131 1132 15.000000
1132 1133 15.000000
1168 1169 15.000000
1279 1301 15.000000
282 304 14.000000
309 331 14.000000
354 376 14.000000
727 749 14.000000
967 989 14.000000
1003 10107 14.000000
1003 10885 14.000000
1073 10777 14.000000
1073 10808 14.000000
1073 10810 14.000000
1073 10816 14.000000
1073 10841 14.000000
1073 10877 14.000000
1154 1155 14.000000
102 10668 13.000000
102 10985 13.000000
103 10957 13.000000
187 209 13.000000
835 857 13.000000
965 987 13.000000
1003 10264 13.000000
1003 10289 13.000000
1003 10320 13.000000
1003 10683 13.000000
1003 10919 13.000000
1025 10440 13.000000
308 330 12.000000
726 748 12.000000
771 793 12.000000
806 828 12.000000
1047 10885 12.000000
1094 10951 12.000000
1112 1134 12.000000
1378 1400 12.000000
375 397 11.000000
742 743 11.000000
789 811 11.000000
859 860 11.000000
860 861 11.000000
861 862 11.000000
862 863 11.000000
863 864 11.000000
864 865 11.000000
1025 10636 11.000000
1047 10919 11.000000
1051 10934 11.000000
1094 1116 11.000000
1284 1306 11.000000
56 78 10.000000
253 275 10.000000
668 669 10.000000
669 670 10.000000
670 671 10.000000
671 672 10.000000
672 673 10.000000
673 674 10.000000
674 675 10.000000
675 676 10.000000
697 698 10.000000
704 726 10.000000
822 844 10.000000
1003 10210 10.000000
1003 10284 10.000000
1003 10440 10.000000
1003 10479 10.000000
1003 10647 10.000000
1003 10791 10.000000
1026 10525 10.000000
1026 10792 10.000000
1091 11000 10.000000
1156 1178 10.000000
1186 1208 10.000000
1242 1264 10.000000
1430 1431 10.000000
1430 1451 10.000000
1431 1432 10.000000
1432 1433 10.000000
1433 1434 10.000000
1434 1435 10.000000
1435 1436 10.000000
1436 1437 10.000000
1449 1450 10.000000
1450 1451 10.000000
82 83 9.000000
297 319 9.000000
479 501 9.000000
572 573 9.000000
573 574 9.000000
676 677 9.000000
698 699 9.000000
1047 10683 9.000000
191 192 8.000000
514 536 8.000000
596 618 8.000000
762 763 8.000000
811 833 8.000000
1047 10479 8.000000
1047 10791 8.000000
1072 1094 8.000000
1155 1177 8.000000
1334 1356 8.000000
1397 1419 8.000000
436 458 7.000000
1270 1292 7.000000
1375 1397 7.000000
1514 1536 7.000000
1551 1573 7.000000
245 246 6.000000
246 247 6.000000
247 248 6.000000
248 249 6.000000
492 514 6.000000
574 596 6.000000
800 822 6.000000
1025 1047 6.000000
1069 10807 6.000000
1069 10814 6.000000
1169 1191 6.000000
1268 1290 6.000000
1294 1316 6.000000
1319 1341 6.000000
1349 1350 6.000000
1492 1514 6.000000
264 285 5.000000
283 284 5.000000
284 285 5.000000
691 692 5.000000
691 713 5.000000
692 693 5.000000
693 694 5.000000
694 695 5.000000
695 696 5.000000
696 697 5.000000
815 837 5.000000
893 915 5.000000
1075 10941 5.000000
1122 1144 5.000000
1286 1308 5.000000
1452 1453 5.000000
1452 1473 5.000000
1453 1454 5.000000
1454 1455 5.000000
1455 1456 5.000000
1456 1457 5.000000
1457 1458 5.000000
1458 1459 5.000000
1471 1472 5.000000
1472 1473 5.000000
310 332 4.000000
624 625 4.000000
625 626 4.000000
626 627 4.000000
627 628 4.000000
628 629 4.000000
629 630 4.000000
630 631 4.000000
631 632 4.000000
684 685 4.000000
685 686 4.000000
686 687 4.000000
687 688 4.000000
688 689 4.000000
742 764 4.000000
855 877 4.000000
902 903 4.000000
903 904 4.000000
904 905 4.000000
905 906 4.000000
906 907 4.000000
907 908 4.000000
908 909 4.000000
1124 1146 4.000000
1154 1176 4.000000
184 206 3.000000
244 245 3.000000
244 266 3.000000
245 267 3.000000
264 265 3.000000
265 266 3.000000
574 575 3.000000
575 576 3.000000
576 577 3.000000
577 578 3.000000
578 579 3.000000
579 580 3.000000
594 595 3.000000
594 615 3.000000
595 596 3.000000
640 641 3.000000
641 642 3.000000
642 643 3.000000
643 644 3.000000
644 645 3.000000
716 738 3.000000
827 828 3.000000
879 901 3.000000
937 959 3.000000
1002 10341 3.000000
1002 10572 3.000000
1002 10630 3.000000
1097 1119 3.000000
1143 1165 3.000000
1231 1253 3.000000
1379 1401 3.000000
97 98 2.000000
102 10613 2.000000
132 133 2.000000
132 153 2.000000
133 134 2.000000
134 135 2.000000
152 153 2.000000
242 264 2.000000
550 572 2.000000
580 581 2.000000
581 582 2.000000
582 583 2.000000
583 584 2.000000
584 585 2.000000
585 586 2.000000
586 587 2.000000
587 588 2.000000
618 619 2.000000
619 620 2.000000
620 621 2.000000
621 622 2.000000
622 623 2.000000
623 624 2.000000
624 646 2.000000
646 668 2.000000
923 945 2.000000
1094 10965 2.000000
1147 1169 2.000000
1176 1198 2.000000
1185 1207 2.000000
1226 1248 2.000000
1228 1250 2.000000
1350 1372 2.000000
1352 1374 2.000000
1552 1574 2.000000
83 84 1.000000
84 85 1.000000
85 86 1.000000
103 10829 1.000000
135 136 1.000000
135 157 1.000000
136 137 1.000000
137 138 1.000000
138 139 1.000000
139 140 1.000000
157 179 1.000000
179 201 1.000000
213 235 1.000000
340 362 1.000000
596 597 1.000000
597 598 1.000000
598 599 1.000000
599 600 1.000000
600 601 1.000000
850 872 1.000000
894 916 1.000000
936 958 1.000000
1002 10655 1.000000
1010 1032 1.000000
1024 10261 1.000000
1024 10353 1.000000
1024 10370 1.000000
1024 10422 1.000000
1024 10480 1.000000
1024 10543 1.000000
1024 10548 1.000000
1024 10549 1.000000
1024 10773 1.000000
1024 10854 1.000000
1024 10978 1.000000
1025 10437 1.000000
1034 1035 1.000000
1034 1055 1.000000
1035 1036 1.000000
1036 1058 1.000000
1054 1055 1.000000
1089 10945 1.000000
1089 10962 1.000000
1102 1124 1.000000
1332 1354 1.000000
1335 1357 1.000000
1354 1376 1.000000
1554 1576 1.000000
