365 366 16824.000000
366 367 16824.000000
367 368 16824.000000
1380 1381 15161.000000
409 410 13676.000000
410 411 13676.000000
411 412 13676.000000
364 365 13624.000000
12 13 12898.000000
408 409 12256.000000
1401 1402 11376.000000
386 387 10708.000000
387 388 10708.000000
388 389 10708.000000
389 390 10708.000000
1402 1403 10543.000000
368 369 10291.000000
1337 1338 10138.000000
1424 1425 9857.000000
275 276 9624.000000
1336 1337 9587.000000
1379 1380 9471.000000
1025 1026 9457.000000
1026 1027 9457.000000
1161 1162 9239.000000
1226 1227 9021.000000
1400 1401 9021.000000
1205 1206 9000.000000
412 413 8967.000000
1381 1382 8933.000000
1378 1379 8763.000000
1160 1161 8402.000000
1422 1423 8379.000000
1423 1424 8317.000000
1204 1205 8178.000000
407 408 7971.000000
1377 1378 7964.000000
231 232 7816.000000
369 370 7739.000000
1182 1183 7604.000000
10 11 7485.000000
413 414 7464.000000
1399 1400 7418.000000
1550 1551 7398.000000
1421 1422 7339.000000
1396 1397 7329.000000
500 501 7175.000000
1314 1315 7168.000000
11 12 7152.000000
385 386 7053.000000
1440 1441 6930.000000
1225 1226 6859.000000
1027 1028 6826.000000
1551 1552 6719.000000
1249 1250 6714.000000
1394 1395 6686.000000
1395 1396 6686.000000
1159 1160 6683.000000
1293 1294 6628.000000
1248 1249 6619.000000
274 275 6580.000000
368 390 6565.000000
1397 1398 6532.000000
1441 1442 6511.000000
1224 1225 6456.000000
1335 1336 6434.000000
34 35 6282.000000
1203 1204 6234.000000
1438 1439 6159.000000
1439 1440 6159.000000
209 210 6149.000000
1117 1118 6046.000000
1183 1184 5957.000000
1398 1399 5886.000000
1024 1025 5814.000000
1069 1070 5667.000000
1070 1071 5667.000000
1376 1377 5500.000000
1315 1316 5462.000000
1445 1446 5387.000000
1162 1163 5341.000000
1181 1182 5326.000000
1358 1359 5271.000000
1227 1228 5214.000000
1357 1358 5202.000000
1116 1117 5105.000000
1356 1357 5091.000000
1003 1004 5014.000000
1004 1005 5014.000000
1072 1073 5011.000000
1090 1091 5002.000000
1091 1092 5002.000000
1247 1248 5002.000000
1444 1445 4977.000000
319 320 4969.000000
1068 1069 4962.000000
501 502 4944.000000
1028 1029 4942.000000
363 364 4911.000000
121 122 4906.000000
390 391 4802.000000
565 566 4797.000000
981 982 4788.000000
982 983 4788.000000
1207 1208 4738.000000
983 984 4697.000000
430 431 4690.000000
431 432 4690.000000
432 433 4690.000000
433 434 4690.000000
1442 1443 4674.000000
1334 1335 4671.000000
1118 1119 4644.000000
1393 1394 4622.000000
1552 1553 4582.000000
1355 1356 4576.000000
1437 1438 4573.000000
1443 1444 4571.000000
56 57 4562.000000
1417 1418 4561.000000
1137 1138 4517.000000
1420 1421 4502.000000
1373 1374 4498.000000
1250 1251 4495.000000
1138 1139 4423.000000
1206 1207 4400.000000
1313 1314 4391.000000
1023 1024 4383.000000
35 36 4366.000000
1002 1003 4342.000000
429 430 4313.000000
370 371 4307.000000
414 415 4296.000000
1246 1247 4273.000000
1418 1419 4224.000000
33 34 4193.000000
457 458 4191.000000
120 121 4178.000000
1374 1375 4143.000000
1375 1376 4143.000000
1092 1093 4109.000000
253 254 4075.000000
1292 1293 4069.000000
1139 1140 4031.000000
1419 1420 4027.000000
452 453 4001.000000
453 454 4001.000000
454 455 4001.000000
455 456 4001.000000
1291 1292 3985.000000
1089 1090 3975.000000
1489 1490 3961.000000
343 344 3956.000000
344 345 3956.000000
345 346 3956.000000
346 347 3954.000000
391 392 3946.000000
456 457 3935.000000
1228 1229 3931.000000
1093 1094 3914.000000
1467 1468 3907.000000
1553 1554 3897.000000
1290 1291 3896.000000
252 253 3849.000000
142 143 3836.000000
1198 1199 3834.000000
1199 1200 3834.000000
1200 1201 3834.000000
1201 1202 3834.000000
1071 1072 3810.000000
14 15 3809.000000
1115 1116 3805.000000
77 78 3802.000000
13 14 3736.000000
810 811 3725.000000
1466 1467 3713.000000
276 277 3673.000000
1312 1313 3657.000000
458 459 3656.000000
1046 1047 3626.000000
1047 1048 3626.000000
1048 1049 3626.000000
502 503 3594.000000
807 808 3587.000000
808 809 3587.000000
587 588 3565.000000
809 810 3475.000000
1294 1316 3470.000000
1465 1466 3446.000000
1506 1507 3427.000000
1554 1555 3426.000000
1528 1529 3404.000000
318 319 3331.000000
342 343 3322.000000
1112 1113 3315.000000
1113 1114 3315.000000
1114 1115 3315.000000
1464 1465 3315.000000
1468 1469 3313.000000
1001 1002 3303.000000
228 229 3246.000000
229 230 3246.000000
32 33 3226.000000
276 298 3201.000000
1463 1464 3176.000000
1462 1463 3151.000000
232 233 3135.000000
1294 1295 3131.000000
406 407 3123.000000
98 99 3103.000000
1507 1508 3099.000000
1180 1181 3088.000000
341 342 3081.000000
1529 1530 3067.000000
1067 1068 3043.000000
1202 1203 3030.000000
427 428 3024.000000
588 589 2968.000000
1416 1417 2942.000000
1311 1312 2904.000000
1488 1489 2884.000000
230 231 2873.000000
1487 1488 2868.000000
1094 1095 2813.000000
119 120 2794.000000
53 54 2780.000000
141 142 2769.000000
434 435 2765.000000
1510 1511 2764.000000
143 144 2717.000000
811 812 2697.000000
1511 1512 2696.000000
97 98 2680.000000
100 101 2676.000000
54 55 2675.000000
1006 1007 2668.000000
227 228 2655.000000
1251 1252 2640.000000
1088 1089 2619.000000
76 77 2600.000000
1333 1334 2598.000000
1220 1221 2596.000000
1221 1222 2596.000000
1222 1223 2596.000000
1027 10407 2581.000000
451 452 2576.000000
980 981 2558.000000
1242 1243 2487.000000
1243 1244 2487.000000
1155 1156 2483.000000
1156 1157 2483.000000
1157 1158 2483.000000
1244 1245 2479.000000
1005 1006 2476.000000
1508 1509 2475.000000
1269 1270 2464.000000
1118 1140 2462.000000
854 855 2458.000000
31 32 2451.000000
1503 1504 2438.000000
460 461 2425.000000
1337 1359 2413.000000
1504 1505 2412.000000
210 211 2372.000000
1372 1373 2348.000000
1050 1051 2347.000000
1460 1461 2294.000000
1245 1246 2285.000000
55 56 2281.000000
384 385 2278.000000
1486 1487 2273.000000
1073 1074 2267.000000
1119 1141 2256.000000
122 123 2237.000000
370 392 2209.000000
321 322 2205.000000
322 323 2205.000000
323 324 2205.000000
459 460 2201.000000
1270 1271 2201.000000
1509 1510 2201.000000
319 341 2199.000000
340 341 2187.000000
188 189 2178.000000
324 325 2175.000000
187 188 2166.000000
984 985 2154.000000
298 320 2110.000000
185 186 2109.000000
875 876 2108.000000
371 372 2095.000000
1158 1159 2092.000000
853 854 2086.000000
435 436 2081.000000
1461 1462 2057.000000
985 986 2049.000000
1354 1355 2047.000000
1161 1183 2038.000000
440 461 2032.000000
383 384 2019.000000
428 429 2014.000000
362 363 2009.000000
143 165 2002.000000
186 187 1995.000000
320 321 1978.000000
1329 1330 1973.000000
1330 1331 1972.000000
1331 1332 1972.000000
15 16 1966.000000
959 960 1966.000000
960 961 1966.000000
961 962 1966.000000
1029 1030 1959.000000
36 37 1949.000000
1316 1317 1938.000000
449 450 1913.000000
372 373 1895.000000
1555 1556 1894.000000
162 163 1883.000000
325 347 1852.000000
58 59 1832.000000
1229 1230 1829.000000
1007 1008 1828.000000
415 416 1813.000000
206 207 1801.000000
207 208 1801.000000
450 451 1796.000000
1332 1333 1778.000000
1176 1177 1752.000000
1177 1178 1752.000000
1178 1179 1752.000000
1179 1180 1752.000000
405 406 1745.000000
118 119 1734.000000
1045 1046 1734.000000
1140 1141 1715.000000
161 162 1707.000000
1133 1134 1698.000000
1134 1135 1698.000000
1135 1136 1698.000000
393 394 1681.000000
1459 1460 1681.000000
1208 1209 1679.000000
1268 1269 1679.000000
919 920 1677.000000
163 164 1676.000000
1381 1403 1654.000000
471 472 1651.000000
1219 1220 1639.000000
1484 1485 1636.000000
75 76 1629.000000
392 393 1629.000000
1530 1531 1627.000000
1223 1224 1624.000000
208 209 1614.000000
1111 1112 1613.000000
57 58 1611.000000
1295 1296 1575.000000
184 185 1563.000000
415 437 1543.000000
341 363 1539.000000
1446 1447 1539.000000
1049 1050 1534.000000
915 916 1525.000000
916 917 1525.000000
917 918 1525.000000
436 437 1494.000000
275 297 1490.000000
78 79 1466.000000
986 987 1445.000000
1485 1486 1444.000000
1351 1352 1423.000000
1352 1353 1420.000000
1353 1354 1420.000000
205 206 1409.000000
1359 1360 1392.000000
522 523 1391.000000
1029 1051 1385.000000
850 851 1384.000000
851 852 1384.000000
852 853 1384.000000
812 813 1382.000000
473 474 1378.000000
474 475 1378.000000
475 476 1378.000000
476 477 1378.000000
942 943 1377.000000
544 545 1366.000000
297 298 1362.000000
1162 1184 1354.000000
1531 1532 1353.000000
1136 1137 1351.000000
1006 10270 1350.000000
894 895 1347.000000
895 896 1347.000000
1338 1339 1345.000000
1349 1350 1344.000000
1532 1533 1344.000000
1328 1329 1339.000000
941 942 1329.000000
352 373 1316.000000
938 939 1316.000000
939 940 1315.000000
1527 1528 1313.000000
1382 1383 1281.000000
920 921 1277.000000
144 145 1276.000000
188 210 1273.000000
394 395 1270.000000
1154 1155 1264.000000
1295 1317 1252.000000
1533 1534 1252.000000
287 288 1248.000000
288 289 1248.000000
289 290 1248.000000
290 291 1248.000000
893 894 1244.000000
164 165 1241.000000
876 877 1234.000000
545 546 1227.000000
1350 1351 1223.000000
546 547 1222.000000
296 297 1219.000000
1132 1133 1218.000000
101 102 1217.000000
101 10118 1212.000000
855 856 1208.000000
1271 1272 1202.000000
1289 1290 1197.000000
1505 1527 1189.000000
937 938 1177.000000
165 166 1176.000000
547 548 1174.000000
145 146 1165.000000
232 254 1155.000000
427 449 1153.000000
958 959 1145.000000
963 964 1138.000000
936 937 1124.000000
918 919 1120.000000
523 524 1112.000000
416 417 1106.000000
1293 1315 1106.000000
477 478 1102.000000
872 873 1100.000000
873 874 1100.000000
874 875 1100.000000
1528 1550 1100.000000
298 299 1097.000000
369 391 1084.000000
140 141 1083.000000
877 878 1083.000000
896 897 1083.000000
1505 1506 1077.000000
501 523 1074.000000
320 342 1073.000000
962 963 1073.000000
480 481 1061.000000
1206 1228 1061.000000
1073 1095 1057.000000
1392 1393 1057.000000
943 944 1053.000000
785 786 1041.000000
786 787 1041.000000
787 788 1041.000000
74 75 1025.000000
1436 1437 1025.000000
293 294 1024.000000
294 295 1024.000000
1425 1447 1023.000000
254 255 1003.000000
1095 10971 995.000000
892 893 994.000000
1175 1176 983.000000
1001 1023 977.000000
478 479 974.000000
849 850 963.000000
189 190 961.000000
898 899 952.000000
897 898 951.000000
481 482 945.000000
788 789 942.000000
413 435 940.000000
494 495 926.000000
495 496 926.000000
496 497 926.000000
497 498 926.000000
498 499 926.000000
499 500 926.000000
526 527 925.000000
438 439 922.000000
1285 1286 922.000000
1286 1287 922.000000
1287 1288 922.000000
482 483 915.000000
1288 1289 915.000000
472 473 910.000000
1051 1052 890.000000
374 395 873.000000
457 479 872.000000
1163 1164 872.000000
1050 10694 857.000000
1024 10545 856.000000
525 526 845.000000
792 813 836.000000
317 318 832.000000
291 292 829.000000
292 293 829.000000
437 438 822.000000
102 10345 815.000000
364 386 814.000000
1572 1573 811.000000
479 480 799.000000
921 922 791.000000
768 769 786.000000
1029 10395 783.000000
1415 1416 772.000000
166 167 759.000000
957 958 758.000000
458 480 756.000000
1575 1576 755.000000
979 980 751.000000
1371 1372 751.000000
914 915 750.000000
940 941 747.000000
1110 1111 742.000000
1002 10095 737.000000
568 569 734.000000
1576 1577 731.000000
459 481 730.000000
418 419 728.000000
419 420 728.000000
420 421 728.000000
421 422 728.000000
422 423 728.000000
423 424 728.000000
424 425 728.000000
425 426 728.000000
1284 1285 723.000000
566 567 719.000000
426 427 716.000000
899 900 716.000000
720 721 704.000000
721 722 704.000000
964 965 701.000000
1029 10429 701.000000
470 471 688.000000
1574 1575 688.000000
1007 10109 686.000000
339 340 682.000000
548 570 675.000000
1364 1385 675.000000
1383 1384 675.000000
1384 1385 675.000000
827 828 674.000000
1272 1273 673.000000
79 80 669.000000
1188 1209 669.000000
1502 1503 669.000000
567 568 658.000000
806 807 657.000000
831 832 647.000000
767 768 645.000000
503 504 643.000000
10 10111 628.000000
1197 1198 627.000000
243 244 625.000000
244 245 625.000000
245 246 625.000000
246 247 625.000000
833 834 624.000000
789 790 616.000000
722 723 611.000000
331 332 609.000000
332 333 609.000000
333 334 609.000000
334 335 609.000000
335 336 609.000000
336 337 609.000000
337 338 609.000000
338 339 609.000000
297 319 603.000000
1571 1572 603.000000
252 274 602.000000
309 310 600.000000
310 311 600.000000
311 312 600.000000
312 313 600.000000
313 314 600.000000
314 315 600.000000
315 316 600.000000
316 317 600.000000
397 398 589.000000
398 399 589.000000
399 400 589.000000
400 401 589.000000
401 402 589.000000
402 403 589.000000
403 404 589.000000
588 610 589.000000
1320 1341 588.000000
1340 1341 588.000000
10 10690 585.000000
1072 1094 579.000000
524 525 578.000000
500 522 573.000000
318 340 571.000000
548 549 571.000000
396 417 570.000000
404 405 570.000000
100 10199 569.000000
826 827 569.000000
1338 1360 562.000000
330 351 560.000000
204 205 559.000000
118 140 557.000000
231 253 557.000000
1484 1506 552.000000
347 348 548.000000
812 834 538.000000
287 309 537.000000
543 544 530.000000
1364 1365 530.000000
870 871 525.000000
1250 1272 524.000000
1512 1513 524.000000
589 590 523.000000
832 833 523.000000
349 350 520.000000
350 351 520.000000
361 362 519.000000
1276 1297 517.000000
1296 1297 517.000000
871 872 512.000000
1208 1230 512.000000
383 405 511.000000
805 806 510.000000
1573 1574 510.000000
763 764 506.000000
764 765 506.000000
765 766 506.000000
766 767 506.000000
10 10376 505.000000
233 255 502.000000
1339 1340 501.000000
1262 1263 496.000000
1360 1361 496.000000
940 962 495.000000
834 835 494.000000
1403 1404 493.000000
1404 1405 489.000000
1405 1406 489.000000
1406 1407 489.000000
353 354 486.000000
354 355 486.000000
355 356 486.000000
356 357 486.000000
357 358 486.000000
358 359 486.000000
359 360 486.000000
360 361 486.000000
504 505 483.000000
418 439 482.000000
813 835 482.000000
1164 1186 482.000000
1232 1253 474.000000
1232 1233 470.000000
270 271 468.000000
856 857 466.000000
1044 1045 464.000000
1263 1264 464.000000
1264 1265 464.000000
1265 1266 464.000000
1266 1267 463.000000
30 31 462.000000
428 450 462.000000
1348 1349 461.000000
609 610 460.000000
247 248 455.000000
748 769 455.000000
295 296 453.000000
271 272 451.000000
272 273 451.000000
273 274 451.000000
418 440 449.000000
1218 1219 449.000000
100 10971 448.000000
1342 1343 448.000000
348 349 447.000000
811 833 447.000000
1317 1318 441.000000
123 124 434.000000
1298 1319 430.000000
1318 1319 430.000000
1176 1198 428.000000
414 436 423.000000
1252 1253 420.000000
1003 10095 412.000000
254 276 411.000000
828 829 410.000000
829 830 410.000000
830 831 410.000000
1008 10916 410.000000
567 589 408.000000
230 252 404.000000
1008 1009 404.000000
1001 10341 401.000000
373 395 396.000000
1002 10156 396.000000
1144 1165 395.000000
1164 1165 395.000000
102 103 392.000000
1342 1363 385.000000
1361 1362 385.000000
1362 1363 385.000000
1251 1273 380.000000
1267 1268 374.000000
119 141 369.000000
1185 1186 366.000000
770 791 365.000000
569 570 364.000000
1007 10760 363.000000
160 161 359.000000
1365 1366 359.000000
1366 1367 359.000000
1367 1368 359.000000
1368 1369 359.000000
1369 1370 359.000000
1374 1396 359.000000
1188 1189 358.000000
248 249 357.000000
1008 10631 357.000000
759 760 353.000000
760 761 353.000000
1023 10480 353.000000
1210 1231 353.000000
1230 1231 353.000000
803 804 351.000000
167 168 350.000000
325 326 350.000000
449 471 348.000000
183 184 347.000000
1050 10681 345.000000
1009 10216 342.000000
1291 1313 342.000000
1184 1185 341.000000
962 984 339.000000
1252 1274 337.000000
10 10705 334.000000
371 393 333.000000
440 441 333.000000
441 442 333.000000
442 443 333.000000
443 444 333.000000
444 445 333.000000
445 446 333.000000
446 447 333.000000
447 448 333.000000
1379 1401 328.000000
1024 10547 327.000000
1241 1242 327.000000
417 439 326.000000
249 250 325.000000
250 251 325.000000
251 252 325.000000
484 485 324.000000
485 486 324.000000
486 487 324.000000
487 488 324.000000
488 489 324.000000
489 490 324.000000
490 491 324.000000
265 266 323.000000
266 267 323.000000
267 268 323.000000
268 269 323.000000
269 270 323.000000
491 492 323.000000
1545 1546 323.000000
1025 10628 322.000000
100 10081 320.000000
790 791 320.000000
1483 1484 320.000000
11 33 319.000000
147 148 317.000000
148 149 317.000000
149 150 317.000000
723 745 317.000000
493 494 315.000000
100 10271 314.000000
1440 1462 314.000000
1343 1344 310.000000
1344 1345 310.000000
1345 1346 310.000000
1346 1347 310.000000
1347 1348 310.000000
1546 1547 306.000000
342 364 305.000000
1050 10738 301.000000
448 449 299.000000
1273 1274 298.000000
1025 10684 296.000000
1006 10399 295.000000
363 385 294.000000
1002 10300 291.000000
1023 10422 291.000000
1006 10070 290.000000
1023 10261 289.000000
1025 10551 286.000000
1028 10450 285.000000
1023 10945 284.000000
1067 10962 284.000000
878 879 283.000000
1023 10370 282.000000
1023 10549 282.000000
1023 10773 282.000000
461 483 281.000000
1002 10647 280.000000
1067 10688 280.000000
1327 1328 280.000000
1028 10902 279.000000
1028 10921 279.000000
1028 10946 279.000000
1028 10951 278.000000
1547 1548 278.000000
1023 10854 277.000000
1548 1549 277.000000
352 353 276.000000
1023 10507 276.000000
1464 1486 275.000000
1024 10771 274.000000
1007 10817 273.000000
1007 10861 273.000000
33 55 272.000000
900 901 272.000000
1001 10353 271.000000
1001 10978 271.000000
1002 10210 271.000000
1050 10659 271.000000
1386 1407 271.000000
165 187 270.000000
1028 1050 270.000000
100 10938 269.000000
1006 10171 269.000000
187 209 268.000000
1220 1242 268.000000
1443 1465 266.000000
1462 1484 266.000000
856 878 265.000000
384 406 264.000000
896 918 264.000000
1052 10569 261.000000
1394 1416 261.000000
437 459 260.000000
1001 10084 260.000000
1003 10628 260.000000
1458 1459 260.000000
1549 1550 260.000000
1025 10671 257.000000
96 97 256.000000
503 525 256.000000
1028 10969 256.000000
1207 1229 254.000000
502 524 252.000000
1029 10719 251.000000
1508 1530 248.000000
1001 10588 247.000000
770 771 246.000000
771 772 246.000000
772 773 246.000000
773 774 246.000000
774 775 246.000000
1051 10567 246.000000
1051 10744 246.000000
1577 1578 245.000000
1006 10587 242.000000
1310 1311 242.000000
1468 1490 242.000000
100 10950 239.000000
804 805 239.000000
767 789 238.000000
1354 1376 238.000000
1461 1483 238.000000
1025 10897 237.000000
1028 10624 237.000000
1030 1031 237.000000
189 211 235.000000
1030 10928 235.000000
523 545 234.000000
1025 10394 234.000000
1025 10525 234.000000
1028 10357 234.000000
1028 10476 234.000000
1028 10848 234.000000
1028 10949 234.000000
1046 10885 234.000000
1068 10814 233.000000
1072 10955 233.000000
1119 1120 233.000000
1145 1167 232.000000
1159 1181 231.000000
1001 10537 229.000000
1144 1145 229.000000
393 415 228.000000
723 724 228.000000
1068 10807 228.000000
10 32 227.000000
1481 1482 227.000000
1482 1483 227.000000
1072 10721 225.000000
326 327 224.000000
274 296 223.000000
1025 10355 223.000000
1025 10792 223.000000
1025 11000 223.000000
1001 10579 222.000000
755 756 221.000000
756 757 221.000000
757 758 221.000000
758 759 221.000000
308 329 220.000000
327 328 220.000000
328 329 220.000000
1008 10145 220.000000
1025 10538 220.000000
1045 10741 220.000000
1182 1204 220.000000
1001 10543 219.000000
1006 10206 218.000000
1072 10811 216.000000
299 300 215.000000
300 301 215.000000
301 302 215.000000
302 303 215.000000
374 375 215.000000
375 376 215.000000
376 377 215.000000
377 378 215.000000
378 379 215.000000
379 380 215.000000
380 381 215.000000
381 382 215.000000
382 383 215.000000
1024 10710 215.000000
277 299 214.000000
303 304 214.000000
1025 10706 214.000000
1049 10640 214.000000
1276 1298 214.000000
286 307 213.000000
304 305 213.000000
305 306 213.000000
306 307 213.000000
372 394 212.000000
1028 10575 212.000000
514 515 211.000000
987 988 210.000000
1001 10572 208.000000
396 418 207.000000
308 309 206.000000
1025 10833 206.000000
1044 10562 206.000000
1316 1338 204.000000
1006 10704 202.000000
13 35 201.000000
719 720 201.000000
460 482 200.000000
1351 1373 200.000000
481 503 199.000000
762 763 198.000000
1029 10839 198.000000
1490 1491 198.000000
944 945 196.000000
1006 10624 196.000000
1184 1206 196.000000
515 516 195.000000
516 517 195.000000
517 518 195.000000
518 519 195.000000
519 520 195.000000
520 521 195.000000
1028 10788 194.000000
1245 1267 194.000000
1002 10297 193.000000
253 275 191.000000
484 505 191.000000
784 785 191.000000
1006 10726 191.000000
1469 1491 191.000000
1044 10768 190.000000
75 97 189.000000
209 231 189.000000
1006 1028 187.000000
1002 10791 185.000000
1005 10386 185.000000
1023 10884 184.000000
1030 1052 183.000000
100 10435 182.000000
1002 10440 182.000000
1007 10138 182.000000
1028 10718 182.000000
1073 10922 182.000000
226 227 181.000000
1028 10664 181.000000
1028 10965 181.000000
1006 10890 180.000000
186 208 178.000000
1006 10703 178.000000
1409 1410 178.000000
1410 1411 178.000000
1411 1412 178.000000
1412 1413 178.000000
1413 1414 178.000000
462 463 177.000000
463 464 177.000000
464 465 177.000000
465 466 177.000000
466 467 177.000000
467 468 177.000000
468 469 177.000000
469 470 177.000000
1045 1067 176.000000
1116 1138 175.000000
1133 1155 175.000000
12 34 174.000000
741 742 174.000000
742 743 174.000000
743 744 174.000000
405 427 173.000000
31 53 172.000000
1024 10551 172.000000
101 10957 169.000000
233 234 169.000000
853 875 169.000000
1006 10816 169.000000
1023 10655 168.000000
1008 10092 167.000000
1008 10266 167.000000
1008 10805 167.000000
1023 10630 165.000000
590 591 164.000000
591 592 164.000000
1051 10941 163.000000
121 143 162.000000
1029 10760 162.000000
1046 10919 162.000000
1095 1096 162.000000
1024 10437 161.000000
1051 10544 161.000000
1267 1289 161.000000
1029 10890 160.000000
1046 10683 160.000000
1051 10680 160.000000
1051 10859 160.000000
76 98 159.000000
471 493 159.000000
1005 10640 159.000000
1203 1225 159.000000
1007 10457 157.000000
385 407 156.000000
1002 10289 156.000000
1006 10331 155.000000
1024 10807 154.000000
1029 10679 154.000000
1030 10892 154.000000
1002 10479 153.000000
1023 10688 153.000000
1029 10587 153.000000
1132 1154 153.000000
125 126 152.000000
126 127 152.000000
127 128 152.000000
1023 10548 152.000000
80 81 151.000000
161 183 151.000000
1051 10935 151.000000
1408 1429 151.000000
1426 1427 151.000000
1427 1428 151.000000
1428 1429 151.000000
1006 10233 149.000000
1023 10962 149.000000
1556 1557 149.000000
1254 1275 148.000000
1274 1275 148.000000
122 144 146.000000
1007 10765 146.000000
1007 10888 146.000000
737 738 145.000000
738 739 145.000000
1068 10791 145.000000
480 502 144.000000
732 733 144.000000
733 734 144.000000
734 735 144.000000
735 736 144.000000
736 737 144.000000
1024 10636 144.000000
1049 10726 143.000000
1141 1142 143.000000
1006 10777 142.000000
1006 10810 142.000000
1006 10841 142.000000
1050 10933 142.000000
1122 1143 142.000000
1137 1159 142.000000
1142 1143 142.000000
54 76 141.000000
1029 10384 141.000000
1408 1409 140.000000
396 397 139.000000
676 677 139.000000
677 678 139.000000
678 679 139.000000
1024 10814 139.000000
1030 10805 139.000000
1072 10903 139.000000
438 460 138.000000
492 493 138.000000
798 799 138.000000
799 800 138.000000
800 801 138.000000
801 802 138.000000
802 803 138.000000
1006 10745 138.000000
1049 10842 137.000000
55 77 134.000000
1530 1552 134.000000
478 500 133.000000
870 892 133.000000
1046 10628 133.000000
278 279 132.000000
279 280 132.000000
280 281 132.000000
1029 10457 131.000000
243 265 130.000000
943 965 130.000000
296 318 129.000000
462 483 129.000000
1046 10482 129.000000
537 538 128.000000
538 539 128.000000
539 540 128.000000
540 541 128.000000
541 542 128.000000
542 543 128.000000
809 831 128.000000
1001 10771 128.000000
1073 10935 128.000000
326 348 127.000000
922 923 127.000000
1006 10104 127.000000
1414 1415 126.000000
748 770 125.000000
1051 10933 125.000000
1073 10941 124.000000
679 680 122.000000
521 522 121.000000
505 527 120.000000
1030 10365 120.000000
1418 1440 120.000000
775 776 119.000000
1262 1284 119.000000
59 60 118.000000
146 147 118.000000
1073 10859 118.000000
101 10661 117.000000
255 277 117.000000
610 611 117.000000
611 612 117.000000
612 613 117.000000
1029 10933 117.000000
1370 1371 117.000000
106 128 116.000000
52 53 115.000000
361 383 115.000000
1007 10141 115.000000
1072 10921 115.000000
101 10917 114.000000
103 104 114.000000
104 105 114.000000
105 106 114.000000
1072 10902 114.000000
1166 1187 114.000000
1175 1197 114.000000
1029 10670 113.000000
1052 10975 113.000000
15 1577 112.000000
744 745 112.000000
804 826 112.000000
1023 10341 112.000000
1186 1187 112.000000
660 661 111.000000
660 681 111.000000
680 681 111.000000
897 919 111.000000
1372 1394 111.000000
277 278 110.000000
330 331 110.000000
937 959 110.000000
1006 10825 110.000000
761 762 109.000000
959 981 109.000000
1007 10670 109.000000
1007 10933 109.000000
1072 10848 108.000000
1052 10672 107.000000
1072 10775 107.000000
264 265 106.000000
264 285 106.000000
281 282 106.000000
282 283 106.000000
283 284 106.000000
284 285 106.000000
1002 10284 106.000000
1050 10839 106.000000
1052 10698 106.000000
1052 10758 106.000000
1095 10964 106.000000
1307 1308 106.000000
1308 1309 106.000000
1309 1310 106.000000
1028 10506 105.000000
1028 10783 105.000000
724 725 104.000000
814 835 104.000000
1210 1211 104.000000
1002 1024 103.000000
1030 10419 103.000000
1030 10445 103.000000
103 10566 102.000000
1028 10484 102.000000
1074 10758 102.000000
1115 1137 102.000000
1189 1211 101.000000
1023 1045 100.000000
893 915 99.000000
919 941 99.000000
1006 10539 98.000000
1028 10775 98.000000
1247 1269 97.000000
617 639 96.000000
639 661 96.000000
915 937 96.000000
1051 10585 96.000000
1051 10646 96.000000
1071 1093 96.000000
1007 10079 95.000000
1028 10645 95.000000
1028 10725 95.000000
1030 10604 95.000000
436 458 94.000000
783 784 94.000000
1050 10679 94.000000
722 744 93.000000
875 897 93.000000
1050 10890 93.000000
1090 11000 92.000000
1226 1248 92.000000
1002 10425 91.000000
1028 10568 91.000000
1028 10703 91.000000
1028 10816 91.000000
1093 10955 91.000000
1306 1307 91.000000
1349 1371 91.000000
1002 10482 90.000000
1050 10587 90.000000
1552 1574 90.000000
616 617 89.000000
616 637 89.000000
636 637 89.000000
726 747 89.000000
746 747 89.000000
768 790 89.000000
814 815 89.000000
815 816 89.000000
816 817 89.000000
817 818 89.000000
818 819 89.000000
1100 1101 89.000000
1100 1121 89.000000
1120 1121 89.000000
1166 1167 89.000000
391 413 88.000000
698 699 88.000000
699 700 88.000000
700 701 88.000000
1028 10777 88.000000
1028 10810 88.000000
1028 10841 88.000000
1050 10725 88.000000
1072 10951 88.000000
406 428 87.000000
682 703 87.000000
701 702 87.000000
702 703 87.000000
1029 10399 87.000000
704 725 86.000000
1002 10057 86.000000
1028 10745 86.000000
1051 10892 86.000000
1008 10365 85.000000
1051 10559 85.000000
1393 1415 85.000000
57 79 84.000000
1028 10331 84.000000
1028 10505 84.000000
1358 1380 84.000000
1052 10732 83.000000
1072 10946 83.000000
864 865 82.000000
865 866 82.000000
866 867 82.000000
867 868 82.000000
868 869 82.000000
1074 10900 82.000000
1442 1464 82.000000
745 746 81.000000
1072 10969 81.000000
34 56 80.000000
35 57 80.000000
1181 1203 80.000000
462 484 79.000000
479 501 79.000000
704 705 79.000000
836 857 79.000000
1403 1425 79.000000
1088 10945 78.000000
340 362 77.000000
349 371 77.000000
352 374 77.000000
504 526 77.000000
1233 1234 77.000000
1234 1235 77.000000
1235 1236 77.000000
1236 1237 77.000000
1237 1238 77.000000
1238 1239 77.000000
1239 1240 77.000000
7 8 76.000000
506 507 76.000000
506 527 76.000000
507 508 76.000000
508 509 76.000000
509 510 76.000000
510 511 76.000000
511 512 76.000000
512 513 76.000000
513 514 76.000000
1028 10831 76.000000
1093 10965 76.000000
536 537 75.000000
965 966 75.000000
1066 1067 75.000000
211 233 74.000000
746 768 74.000000
1050 10645 74.000000
1183 1205 74.000000
1211 1212 74.000000
1212 1213 74.000000
1213 1214 74.000000
1214 1215 74.000000
1215 1216 74.000000
1216 1217 74.000000
1217 1218 74.000000
1371 1393 74.000000
1549 1571 74.000000
1006 10299 73.000000
1028 10522 73.000000
1117 1139 73.000000
1189 1190 72.000000
1190 1191 72.000000
1191 1192 72.000000
1192 1193 72.000000
1193 1194 72.000000
1194 1195 72.000000
1195 1196 72.000000
544 566 71.000000
1029 10825 71.000000
32 54 70.000000
718 719 70.000000
1006 10565 70.000000
1031 10569 70.000000
456 478 69.000000
689 690 69.000000
690 691 69.000000
691 692 69.000000
692 693 69.000000
693 694 69.000000
694 695 69.000000
831 853 69.000000
1044 10570 69.000000
1320 1321 69.000000
1512 1534 69.000000
1006 10645 68.000000
1006 10725 68.000000
1028 10380 68.000000
1423 1445 68.000000
579 580 67.000000
580 581 67.000000
581 582 67.000000
582 583 67.000000
583 584 67.000000
584 585 67.000000
585 586 67.000000
586 587 67.000000
1028 10726 67.000000
1050 10777 67.000000
1050 10810 67.000000
1050 10841 67.000000
930 931 66.000000
931 932 66.000000
932 933 66.000000
933 934 66.000000
934 935 66.000000
1072 10934 66.000000
1306 1328 66.000000
124 125 65.000000
1006 10380 65.000000
1023 10537 65.000000
1225 1247 65.000000
1006 10268 64.000000
1074 1096 64.000000
1298 1299 64.000000
1486 1508 64.000000
1031 10658 63.000000
1051 10604 63.000000
1072 10949 63.000000
1299 1300 63.000000
1300 1301 63.000000
1301 1302 63.000000
1302 1303 63.000000
1303 1304 63.000000
362 384 62.000000
1024 10647 62.000000
1097 1119 62.000000
206 228 61.000000
1028 10539 61.000000
1028 10565 61.000000
1028 10603 61.000000
1028 10738 61.000000
1028 10808 61.000000
1028 10877 61.000000
1420 1442 61.000000
1506 1528 61.000000
308 330 60.000000
545 567 60.000000
880 901 60.000000
1006 10298 60.000000
1049 10522 60.000000
1304 1305 60.000000
613 614 59.000000
1050 10603 59.000000
103 10911 58.000000
790 812 58.000000
1005 10831 58.000000
1027 10842 58.000000
1050 10808 58.000000
1050 10877 58.000000
1052 10631 58.000000
1350 1372 58.000000
100 10668 57.000000
100 10985 57.000000
1050 1072 57.000000
1072 10816 57.000000
1167 1168 57.000000
1168 1169 57.000000
1169 1170 57.000000
1170 1171 57.000000
1171 1172 57.000000
1172 1173 57.000000
1173 1174 57.000000
1174 1175 57.000000
1196 1197 57.000000
1240 1241 57.000000
1276 1277 57.000000
164 186 56.000000
208 230 56.000000
748 749 56.000000
900 922 56.000000
958 980 56.000000
1006 10603 56.000000
1006 10808 56.000000
1006 10877 56.000000
1073 10839 56.000000
1205 1227 56.000000
100 122 55.000000
688 689 55.000000
1006 10136 55.000000
1006 10934 55.000000
1050 10745 55.000000
37 38 54.000000
724 746 54.000000
869 870 54.000000
936 958 54.000000
1007 1029 54.000000
1380 1402 54.000000
448 470 53.000000
1005 10568 53.000000
1023 10353 53.000000
1023 10572 53.000000
1023 10978 53.000000
1031 10975 53.000000
101 10322 52.000000
1074 1075 52.000000
1277 1278 52.000000
1278 1279 52.000000
1279 1280 52.000000
1280 1281 52.000000
1281 1282 52.000000
1024 10338 51.000000
1031 10732 51.000000
1045 10545 51.000000
1071 10831 51.000000
1282 1283 51.000000
1335 1357 51.000000
348 370 50.000000
572 573 50.000000
572 593 50.000000
142 164 49.000000
963 985 49.000000
1075 1097 49.000000
1283 1284 49.000000
374 396 48.000000
1073 10765 48.000000
1073 10888 48.000000
330 352 47.000000
1005 10167 47.000000
1005 10179 47.000000
1005 10250 47.000000
1005 10664 47.000000
1005 10718 47.000000
1005 10788 47.000000
1005 10965 47.000000
1024 10440 47.000000
1024 10791 47.000000
1073 10933 47.000000
100 10613 46.000000
210 232 46.000000
558 559 46.000000
559 560 46.000000
560 561 46.000000
561 562 46.000000
562 563 46.000000
563 564 46.000000
564 565 46.000000
749 750 46.000000
750 751 46.000000
751 752 46.000000
752 753 46.000000
753 754 46.000000
1425 1426 46.000000
1553 1575 46.000000
1024 10297 45.000000
1028 10298 45.000000
1028 10299 45.000000
1028 10903 45.000000
1028 10934 45.000000
1073 10817 45.000000
1073 10861 45.000000
1227 1249 45.000000
711 712 44.000000
712 713 44.000000
713 714 44.000000
714 715 44.000000
715 716 44.000000
716 717 44.000000
717 718 44.000000
1024 10289 44.000000
1024 10671 44.000000
1474 1475 44.000000
1474 1495 44.000000
1475 1476 44.000000
1476 1477 44.000000
1477 1478 44.000000
1478 1479 44.000000
1491 1492 44.000000
1492 1493 44.000000
1493 1494 44.000000
1494 1495 44.000000
842 864 43.000000
913 914 43.000000
1024 10479 43.000000
1386 1387 43.000000
1387 1388 43.000000
1388 1389 43.000000
1389 1390 43.000000
1390 1391 43.000000
1465 1487 43.000000
14 1576 42.000000
573 574 42.000000
574 575 42.000000
575 576 42.000000
576 577 42.000000
577 578 42.000000
578 579 42.000000
857 879 42.000000
1089 1111 42.000000
1202 1224 42.000000
836 837 41.000000
837 838 41.000000
838 839 41.000000
839 840 41.000000
840 841 41.000000
841 842 41.000000
1006 10522 41.000000
1024 10300 41.000000
1268 1290 41.000000
1311 1333 41.000000
6 7 40.000000
351 373 40.000000
570 571 40.000000
914 936 40.000000
1008 1030 40.000000
1049 10848 40.000000
1049 10902 40.000000
1049 10921 40.000000
1049 10951 40.000000
1049 10969 40.000000
1321 1343 40.000000
661 662 39.000000
662 663 39.000000
663 664 39.000000
664 665 39.000000
665 666 39.000000
1002 10065 39.000000
1002 10706 39.000000
1068 10919 39.000000
1305 1327 39.000000
1355 1377 39.000000
535 536 38.000000
1006 10903 38.000000
1049 10703 38.000000
1049 10816 38.000000
1072 10825 38.000000
1101 1102 38.000000
1102 1103 38.000000
1103 1104 38.000000
1104 1105 38.000000
1105 1106 38.000000
1106 1107 38.000000
1107 1108 38.000000
1108 1109 38.000000
1109 1110 38.000000
1229 1251 38.000000
1399 1421 38.000000
309 331 37.000000
727 728 37.000000
728 729 37.000000
729 730 37.000000
730 731 37.000000
731 732 37.000000
935 936 37.000000
1002 10538 37.000000
1024 10264 37.000000
1024 10919 37.000000
1271 1293 37.000000
1298 1320 37.000000
1332 1354 37.000000
1002 10833 36.000000
1024 10885 36.000000
1068 10683 36.000000
1068 10885 36.000000
1224 1246 36.000000
1321 1322 36.000000
1322 1323 36.000000
1323 1324 36.000000
1324 1325 36.000000
1325 1326 36.000000
1547 1569 36.000000
16 38 35.000000
347 369 35.000000
528 529 35.000000
528 549 35.000000
529 530 35.000000
530 531 35.000000
531 532 35.000000
532 533 35.000000
533 534 35.000000
534 535 35.000000
633 634 35.000000
634 635 35.000000
635 636 35.000000
920 942 35.000000
1270 1292 35.000000
12 1574 34.000000
15 37 34.000000
100 10143 34.000000
390 412 34.000000
527 549 34.000000
739 740 34.000000
827 849 34.000000
162 184 33.000000
1005 10575 33.000000
1068 10684 33.000000
1072 10725 33.000000
1072 10738 33.000000
1072 10777 33.000000
1072 10810 33.000000
1072 10841 33.000000
11 1573 32.000000
146 168 32.000000
346 368 32.000000
941 963 32.000000
964 986 32.000000
1050 10825 32.000000
1376 1398 32.000000
440 462 31.000000
1024 10482 31.000000
1094 1116 31.000000
1158 1180 31.000000
1370 1392 31.000000
324 346 30.000000
1023 10543 30.000000
1023 10579 30.000000
1023 10588 30.000000
1024 10278 30.000000
1024 10320 30.000000
1049 10603 30.000000
1049 10808 30.000000
1049 10877 30.000000
1052 10916 30.000000
1071 10783 30.000000
1305 1306 30.000000
1326 1327 30.000000
1430 1451 30.000000
1447 1448 30.000000
1448 1449 30.000000
1449 1450 30.000000
1450 1451 30.000000
404 426 29.000000
726 727 29.000000
740 741 29.000000
1002 10355 29.000000
1138 1160 29.000000
1254 1276 29.000000
1002 10684 28.000000
1024 10425 28.000000
1024 10683 28.000000
1068 10897 28.000000
1072 10808 28.000000
1072 10877 28.000000
1074 10805 28.000000
303 325 27.000000
696 697 27.000000
902 903 27.000000
903 904 27.000000
904 905 27.000000
905 906 27.000000
906 907 27.000000
1024 10284 27.000000
1548 1570 27.000000
221 243 26.000000
281 303 26.000000
386 408 26.000000
695 696 26.000000
1005 10407 26.000000
1005 10842 26.000000
1504 1526 26.000000
1526 1548 26.000000
30 52 25.000000
286 287 25.000000
557 579 25.000000
1068 10792 25.000000
1186 1208 25.000000
77 99 24.000000
103 10591 24.000000
483 505 24.000000
557 558 24.000000
792 793 24.000000
793 794 24.000000
794 795 24.000000
795 796 24.000000
796 797 24.000000
797 798 24.000000
848 849 24.000000
858 859 24.000000
858 879 24.000000
859 860 24.000000
860 861 24.000000
861 862 24.000000
862 863 24.000000
863 864 24.000000
1068 11000 24.000000
5 6 23.000000
265 287 23.000000
392 414 23.000000
394 416 23.000000
902 923 23.000000
1001 10300 23.000000
1001 10710 23.000000
1545 1567 23.000000
101 10829 22.000000
221 222 22.000000
222 223 22.000000
223 224 22.000000
224 225 22.000000
225 226 22.000000
747 769 22.000000
789 811 22.000000
1002 10198 22.000000
1067 10771 22.000000
1096 1118 22.000000
1391 1392 22.000000
1447 1469 22.000000
103 10963 21.000000
1009 10658 21.000000
139 140 20.000000
190 191 20.000000
191 192 20.000000
192 193 20.000000
193 194 20.000000
339 361 20.000000
1006 10738 20.000000
1312 1334 20.000000
689 711 19.000000
1068 10706 19.000000
1068 10833 19.000000
1145 1146 19.000000
1146 1147 19.000000
1147 1148 19.000000
1148 1149 19.000000
1149 1150 19.000000
1150 1151 19.000000
1151 1152 19.000000
1152 1153 19.000000
1246 1268 19.000000
1272 1294 19.000000
1402 1424 19.000000
1531 1553 19.000000
435 457 18.000000
701 723 18.000000
725 747 18.000000
1289 1311 18.000000
1360 1382 18.000000
100 10669 17.000000
679 701 17.000000
705 706 17.000000
706 707 17.000000
707 708 17.000000
708 709 17.000000
709 710 17.000000
1049 10903 17.000000
1072 10745 17.000000
1430 1452 17.000000
1452 1473 17.000000
1469 1470 17.000000
1470 1471 17.000000
1471 1472 17.000000
1472 1473 17.000000
1546 1568 17.000000
317 339 16.000000
439 461 16.000000
666 688 16.000000
1071 10718 16.000000
1071 10788 16.000000
1071 10842 16.000000
1071 10965 16.000000
1263 1285 16.000000
1288 1310 16.000000
103 10767 15.000000
426 448 15.000000
702 724 15.000000
1009 10569 15.000000
1009 10732 15.000000
1049 10539 15.000000
1049 10565 15.000000
1049 10934 15.000000
1051 1073 15.000000
1093 10946 15.000000
1093 10949 15.000000
1196 1218 15.000000
1307 1329 15.000000
56 78 14.000000
101 10317 14.000000
103 10826 14.000000
182 183 14.000000
946 947 14.000000
947 948 14.000000
948 949 14.000000
949 950 14.000000
950 951 14.000000
1049 10775 14.000000
1228 1250 14.000000
8 9 13.000000
102 10889 13.000000
103 10794 13.000000
168 169 13.000000
169 170 13.000000
170 171 13.000000
171 172 13.000000
680 702 13.000000
710 711 13.000000
1002 10551 13.000000
1067 10741 13.000000
1096 1097 13.000000
1211 1233 13.000000
1551 1573 13.000000
138 139 12.000000
138 160 12.000000
482 504 12.000000
1095 1117 12.000000
1254 1255 12.000000
1255 1256 12.000000
1256 1257 12.000000
1257 1258 12.000000
1258 1259 12.000000
1259 1260 12.000000
1260 1261 12.000000
1261 1262 12.000000
13 1575 11.000000
745 767 11.000000
834 856 11.000000
892 914 11.000000
1002 10075 11.000000
1009 10975 11.000000
1049 10505 11.000000
1049 10506 11.000000
1049 10783 11.000000
1074 10928 11.000000
1153 1154 11.000000
1386 1408 11.000000
10 1572 10.000000
770 792 10.000000
776 777 10.000000
777 778 10.000000
778 779 10.000000
779 780 10.000000
1024 1046 10.000000
1045 10479 10.000000
1045 10791 10.000000
1051 10765 10.000000
1051 10817 10.000000
1051 10861 10.000000
1051 10888 10.000000
1154 1176 10.000000
1326 1348 10.000000
1334 1356 10.000000
211 212 9.000000
416 438 9.000000
697 698 9.000000
726 748 9.000000
791 813 9.000000
886 887 9.000000
887 888 9.000000
888 889 9.000000
889 890 9.000000
890 891 9.000000
1002 10278 9.000000
1045 10807 9.000000
1093 10934 9.000000
1093 10951 9.000000
1093 10969 9.000000
1266 1288 9.000000
1415 1437 9.000000
53 75 8.000000
139 161 8.000000
286 308 8.000000
573 595 8.000000
595 617 8.000000
675 676 8.000000
727 749 8.000000
783 805 8.000000
871 893 8.000000
891 892 8.000000
946 968 8.000000
968 989 8.000000
988 989 8.000000
1052 10805 8.000000
1052 10928 8.000000
1079 1080 8.000000
1079 1101 8.000000
1080 1081 8.000000
1081 1082 8.000000
1082 1083 8.000000
1083 1084 8.000000
1084 1085 8.000000
1085 1086 8.000000
1086 1087 8.000000
1087 1088 8.000000
1140 1162 8.000000
1153 1175 8.000000
1244 1266 8.000000
1377 1399 8.000000
1503 1525 8.000000
1525 1547 8.000000
1534 1535 8.000000
550 551 7.000000
550 571 7.000000
551 552 7.000000
552 553 7.000000
553 554 7.000000
554 555 7.000000
555 556 7.000000
556 557 7.000000
592 593 7.000000
1002 10264 7.000000
1002 10320 7.000000
1002 10671 7.000000
1002 10919 7.000000
1023 10285 7.000000
1045 10710 7.000000
1273 1295 7.000000
1299 1321 7.000000
242 243 6.000000
242 263 6.000000
255 256 6.000000
256 257 6.000000
257 258 6.000000
258 259 6.000000
259 260 6.000000
260 261 6.000000
261 262 6.000000
262 263 6.000000
535 557 6.000000
704 726 6.000000
788 810 6.000000
880 881 6.000000
881 882 6.000000
882 883 6.000000
883 884 6.000000
884 885 6.000000
885 886 6.000000
946 967 6.000000
966 967 6.000000
1002 10038 6.000000
1002 10107 6.000000
1002 10338 6.000000
1002 10683 6.000000
1002 10885 6.000000
1049 10568 6.000000
1049 10664 6.000000
1049 10718 6.000000
1049 10788 6.000000
1049 10831 6.000000
1049 10965 6.000000
1277 1299 6.000000
145 167 5.000000
167 189 5.000000
526 548 5.000000
666 667 5.000000
667 689 5.000000
710 732 5.000000
754 755 5.000000
784 806 5.000000
935 957 5.000000
1030 10817 5.000000
1030 10861 5.000000
1142 1164 5.000000
1430 1431 5.000000
1431 1432 5.000000
1432 1433 5.000000
1433 1434 5.000000
1434 1435 5.000000
103 10328 4.000000
327 349 4.000000
522 544 4.000000
902 924 4.000000
921 943 4.000000
924 945 4.000000
1066 10768 4.000000
1066 10773 4.000000
1066 10854 4.000000
1066 10945 4.000000
1120 1142 4.000000
1210 1232 4.000000
1304 1326 4.000000
1352 1374 4.000000
1359 1381 4.000000
1487 1509 4.000000
101 10577 3.000000
102 10496 3.000000
176 177 3.000000
176 197 3.000000
177 199 3.000000
194 195 3.000000
195 196 3.000000
196 197 3.000000
199 221 3.000000
594 595 3.000000
594 615 3.000000
595 596 3.000000
596 597 3.000000
597 598 3.000000
598 599 3.000000
599 600 3.000000
614 615 3.000000
674 675 3.000000
833 855 3.000000
1001 10063 3.000000
1075 1076 3.000000
1076 1098 3.000000
1088 1110 3.000000
1098 1120 3.000000
60 61 2.000000
61 62 2.000000
62 84 2.000000
182 204 2.000000
299 321 2.000000
688 710 2.000000
820 842 2.000000
957 979 2.000000
1045 10636 2.000000
1046 10525 2.000000
1046 10538 2.000000
1046 10684 2.000000
1046 10706 2.000000
1046 10792 2.000000
1046 10833 2.000000
1046 10897 2.000000
1046 11000 2.000000
1067 1089 2.000000
1123 1124 2.000000
1123 1145 2.000000
1124 1125 2.000000
1125 1126 2.000000
1126 1127 2.000000
1127 1128 2.000000
1128 1129 2.000000
1129 1130 2.000000
1130 1131 2.000000
1185 1207 2.000000
1187 1209 2.000000
1197 1219 2.000000
1269 1291 2.000000
1283 1305 2.000000
1327 1349 2.000000
154 155 1.000000
154 175 1.000000
155 156 1.000000
156 157 1.000000
157 158 1.000000
158 159 1.000000
159 160 1.000000
172 173 1.000000
173 174 1.000000
174 175 1.000000
184 206 1.000000
220 221 1.000000
220 241 1.000000
234 235 1.000000
235 236 1.000000
236 237 1.000000
237 238 1.000000
238 239 1.000000
239 240 1.000000
240 241 1.000000
304 326 1.000000
491 513 1.000000
513 535 1.000000
617 618 1.000000
618 619 1.000000
619 620 1.000000
620 621 1.000000
621 622 1.000000
622 644 1.000000
644 666 1.000000
682 704 1.000000
737 759 1.000000
798 820 1.000000
820 821 1.000000
821 822 1.000000
822 823 1.000000
823 824 1.000000
891 913 1.000000
898 920 1.000000
939 961 1.000000
961 983 1.000000
966 988 1.000000
1001 10169 1.000000
1001 10545 1.000000
1001 10830 1.000000
1044 10579 1.000000
1046 10551 1.000000
1046 10671 1.000000
1049 10575 1.000000
1093 1115 1.000000
1110 1132 1.000000
1282 1304 1.000000
1317 1339 1.000000
1330 1352 1.000000
1417 1439 1.000000
1439 1461 1.000000
1550 1572 1.000000
