406 407 18459.000000
407 408 18459.000000
408 409 18459.000000
409 410 18459.000000
1378 1379 14943.000000
10 11 14042.000000
363 364 14014.000000
364 365 14014.000000
365 366 14014.000000
1422 1423 12899.000000
405 406 12180.000000
1334 1335 12169.000000
362 363 11612.000000
366 367 10921.000000
8 9 10880.000000
410 411 10849.000000
1377 1378 10443.000000
1376 1377 10383.000000
1224 1225 10166.000000
7 8 9675.000000
1421 1422 9666.000000
1436 1437 9640.000000
273 274 9405.000000
1335 1336 9386.000000
1438 1439 9298.000000
1159 1160 9094.000000
1399 1400 9087.000000
1375 1376 9048.000000
1437 1438 8937.000000
411 412 8894.000000
1420 1421 8868.000000
384 385 8567.000000
385 386 8567.000000
386 387 8567.000000
387 388 8567.000000
1158 1159 8550.000000
1223 1224 8474.000000
1439 1440 8199.000000
1202 1203 8178.000000
1443 1444 7971.000000
1246 1247 7825.000000
272 273 7782.000000
1023 1024 7751.000000
1024 1025 7751.000000
1419 1420 7710.000000
1333 1334 7573.000000
1400 1401 7537.000000
1442 1443 7444.000000
1247 1248 7434.000000
1203 1204 7362.000000
229 230 7220.000000
1441 1442 7192.000000
1088 1089 7088.000000
1089 1090 7088.000000
1435 1436 7028.000000
1440 1441 6961.000000
1180 1181 6861.000000
1398 1399 6691.000000
1222 1223 6588.000000
498 499 6462.000000
1356 1357 6418.000000
383 384 6382.000000
1244 1245 6322.000000
1245 1246 6319.000000
1044 1045 6303.000000
1045 1046 6303.000000
1046 1047 6303.000000
1157 1158 6292.000000
316 317 6242.000000
585 586 5971.000000
1087 1088 5909.000000
1379 1380 5857.000000
54 55 5826.000000
1332 1333 5736.000000
1179 1180 5694.000000
1312 1313 5613.000000
1181 1182 5594.000000
1113 1114 5488.000000
1418 1419 5482.000000
1201 1202 5462.000000
1248 1249 5200.000000
12 13 5142.000000
1397 1398 5051.000000
1225 1226 5004.000000
11 12 4965.000000
1022 1023 4924.000000
1114 1115 4918.000000
1416 1417 4910.000000
317 318 4896.000000
367 368 4857.000000
1415 1416 4847.000000
1354 1355 4826.000000
1160 1161 4753.000000
1355 1356 4716.000000
1417 1418 4711.000000
1090 1091 4686.000000
1025 1026 4676.000000
1091 1092 4668.000000
361 362 4646.000000
1267 1268 4626.000000
1110 1111 4579.000000
1111 1112 4579.000000
1112 1113 4570.000000
388 389 4546.000000
1086 1087 4545.000000
499 500 4528.000000
455 456 4495.000000
808 809 4472.000000
1001 1002 4459.000000
1002 1003 4459.000000
1066 1067 4440.000000
1067 1068 4440.000000
1068 1069 4440.000000
1460 1461 4419.000000
1115 1116 4405.000000
1178 1179 4405.000000
412 413 4347.000000
1414 1415 4332.000000
1465 1466 4322.000000
140 141 4306.000000
1374 1375 4293.000000
450 451 4283.000000
451 452 4283.000000
452 453 4283.000000
1070 1071 4281.000000
453 454 4259.000000
454 455 4244.000000
1026 1027 4217.000000
55 56 4188.000000
207 208 4159.000000
1570 1571 4094.000000
1569 1570 4083.000000
1000 1001 4078.000000
97 98 4051.000000
250 251 4038.000000
1464 1465 4037.000000
1205 1206 4025.000000
96 97 3958.000000
1461 1462 3957.000000
1396 1397 3912.000000
141 142 3891.000000
1313 1314 3887.000000
456 457 3885.000000
1218 1219 3876.000000
1219 1220 3876.000000
1220 1221 3876.000000
338 339 3870.000000
805 806 3869.000000
806 807 3869.000000
428 429 3832.000000
429 430 3832.000000
430 431 3832.000000
431 432 3832.000000
1268 1269 3803.000000
1526 1527 3791.000000
1043 1044 3709.000000
317 339 3697.000000
979 980 3693.000000
980 981 3693.000000
404 405 3690.000000
807 808 3675.000000
449 450 3674.000000
95 96 3657.000000
1462 1463 3656.000000
1291 1292 3624.000000
1371 1372 3620.000000
251 252 3581.000000
1135 1136 3566.000000
389 390 3564.000000
1485 1486 3562.000000
1204 1205 3553.000000
1226 1227 3548.000000
1486 1487 3543.000000
1463 1464 3535.000000
226 227 3520.000000
227 228 3516.000000
1487 1488 3495.000000
981 982 3463.000000
1021 1022 3455.000000
1372 1373 3448.000000
1353 1354 3436.000000
1394 1395 3433.000000
1525 1526 3430.000000
1373 1374 3427.000000
75 76 3426.000000
1379 1401 3393.000000
1331 1332 3367.000000
274 275 3294.000000
1395 1396 3277.000000
228 229 3272.000000
53 54 3220.000000
1573 1574 3214.000000
1288 1289 3212.000000
1137 1138 3208.000000
1458 1459 3207.000000
1136 1137 3178.000000
1527 1528 3168.000000
1196 1197 3157.000000
1197 1198 3157.000000
1198 1199 3157.000000
1199 1200 3157.000000
225 226 3153.000000
1048 1049 3129.000000
1047 1048 3110.000000
118 119 3106.000000
366 388 3101.000000
1266 1267 3094.000000
1466 1467 3077.000000
873 874 3070.000000
119 120 3040.000000
1392 1393 3037.000000
1393 1394 3037.000000
1459 1460 3021.000000
1240 1241 3009.000000
1241 1242 3009.000000
1242 1243 3002.000000
1249 1250 2996.000000
1572 1573 2970.000000
427 428 2957.000000
1311 1312 2948.000000
1289 1290 2938.000000
586 587 2935.000000
1109 1110 2890.000000
1413 1414 2884.000000
10 10040 2876.000000
1069 1070 2863.000000
339 340 2849.000000
1310 1311 2844.000000
809 810 2835.000000
368 390 2799.000000
98 99 2780.000000
493 494 2766.000000
494 495 2766.000000
495 496 2766.000000
496 497 2766.000000
1571 1572 2763.000000
1290 1291 2756.000000
1217 1218 2731.000000
1548 1549 2728.000000
382 383 2707.000000
432 433 2697.000000
182 183 2679.000000
1391 1392 2679.000000
1309 1310 2658.000000
32 33 2650.000000
1200 1201 2617.000000
31 32 2599.000000
1243 1244 2578.000000
360 361 2576.000000
139 140 2554.000000
1549 1550 2538.000000
1501 1502 2528.000000
1502 1503 2528.000000
1484 1485 2524.000000
469 470 2519.000000
500 501 2514.000000
33 34 2475.000000
52 53 2459.000000
1335 1357 2451.000000
1221 1222 2440.000000
542 543 2427.000000
381 382 2408.000000
1042 1043 2404.000000
1529 1530 2399.000000
1530 1531 2391.000000
1528 1529 2380.000000
497 498 2372.000000
74 75 2363.000000
1509 1510 2315.000000
458 459 2307.000000
142 143 2298.000000
208 209 2291.000000
1508 1509 2278.000000
206 207 2247.000000
204 205 2229.000000
205 206 2229.000000
1116 1138 2218.000000
978 979 2215.000000
1092 1093 2204.000000
29 30 2184.000000
183 184 2175.000000
447 448 2153.000000
515 516 2114.000000
516 517 2114.000000
517 518 2114.000000
518 519 2114.000000
30 31 2105.000000
870 871 2103.000000
871 872 2103.000000
468 469 2087.000000
457 458 2080.000000
117 118 2078.000000
1153 1154 2045.000000
1154 1155 2045.000000
1155 1156 2045.000000
1336 1337 2043.000000
872 873 2023.000000
1457 1458 2023.000000
116 117 2019.000000
1027 1028 2018.000000
1071 1072 2002.000000
184 185 1998.000000
1550 1551 1996.000000
541 542 1980.000000
51 52 1961.000000
230 231 1947.000000
56 57 1944.000000
413 414 1913.000000
1174 1175 1907.000000
1175 1176 1907.000000
1176 1177 1907.000000
1177 1178 1907.000000
13 14 1902.000000
1504 1505 1898.000000
73 74 1878.000000
1065 1066 1862.000000
1357 1358 1842.000000
274 296 1826.000000
339 361 1815.000000
1004 1005 1811.000000
368 369 1806.000000
1352 1353 1789.000000
1507 1508 1772.000000
519 520 1771.000000
448 449 1767.000000
1156 1157 1752.000000
1269 1270 1750.000000
369 370 1740.000000
72 73 1732.000000
1003 1004 1728.000000
294 295 1727.000000
273 295 1719.000000
315 316 1714.000000
340 341 1713.000000
341 342 1713.000000
342 343 1713.000000
343 344 1713.000000
344 345 1705.000000
181 182 1694.000000
955 956 1694.000000
433 434 1687.000000
161 162 1683.000000
479 480 1683.000000
203 204 1682.000000
1047 10946 1675.000000
143 144 1657.000000
917 918 1655.000000
1026 10270 1645.000000
1574 1575 1644.000000
1370 1371 1643.000000
1505 1506 1641.000000
1116 1117 1634.000000
160 161 1621.000000
1227 1228 1616.000000
1159 1181 1606.000000
1434 1435 1599.000000
403 404 1588.000000
391 392 1582.000000
1314 1315 1581.000000
390 391 1551.000000
185 186 1544.000000
1292 1293 1541.000000
476 477 1528.000000
1005 1006 1525.000000
521 522 1500.000000
1206 1228 1497.000000
1108 1109 1492.000000
1152 1153 1492.000000
295 296 1491.000000
851 852 1489.000000
852 853 1489.000000
1444 1445 1482.000000
367 389 1470.000000
1503 1525 1469.000000
477 478 1468.000000
1291 1313 1466.000000
1293 1294 1464.000000
1138 1139 1463.000000
957 958 1460.000000
958 959 1460.000000
959 960 1460.000000
426 427 1456.000000
478 479 1447.000000
141 163 1441.000000
370 371 1441.000000
918 919 1438.000000
480 481 1413.000000
434 435 1393.000000
520 521 1381.000000
1482 1483 1379.000000
1349 1350 1375.000000
1350 1351 1374.000000
1351 1352 1373.000000
470 471 1355.000000
413 435 1330.000000
809 831 1309.000000
874 875 1309.000000
120 121 1304.000000
960 961 1301.000000
34 35 1298.000000
1117 1139 1298.000000
961 962 1297.000000
425 426 1289.000000
414 415 1288.000000
471 472 1288.000000
472 473 1288.000000
473 474 1288.000000
474 475 1288.000000
1380 1381 1285.000000
230 252 1281.000000
392 393 1280.000000
318 319 1274.000000
492 493 1270.000000
1506 1507 1263.000000
977 978 1258.000000
956 957 1255.000000
810 811 1251.000000
1283 1284 1249.000000
1284 1285 1249.000000
1285 1286 1249.000000
337 338 1248.000000
1401 1402 1212.000000
459 481 1211.000000
543 544 1204.000000
982 983 1196.000000
138 139 1192.000000
936 937 1182.000000
499 521 1180.000000
937 938 1179.000000
1348 1349 1176.000000
1327 1328 1175.000000
1328 1329 1175.000000
1329 1330 1175.000000
1358 1359 1156.000000
459 460 1152.000000
545 546 1151.000000
586 608 1144.000000
1531 1532 1143.000000
76 77 1142.000000
250 272 1138.000000
371 372 1138.000000
162 163 1129.000000
895 896 1128.000000
896 897 1128.000000
1330 1331 1111.000000
1483 1484 1105.000000
457 479 1098.000000
159 160 1087.000000
1160 1182 1086.000000
1390 1391 1082.000000
869 870 1067.000000
1049 1050 1055.000000
10 10979 1052.000000
1481 1482 1052.000000
544 545 1051.000000
1551 1552 1050.000000
1292 1314 1041.000000
475 476 1040.000000
1552 1553 1032.000000
1131 1132 1027.000000
1132 1133 1027.000000
1133 1134 1027.000000
983 984 1025.000000
892 893 1022.000000
893 894 1022.000000
1347 1348 1012.000000
913 914 1008.000000
914 915 1008.000000
915 916 1008.000000
77 78 997.000000
935 936 972.000000
962 963 971.000000
875 876 970.000000
894 895 950.000000
897 898 950.000000
319 320 944.000000
320 321 944.000000
321 322 944.000000
322 323 944.000000
1286 1287 938.000000
891 892 924.000000
1287 1288 913.000000
1326 1327 912.000000
411 433 907.000000
500 522 899.000000
94 95 870.000000
10 10446 865.000000
359 360 846.000000
446 447 846.000000
1553 1554 846.000000
323 345 840.000000
1239 1240 839.000000
811 812 838.000000
890 891 836.000000
1270 1271 834.000000
523 524 829.000000
1359 1360 827.000000
1360 1361 827.000000
1134 1135 825.000000
984 985 823.000000
186 187 819.000000
393 394 813.000000
546 547 813.000000
1206 1207 812.000000
1207 1208 812.000000
831 832 811.000000
847 848 810.000000
848 849 810.000000
849 850 810.000000
202 203 808.000000
1027 10395 801.000000
491 492 792.000000
850 851 789.000000
783 784 786.000000
784 785 786.000000
785 786 786.000000
100 10345 784.000000
415 416 783.000000
10 10395 780.000000
361 383 778.000000
418 419 777.000000
418 439 777.000000
419 420 777.000000
420 421 777.000000
421 422 777.000000
422 423 777.000000
423 424 777.000000
438 439 777.000000
916 917 777.000000
10 10190 772.000000
455 477 765.000000
912 913 765.000000
853 854 760.000000
832 833 758.000000
435 436 754.000000
269 270 747.000000
270 271 747.000000
383 405 739.000000
522 523 734.000000
565 566 728.000000
1003 10484 720.000000
829 830 712.000000
10 10080 711.000000
939 940 703.000000
940 941 703.000000
513 514 702.000000
514 515 702.000000
1265 1266 700.000000
1028 1029 698.000000
1204 1226 694.000000
247 248 693.000000
248 249 693.000000
249 250 692.000000
1369 1370 691.000000
352 353 688.000000
352 373 688.000000
353 354 688.000000
354 355 688.000000
355 356 688.000000
356 357 688.000000
357 358 688.000000
358 359 688.000000
271 272 685.000000
1282 1283 684.000000
424 425 678.000000
1346 1347 671.000000
286 287 668.000000
287 288 668.000000
288 289 668.000000
1071 1093 668.000000
286 307 667.000000
941 942 665.000000
440 441 662.000000
440 461 662.000000
441 442 662.000000
442 443 662.000000
443 444 662.000000
444 445 662.000000
445 446 662.000000
460 461 662.000000
316 338 658.000000
295 317 654.000000
1195 1196 647.000000
242 243 646.000000
243 244 646.000000
244 245 646.000000
1503 1504 646.000000
1461 1483 645.000000
242 263 644.000000
268 269 637.000000
1130 1131 618.000000
934 935 614.000000
1402 1403 612.000000
1403 1404 612.000000
1404 1405 612.000000
296 318 607.000000
1466 1488 589.000000
804 805 586.000000
1294 1295 586.000000
1295 1296 586.000000
566 567 583.000000
1261 1262 583.000000
1262 1263 583.000000
1263 1264 583.000000
456 478 582.000000
650 651 580.000000
1264 1265 580.000000
381 403 576.000000
825 826 570.000000
163 164 565.000000
1479 1480 565.000000
1480 1481 565.000000
524 525 559.000000
938 939 559.000000
318 340 558.000000
786 787 552.000000
1027 1049 547.000000
868 869 544.000000
228 250 542.000000
308 329 540.000000
308 309 539.000000
309 310 539.000000
310 311 539.000000
311 312 539.000000
312 313 539.000000
313 314 539.000000
314 315 539.000000
830 831 538.000000
1412 1413 538.000000
824 825 528.000000
1047 10949 528.000000
446 468 525.000000
1004 10745 518.000000
436 437 513.000000
1003 10361 510.000000
810 832 509.000000
512 513 503.000000
1384 1385 502.000000
1000 10095 499.000000
1381 1382 499.000000
1382 1383 499.000000
1383 1384 499.000000
501 502 498.000000
252 253 496.000000
1208 1209 489.000000
854 855 486.000000
1050 10658 486.000000
761 762 481.000000
762 763 481.000000
763 764 481.000000
764 765 481.000000
826 827 473.000000
827 828 473.000000
828 829 473.000000
919 920 473.000000
718 719 468.000000
719 720 468.000000
360 382 466.000000
567 568 465.000000
187 188 464.000000
1337 1338 464.000000
521 543 461.000000
10 10290 454.000000
10 10382 453.000000
10 10646 453.000000
10 10680 453.000000
10 10859 451.000000
121 122 451.000000
546 568 450.000000
587 588 446.000000
73 95 443.000000
10 10050 441.000000
1000 10628 438.000000
289 290 437.000000
290 291 437.000000
291 292 437.000000
292 293 437.000000
484 485 437.000000
484 505 437.000000
485 486 437.000000
486 487 437.000000
487 488 437.000000
488 489 437.000000
489 490 437.000000
504 505 437.000000
28 29 436.000000
10 10174 436.000000
10 10201 436.000000
1006 10128 436.000000
1260 1261 436.000000
330 331 434.000000
330 351 434.000000
331 332 434.000000
332 333 434.000000
333 334 434.000000
334 335 434.000000
335 336 434.000000
336 337 434.000000
765 766 432.000000
10 10567 431.000000
10 10744 431.000000
1248 1270 428.000000
1228 1229 425.000000
1229 1230 425.000000
164 165 423.000000
1173 1174 423.000000
502 503 421.000000
1216 1217 420.000000
938 960 418.000000
245 246 417.000000
1338 1339 417.000000
1339 1340 417.000000
145 146 415.000000
146 147 415.000000
147 148 415.000000
159 181 414.000000
10 10115 410.000000
10 10315 410.000000
296 297 407.000000
757 758 405.000000
758 759 405.000000
10 10585 404.000000
116 138 404.000000
10 10257 403.000000
787 788 402.000000
1377 1399 395.000000
10 10941 394.000000
10 10559 391.000000
370 392 391.000000
1000 10156 391.000000
1174 1196 385.000000
1364 1365 385.000000
1364 1385 385.000000
1365 1366 385.000000
1366 1367 385.000000
1367 1368 385.000000
1543 1544 384.000000
1544 1545 382.000000
1001 10628 381.000000
1021 10480 376.000000
163 185 375.000000
588 589 374.000000
589 590 374.000000
1545 1546 374.000000
158 159 373.000000
1500 1501 373.000000
31 53 372.000000
564 565 371.000000
1546 1547 370.000000
382 404 369.000000
720 721 368.000000
437 438 365.000000
542 564 364.000000
478 500 362.000000
1526 1548 361.000000
765 787 356.000000
1070 10703 355.000000
252 274 351.000000
1547 1548 350.000000
1271 1272 349.000000
10 10935 347.000000
412 434 346.000000
264 285 345.000000
264 265 343.000000
265 266 343.000000
266 267 343.000000
267 268 343.000000
447 469 340.000000
1023 10538 339.000000
100 101 338.000000
1423 1445 338.000000
1438 1460 338.000000
1249 1271 333.000000
1482 1504 333.000000
1022 10647 332.000000
1000 10210 327.000000
10 10421 323.000000
1021 10370 323.000000
10 10499 321.000000
10 10563 321.000000
1286 1308 321.000000
251 273 320.000000
811 833 320.000000
1315 1316 319.000000
1316 1317 319.000000
1317 1318 319.000000
10 10781 318.000000
10 10925 318.000000
374 375 317.000000
374 395 317.000000
375 376 317.000000
376 377 317.000000
377 378 317.000000
378 379 317.000000
379 380 317.000000
380 381 317.000000
394 395 317.000000
490 491 316.000000
1405 1406 314.000000
338 360 312.000000
1021 10773 309.000000
1023 10394 308.000000
1042 10562 307.000000
1362 1363 307.000000
766 767 305.000000
767 768 305.000000
629 630 304.000000
1044 10628 298.000000
185 207 297.000000
10 10412 296.000000
1308 1309 293.000000
565 587 290.000000
1161 1162 290.000000
10 10713 289.000000
1352 1374 289.000000
10 10305 286.000000
10 10677 286.000000
1004 10136 286.000000
10 10964 285.000000
10 10393 282.000000
117 139 282.000000
1510 1511 282.000000
1336 1358 281.000000
345 346 280.000000
425 447 280.000000
1244 1266 280.000000
498 520 279.000000
1021 10261 279.000000
1456 1457 279.000000
396 397 278.000000
396 417 278.000000
397 398 278.000000
398 399 278.000000
399 400 278.000000
400 401 278.000000
401 402 278.000000
1003 10407 277.000000
1004 10331 276.000000
10 10283 274.000000
1021 10884 274.000000
1023 10355 274.000000
1027 10429 274.000000
1361 1362 274.000000
10 10544 273.000000
462 463 272.000000
462 483 272.000000
463 464 272.000000
464 465 272.000000
465 466 272.000000
466 467 272.000000
467 468 272.000000
482 483 272.000000
349 350 271.000000
469 491 269.000000
873 895 268.000000
1026 10951 265.000000
1066 10791 265.000000
53 75 264.000000
1023 10525 264.000000
1023 10792 264.000000
1023 10833 264.000000
1023 10897 264.000000
10 10260 263.000000
347 348 263.000000
348 349 263.000000
1066 10807 263.000000
346 347 262.000000
438 460 260.000000
1023 11000 260.000000
1521 1522 257.000000
1522 1523 257.000000
1523 1524 257.000000
1524 1525 257.000000
481 482 256.000000
1005 10888 256.000000
1218 1240 256.000000
402 403 254.000000
1093 1094 253.000000
1043 10547 251.000000
1238 1239 251.000000
1004 10429 250.000000
231 253 249.000000
415 437 249.000000
1047 10575 249.000000
1047 10640 249.000000
1047 10718 249.000000
1047 10842 249.000000
426 448 248.000000
1026 10450 248.000000
1026 10506 247.000000
1026 10783 247.000000
1026 10476 246.000000
1026 10848 246.000000
1026 10902 246.000000
1026 10921 246.000000
477 499 244.000000
1337 1359 244.000000
1022 10300 241.000000
1022 10710 240.000000
1293 1315 239.000000
1026 10969 238.000000
1071 10935 238.000000
229 251 237.000000
184 206 236.000000
753 754 236.000000
754 755 236.000000
755 756 236.000000
756 757 236.000000
1021 10353 236.000000
1021 10978 236.000000
371 393 234.000000
1021 10422 234.000000
1026 10357 234.000000
1044 10551 234.000000
1044 10919 234.000000
1272 1273 234.000000
1273 1274 234.000000
1044 10671 232.000000
1066 10814 232.000000
1070 10811 231.000000
1070 10955 231.000000
1547 1569 229.000000
1006 10145 228.000000
1072 10758 228.000000
1021 10543 227.000000
1422 1444 227.000000
1462 1484 226.000000
1021 10655 225.000000
1000 10320 224.000000
272 294 223.000000
1245 1267 223.000000
1000 10338 221.000000
13 1575 220.000000
1070 10721 218.000000
207 229 216.000000
359 381 215.000000
1314 1336 215.000000
501 523 214.000000
535 536 214.000000
536 537 214.000000
537 538 214.000000
538 539 214.000000
539 540 214.000000
540 541 214.000000
1000 10038 214.000000
1050 10569 214.000000
942 943 213.000000
1000 10479 213.000000
1000 10683 213.000000
1342 1343 213.000000
1342 1363 213.000000
1343 1344 213.000000
1344 1345 213.000000
1345 1346 213.000000
144 145 212.000000
1048 10777 212.000000
1000 10289 211.000000
1042 10768 211.000000
1250 1272 209.000000
10 10469 208.000000
246 247 207.000000
608 609 207.000000
609 610 207.000000
610 611 207.000000
939 961 207.000000
1022 10636 207.000000
807 829 206.000000
351 373 205.000000
960 982 205.000000
1000 10284 205.000000
1028 10928 205.000000
1026 10816 204.000000
1026 10703 203.000000
1026 10946 203.000000
1026 10949 203.000000
1049 10928 203.000000
1488 1489 202.000000
1070 1092 201.000000
1114 1136 201.000000
1004 10760 200.000000
362 384 199.000000
1349 1371 199.000000
165 166 198.000000
803 804 198.000000
1071 10933 198.000000
1026 10726 197.000000
1042 10507 197.000000
1042 10549 197.000000
1042 10570 197.000000
1042 10688 197.000000
876 877 196.000000
1021 10630 196.000000
1042 10854 196.000000
1042 10945 196.000000
1004 10206 195.000000
1086 10945 195.000000
868 890 193.000000
479 501 192.000000
1003 10250 192.000000
1003 10640 192.000000
1003 10718 192.000000
1113 1135 189.000000
10 32 188.000000
10 10922 188.000000
293 294 188.000000
1459 1481 186.000000
1006 10732 185.000000
1006 10975 185.000000
1086 10962 185.000000
297 298 184.000000
298 299 184.000000
299 300 184.000000
300 301 184.000000
1027 10933 184.000000
497 519 183.000000
721 743 183.000000
1044 10482 183.000000
760 761 182.000000
1251 1252 182.000000
1252 1253 182.000000
1441 1463 182.000000
1003 10386 181.000000
1003 10842 181.000000
301 302 180.000000
302 303 180.000000
303 304 180.000000
304 305 180.000000
305 306 180.000000
1003 10167 179.000000
1003 10575 179.000000
1071 10941 178.000000
1296 1318 178.000000
1027 10719 177.000000
674 675 175.000000
675 676 175.000000
676 677 175.000000
766 788 175.000000
29 51 174.000000
1162 1163 174.000000
1163 1164 174.000000
1391 1413 174.000000
1022 10437 173.000000
1027 10839 173.000000
1372 1394 173.000000
350 351 172.000000
1049 10861 172.000000
898 920 171.000000
1049 10604 170.000000
1049 10817 170.000000
1139 1140 170.000000
1140 1141 170.000000
1141 1142 170.000000
11 33 169.000000
1044 10706 169.000000
1004 10704 168.000000
1043 10545 168.000000
1027 10825 167.000000
1478 1479 167.000000
677 678 166.000000
678 679 166.000000
679 680 166.000000
680 681 166.000000
1048 10645 166.000000
10 10796 165.000000
1027 10384 165.000000
1044 10684 165.000000
1048 10933 165.000000
1202 1224 165.000000
1203 1225 165.000000
1028 10365 164.000000
1250 1251 163.000000
416 417 162.000000
1021 10548 162.000000
1157 1179 162.000000
1028 10631 160.000000
1065 10741 160.000000
1296 1297 160.000000
391 413 159.000000
1027 10765 159.000000
631 632 158.000000
632 633 158.000000
633 634 158.000000
985 986 158.000000
1048 1070 158.000000
1064 1065 158.000000
1130 1152 157.000000
1440 1462 157.000000
898 899 156.000000
1027 10890 156.000000
1201 1223 156.000000
1230 1231 156.000000
372 373 154.000000
1305 1306 153.000000
1306 1307 153.000000
1307 1308 153.000000
1027 10760 151.000000
1072 10916 151.000000
1408 1409 151.000000
1408 1429 151.000000
1409 1410 151.000000
1410 1411 151.000000
1411 1412 151.000000
72 94 150.000000
659 681 150.000000
1027 10457 150.000000
637 659 149.000000
1006 10805 149.000000
1048 10719 149.000000
1049 10585 149.000000
1070 10903 148.000000
75 97 147.000000
759 760 147.000000
1004 10070 147.000000
1029 10569 147.000000
634 635 146.000000
635 636 146.000000
636 637 146.000000
1022 10807 145.000000
563 564 144.000000
1004 10841 144.000000
224 225 142.000000
694 695 142.000000
1004 10380 142.000000
328 350 141.000000
1048 10839 141.000000
1071 10888 141.000000
1004 10603 140.000000
1004 10877 140.000000
1004 10890 140.000000
1005 10765 140.000000
118 140 139.000000
1022 10791 139.000000
1043 10814 139.000000
770 771 137.000000
771 772 137.000000
772 773 137.000000
1401 1423 137.000000
294 316 136.000000
846 847 136.000000
1022 10297 136.000000
957 979 135.000000
1205 1227 135.000000
913 935 134.000000
1004 10171 134.000000
1004 10810 134.000000
13 35 133.000000
1022 10440 133.000000
1026 10587 132.000000
1027 10679 132.000000
1004 10777 131.000000
1026 10624 131.000000
1071 10922 131.000000
1304 1305 131.000000
458 480 130.000000
1006 10916 130.000000
1004 10645 129.000000
1004 10725 129.000000
1184 1206 129.000000
120 142 128.000000
1004 10539 127.000000
788 789 126.000000
789 790 126.000000
1004 1026 126.000000
1047 10664 126.000000
1047 10788 126.000000
1047 10965 126.000000
770 791 125.000000
790 791 125.000000
1005 10079 125.000000
1028 10805 125.000000
1066 10683 125.000000
822 823 124.000000
823 824 124.000000
1048 10587 124.000000
1049 10646 124.000000
1049 10680 124.000000
1049 10859 124.000000
345 367 123.000000
920 921 123.000000
1042 10962 122.000000
1043 10771 122.000000
1088 11000 122.000000
10 10627 121.000000
534 535 120.000000
1368 1369 120.000000
673 674 118.000000
1022 10425 118.000000
74 96 117.000000
1000 10065 117.000000
1088 10897 117.000000
1397 1419 117.000000
1575 1576 117.000000
491 513 116.000000
1004 10104 116.000000
1162 1184 116.000000
672 673 115.000000
792 813 115.000000
812 813 115.000000
1315 1337 115.000000
1392 1414 115.000000
1092 10941 114.000000
941 963 112.000000
851 873 111.000000
1000 10075 111.000000
1000 10198 111.000000
1004 10624 111.000000
814 815 110.000000
815 816 110.000000
816 817 110.000000
1378 1400 109.000000
323 324 108.000000
774 775 108.000000
775 776 108.000000
776 777 108.000000
777 778 108.000000
1467 1489 108.000000
1026 10568 107.000000
796 797 106.000000
797 798 106.000000
798 799 106.000000
799 800 106.000000
778 779 105.000000
779 780 105.000000
1070 10890 104.000000
792 793 103.000000
793 794 103.000000
794 795 103.000000
795 796 103.000000
800 801 103.000000
801 802 103.000000
328 329 102.000000
782 783 102.000000
814 835 102.000000
833 834 102.000000
834 835 102.000000
206 228 101.000000
781 782 101.000000
1004 10587 101.000000
1026 10565 101.000000
720 742 100.000000
1006 10092 100.000000
1026 10775 100.000000
104 126 99.000000
1006 1007 99.000000
1026 10505 99.000000
590 612 98.000000
1021 10611 98.000000
1026 10825 98.000000
1048 10679 98.000000
101 102 97.000000
102 103 97.000000
103 104 97.000000
651 652 97.000000
721 722 97.000000
1348 1370 97.000000
1445 1446 97.000000
1446 1447 97.000000
1447 1448 97.000000
1448 1449 97.000000
1449 1450 97.000000
1353 1375 96.000000
687 688 95.000000
688 689 95.000000
689 690 95.000000
690 691 95.000000
691 692 95.000000
692 693 95.000000
1026 1048 95.000000
1222 1244 95.000000
1289 1311 95.000000
263 285 94.000000
275 297 94.000000
1004 10233 94.000000
1048 10670 94.000000
324 325 93.000000
325 326 93.000000
326 327 93.000000
327 328 93.000000
836 857 93.000000
839 840 93.000000
856 857 93.000000
1086 1108 93.000000
369 391 92.000000
528 529 92.000000
528 549 92.000000
529 530 92.000000
530 531 92.000000
531 532 92.000000
547 548 92.000000
548 549 92.000000
1006 10631 92.000000
1260 1282 92.000000
1000 10482 91.000000
1026 10484 91.000000
1209 1231 91.000000
1092 10922 90.000000
1485 1507 90.000000
1232 1233 89.000000
1232 1253 89.000000
1233 1234 89.000000
1234 1235 89.000000
1235 1236 89.000000
1236 1237 89.000000
1237 1238 89.000000
1528 1550 89.000000
1021 10341 88.000000
1048 10760 88.000000
1071 10859 88.000000
1071 10892 88.000000
119 141 87.000000
275 276 86.000000
276 277 86.000000
277 278 86.000000
278 279 86.000000
279 280 86.000000
280 281 86.000000
281 282 86.000000
282 283 86.000000
283 284 86.000000
284 285 86.000000
416 438 86.000000
1071 10817 86.000000
1071 10861 86.000000
836 837 85.000000
837 838 85.000000
838 839 85.000000
854 876 84.000000
1007 10216 84.000000
855 856 83.000000
1004 10268 83.000000
1049 10892 83.000000
1510 1532 83.000000
556 557 82.000000
557 558 82.000000
558 559 82.000000
559 560 82.000000
560 561 82.000000
561 562 82.000000
717 718 82.000000
1004 10825 82.000000
1005 10670 82.000000
686 687 80.000000
1026 10725 80.000000
1066 10885 80.000000
1276 1277 80.000000
1276 1297 80.000000
1277 1278 80.000000
1278 1279 80.000000
1279 1280 80.000000
1325 1326 80.000000
307 329 79.000000
722 723 79.000000
723 724 79.000000
1026 10645 79.000000
433 455 78.000000
1424 1425 78.000000
1425 1426 78.000000
1426 1427 78.000000
1427 1428 78.000000
1428 1429 78.000000
340 362 77.000000
532 533 77.000000
533 534 77.000000
1028 10892 77.000000
1047 10726 77.000000
1117 1118 76.000000
1118 1119 76.000000
1119 1120 76.000000
1120 1121 76.000000
1246 1268 76.000000
1280 1281 76.000000
138 160 75.000000
329 351 75.000000
435 457 75.000000
598 599 75.000000
599 600 75.000000
600 601 75.000000
601 602 75.000000
602 603 75.000000
603 604 75.000000
604 605 75.000000
605 606 75.000000
840 862 75.000000
1006 10266 75.000000
1173 1195 75.000000
1394 1416 75.000000
253 275 74.000000
1048 10725 74.000000
1091 10955 74.000000
503 504 73.000000
1026 10331 73.000000
1026 10603 73.000000
1026 10877 73.000000
1047 10725 73.000000
476 498 72.000000
894 916 72.000000
933 934 72.000000
1026 10380 72.000000
1026 10841 72.000000
1047 10645 72.000000
1070 10816 72.000000
1070 10946 72.000000
1070 10949 72.000000
162 184 71.000000
1340 1341 71.000000
1047 10816 70.000000
1070 10877 70.000000
1070 10738 69.000000
1070 10808 69.000000
1070 10934 69.000000
1072 1094 69.000000
1115 1137 69.000000
1304 1326 69.000000
1047 10703 68.000000
1047 10951 68.000000
1047 10969 68.000000
1048 10810 68.000000
1135 1157 68.000000
1444 1466 68.000000
33 55 67.000000
271 293 67.000000
388 410 67.000000
1021 10537 67.000000
1048 10745 67.000000
1210 1211 67.000000
1210 1231 67.000000
1211 1212 67.000000
1212 1213 67.000000
1213 1214 67.000000
1214 1215 67.000000
1215 1216 67.000000
337 359 65.000000
735 736 65.000000
736 737 65.000000
1091 10951 65.000000
1281 1282 65.000000
912 934 64.000000
1026 10831 64.000000
1070 10841 64.000000
1303 1304 64.000000
1506 1528 64.000000
1026 10738 63.000000
1026 10745 63.000000
1026 10808 63.000000
1043 1065 63.000000
1047 10476 63.000000
1047 10506 63.000000
1047 10603 63.000000
1047 10783 63.000000
1047 10848 63.000000
1047 10877 63.000000
1047 10902 63.000000
1047 10921 63.000000
1087 1109 63.000000
802 803 62.000000
1026 10777 62.000000
1026 10810 62.000000
1026 10903 62.000000
1047 10810 62.000000
1182 1183 62.000000
1265 1287 62.000000
389 411 61.000000
1092 10933 61.000000
1223 1245 61.000000
1333 1355 61.000000
52 74 60.000000
739 740 60.000000
740 741 60.000000
741 742 60.000000
829 851 60.000000
1004 10903 60.000000
1047 10777 60.000000
1047 10841 60.000000
1091 10921 60.000000
372 394 59.000000
436 458 59.000000
928 929 59.000000
929 930 59.000000
930 931 59.000000
931 932 59.000000
932 933 59.000000
1043 10807 59.000000
1180 1202 59.000000
1549 1571 59.000000
520 542 58.000000
730 731 58.000000
731 732 58.000000
732 733 58.000000
733 734 58.000000
734 735 58.000000
1421 1443 58.000000
160 182 57.000000
525 547 57.000000
1022 10338 57.000000
209 210 56.000000
844 845 56.000000
845 846 56.000000
1006 10072 56.000000
1026 10539 56.000000
1261 1283 56.000000
1358 1380 56.000000
187 209 55.000000
862 863 55.000000
863 864 55.000000
864 865 55.000000
865 866 55.000000
866 867 55.000000
1069 1091 55.000000
1072 10900 55.000000
1224 1246 55.000000
1254 1255 55.000000
1254 1275 55.000000
1255 1256 55.000000
1256 1257 55.000000
1257 1258 55.000000
1258 1259 55.000000
1347 1369 55.000000
210 211 54.000000
211 212 54.000000
212 213 54.000000
737 738 54.000000
743 765 54.000000
1005 1027 54.000000
1022 10684 54.000000
1050 10732 54.000000
1050 10975 54.000000
1071 10719 54.000000
1071 10839 54.000000
1243 1265 54.000000
55 77 53.000000
724 725 53.000000
963 964 53.000000
1004 10299 53.000000
1004 10522 53.000000
1025 1047 53.000000
1070 10825 53.000000
1188 1189 53.000000
1188 1209 53.000000
1189 1190 53.000000
1190 1191 53.000000
1191 1192 53.000000
1192 1193 53.000000
1193 1194 53.000000
32 54 52.000000
1000 1022 52.000000
1021 10572 52.000000
1136 1158 52.000000
1226 1248 52.000000
1368 1390 52.000000
576 598 51.000000
895 917 51.000000
54 76 50.000000
78 79 50.000000
140 162 50.000000
384 406 50.000000
744 745 50.000000
745 746 50.000000
899 921 50.000000
1026 10299 50.000000
1026 10522 50.000000
1047 10738 50.000000
1047 10808 50.000000
1194 1195 50.000000
390 412 49.000000
1091 10969 49.000000
315 337 48.000000
738 739 48.000000
955 977 48.000000
1004 10738 48.000000
1004 10808 48.000000
225 247 47.000000
434 456 47.000000
743 744 47.000000
1181 1203 46.000000
285 307 45.000000
961 983 45.000000
1003 10831 45.000000
1029 10658 45.000000
1430 1431 45.000000
1430 1451 45.000000
1431 1432 45.000000
1432 1433 45.000000
1450 1451 45.000000
10 1572 44.000000
11 1573 44.000000
437 459 44.000000
543 565 44.000000
1000 10010 44.000000
1027 10670 44.000000
1290 1312 44.000000
122 123 43.000000
123 124 43.000000
124 125 43.000000
125 126 43.000000
831 853 43.000000
1003 10565 43.000000
1047 10903 43.000000
1341 1363 43.000000
891 913 42.000000
1003 10179 42.000000
1003 10568 42.000000
1003 10664 42.000000
1003 10965 42.000000
1026 10268 42.000000
1026 10298 42.000000
1026 10934 42.000000
1047 10522 42.000000
1090 10965 42.000000
1259 1260 42.000000
802 824 41.000000
911 912 41.000000
1070 10725 41.000000
1091 1113 41.000000
490 512 40.000000
506 507 40.000000
506 527 40.000000
507 508 40.000000
508 509 40.000000
509 510 40.000000
510 511 40.000000
511 512 40.000000
525 526 40.000000
526 527 40.000000
611 612 40.000000
773 774 40.000000
968 969 40.000000
968 989 40.000000
969 970 40.000000
970 971 40.000000
986 987 40.000000
987 988 40.000000
988 989 40.000000
1003 10788 40.000000
1004 10298 40.000000
1004 10934 40.000000
1025 10788 40.000000
1092 1114 40.000000
606 607 39.000000
664 686 39.000000
693 694 39.000000
855 877 39.000000
1183 1184 39.000000
1396 1418 39.000000
57 58 38.000000
468 490 38.000000
568 569 38.000000
591 592 38.000000
592 593 38.000000
1021 1043 38.000000
1025 10386 38.000000
1025 10407 38.000000
1025 10575 38.000000
1025 10842 38.000000
1100 1101 38.000000
1100 1121 38.000000
1101 1102 38.000000
1102 1103 38.000000
1103 1104 38.000000
1104 1105 38.000000
1105 1106 38.000000
1106 1107 38.000000
1107 1108 38.000000
346 368 37.000000
1050 10916 37.000000
1268 1290 37.000000
607 608 36.000000
716 717 36.000000
1023 10628 36.000000
1048 10890 36.000000
1274 1275 36.000000
1357 1379 36.000000
934 956 35.000000
1022 10320 35.000000
554 555 34.000000
568 590 34.000000
1309 1331 34.000000
1311 1333 34.000000
1320 1321 34.000000
1320 1341 34.000000
1321 1322 34.000000
1322 1323 34.000000
1323 1324 34.000000
1418 1440 34.000000
524 546 33.000000
572 573 33.000000
572 593 33.000000
573 574 33.000000
574 575 33.000000
575 576 33.000000
590 591 33.000000
1022 10284 33.000000
1022 10479 33.000000
1022 10683 33.000000
1022 10885 33.000000
1047 10539 33.000000
1047 10934 33.000000
1386 1387 33.000000
1386 1407 33.000000
1387 1388 33.000000
1388 1389 33.000000
1406 1407 33.000000
350 372 32.000000
550 551 32.000000
550 571 32.000000
551 552 32.000000
552 553 32.000000
553 554 32.000000
569 570 32.000000
570 571 32.000000
1069 10783 32.000000
1069 10848 32.000000
1069 10902 32.000000
1069 10921 32.000000
1072 1073 32.000000
1073 1095 32.000000
1095 1117 32.000000
482 504 31.000000
1000 11000 31.000000
1047 10505 31.000000
1047 10775 31.000000
1156 1178 31.000000
1225 1247 31.000000
101 10591 30.000000
917 939 30.000000
956 978 30.000000
475 497 29.000000
562 563 29.000000
971 972 29.000000
972 973 29.000000
973 974 29.000000
974 975 29.000000
975 976 29.000000
976 977 29.000000
1022 10289 29.000000
1152 1174 29.000000
1355 1377 29.000000
1550 1572 29.000000
50 51 28.000000
867 868 28.000000
1049 1071 28.000000
1066 10671 28.000000
1066 10919 28.000000
1354 1376 28.000000
1370 1392 28.000000
1414 1436 28.000000
30 52 27.000000
101 10566 27.000000
454 476 27.000000
1065 10710 27.000000
101 10870 26.000000
209 231 26.000000
231 232 26.000000
392 414 26.000000
660 661 26.000000
660 681 26.000000
661 662 26.000000
662 663 26.000000
663 664 26.000000
687 709 26.000000
724 746 26.000000
746 768 26.000000
1021 10226 26.000000
1021 10579 26.000000
1021 10588 26.000000
1184 1185 26.000000
1185 1186 26.000000
1298 1299 26.000000
1298 1319 26.000000
1299 1300 26.000000
1300 1301 26.000000
1301 1302 26.000000
1302 1303 26.000000
1318 1319 26.000000
752 753 25.000000
1069 10775 25.000000
1324 1325 25.000000
50 72 24.000000
402 424 24.000000
453 475 24.000000
502 524 24.000000
742 743 24.000000
1050 10631 24.000000
35 36 23.000000
1070 10777 23.000000
1070 10810 23.000000
1187 1209 23.000000
1216 1238 23.000000
1313 1335 23.000000
1445 1467 23.000000
1554 1576 23.000000
748 769 22.000000
840 841 22.000000
841 842 22.000000
842 843 22.000000
843 844 22.000000
1022 10671 22.000000
1064 10884 22.000000
1066 10706 22.000000
1069 10718 22.000000
1069 10965 22.000000
1087 10919 22.000000
1287 1309 22.000000
1305 1327 22.000000
1369 1391 22.000000
1373 1395 22.000000
704 705 21.000000
704 725 21.000000
705 706 21.000000
706 707 21.000000
707 708 21.000000
744 766 21.000000
748 749 21.000000
749 750 21.000000
750 751 21.000000
751 752 21.000000
850 872 21.000000
869 891 21.000000
1000 10057 21.000000
1049 10765 21.000000
1390 1412 21.000000
101 10963 20.000000
208 230 20.000000
726 727 20.000000
727 728 20.000000
728 729 20.000000
1000 10897 20.000000
1043 10479 20.000000
1043 10683 20.000000
1070 10745 20.000000
1374 1396 20.000000
101 10767 19.000000
101 10794 19.000000
101 10826 19.000000
101 10911 19.000000
554 576 19.000000
726 747 19.000000
746 747 19.000000
1000 10525 19.000000
1000 10684 19.000000
1000 10792 19.000000
1022 10551 19.000000
1049 10888 19.000000
1066 10684 19.000000
1166 1167 19.000000
1166 1187 19.000000
1167 1168 19.000000
1168 1169 19.000000
1169 1170 19.000000
1170 1171 19.000000
1171 1172 19.000000
1172 1173 19.000000
1270 1292 19.000000
1275 1297 19.000000
1529 1551 19.000000
394 416 18.000000
503 525 18.000000
722 744 18.000000
768 790 18.000000
1000 10355 18.000000
1000 10833 18.000000
1043 10647 18.000000
1330 1352 18.000000
5 6 17.000000
6 7 17.000000
532 554 17.000000
709 710 17.000000
710 711 17.000000
711 712 17.000000
712 713 17.000000
713 714 17.000000
714 715 17.000000
715 716 17.000000
1000 10538 17.000000
1022 10264 17.000000
1022 10278 17.000000
1022 10919 17.000000
578 579 16.000000
579 580 16.000000
580 581 16.000000
581 582 16.000000
582 583 16.000000
583 584 16.000000
584 585 16.000000
977 999 16.000000
1022 10482 16.000000
1047 10484 16.000000
1047 10565 16.000000
1047 10831 16.000000
1065 10771 16.000000
1178 1200 16.000000
1455 1456 16.000000
139 161 15.000000
180 181 15.000000
186 208 15.000000
324 346 15.000000
403 425 15.000000
1000 10706 15.000000
1007 10658 15.000000
1043 10440 15.000000
1043 10791 15.000000
1069 10831 15.000000
1093 10935 15.000000
1496 1497 15.000000
1496 1517 15.000000
1497 1498 15.000000
1498 1499 15.000000
1511 1512 15.000000
1512 1513 15.000000
1513 1514 15.000000
1514 1515 15.000000
1515 1516 15.000000
1516 1517 15.000000
729 730 14.000000
768 769 14.000000
870 892 14.000000
890 912 14.000000
1044 11000 14.000000
1069 10788 14.000000
1069 10842 14.000000
1269 1291 14.000000
241 263 13.000000
788 810 13.000000
824 846 13.000000
825 847 13.000000
1043 10636 13.000000
1066 11000 13.000000
1071 10765 13.000000
1324 1346 13.000000
1413 1435 13.000000
137 138 12.000000
188 189 12.000000
189 190 12.000000
190 191 12.000000
191 192 12.000000
770 792 12.000000
902 903 12.000000
903 904 12.000000
904 905 12.000000
1044 10525 12.000000
1044 10792 12.000000
1044 10833 12.000000
1044 10897 12.000000
1164 1165 12.000000
1165 1187 12.000000
1186 1187 12.000000
1266 1288 12.000000
1463 1485 12.000000
51 73 11.000000
306 307 11.000000
424 446 11.000000
460 482 11.000000
630 631 11.000000
664 665 11.000000
665 687 11.000000
858 859 11.000000
858 879 11.000000
859 860 11.000000
860 861 11.000000
861 862 11.000000
877 878 11.000000
878 879 11.000000
880 881 11.000000
880 901 11.000000
881 882 11.000000
882 883 11.000000
883 884 11.000000
899 900 11.000000
900 901 11.000000
902 923 11.000000
921 922 11.000000
922 923 11.000000
1028 10888 11.000000
1043 10437 11.000000
1043 10710 11.000000
1078 1079 11.000000
1078 1099 11.000000
1079 1080 11.000000
1080 1081 11.000000
1081 1082 11.000000
1082 1083 11.000000
1083 1084 11.000000
1084 1085 11.000000
1099 1121 11.000000
1281 1303 11.000000
708 730 10.000000
1021 10545 10.000000
1085 1086 10.000000
1091 10934 10.000000
1091 10946 10.000000
1091 10949 10.000000
1134 1156 10.000000
1264 1286 10.000000
1310 1332 10.000000
1474 1475 10.000000
1474 1495 10.000000
1475 1476 10.000000
1476 1477 10.000000
1489 1490 10.000000
1490 1491 10.000000
1491 1492 10.000000
1492 1493 10.000000
1493 1494 10.000000
1494 1495 10.000000
4 5 9.000000
220 221 9.000000
220 241 9.000000
221 222 9.000000
222 223 9.000000
223 224 9.000000
677 699 9.000000
699 721 9.000000
876 898 9.000000
1066 10792 9.000000
1066 10833 9.000000
1066 10897 9.000000
1072 10805 9.000000
1112 1134 9.000000
136 158 8.000000
253 254 8.000000
254 255 8.000000
255 256 8.000000
256 257 8.000000
257 258 8.000000
258 259 8.000000
259 260 8.000000
260 261 8.000000
261 262 8.000000
262 263 8.000000
344 366 8.000000
349 371 8.000000
404 426 8.000000
695 696 8.000000
696 697 8.000000
697 698 8.000000
698 699 8.000000
699 700 8.000000
700 701 8.000000
701 702 8.000000
790 812 8.000000
814 836 8.000000
846 868 8.000000
1000 10278 8.000000
1000 10919 8.000000
1545 1567 8.000000
3 4 7.000000
137 159 7.000000
576 577 7.000000
577 578 7.000000
642 643 7.000000
643 644 7.000000
644 645 7.000000
645 646 7.000000
646 647 7.000000
647 648 7.000000
648 649 7.000000
649 650 7.000000
735 757 7.000000
832 854 7.000000
919 941 7.000000
1000 10551 7.000000
1000 10671 7.000000
1242 1264 7.000000
1543 1565 7.000000
136 137 6.000000
166 167 6.000000
167 168 6.000000
168 169 6.000000
169 170 6.000000
594 595 6.000000
594 615 6.000000
595 596 6.000000
596 597 6.000000
597 598 6.000000
612 613 6.000000
613 614 6.000000
614 615 6.000000
833 855 6.000000
847 869 6.000000
884 885 6.000000
885 886 6.000000
886 887 6.000000
887 888 6.000000
888 889 6.000000
1048 10825 6.000000
1065 1087 6.000000
1227 1249 6.000000
1297 1319 6.000000
1319 1341 6.000000
1460 1482 6.000000
77 99 5.000000
100 10889 5.000000
249 271 5.000000
593 615 5.000000
615 637 5.000000
875 897 5.000000
889 890 5.000000
1000 10264 5.000000
1022 1044 5.000000
1050 10805 5.000000
1064 10688 5.000000
1064 10768 5.000000
1064 10773 5.000000
1064 10854 5.000000
1064 10945 5.000000
1064 10962 5.000000
76 98 4.000000
180 202 4.000000
227 249 4.000000
301 323 4.000000
686 708 4.000000
708 709 4.000000
739 761 4.000000
787 809 4.000000
897 919 4.000000
1000 10107 4.000000
1000 10885 4.000000
1021 10285 4.000000
1047 10568 4.000000
1272 1294 4.000000
1280 1302 4.000000
1302 1324 4.000000
1303 1325 4.000000
1546 1568 4.000000
192 193 3.000000
193 194 3.000000
194 195 3.000000
195 196 3.000000
196 197 3.000000
197 219 3.000000
219 241 3.000000
347 369 3.000000
414 436 3.000000
555 556 3.000000
564 586 3.000000
781 803 3.000000
937 959 3.000000
946 947 3.000000
946 967 3.000000
947 948 3.000000
948 949 3.000000
959 981 3.000000
964 965 3.000000
965 966 3.000000
966 967 3.000000
1138 1160 3.000000
1194 1216 3.000000
1195 1217 3.000000
14 1576 2.000000
114 115 2.000000
114 136 2.000000
242 264 2.000000
616 617 2.000000
616 637 2.000000
617 618 2.000000
618 619 2.000000
619 620 2.000000
620 642 2.000000
642 664 2.000000
730 752 2.000000
818 840 2.000000
933 955 2.000000
1044 10538 2.000000
1072 10928 2.000000
1325 1347 2.000000
1331 1353 2.000000
1356 1378 2.000000
1400 1422 2.000000
1521 1543 2.000000
1544 1566 2.000000
58 59 1.000000
59 60 1.000000
60 82 1.000000
79 80 1.000000
80 81 1.000000
81 82 1.000000
101 10295 1.000000
101 10328 1.000000
115 137 1.000000
154 155 1.000000
154 175 1.000000
155 156 1.000000
156 157 1.000000
157 158 1.000000
158 180 1.000000
170 171 1.000000
171 172 1.000000
172 173 1.000000
173 174 1.000000
174 175 1.000000
203 225 1.000000
232 233 1.000000
233 234 1.000000
234 235 1.000000
235 236 1.000000
236 237 1.000000
237 238 1.000000
238 239 1.000000
239 240 1.000000
240 241 1.000000
286 308 1.000000
630 652 1.000000
652 653 1.000000
653 654 1.000000
654 655 1.000000
655 656 1.000000
656 657 1.000000
657 658 1.000000
658 659 1.000000
726 748 1.000000
782 804 1.000000
796 818 1.000000
817 818 1.000000
889 911 1.000000
902 924 1.000000
924 945 1.000000
943 944 1.000000
944 945 1.000000
963 985 1.000000
1028 1050 1.000000
1042 10537 1.000000
1042 10655 1.000000
1042 10978 1.000000
1108 1130 1.000000
1137 1159 1.000000
1271 1293 1.000000
1350 1372 1.000000
1351 1373 1.000000
1412 1434 1.000000
