403 404 14789.000000
404 405 14789.000000
405 406 14789.000000
1374 1375 13551.000000
402 403 12823.000000
1418 1419 12582.000000
406 407 12503.000000
1417 1418 12149.000000
1396 1397 11570.000000
1434 1435 11300.000000
446 447 10399.000000
447 448 10399.000000
448 449 10399.000000
449 450 10351.000000
1435 1436 10341.000000
1432 1433 10340.000000
1433 1434 10340.000000
1439 1440 10307.000000
1416 1417 10082.000000
1373 1374 9854.000000
312 313 9475.000000
1415 1416 9465.000000
5 6 9426.000000
1155 1156 9356.000000
313 314 9235.000000
4 5 9214.000000
401 402 9200.000000
1220 1221 9021.000000
26 27 8971.000000
25 26 8941.000000
1243 1244 8937.000000
1199 1200 8630.000000
1436 1437 8514.000000
6 7 8448.000000
1154 1155 8367.000000
27 28 8341.000000
1372 1373 8296.000000
7 8 8210.000000
1375 1376 8111.000000
1242 1243 8033.000000
424 425 7909.000000
425 426 7909.000000
426 427 7909.000000
427 428 7909.000000
28 29 7895.000000
450 451 7740.000000
269 270 7701.000000
451 452 7587.000000
8 9 7565.000000
1438 1439 7540.000000
1437 1438 7443.000000
1153 1154 7421.000000
1063 1064 7417.000000
1064 1065 7417.000000
1461 1462 7395.000000
1431 1432 7274.000000
1460 1461 7204.000000
1219 1220 7189.000000
1198 1199 7106.000000
1218 1219 7025.000000
445 446 6980.000000
407 408 6973.000000
29 30 6896.000000
359 360 6819.000000
360 361 6819.000000
361 362 6819.000000
362 363 6819.000000
1352 1353 6813.000000
1084 1085 6780.000000
1085 1086 6780.000000
1440 1441 6714.000000
1462 1463 6670.000000
1371 1372 6544.000000
1241 1242 6311.000000
1066 1067 6268.000000
423 424 6216.000000
358 359 6212.000000
1395 1396 6189.000000
1062 1063 6172.000000
1483 1484 6160.000000
1459 1460 6004.000000
1287 1288 6002.000000
468 469 5936.000000
469 470 5936.000000
470 471 5936.000000
1197 1198 5903.000000
136 137 5856.000000
1394 1395 5829.000000
50 51 5708.000000
1156 1157 5689.000000
379 380 5652.000000
495 496 5563.000000
1040 1041 5421.000000
1041 1042 5421.000000
1042 1043 5421.000000
1086 1087 5264.000000
1065 1066 5162.000000
1061 1062 5116.000000
137 138 5082.000000
452 453 5071.000000
30 31 4975.000000
1244 1245 4897.000000
1019 1020 4841.000000
1020 1021 4841.000000
1177 1178 4838.000000
1240 1241 4836.000000
180 181 4773.000000
1021 1022 4733.000000
380 381 4712.000000
381 382 4712.000000
382 383 4712.000000
383 384 4712.000000
384 385 4710.000000
3 4 4660.000000
1330 1331 4610.000000
1263 1264 4593.000000
1329 1330 4589.000000
135 136 4583.000000
1284 1285 4477.000000
1331 1332 4475.000000
559 560 4426.000000
1458 1459 4418.000000
1245 1246 4407.000000
1176 1177 4405.000000
1414 1415 4372.000000
268 269 4371.000000
1393 1394 4354.000000
247 248 4346.000000
490 491 4290.000000
491 492 4290.000000
492 493 4290.000000
1083 1084 4283.000000
1307 1308 4248.000000
181 182 4242.000000
848 849 4217.000000
225 226 4195.000000
1150 1151 4139.000000
1151 1152 4139.000000
625 626 4109.000000
1482 1483 4101.000000
494 495 4082.000000
1262 1263 4077.000000
1152 1153 4046.000000
493 494 4011.000000
1288 1289 4009.000000
1481 1482 3955.000000
1308 1309 3953.000000
313 335 3941.000000
1110 1111 3875.000000
1456 1457 3838.000000
1264 1265 3823.000000
1351 1352 3796.000000
428 429 3760.000000
1328 1329 3750.000000
1353 1354 3721.000000
1457 1458 3706.000000
471 472 3702.000000
226 227 3687.000000
94 95 3606.000000
1236 1237 3588.000000
1237 1238 3588.000000
1238 1239 3588.000000
1239 1240 3586.000000
290 291 3575.000000
1454 1455 3532.000000
179 180 3530.000000
1411 1412 3530.000000
93 94 3523.000000
1286 1287 3504.000000
1455 1456 3492.000000
1087 1088 3487.000000
1285 1286 3479.000000
1500 1501 3454.000000
1498 1499 3411.000000
845 846 3394.000000
846 847 3394.000000
1106 1107 3378.000000
1107 1108 3378.000000
1108 1109 3378.000000
1501 1502 3378.000000
496 497 3375.000000
178 179 3373.000000
847 848 3356.000000
1412 1413 3319.000000
1221 1222 3307.000000
1478 1479 3293.000000
10 10173 3290.000000
1349 1350 3247.000000
1350 1351 3221.000000
71 72 3190.000000
997 998 3168.000000
998 999 3168.000000
1480 1481 3162.000000
223 224 3132.000000
1214 1215 3108.000000
1215 1216 3108.000000
1216 1217 3108.000000
472 473 3091.000000
421 422 3086.000000
1131 1132 3069.000000
1309 1310 3057.000000
400 401 3051.000000
1413 1414 3039.000000
1476 1477 3009.000000
1370 1371 3005.000000
1082 1083 2941.000000
378 379 2928.000000
1039 1040 2927.000000
1477 1478 2926.000000
182 183 2914.000000
357 358 2912.000000
1109 1110 2896.000000
453 454 2895.000000
975 976 2891.000000
976 977 2891.000000
1044 1045 2890.000000
222 223 2867.000000
1497 1498 2856.000000
270 271 2833.000000
429 430 2820.000000
977 978 2820.000000
356 357 2809.000000
1375 1397 2804.000000
467 468 2790.000000
1022 1023 2790.000000
408 409 2771.000000
1127 1128 2763.000000
1128 1129 2763.000000
1129 1130 2763.000000
51 52 2742.000000
1479 1480 2723.000000
48 49 2686.000000
224 225 2662.000000
1175 1176 2662.000000
269 291 2658.000000
1217 1218 2654.000000
1453 1454 2653.000000
1289 1290 2645.000000
1265 1266 2636.000000
1018 1019 2635.000000
1156 1178 2551.000000
1389 1390 2543.000000
1390 1391 2541.000000
1419 1420 2526.000000
1257 1258 2494.000000
1258 1259 2494.000000
1259 1260 2494.000000
1260 1261 2494.000000
1502 1503 2491.000000
1566 1567 2484.000000
1565 1566 2480.000000
1410 1411 2465.000000
1391 1392 2458.000000
891 892 2445.000000
892 893 2445.000000
466 467 2432.000000
49 50 2429.000000
1505 1506 2422.000000
1388 1389 2410.000000
1504 1505 2409.000000
1132 1133 2395.000000
1306 1307 2374.000000
1570 1571 2359.000000
156 157 2342.000000
1111 1112 2329.000000
1266 1267 2304.000000
1392 1393 2303.000000
560 561 2297.000000
47 48 2293.000000
1149 1150 2293.000000
406 428 2288.000000
1280 1281 2282.000000
1281 1282 2282.000000
1282 1283 2282.000000
422 423 2281.000000
1499 1500 2252.000000
930 931 2212.000000
974 975 2207.000000
385 386 2198.000000
1088 1089 2195.000000
1569 1570 2192.000000
1567 1568 2190.000000
1126 1127 2182.000000
511 512 2178.000000
512 513 2178.000000
513 514 2178.000000
514 515 2178.000000
444 445 2173.000000
1397 1398 2173.000000
996 997 2169.000000
157 158 2128.000000
932 933 2107.000000
933 934 2107.000000
221 222 2103.000000
52 53 2088.000000
1568 1569 2077.000000
1105 1106 2069.000000
270 292 2061.000000
314 315 2048.000000
1043 1044 2042.000000
473 474 2034.000000
1503 1504 2033.000000
115 116 2011.000000
409 410 1987.000000
314 336 1963.000000
1475 1476 1943.000000
363 364 1940.000000
335 336 1935.000000
443 444 1935.000000
1522 1523 1925.000000
265 266 1908.000000
266 267 1908.000000
465 466 1905.000000
267 268 1887.000000
931 932 1886.000000
1045 1046 1870.000000
1023 1024 1866.000000
137 159 1858.000000
508 509 1840.000000
1387 1388 1821.000000
1130 1131 1810.000000
869 870 1807.000000
1022 10331 1797.000000
114 115 1775.000000
474 475 1774.000000
957 958 1747.000000
1213 1214 1724.000000
291 292 1712.000000
1327 1328 1712.000000
248 249 1708.000000
464 465 1706.000000
1174 1175 1692.000000
410 411 1675.000000
1367 1368 1674.000000
1368 1369 1671.000000
1369 1370 1666.000000
1067 1068 1631.000000
92 93 1629.000000
1017 1018 1617.000000
454 455 1603.000000
1192 1193 1599.000000
1193 1194 1599.000000
1194 1195 1599.000000
1195 1196 1599.000000
1305 1306 1597.000000
246 247 1580.000000
363 385 1575.000000
913 914 1568.000000
1354 1355 1568.000000
430 431 1557.000000
515 516 1542.000000
1376 1377 1542.000000
581 582 1538.000000
561 562 1537.000000
995 996 1529.000000
134 135 1526.000000
495 517 1515.000000
1201 1202 1496.000000
159 160 1489.000000
1348 1349 1468.000000
849 850 1466.000000
355 356 1456.000000
1199 1221 1456.000000
516 517 1448.000000
1222 1223 1443.000000
112 113 1441.000000
517 518 1440.000000
95 96 1424.000000
158 159 1424.000000
626 627 1420.000000
958 959 1385.000000
779 780 1384.000000
780 781 1384.000000
781 782 1384.000000
334 335 1382.000000
1523 1524 1373.000000
113 114 1370.000000
866 867 1360.000000
867 868 1360.000000
868 869 1360.000000
519 520 1358.000000
1323 1324 1350.000000
1324 1325 1350.000000
1325 1326 1350.000000
1261 1262 1349.000000
893 894 1337.000000
453 475 1333.000000
953 954 1333.000000
954 955 1333.000000
955 956 1333.000000
1430 1431 1332.000000
1001 1002 1320.000000
431 432 1292.000000
489 490 1289.000000
1134 1135 1289.000000
1200 1201 1288.000000
1326 1327 1288.000000
138 139 1279.000000
805 806 1276.000000
411 412 1261.000000
1196 1197 1260.000000
364 386 1258.000000
488 489 1248.000000
1133 1134 1248.000000
70 71 1243.000000
956 957 1238.000000
116 117 1233.000000
582 583 1231.000000
1544 1545 1225.000000
1067 1089 1222.000000
1524 1525 1213.000000
487 488 1211.000000
1310 1311 1211.000000
1283 1284 1204.000000
1000 1001 1199.000000
1525 1526 1198.000000
509 510 1192.000000
510 511 1192.000000
806 807 1181.000000
455 456 1179.000000
432 433 1177.000000
335 357 1164.000000
888 889 1162.000000
889 890 1162.000000
890 891 1162.000000
1398 1399 1161.000000
408 430 1160.000000
1113 1135 1148.000000
1526 1527 1147.000000
91 92 1145.000000
379 401 1144.000000
520 521 1144.000000
72 73 1139.000000
1246 1247 1138.000000
541 542 1133.000000
804 805 1133.000000
1170 1171 1125.000000
1171 1172 1125.000000
1172 1173 1125.000000
1173 1174 1125.000000
1202 1224 1121.000000
1200 1222 1119.000000
1223 1224 1119.000000
1399 1400 1115.000000
1400 1401 1115.000000
870 871 1109.000000
1112 1113 1109.000000
1527 1528 1105.000000
1256 1257 1094.000000
183 184 1092.000000
1506 1507 1089.000000
801 802 1081.000000
802 803 1081.000000
803 804 1081.000000
871 872 1079.000000
1043 10450 1077.000000
1521 1522 1065.000000
1419 1441 1064.000000
204 205 1061.000000
451 473 1061.000000
389 390 1059.000000
336 358 1047.000000
1038 1039 1047.000000
203 204 1042.000000
782 783 1037.000000
935 936 1029.000000
936 937 1029.000000
1332 1333 1029.000000
1279 1280 1024.000000
887 888 1019.000000
177 178 1016.000000
292 314 1016.000000
1409 1410 1016.000000
475 476 1008.000000
387 388 992.000000
497 498 991.000000
357 379 987.000000
1545 1546 986.000000
518 519 977.000000
287 288 955.000000
288 289 955.000000
117 118 947.000000
386 387 942.000000
934 935 942.000000
1288 1310 933.000000
1549 1550 929.000000
540 541 928.000000
399 400 926.000000
914 915 926.000000
352 373 920.000000
369 370 920.000000
370 371 920.000000
371 372 920.000000
372 373 920.000000
352 353 919.000000
353 354 919.000000
354 355 919.000000
1548 1549 914.000000
388 389 908.000000
246 268 907.000000
1499 1521 902.000000
585 586 897.000000
542 543 896.000000
1547 1548 876.000000
1571 1572 872.000000
1322 1323 869.000000
583 584 860.000000
1148 1149 859.000000
155 156 847.000000
937 938 839.000000
1002 1003 826.000000
160 161 821.000000
452 474 820.000000
807 808 812.000000
1518 1519 812.000000
1519 1520 812.000000
1520 1521 812.000000
978 979 811.000000
844 845 806.000000
264 265 789.000000
498 499 786.000000
1546 1547 786.000000
289 290 784.000000
538 539 782.000000
827 828 780.000000
69 70 778.000000
496 518 773.000000
1386 1387 773.000000
10 10032 753.000000
1043 10476 752.000000
915 916 748.000000
1247 1248 743.000000
584 585 741.000000
484 505 739.000000
500 501 739.000000
501 502 739.000000
502 503 739.000000
503 504 739.000000
504 505 739.000000
312 334 734.000000
1267 1268 732.000000
224 246 727.000000
539 540 727.000000
1366 1367 726.000000
200 201 725.000000
1024 1025 719.000000
1022 10361 717.000000
201 202 714.000000
872 873 709.000000
364 365 703.000000
336 337 701.000000
365 366 697.000000
396 397 695.000000
396 417 695.000000
397 398 695.000000
413 414 695.000000
414 415 695.000000
415 416 695.000000
416 417 695.000000
407 429 691.000000
398 399 690.000000
309 310 688.000000
310 311 688.000000
603 604 681.000000
1023 1045 681.000000
533 534 679.000000
534 535 679.000000
535 536 679.000000
536 537 679.000000
1235 1236 678.000000
497 519 676.000000
1496 1497 665.000000
850 851 664.000000
826 827 663.000000
1290 1291 653.000000
1291 1292 653.000000
259 260 652.000000
260 261 652.000000
261 262 652.000000
262 263 652.000000
484 485 651.000000
485 486 651.000000
286 287 650.000000
1333 1355 650.000000
952 953 649.000000
909 910 643.000000
910 911 643.000000
911 912 643.000000
421 443 642.000000
356 378 641.000000
805 827 635.000000
828 829 632.000000
821 822 624.000000
311 312 620.000000
1345 1346 616.000000
1346 1347 616.000000
1347 1348 616.000000
979 980 605.000000
537 538 599.000000
1452 1453 597.000000
820 821 596.000000
627 628 595.000000
10 10069 594.000000
586 587 587.000000
499 500 585.000000
797 798 585.000000
139 140 582.000000
73 74 567.000000
1377 1378 561.000000
1378 1379 561.000000
1379 1380 561.000000
330 351 557.000000
347 348 557.000000
348 349 557.000000
349 350 557.000000
350 351 557.000000
462 463 556.000000
463 464 556.000000
433 434 554.000000
330 331 552.000000
331 332 552.000000
332 333 552.000000
291 313 549.000000
199 200 548.000000
366 367 548.000000
1344 1345 547.000000
10 10328 546.000000
181 203 546.000000
1474 1475 543.000000
10 10477 542.000000
980 981 533.000000
96 97 530.000000
1343 1344 518.000000
442 443 512.000000
202 203 506.000000
843 844 504.000000
206 207 502.000000
207 208 502.000000
208 209 502.000000
1044 10760 501.000000
1040 10628 496.000000
242 263 493.000000
886 887 493.000000
418 419 489.000000
419 420 489.000000
420 421 489.000000
562 563 485.000000
303 304 483.000000
304 305 483.000000
305 306 483.000000
306 307 483.000000
1003 10441 481.000000
476 477 480.000000
1000 10380 479.000000
912 913 474.000000
714 715 473.000000
715 716 473.000000
716 717 473.000000
418 439 472.000000
434 435 472.000000
435 436 472.000000
436 437 472.000000
437 438 472.000000
438 439 472.000000
308 329 469.000000
325 326 469.000000
326 327 469.000000
327 328 469.000000
328 329 469.000000
864 865 469.000000
935 957 469.000000
1334 1335 469.000000
1335 1336 469.000000
462 483 468.000000
478 479 468.000000
479 480 468.000000
480 481 468.000000
481 482 468.000000
482 483 468.000000
367 368 465.000000
783 784 463.000000
1043 10703 462.000000
784 785 458.000000
1301 1302 458.000000
1302 1303 458.000000
1303 1304 458.000000
785 786 450.000000
1401 1402 445.000000
669 670 444.000000
247 269 443.000000
1333 1334 443.000000
1332 1354 439.000000
1244 1266 438.000000
1248 1249 436.000000
1484 1485 433.000000
243 244 431.000000
244 245 431.000000
245 246 431.000000
31 32 429.000000
1104 1105 429.000000
1331 1353 427.000000
227 228 424.000000
1201 1223 423.000000
68 69 421.000000
563 564 416.000000
226 248 415.000000
531 532 412.000000
532 533 412.000000
865 866 412.000000
1089 1090 412.000000
1202 1203 412.000000
1203 1204 412.000000
1061 10688 410.000000
1388 1410 409.000000
1082 10945 405.000000
242 243 401.000000
894 895 398.000000
1245 1267 397.000000
308 309 396.000000
1246 1268 395.000000
440 461 393.000000
456 457 393.000000
457 458 393.000000
458 459 393.000000
459 460 393.000000
460 461 393.000000
1061 10854 391.000000
465 487 389.000000
203 225 388.000000
1061 10962 385.000000
225 247 380.000000
333 334 379.000000
1285 1307 378.000000
440 441 376.000000
441 442 376.000000
1420 1421 374.000000
973 974 368.000000
154 155 367.000000
1111 1133 367.000000
1478 1500 367.000000
334 356 361.000000
1000 10055 352.000000
25 47 350.000000
161 162 350.000000
53 54 349.000000
1061 10773 348.000000
582 604 345.000000
1355 1356 345.000000
1356 1357 345.000000
1357 1358 345.000000
605 606 344.000000
798 799 342.000000
156 178 341.000000
1365 1366 341.000000
442 464 339.000000
198 199 334.000000
466 488 334.000000
1000 10136 334.000000
28 50 331.000000
286 307 329.000000
478 500 327.000000
493 515 327.000000
606 607 322.000000
981 982 322.000000
553 554 320.000000
554 555 320.000000
555 556 320.000000
556 557 320.000000
557 558 320.000000
558 559 320.000000
561 583 320.000000
474 496 319.000000
1155 1177 317.000000
1066 1088 311.000000
1462 1484 311.000000
1304 1305 309.000000
1311 1312 308.000000
628 629 306.000000
629 630 306.000000
409 431 305.000000
1039 10579 305.000000
1039 10588 305.000000
850 872 304.000000
378 400 303.000000
1000 1022 303.000000
1312 1313 303.000000
1313 1314 303.000000
1408 1429 297.000000
1425 1426 297.000000
1426 1427 297.000000
1427 1428 297.000000
1428 1429 297.000000
10 10162 296.000000
1457 1479 296.000000
399 421 291.000000
1506 1528 288.000000
1063 11000 286.000000
1214 1236 286.000000
10 11 285.000000
1292 1293 283.000000
486 487 282.000000
869 891 281.000000
822 823 280.000000
823 824 280.000000
824 825 280.000000
825 826 280.000000
1110 1132 280.000000
793 794 279.000000
794 795 279.000000
795 796 279.000000
796 797 279.000000
1062 10814 279.000000
10 10443 277.000000
604 605 277.000000
1040 10482 277.000000
1300 1301 277.000000
10 10574 276.000000
10 10650 276.000000
10 10860 276.000000
347 369 275.000000
1040 10425 274.000000
1062 10807 274.000000
1062 10636 273.000000
10 10154 272.000000
10 10468 272.000000
10 10519 272.000000
10 10614 272.000000
542 564 272.000000
1000 10298 272.000000
1043 10842 272.000000
1061 10884 272.000000
1502 1524 272.000000
717 739 268.000000
806 828 265.000000
1022 10664 265.000000
1022 10718 265.000000
10 10054 264.000000
10 10904 263.000000
517 539 261.000000
1000 10704 261.000000
90 91 258.000000
1000 10104 256.000000
1019 10706 255.000000
1088 10922 255.000000
1022 10965 254.000000
1066 10951 253.000000
1463 1485 253.000000
1000 10831 252.000000
934 956 251.000000
626 648 249.000000
829 830 249.000000
1043 10640 248.000000
10 10485 247.000000
10 10734 247.000000
1022 10506 245.000000
74 75 244.000000
10 10307 243.000000
10 10458 243.000000
10 10642 243.000000
10 10686 243.000000
798 820 243.000000
1022 10783 243.000000
1038 10507 243.000000
1066 10969 242.000000
10 10362 241.000000
10 10800 240.000000
10 10988 240.000000
1017 10655 238.000000
1543 1544 237.000000
10 10318 236.000000
1023 10384 236.000000
1358 1359 235.000000
10 10536 234.000000
292 293 234.000000
539 561 233.000000
717 718 233.000000
718 719 233.000000
719 720 233.000000
720 721 233.000000
1046 10569 232.000000
1066 10955 232.000000
1024 10266 231.000000
221 243 230.000000
180 202 229.000000
586 608 229.000000
155 177 228.000000
1066 10946 228.000000
1380 1381 228.000000
1066 10949 227.000000
315 316 226.000000
316 317 226.000000
317 318 226.000000
318 319 226.000000
1205 1227 226.000000
1225 1226 225.000000
227 249 224.000000
1022 10450 224.000000
315 337 223.000000
1224 1225 222.000000
1204 1205 221.000000
10 10826 220.000000
959 960 220.000000
1417 1439 220.000000
1066 10811 219.000000
1268 1269 219.000000
1269 1270 219.000000
1022 10788 218.000000
1024 10365 218.000000
1412 1434 216.000000
1039 10771 215.000000
27 49 211.000000
1023 10670 211.000000
113 135 210.000000
475 497 210.000000
10 10794 209.000000
1046 10975 209.000000
402 424 208.000000
830 831 208.000000
831 832 208.000000
832 833 208.000000
833 834 208.000000
834 835 208.000000
303 325 206.000000
1000 10233 206.000000
1022 10816 206.000000
1421 1422 206.000000
1422 1423 206.000000
1423 1424 206.000000
1424 1425 206.000000
10 10806 205.000000
10 10875 205.000000
1039 10547 205.000000
1046 10658 204.000000
473 495 203.000000
1540 1561 203.000000
799 800 202.000000
1019 10833 201.000000
1061 10978 201.000000
1040 10479 200.000000
1540 1541 200.000000
1541 1542 200.000000
1044 1066 199.000000
1542 1543 199.000000
10 10101 198.000000
1088 10890 198.000000
1364 1365 198.000000
10 10836 197.000000
800 801 197.000000
1018 10545 197.000000
1000 10908 196.000000
607 608 195.000000
1040 10885 195.000000
10 10641 194.000000
1019 10628 194.000000
337 338 193.000000
338 339 193.000000
339 340 193.000000
340 341 193.000000
1022 10225 192.000000
1022 10476 192.000000
1022 10505 192.000000
1022 10703 192.000000
1022 10775 192.000000
1022 10848 192.000000
1022 10902 192.000000
1022 10921 192.000000
368 369 191.000000
1018 10710 191.000000
1278 1279 191.000000
10 10870 190.000000
10 10952 190.000000
49 71 190.000000
1002 10092 190.000000
1022 10484 190.000000
341 342 189.000000
1039 1061 188.000000
10 10295 187.000000
205 206 187.000000
1226 1227 187.000000
499 521 186.000000
1023 10429 186.000000
1062 10791 186.000000
1040 10683 184.000000
10 10767 182.000000
778 779 181.000000
10 10911 180.000000
1000 10581 180.000000
908 909 179.000000
1431 1453 179.000000
1019 10394 178.000000
1019 10525 178.000000
1019 10538 178.000000
1000 10565 177.000000
1019 10792 177.000000
1019 10897 177.000000
1068 10928 177.000000
342 343 176.000000
343 344 176.000000
344 345 176.000000
345 346 176.000000
938 939 174.000000
1038 10549 174.000000
1044 10745 173.000000
69 91 172.000000
1434 1456 172.000000
1002 10631 171.000000
112 134 170.000000
1522 1544 169.000000
358 380 168.000000
1089 10900 168.000000
10 10591 167.000000
411 433 167.000000
1220 1242 167.000000
10 10566 166.000000
10 10963 166.000000
1003 10216 166.000000
1025 10569 166.000000
48 70 165.000000
1043 10575 165.000000
1342 1363 165.000000
1359 1360 165.000000
1360 1361 165.000000
1361 1362 165.000000
1362 1363 165.000000
1023 10679 164.000000
1178 1179 164.000000
341 363 163.000000
50 72 162.000000
377 378 162.000000
487 509 162.000000
1068 10916 162.000000
1437 1459 161.000000
486 508 160.000000
1046 10732 159.000000
1170 1192 159.000000
1000 10725 158.000000
1432 1454 158.000000
429 451 157.000000
319 341 155.000000
1000 10206 155.000000
953 975 154.000000
1441 1442 154.000000
1442 1443 154.000000
1443 1444 154.000000
1444 1445 154.000000
1445 1446 154.000000
29 51 153.000000
140 141 153.000000
931 953 153.000000
1023 10233 152.000000
506 507 151.000000
506 527 151.000000
507 508 151.000000
521 522 151.000000
522 523 151.000000
523 524 151.000000
524 525 151.000000
525 526 151.000000
526 527 151.000000
1240 1262 151.000000
366 388 149.000000
1000 10934 149.000000
1000 10587 147.000000
1002 10705 147.000000
1458 1480 147.000000
851 873 146.000000
1067 10719 146.000000
1221 1243 146.000000
374 375 145.000000
374 395 145.000000
375 376 145.000000
376 377 145.000000
390 391 145.000000
391 392 145.000000
392 393 145.000000
393 394 145.000000
394 395 145.000000
1000 10171 145.000000
1329 1351 143.000000
757 758 141.000000
758 759 141.000000
759 760 141.000000
760 761 141.000000
792 793 141.000000
858 879 141.000000
1000 10268 141.000000
1000 10877 141.000000
864 886 140.000000
1000 10738 140.000000
1000 10808 140.000000
1002 10072 140.000000
199 221 139.000000
1000 10603 138.000000
1023 10704 138.000000
1084 10897 138.000000
1212 1213 138.000000
1364 1385 138.000000
1381 1382 138.000000
1382 1383 138.000000
1383 1384 138.000000
1384 1385 138.000000
115 137 137.000000
456 478 137.000000
847 869 136.000000
1025 10732 136.000000
1342 1343 136.000000
1153 1175 135.000000
1000 10645 134.000000
1000 10777 134.000000
1000 10810 134.000000
1000 10841 134.000000
248 270 133.000000
431 453 133.000000
1389 1411 133.000000
1067 10859 132.000000
1067 10817 131.000000
1067 10861 131.000000
1045 10604 130.000000
564 565 129.000000
749 750 129.000000
750 751 129.000000
751 752 129.000000
752 753 129.000000
753 754 129.000000
754 755 129.000000
786 787 128.000000
787 788 128.000000
788 789 128.000000
789 790 128.000000
790 791 128.000000
1045 10817 128.000000
1045 10861 128.000000
1068 10805 128.000000
648 649 127.000000
649 650 127.000000
650 651 127.000000
1045 10646 127.000000
1045 10859 127.000000
1067 10670 127.000000
455 477 126.000000
134 156 125.000000
1065 10831 125.000000
1089 10935 124.000000
1089 10941 124.000000
1001 10670 123.000000
1023 10587 123.000000
1067 10839 123.000000
814 815 122.000000
815 816 122.000000
816 817 122.000000
817 818 122.000000
1023 10825 122.000000
1474 1495 122.000000
477 478 121.000000
1045 10933 121.000000
930 952 120.000000
1038 10854 120.000000
1393 1415 120.000000
249 271 119.000000
951 952 119.000000
982 983 119.000000
1001 10429 119.000000
1018 10300 119.000000
1019 10671 119.000000
26 48 117.000000
818 819 117.000000
819 820 117.000000
894 916 117.000000
1019 10551 117.000000
1286 1308 117.000000
1408 1409 116.000000
432 454 115.000000
1045 10457 115.000000
530 531 114.000000
1300 1322 114.000000
1543 1565 114.000000
1024 10892 113.000000
1241 1263 113.000000
565 587 112.000000
807 829 112.000000
849 871 112.000000
1040 10919 112.000000
1550 1551 112.000000
1022 10568 111.000000
1045 10892 111.000000
1157 1158 111.000000
1000 10890 110.000000
1017 10422 110.000000
1017 10543 110.000000
1019 11000 110.000000
1017 10261 109.000000
1017 10480 109.000000
1019 10684 109.000000
1089 10928 109.000000
1131 1153 109.000000
1021 1043 108.000000
1067 10765 108.000000
1067 10888 108.000000
412 413 107.000000
1017 10884 107.000000
71 93 106.000000
777 778 105.000000
1046 10916 105.000000
1022 10624 104.000000
1044 10903 104.000000
1398 1420 104.000000
1179 1180 103.000000
1397 1419 103.000000
1060 1061 102.000000
1066 10825 101.000000
1044 10679 100.000000
761 783 99.000000
1045 10585 98.000000
1175 1197 98.000000
552 553 97.000000
1003 10097 97.000000
1018 10437 97.000000
1018 10636 97.000000
1022 1044 97.000000
1017 10630 96.000000
858 859 95.000000
859 860 95.000000
860 861 95.000000
861 862 95.000000
862 863 95.000000
1219 1241 95.000000
1283 1305 95.000000
1348 1370 95.000000
863 864 94.000000
1066 10816 94.000000
1197 1219 94.000000
1213 1235 94.000000
1025 10975 93.000000
1044 10825 93.000000
1088 10933 93.000000
1446 1447 93.000000
1447 1448 93.000000
1448 1449 93.000000
1449 1450 93.000000
1450 1451 93.000000
1066 10783 92.000000
1320 1341 92.000000
1337 1338 92.000000
1338 1339 92.000000
1339 1340 92.000000
1340 1341 92.000000
1386 1407 92.000000
1402 1403 92.000000
1403 1404 92.000000
1404 1405 92.000000
1405 1406 92.000000
1406 1407 92.000000
367 389 91.000000
412 434 91.000000
1022 10726 91.000000
1025 10658 91.000000
1087 10955 91.000000
1017 10552 90.000000
1158 1159 90.000000
1159 1160 90.000000
1160 1161 90.000000
1262 1284 90.000000
462 484 88.000000
1046 10805 88.000000
699 721 87.000000
916 917 87.000000
956 978 87.000000
1180 1181 87.000000
1181 1182 87.000000
1336 1337 87.000000
851 852 86.000000
1067 10933 86.000000
1087 10965 86.000000
727 728 85.000000
728 729 85.000000
729 730 85.000000
730 731 85.000000
731 732 85.000000
732 733 85.000000
1040 1062 85.000000
1066 10745 85.000000
1044 10725 84.000000
1066 10703 84.000000
1066 10775 84.000000
1066 10848 84.000000
1066 10902 84.000000
1066 10921 84.000000
1310 1332 84.000000
159 181 83.000000
51 73 82.000000
114 136 82.000000
1265 1287 82.000000
1024 10765 81.000000
1022 10725 80.000000
1087 10951 80.000000
1276 1297 80.000000
1293 1294 80.000000
1294 1295 80.000000
1295 1296 80.000000
1296 1297 80.000000
477 499 79.000000
68 90 78.000000
472 494 78.000000
1083 1105 78.000000
1373 1395 78.000000
202 224 77.000000
913 935 77.000000
1067 10679 77.000000
1276 1277 77.000000
1169 1170 76.000000
1232 1253 76.000000
1249 1250 76.000000
1250 1251 76.000000
1251 1252 76.000000
1252 1253 76.000000
902 903 75.000000
903 904 75.000000
904 905 75.000000
905 906 75.000000
906 907 75.000000
1045 10765 75.000000
1045 10888 75.000000
1232 1233 75.000000
1545 1567 75.000000
543 565 74.000000
572 593 74.000000
587 588 74.000000
588 589 74.000000
589 590 74.000000
590 591 74.000000
591 592 74.000000
592 593 74.000000
756 757 74.000000
1233 1234 74.000000
1354 1376 74.000000
1018 10791 73.000000
1410 1432 73.000000
135 157 72.000000
387 409 72.000000
319 320 71.000000
430 452 71.000000
977 999 71.000000
1022 10522 71.000000
1254 1255 71.000000
1255 1256 71.000000
814 835 70.000000
1017 10579 70.000000
1017 10588 70.000000
1022 10738 70.000000
528 549 69.000000
544 545 69.000000
545 546 69.000000
546 547 69.000000
547 548 69.000000
548 549 69.000000
957 979 69.000000
1044 10704 69.000000
1242 1264 69.000000
1299 1300 69.000000
1320 1342 69.000000
1345 1367 69.000000
1022 10298 68.000000
1022 10934 68.000000
1044 10808 68.000000
1066 10890 68.000000
1087 10946 68.000000
1087 10949 68.000000
1254 1275 68.000000
1271 1272 68.000000
1272 1273 68.000000
1273 1274 68.000000
1274 1275 68.000000
1307 1329 68.000000
377 399 67.000000
605 627 67.000000
1025 10916 67.000000
1044 10603 67.000000
1044 10738 67.000000
1044 10877 67.000000
1481 1503 67.000000
761 762 66.000000
762 763 66.000000
763 764 66.000000
1022 10268 66.000000
1022 10380 66.000000
1038 10773 66.000000
1277 1278 66.000000
528 529 65.000000
529 530 65.000000
1022 10603 65.000000
1022 10645 65.000000
1022 10777 65.000000
1022 10808 65.000000
1022 10810 65.000000
1022 10841 65.000000
1022 10877 65.000000
1088 1110 65.000000
286 308 64.000000
1018 10647 64.000000
1024 10888 64.000000
1044 10587 64.000000
1065 1087 64.000000
1066 10934 64.000000
320 321 63.000000
321 322 63.000000
322 323 63.000000
323 324 63.000000
324 325 63.000000
444 466 63.000000
726 727 63.000000
852 853 63.000000
853 854 63.000000
854 855 63.000000
855 856 63.000000
856 857 63.000000
1003 10975 63.000000
1066 10903 63.000000
1263 1285 63.000000
116 138 62.000000
873 874 62.000000
874 875 62.000000
875 876 62.000000
876 877 62.000000
877 878 62.000000
878 879 62.000000
1000 10726 62.000000
1003 10658 62.000000
1210 1211 62.000000
1211 1212 62.000000
1326 1348 62.000000
770 791 61.000000
1210 1231 61.000000
1227 1228 61.000000
1228 1229 61.000000
1229 1230 61.000000
1230 1231 61.000000
1409 1431 61.000000
594 595 60.000000
595 596 60.000000
596 597 60.000000
597 598 60.000000
598 599 60.000000
599 600 60.000000
600 601 60.000000
601 602 60.000000
1000 10539 60.000000
1022 10903 60.000000
1038 10630 60.000000
1068 1090 60.000000
1234 1235 60.000000
1044 10645 59.000000
1044 10777 59.000000
1044 10810 59.000000
1044 10841 59.000000
1126 1148 59.000000
1000 10070 58.000000
1019 10355 58.000000
1022 10299 58.000000
1022 10831 58.000000
1045 1067 58.000000
1046 1047 58.000000
1061 1083 58.000000
1023 10760 57.000000
1087 10969 57.000000
1480 1502 57.000000
575 576 56.000000
576 577 56.000000
577 578 56.000000
578 579 56.000000
579 580 56.000000
580 581 56.000000
895 917 56.000000
1023 10890 55.000000
1154 1176 55.000000
572 594 54.000000
1305 1327 54.000000
1022 10539 53.000000
1062 10885 53.000000
1500 1522 53.000000
1000 10299 52.000000
1002 1024 52.000000
1017 10611 52.000000
1062 10683 52.000000
538 560 51.000000
908 930 51.000000
937 959 51.000000
1270 1271 51.000000
1344 1366 51.000000
184 185 50.000000
185 186 50.000000
186 187 50.000000
187 188 50.000000
267 289 50.000000
1022 10565 50.000000
1485 1486 50.000000
1486 1487 50.000000
1487 1488 50.000000
1488 1489 50.000000
1489 1490 50.000000
1490 1491 50.000000
1491 1492 50.000000
1492 1493 50.000000
1493 1494 50.000000
1494 1495 50.000000
1044 10890 49.000000
449 471 48.000000
471 493 48.000000
734 735 48.000000
1017 10341 48.000000
1017 10572 48.000000
1044 10522 48.000000
713 714 47.000000
1000 10522 47.000000
1043 10505 47.000000
1043 10506 47.000000
1043 10775 47.000000
1043 10848 47.000000
1043 10902 47.000000
1043 10921 47.000000
1546 1568 47.000000
390 412 46.000000
699 700 46.000000
700 701 46.000000
701 702 46.000000
702 703 46.000000
836 857 46.000000
1308 1330 45.000000
389 411 44.000000
677 699 44.000000
1000 10624 44.000000
1043 10934 44.000000
1066 10738 44.000000
271 293 43.000000
434 456 43.000000
1061 10710 43.000000
733 734 42.000000
836 858 42.000000
1043 10484 42.000000
1043 10783 42.000000
10 32 41.000000
674 675 41.000000
675 676 41.000000
676 677 41.000000
1062 10792 41.000000
1062 10897 41.000000
1065 10664 41.000000
1065 10718 41.000000
1065 10965 41.000000
786 808 40.000000
1408 1430 40.000000
1455 1477 40.000000
1525 1547 40.000000
118 119 39.000000
572 573 39.000000
573 574 39.000000
1000 10903 39.000000
1062 11000 39.000000
1091 1113 39.000000
386 408 38.000000
550 571 38.000000
565 566 38.000000
566 567 38.000000
567 568 38.000000
568 569 38.000000
569 570 38.000000
570 571 38.000000
891 913 38.000000
907 908 38.000000
1043 10664 38.000000
1043 10718 38.000000
1043 10965 38.000000
1430 1452 38.000000
1436 1458 38.000000
564 586 37.000000
646 647 37.000000
1180 1202 37.000000
162 163 36.000000
163 164 36.000000
164 165 36.000000
165 166 36.000000
355 377 36.000000
574 575 36.000000
1065 10842 36.000000
1178 1200 36.000000
1337 1359 36.000000
550 551 35.000000
551 552 35.000000
602 603 35.000000
960 961 35.000000
1043 10726 35.000000
1066 10725 35.000000
1330 1352 35.000000
1392 1414 35.000000
1414 1436 35.000000
237 259 34.000000
792 813 34.000000
808 809 34.000000
809 810 34.000000
810 811 34.000000
811 812 34.000000
812 813 34.000000
821 843 34.000000
1018 10440 34.000000
1135 1157 34.000000
647 648 33.000000
764 786 33.000000
1001 1023 33.000000
1043 10539 33.000000
1043 10565 33.000000
1066 10808 33.000000
1066 10877 33.000000
1227 1249 33.000000
268 290 32.000000
520 542 32.000000
1018 10210 32.000000
1046 10631 32.000000
1066 10777 32.000000
1066 10810 32.000000
1066 10841 32.000000
519 541 31.000000
826 848 31.000000
1090 10916 31.000000
1364 1386 31.000000
1017 10353 30.000000
1017 10978 30.000000
1087 10903 30.000000
827 849 29.000000
1069 1091 29.000000
70 92 28.000000
141 142 28.000000
142 143 28.000000
143 144 28.000000
144 166 28.000000
450 472 28.000000
695 717 28.000000
952 974 28.000000
1062 10919 28.000000
1087 10877 28.000000
1144 1165 28.000000
1161 1162 28.000000
1162 1163 28.000000
1163 1164 28.000000
1164 1165 28.000000
140 162 27.000000
325 347 27.000000
1144 1145 27.000000
1145 1146 27.000000
1146 1147 27.000000
1336 1358 27.000000
117 139 26.000000
232 233 26.000000
233 234 26.000000
234 235 26.000000
235 236 26.000000
236 237 26.000000
543 544 26.000000
1147 1148 26.000000
560 582 25.000000
638 639 25.000000
639 640 25.000000
640 641 25.000000
641 642 25.000000
642 643 25.000000
643 644 25.000000
644 645 25.000000
645 646 25.000000
670 671 25.000000
671 672 25.000000
672 673 25.000000
673 695 25.000000
739 761 25.000000
917 918 25.000000
918 919 25.000000
919 920 25.000000
920 921 25.000000
921 922 25.000000
922 923 25.000000
1017 10537 25.000000
1043 10831 25.000000
1065 10788 25.000000
1440 1462 25.000000
220 221 24.000000
1083 10919 24.000000
1122 1123 24.000000
1123 1124 24.000000
1124 1125 24.000000
1298 1319 24.000000
1314 1315 24.000000
1315 1316 24.000000
1316 1317 24.000000
1317 1318 24.000000
1318 1319 24.000000
1320 1321 24.000000
1418 1440 24.000000
712 713 23.000000
748 749 23.000000
1062 10833 23.000000
1068 1069 23.000000
1122 1143 23.000000
1139 1140 23.000000
1139 1161 23.000000
1140 1141 23.000000
1141 1142 23.000000
1142 1143 23.000000
1298 1299 23.000000
1528 1529 23.000000
272 273 22.000000
273 274 22.000000
274 275 22.000000
275 276 22.000000
276 277 22.000000
277 278 22.000000
278 279 22.000000
279 280 22.000000
280 281 22.000000
443 465 22.000000
727 749 22.000000
783 805 22.000000
1024 1046 22.000000
1062 10684 22.000000
1218 1240 22.000000
223 245 21.000000
245 267 21.000000
342 364 21.000000
840 841 21.000000
841 842 21.000000
1158 1180 21.000000
1314 1336 21.000000
476 498 20.000000
865 887 20.000000
1062 10706 20.000000
1132 1154 20.000000
1148 1170 20.000000
1394 1416 20.000000
1441 1463 20.000000
271 272 19.000000
594 615 19.000000
608 609 19.000000
609 610 19.000000
610 611 19.000000
611 612 19.000000
612 613 19.000000
613 614 19.000000
614 615 19.000000
842 843 19.000000
1352 1374 19.000000
10 1572 18.000000
205 227 18.000000
264 285 18.000000
281 282 18.000000
282 283 18.000000
283 284 18.000000
284 285 18.000000
290 312 18.000000
410 432 18.000000
755 756 18.000000
785 807 18.000000
1043 10568 18.000000
1043 10788 18.000000
1112 1134 18.000000
1134 1156 18.000000
1176 1198 18.000000
1196 1218 18.000000
1292 1314 18.000000
1328 1350 18.000000
1524 1546 18.000000
47 69 17.000000
418 440 17.000000
498 520 17.000000
748 769 17.000000
765 766 17.000000
766 767 17.000000
767 768 17.000000
768 769 17.000000
1001 10760 17.000000
1018 10885 17.000000
1040 11000 17.000000
1062 10671 17.000000
368 390 16.000000
1018 1040 16.000000
1018 10264 16.000000
1018 10919 16.000000
1089 10892 16.000000
1177 1199 16.000000
1521 1543 16.000000
388 410 15.000000
424 446 15.000000
428 450 15.000000
651 652 15.000000
836 837 15.000000
837 838 15.000000
838 839 15.000000
839 840 15.000000
132 133 14.000000
132 154 14.000000
133 134 14.000000
454 476 14.000000
739 740 14.000000
740 741 14.000000
741 742 14.000000
924 925 14.000000
925 926 14.000000
926 927 14.000000
927 928 14.000000
928 929 14.000000
1040 10833 14.000000
1234 1256 14.000000
183 205 13.000000
464 486 13.000000
1018 10284 13.000000
1018 10289 13.000000
1018 10338 13.000000
1018 10479 13.000000
1018 10683 13.000000
1087 10902 13.000000
1087 10921 13.000000
1087 10934 13.000000
1321 1343 13.000000
1507 1529 13.000000
775 776 12.000000
776 777 12.000000
1039 10479 12.000000
1267 1289 12.000000
1277 1299 12.000000
1284 1306 12.000000
1306 1328 12.000000
228 229 11.000000
229 230 11.000000
230 231 11.000000
231 232 11.000000
929 930 11.000000
961 962 11.000000
962 963 11.000000
963 964 11.000000
964 965 11.000000
965 966 11.000000
966 967 11.000000
1018 10320 11.000000
1040 10525 11.000000
1040 10538 11.000000
1040 10792 11.000000
1040 10897 11.000000
1084 11000 11.000000
1321 1322 11.000000
1366 1388 11.000000
220 241 10.000000
237 238 10.000000
238 239 10.000000
239 240 10.000000
240 241 10.000000
871 893 10.000000
1039 10437 10.000000
1039 10440 10.000000
1039 10636 10.000000
1040 10706 10.000000
1090 1091 10.000000
1353 1375 10.000000
380 402 9.000000
764 765 9.000000
784 806 9.000000
872 894 9.000000
880 901 9.000000
895 896 9.000000
896 897 9.000000
897 898 9.000000
898 899 9.000000
899 900 9.000000
900 901 9.000000
974 996 9.000000
1039 10647 9.000000
1040 10684 9.000000
1061 10771 9.000000
1109 1131 9.000000
182 204 8.000000
204 226 8.000000
320 342 8.000000
346 347 8.000000
400 422 8.000000
422 444 8.000000
770 771 8.000000
771 772 8.000000
772 773 8.000000
773 774 8.000000
774 775 8.000000
814 836 8.000000
828 850 8.000000
1040 10551 8.000000
1040 10671 8.000000
1266 1288 8.000000
1350 1372 8.000000
158 180 7.000000
550 572 7.000000
630 631 7.000000
631 632 7.000000
632 633 7.000000
735 736 7.000000
736 737 7.000000
737 738 7.000000
738 739 7.000000
909 931 7.000000
1003 10128 7.000000
1278 1300 7.000000
1342 1364 7.000000
136 158 6.000000
308 330 6.000000
365 387 6.000000
385 407 6.000000
655 677 6.000000
842 864 6.000000
1125 1126 6.000000
1192 1214 6.000000
1550 1572 6.000000
398 420 5.000000
420 442 5.000000
516 538 5.000000
1017 10226 5.000000
1017 10285 5.000000
1152 1174 5.000000
1183 1205 5.000000
1369 1391 5.000000
1390 1412 5.000000
2 3 4.000000
176 177 4.000000
176 198 4.000000
249 250 4.000000
250 251 4.000000
251 252 4.000000
252 253 4.000000
253 254 4.000000
254 255 4.000000
255 256 4.000000
256 257 4.000000
257 258 4.000000
258 259 4.000000
528 550 4.000000
633 655 4.000000
775 797 4.000000
829 851 4.000000
915 937 4.000000
1017 1039 4.000000
1039 10545 4.000000
1039 10710 4.000000
1133 1155 4.000000
1370 1392 4.000000
1371 1393 4.000000
1376 1398 4.000000
0 1 3.000000
0 1562 3.000000
1 2 3.000000
281 303 3.000000
494 516 3.000000
616 637 3.000000
633 634 3.000000
634 635 3.000000
635 636 3.000000
636 637 3.000000
660 682 3.000000
660 681 3.000000
677 678 3.000000
678 679 3.000000
679 680 3.000000
680 681 3.000000
682 704 3.000000
695 696 3.000000
696 697 3.000000
697 698 3.000000
698 699 3.000000
704 726 3.000000
770 792 3.000000
929 951 3.000000
959 981 3.000000
1089 1111 3.000000
1166 1167 3.000000
1166 1187 3.000000
1167 1168 3.000000
1168 1169 3.000000
1183 1184 3.000000
1184 1185 3.000000
1185 1186 3.000000
1186 1187 3.000000
1225 1247 3.000000
1235 1257 3.000000
1254 1276 3.000000
1261 1283 3.000000
1271 1293 3.000000
1327 1349 3.000000
1343 1365 3.000000
1365 1387 3.000000
1368 1390 3.000000
1540 1562 3.000000
160 182 2.000000
384 406 2.000000
652 653 2.000000
653 654 2.000000
654 655 2.000000
726 748 2.000000
880 881 2.000000
881 882 2.000000
882 883 2.000000
883 884 2.000000
884 885 2.000000
885 886 2.000000
916 938 2.000000
1069 10732 2.000000
1082 1104 2.000000
1182 1183 2.000000
1222 1244 2.000000
1239 1261 2.000000
1349 1371 2.000000
1355 1377 2.000000
46 47 1.000000
46 68 1.000000
154 175 1.000000
166 167 1.000000
167 168 1.000000
168 169 1.000000
169 170 1.000000
170 171 1.000000
171 172 1.000000
172 173 1.000000
173 174 1.000000
174 175 1.000000
293 294 1.000000
294 295 1.000000
295 296 1.000000
296 297 1.000000
297 298 1.000000
298 299 1.000000
299 300 1.000000
300 301 1.000000
301 302 1.000000
302 303 1.000000
330 352 1.000000
748 770 1.000000
792 814 1.000000
863 885 1.000000
885 907 1.000000
960 982 1.000000
1068 10892 1.000000
1082 10854 1.000000
1082 10884 1.000000
1082 10978 1.000000
1122 1144 1.000000
1147 1169 1.000000
1179 1201 1.000000
1210 1232 1.000000
1233 1255 1.000000
1255 1277 1.000000
1298 1320 1.000000
1387 1409 1.000000
1529 1530 1.000000
1530 1531 1.000000
1531 1532 1.000000
1532 1533 1.000000
1533 1534 1.000000
1534 1535 1.000000
1535 1536 1.000000
1536 1537 1.000000
1537 1538 1.000000
1538 1539 1.000000
1542 1564 1.000000
