405 406 16543.000000
406 407 16543.000000
407 408 16543.000000
408 409 16543.000000
1377 1378 14197.000000
1421 1422 12927.000000
362 363 12474.000000
363 364 12474.000000
364 365 12474.000000
1333 1334 11818.000000
404 405 11155.000000
409 410 10594.000000
1223 1224 10463.000000
361 362 10394.000000
1419 1420 10008.000000
272 273 9983.000000
1420 1421 9874.000000
1158 1159 9807.000000
7 8 9799.000000
1435 1436 9642.000000
1157 1158 9601.000000
1245 1246 9561.000000
8 9 9491.000000
1376 1377 9481.000000
1375 1376 9379.000000
365 366 9170.000000
1398 1399 9050.000000
1437 1438 8948.000000
383 384 8939.000000
384 385 8939.000000
385 386 8939.000000
386 387 8939.000000
1436 1437 8770.000000
1334 1335 8686.000000
410 411 8637.000000
6 7 8601.000000
1438 1439 8575.000000
1418 1419 8425.000000
1442 1443 8211.000000
1374 1375 8008.000000
1244 1245 7932.000000
1439 1440 7830.000000
1441 1442 7808.000000
1399 1400 7713.000000
1440 1441 7690.000000
1087 1088 7446.000000
1088 1089 7446.000000
1243 1244 7375.000000
1332 1333 7326.000000
1156 1157 7280.000000
1022 1023 7274.000000
1023 1024 7274.000000
1222 1223 7116.000000
271 272 6997.000000
584 585 6978.000000
1397 1398 6918.000000
382 383 6876.000000
1434 1435 6765.000000
427 428 6582.000000
428 429 6582.000000
429 430 6582.000000
430 431 6582.000000
1246 1247 6555.000000
53 54 6499.000000
1201 1202 6487.000000
1221 1222 6360.000000
497 498 6353.000000
1179 1180 6318.000000
315 316 6195.000000
1355 1356 6173.000000
1086 1087 6130.000000
449 450 5891.000000
450 451 5891.000000
451 452 5891.000000
452 453 5864.000000
1180 1181 5760.000000
1378 1379 5700.000000
228 229 5636.000000
1043 1044 5608.000000
1044 1045 5608.000000
1045 1046 5608.000000
1224 1225 5608.000000
1417 1418 5512.000000
1331 1332 5505.000000
1159 1160 5458.000000
453 454 5448.000000
1202 1203 5340.000000
1396 1397 5331.000000
1090 1091 5260.000000
11 12 5163.000000
1089 1090 5163.000000
1266 1267 5159.000000
1415 1416 5150.000000
1178 1179 5124.000000
10 11 5074.000000
1413 1414 5053.000000
1414 1415 5053.000000
360 361 5022.000000
1460 1461 4968.000000
316 317 4948.000000
1464 1465 4942.000000
1085 1086 4858.000000
1416 1417 4847.000000
54 55 4796.000000
1021 1022 4790.000000
1459 1460 4775.000000
1217 1218 4738.000000
1218 1219 4738.000000
1219 1220 4738.000000
1463 1464 4718.000000
1065 1066 4644.000000
1066 1067 4644.000000
1067 1068 4644.000000
1353 1354 4634.000000
1200 1201 4614.000000
1394 1395 4603.000000
1354 1355 4529.000000
1290 1291 4518.000000
1395 1396 4509.000000
1393 1394 4506.000000
10 10661 4504.000000
1311 1312 4482.000000
1069 1070 4481.000000
1225 1226 4437.000000
1267 1268 4437.000000
206 207 4430.000000
1112 1113 4403.000000
454 455 4371.000000
1113 1114 4311.000000
1462 1463 4304.000000
807 808 4300.000000
431 432 4284.000000
1024 1025 4272.000000
52 53 4183.000000
1109 1110 4163.000000
1110 1111 4163.000000
1111 1112 4155.000000
448 449 4141.000000
1391 1392 4137.000000
1392 1393 4137.000000
1312 1313 4132.000000
411 412 4113.000000
1000 1001 4093.000000
1001 1002 4093.000000
1378 1400 4091.000000
1177 1178 4082.000000
498 499 4075.000000
1247 1248 4065.000000
366 367 4048.000000
1461 1462 4024.000000
96 97 4013.000000
387 388 4003.000000
273 274 3990.000000
337 338 3911.000000
978 979 3911.000000
979 980 3911.000000
1569 1570 3901.000000
1568 1569 3891.000000
455 456 3872.000000
872 873 3793.000000
95 96 3713.000000
51 52 3700.000000
1239 1240 3681.000000
1240 1241 3681.000000
1241 1242 3679.000000
403 404 3668.000000
980 981 3627.000000
1025 1026 3622.000000
1216 1217 3612.000000
139 140 3609.000000
1330 1331 3605.000000
1457 1458 3576.000000
1265 1266 3522.000000
1572 1573 3518.000000
1042 1043 3488.000000
804 805 3477.000000
805 806 3477.000000
1465 1466 3466.000000
1412 1413 3421.000000
1484 1485 3421.000000
1458 1459 3416.000000
28 29 3398.000000
1485 1486 3395.000000
249 250 3368.000000
1525 1526 3360.000000
806 807 3347.000000
1486 1487 3340.000000
1352 1353 3330.000000
74 75 3327.000000
1020 1021 3326.000000
1289 1290 3323.000000
365 387 3316.000000
31 32 3299.000000
388 389 3292.000000
1571 1572 3264.000000
181 182 3262.000000
426 427 3216.000000
30 31 3209.000000
32 33 3202.000000
1242 1243 3201.000000
50 51 3153.000000
1114 1115 3152.000000
1287 1288 3133.000000
250 251 3101.000000
1524 1525 3093.000000
1068 1069 3081.000000
1390 1391 3072.000000
29 30 3055.000000
316 338 3030.000000
118 119 3006.000000
1570 1571 2980.000000
94 95 2950.000000
359 360 2939.000000
1373 1374 2932.000000
338 339 2928.000000
1220 1221 2921.000000
97 98 2918.000000
140 141 2875.000000
1309 1310 2874.000000
1308 1309 2853.000000
1547 1548 2846.000000
1134 1135 2838.000000
1483 1484 2793.000000
1288 1289 2788.000000
293 294 2787.000000
117 118 2772.000000
203 204 2772.000000
204 205 2772.000000
1526 1527 2757.000000
1334 1356 2728.000000
225 226 2703.000000
226 227 2700.000000
1108 1109 2699.000000
10 10668 2681.000000
514 515 2616.000000
515 516 2616.000000
516 517 2616.000000
517 518 2616.000000
1370 1371 2614.000000
205 206 2606.000000
585 586 2594.000000
182 183 2584.000000
1091 1092 2555.000000
272 294 2540.000000
1310 1311 2533.000000
468 469 2503.000000
1203 1204 2496.000000
499 500 2495.000000
1508 1509 2477.000000
367 389 2462.000000
1548 1549 2451.000000
1152 1153 2450.000000
1153 1154 2450.000000
1154 1155 2450.000000
446 447 2443.000000
140 162 2430.000000
1507 1508 2402.000000
336 337 2395.000000
183 184 2390.000000
1248 1249 2384.000000
1371 1372 2379.000000
456 457 2370.000000
73 74 2360.000000
1046 1047 2346.000000
381 382 2344.000000
1268 1269 2339.000000
1372 1373 2324.000000
227 228 2322.000000
224 225 2315.000000
492 493 2312.000000
493 494 2312.000000
494 495 2312.000000
495 496 2312.000000
412 413 2283.000000
977 978 2283.000000
585 607 2261.000000
159 160 2239.000000
869 870 2215.000000
870 871 2215.000000
184 185 2200.000000
1135 1136 2192.000000
1064 1065 2182.000000
1528 1529 2166.000000
1204 1205 2158.000000
1529 1530 2155.000000
1041 1042 2154.000000
518 519 2128.000000
1136 1137 2125.000000
1003 1004 2121.000000
55 56 2119.000000
1047 1048 2109.000000
1226 1227 2100.000000
138 139 2098.000000
1155 1156 2096.000000
1527 1528 2094.000000
294 295 2040.000000
998 999 2036.000000
1195 1196 2036.000000
1196 1197 2036.000000
1197 1198 2036.000000
1198 1199 2036.000000
447 448 2032.000000
871 872 2019.000000
202 203 2008.000000
1291 1292 2000.000000
72 73 1999.000000
432 433 1998.000000
457 458 1993.000000
160 161 1991.000000
496 497 1991.000000
1456 1457 1991.000000
467 468 1989.000000
1573 1574 1949.000000
1503 1504 1911.000000
1070 1071 1904.000000
116 117 1897.000000
12 13 1890.000000
1199 1200 1890.000000
273 295 1879.000000
1115 1137 1876.000000
520 521 1865.000000
1506 1507 1860.000000
1173 1174 1833.000000
1174 1175 1833.000000
1175 1176 1833.000000
1176 1177 1833.000000
1335 1336 1825.000000
1026 1027 1804.000000
1004 1005 1791.000000
71 72 1784.000000
1002 10025 1774.000000
1313 1314 1773.000000
519 520 1764.000000
475 476 1762.000000
207 208 1738.000000
141 142 1722.000000
808 809 1722.000000
115 116 1721.000000
338 360 1720.000000
808 830 1710.000000
498 520 1696.000000
314 315 1692.000000
1002 1003 1688.000000
1500 1501 1687.000000
1501 1502 1687.000000
1025 10270 1677.000000
1046 10946 1677.000000
1504 1505 1660.000000
98 99 1657.000000
413 414 1648.000000
1433 1434 1646.000000
541 542 1635.000000
873 874 1625.000000
424 425 1624.000000
470 471 1602.000000
471 472 1602.000000
472 473 1602.000000
473 474 1602.000000
850 851 1596.000000
851 852 1596.000000
433 434 1594.000000
1151 1152 1585.000000
476 477 1571.000000
540 541 1570.000000
960 961 1552.000000
229 230 1537.000000
425 426 1525.000000
1369 1370 1519.000000
1400 1401 1511.000000
1107 1108 1502.000000
1292 1293 1494.000000
959 960 1485.000000
402 403 1476.000000
410 432 1475.000000
33 34 1469.000000
161 162 1463.000000
180 181 1462.000000
469 470 1462.000000
119 120 1450.000000
477 478 1446.000000
1356 1357 1444.000000
380 381 1405.000000
491 492 1405.000000
1269 1270 1402.000000
185 186 1375.000000
1351 1352 1373.000000
390 391 1338.000000
389 390 1313.000000
458 459 1310.000000
1505 1506 1303.000000
976 977 1301.000000
1326 1327 1297.000000
1327 1328 1297.000000
1328 1329 1297.000000
1443 1444 1296.000000
367 368 1283.000000
456 478 1270.000000
249 271 1269.000000
542 543 1262.000000
1549 1550 1252.000000
981 982 1249.000000
368 369 1247.000000
912 913 1242.000000
913 914 1242.000000
914 915 1242.000000
158 159 1227.000000
894 895 1221.000000
895 896 1221.000000
544 545 1219.000000
478 479 1215.000000
142 143 1213.000000
1329 1330 1198.000000
956 957 1197.000000
957 958 1197.000000
958 959 1197.000000
809 810 1176.000000
543 544 1169.000000
75 76 1168.000000
474 475 1155.000000
490 491 1143.000000
961 962 1140.000000
1291 1313 1132.000000
1282 1283 1130.000000
1283 1284 1130.000000
1284 1285 1130.000000
454 476 1124.000000
201 202 1121.000000
935 936 1121.000000
936 937 1121.000000
1130 1131 1115.000000
1131 1132 1115.000000
1132 1133 1115.000000
896 897 1114.000000
1115 1116 1101.000000
434 435 1095.000000
1379 1380 1076.000000
391 392 1069.000000
874 875 1067.000000
1205 1227 1066.000000
317 318 1064.000000
1550 1551 1047.000000
1551 1552 1046.000000
1158 1180 1042.000000
1530 1531 1034.000000
1368 1369 1033.000000
445 446 1030.000000
954 955 1030.000000
369 370 1025.000000
1116 1138 1025.000000
76 77 1023.000000
339 340 1014.000000
340 341 1014.000000
341 342 1014.000000
342 343 1014.000000
1159 1181 1014.000000
414 415 1012.000000
1325 1326 1012.000000
938 939 1006.000000
343 344 1002.000000
982 983 1001.000000
891 892 995.000000
892 893 995.000000
1357 1358 979.000000
1481 1482 972.000000
893 894 963.000000
1137 1138 961.000000
479 480 953.000000
1133 1134 941.000000
1482 1483 932.000000
955 956 930.000000
137 138 927.000000
916 917 921.000000
370 371 910.000000
830 831 908.000000
1389 1390 895.000000
1204 1226 893.000000
1238 1239 893.000000
831 832 888.000000
545 546 884.000000
1070 1092 882.000000
934 935 880.000000
939 940 877.000000
317 339 872.000000
358 359 870.000000
522 523 861.000000
290 291 855.000000
291 292 855.000000
541 563 853.000000
435 436 844.000000
1552 1553 842.000000
846 847 839.000000
847 848 839.000000
848 849 839.000000
849 850 838.000000
852 853 833.000000
286 287 831.000000
287 288 831.000000
868 869 830.000000
1048 1049 830.000000
312 313 827.000000
313 314 827.000000
251 252 826.000000
229 251 823.000000
286 307 823.000000
306 307 823.000000
412 434 822.000000
1285 1286 820.000000
1260 1261 819.000000
1261 1262 819.000000
1262 1263 819.000000
1263 1264 817.000000
1348 1349 811.000000
1349 1350 811.000000
1350 1351 811.000000
521 522 808.000000
1502 1524 807.000000
366 388 805.000000
93 94 804.000000
440 441 794.000000
440 461 794.000000
441 442 794.000000
442 443 794.000000
443 444 794.000000
444 445 794.000000
459 460 794.000000
460 461 794.000000
267 268 787.000000
810 811 781.000000
268 269 779.000000
269 270 779.000000
890 891 775.000000
382 404 773.000000
1502 1503 771.000000
1358 1359 768.000000
1359 1360 768.000000
1480 1481 758.000000
242 243 755.000000
242 263 755.000000
243 244 755.000000
262 263 755.000000
782 783 751.000000
783 784 751.000000
784 785 751.000000
512 513 740.000000
513 514 740.000000
911 912 740.000000
1286 1287 740.000000
1205 1206 733.000000
1206 1207 733.000000
915 916 729.000000
499 521 728.000000
1347 1348 721.000000
1499 1500 720.000000
418 419 714.000000
418 439 714.000000
419 420 714.000000
420 421 714.000000
421 422 714.000000
422 423 714.000000
437 438 714.000000
438 439 714.000000
917 918 711.000000
270 271 708.000000
423 424 694.000000
352 353 685.000000
352 373 685.000000
353 354 685.000000
354 355 685.000000
355 356 685.000000
356 357 685.000000
357 358 685.000000
372 373 685.000000
1264 1265 685.000000
308 329 671.000000
328 329 671.000000
392 393 671.000000
10 10417 670.000000
889 890 665.000000
308 309 663.000000
309 310 663.000000
310 311 663.000000
311 312 663.000000
511 512 659.000000
294 316 648.000000
1401 1402 644.000000
1402 1403 644.000000
1403 1404 644.000000
1346 1347 630.000000
523 524 626.000000
564 565 624.000000
823 824 624.000000
824 825 623.000000
1411 1412 622.000000
246 247 613.000000
247 248 613.000000
248 249 612.000000
445 467 604.000000
937 938 600.000000
359 381 597.000000
1002 10484 597.000000
1293 1294 597.000000
1294 1295 597.000000
983 984 593.000000
318 319 589.000000
319 320 589.000000
320 321 589.000000
321 322 589.000000
933 934 587.000000
186 187 584.000000
1003 10745 582.000000
288 289 581.000000
289 290 581.000000
500 501 580.000000
455 477 576.000000
828 829 576.000000
1129 1130 576.000000
565 566 574.000000
1520 1521 571.000000
1521 1522 571.000000
1522 1523 571.000000
1523 1524 571.000000
785 786 556.000000
872 894 556.000000
867 868 552.000000
360 382 551.000000
244 245 539.000000
1194 1195 537.000000
1465 1487 535.000000
1281 1282 532.000000
1478 1479 530.000000
1479 1480 530.000000
940 941 525.000000
1005 10975 525.000000
322 344 522.000000
1461 1483 516.000000
1383 1384 512.000000
162 163 508.000000
1380 1381 508.000000
1381 1382 508.000000
1382 1383 508.000000
295 317 502.000000
315 337 497.000000
586 587 497.000000
803 804 497.000000
501 502 496.000000
545 567 486.000000
424 446 481.000000
1026 10457 477.000000
1027 1028 474.000000
1228 1229 474.000000
1227 1228 472.000000
1000 10628 470.000000
764 786 468.000000
1270 1271 462.000000
1026 1048 459.000000
381 403 458.000000
1215 1216 455.000000
292 293 451.000000
1304 1305 446.000000
1305 1306 446.000000
1306 1307 446.000000
250 272 442.000000
588 589 441.000000
853 854 441.000000
1002 10361 441.000000
1345 1346 440.000000
717 718 436.000000
718 719 436.000000
962 963 435.000000
825 826 432.000000
826 827 432.000000
827 828 432.000000
829 830 431.000000
436 437 430.000000
1307 1308 429.000000
380 402 424.000000
764 765 423.000000
1005 10128 420.000000
1259 1260 419.000000
1207 1208 415.000000
1509 1510 413.000000
330 331 412.000000
330 351 412.000000
331 332 412.000000
332 333 412.000000
333 334 412.000000
334 335 412.000000
335 336 412.000000
350 351 412.000000
760 761 411.000000
761 762 411.000000
762 763 411.000000
763 764 411.000000
72 94 407.000000
938 960 407.000000
1027 10631 407.000000
786 787 405.000000
52 74 397.000000
1337 1338 396.000000
1338 1339 396.000000
157 158 395.000000
1542 1543 394.000000
120 121 390.000000
227 249 388.000000
1364 1365 388.000000
1364 1385 388.000000
1365 1366 388.000000
1366 1367 388.000000
1384 1385 388.000000
1543 1544 388.000000
411 433 382.000000
1003 10136 382.000000
1544 1545 382.000000
162 184 381.000000
484 485 380.000000
484 505 380.000000
485 486 380.000000
486 487 380.000000
503 504 380.000000
504 505 380.000000
487 488 379.000000
488 489 379.000000
809 831 378.000000
1336 1337 377.000000
1545 1546 375.000000
1049 10658 371.000000
1376 1398 371.000000
446 468 366.000000
607 608 362.000000
608 609 362.000000
609 610 362.000000
1247 1269 361.000000
566 567 359.000000
458 480 352.000000
875 876 352.000000
500 522 350.000000
10 10459 349.000000
163 164 349.000000
478 500 347.000000
587 588 346.000000
1546 1547 344.000000
1047 10670 341.000000
158 180 340.000000
1003 10429 337.000000
1020 10552 336.000000
337 359 335.000000
1202 1224 335.000000
1315 1316 333.000000
1316 1317 333.000000
1367 1368 331.000000
396 397 330.000000
396 417 330.000000
397 398 330.000000
398 399 330.000000
399 400 330.000000
400 401 330.000000
416 417 330.000000
719 720 327.000000
245 246 325.000000
1172 1173 325.000000
1314 1315 323.000000
1404 1405 322.000000
10 10344 320.000000
1203 1225 320.000000
1455 1456 319.000000
1043 10628 317.000000
628 629 315.000000
1285 1307 314.000000
563 564 309.000000
115 137 308.000000
477 499 307.000000
1020 10978 307.000000
1022 10525 305.000000
1022 10897 304.000000
1243 1265 304.000000
1249 1250 303.000000
228 250 301.000000
401 402 301.000000
30 52 297.000000
1114 1136 295.000000
1020 10548 294.000000
1063 1064 293.000000
1437 1459 293.000000
1271 1272 292.000000
1272 1273 292.000000
1003 10380 291.000000
1065 10814 286.000000
765 787 285.000000
1026 10429 283.000000
183 205 278.000000
1046 10951 278.000000
1173 1195 277.000000
489 490 276.000000
468 490 275.000000
534 535 273.000000
535 536 273.000000
536 537 273.000000
537 538 273.000000
538 539 273.000000
539 540 273.000000
1422 1444 273.000000
810 832 272.000000
1313 1335 272.000000
1351 1373 272.000000
10 10815 271.000000
1042 10547 271.000000
1042 10771 271.000000
1025 1047 270.000000
937 959 269.000000
1065 10791 269.000000
520 542 268.000000
74 96 267.000000
1021 10300 267.000000
1022 10355 267.000000
1525 1547 267.000000
589 611 265.000000
497 519 264.000000
1003 10070 264.000000
1065 10807 264.000000
1021 10647 263.000000
1047 10839 263.000000
27 28 262.000000
1022 11000 261.000000
1361 1362 261.000000
918 919 260.000000
1020 10480 260.000000
1022 10394 260.000000
1069 10703 260.000000
1002 10407 259.000000
1292 1314 259.000000
1021 10710 257.000000
1020 10261 256.000000
12 1574 255.000000
752 753 254.000000
753 754 254.000000
754 755 254.000000
1020 10422 254.000000
1092 1093 253.000000
564 586 252.000000
1248 1270 252.000000
251 273 251.000000
867 889 251.000000
1022 10792 250.000000
1022 10833 250.000000
1026 10587 250.000000
1046 10640 250.000000
1046 10842 248.000000
755 756 247.000000
756 757 247.000000
757 758 247.000000
1025 10450 246.000000
1237 1238 246.000000
1003 1025 245.000000
1025 10476 245.000000
1025 10848 245.000000
1025 10902 245.000000
1025 10921 245.000000
1020 10543 244.000000
369 391 242.000000
1005 10732 242.000000
1005 10916 242.000000
374 375 240.000000
374 395 240.000000
375 376 240.000000
376 377 240.000000
377 378 240.000000
378 379 240.000000
379 380 240.000000
393 394 240.000000
394 395 240.000000
28 50 238.000000
144 145 238.000000
145 146 238.000000
146 147 238.000000
1085 10945 238.000000
1041 10562 237.000000
122 123 235.000000
123 124 235.000000
124 125 235.000000
1020 10884 235.000000
1371 1393 235.000000
1025 10775 233.000000
1005 10145 232.000000
1025 10505 232.000000
1025 10506 232.000000
1025 10783 232.000000
1021 10636 231.000000
206 228 229.000000
562 563 229.000000
1046 10664 228.000000
1046 10718 228.000000
1421 1443 228.000000
1046 10575 227.000000
1360 1361 227.000000
164 165 226.000000
1335 1357 226.000000
533 534 224.000000
897 898 224.000000
1069 10811 224.000000
1069 10955 224.000000
1160 1161 224.000000
1481 1503 222.000000
1217 1239 221.000000
116 138 219.000000
344 366 219.000000
1025 10357 219.000000
1025 10949 219.000000
462 463 217.000000
462 483 217.000000
463 464 217.000000
464 465 217.000000
465 466 217.000000
466 467 217.000000
481 482 217.000000
482 483 217.000000
1003 10760 217.000000
1021 10437 216.000000
1069 10721 216.000000
1085 10854 216.000000
1085 10962 216.000000
476 498 215.000000
649 650 215.000000
295 296 214.000000
344 345 213.000000
1043 10671 212.000000
1043 10919 212.000000
1303 1304 209.000000
777 778 208.000000
778 779 208.000000
1069 10890 208.000000
1020 10630 207.000000
1020 10655 207.000000
1043 10551 207.000000
117 139 206.000000
29 51 204.000000
415 416 204.000000
350 372 203.000000
409 431 202.000000
1020 10353 202.000000
1546 1568 202.000000
1025 10969 201.000000
1295 1317 200.000000
956 978 199.000000
1049 10569 199.000000
73 95 198.000000
348 349 198.000000
414 436 195.000000
1003 10206 195.000000
1043 10482 195.000000
480 481 193.000000
1004 10888 192.000000
1314 1336 192.000000
1002 10640 191.000000
1161 1162 191.000000
1162 1163 191.000000
1002 10250 190.000000
184 206 188.000000
1025 10703 188.000000
1025 10816 188.000000
1025 10946 188.000000
672 673 187.000000
673 674 187.000000
674 675 187.000000
675 676 187.000000
159 181 186.000000
345 346 186.000000
346 347 186.000000
347 348 186.000000
361 383 186.000000
1342 1343 186.000000
1342 1363 186.000000
1343 1344 186.000000
1344 1345 186.000000
1362 1363 186.000000
437 459 185.000000
658 680 185.000000
636 658 184.000000
671 672 184.000000
1002 10386 184.000000
1070 10935 184.000000
1290 1312 184.000000
1002 10842 182.000000
1422 1423 182.000000
984 985 180.000000
1003 10704 180.000000
676 677 179.000000
677 678 179.000000
678 679 179.000000
679 680 179.000000
1026 10719 177.000000
821 822 175.000000
822 823 175.000000
1071 10758 175.000000
271 293 174.000000
1025 10331 173.000000
1027 10365 173.000000
296 297 172.000000
297 298 172.000000
298 299 172.000000
299 300 172.000000
633 634 172.000000
634 635 172.000000
635 636 172.000000
1295 1296 171.000000
897 919 170.000000
1377 1399 168.000000
693 694 167.000000
1048 10604 167.000000
10 32 166.000000
845 846 165.000000
1229 1230 165.000000
71 93 164.000000
300 301 164.000000
301 302 164.000000
302 303 164.000000
303 304 164.000000
304 305 164.000000
1047 10777 164.000000
1041 10507 162.000000
1041 10549 162.000000
1041 10570 162.000000
1041 10773 162.000000
1041 10945 162.000000
1156 1178 162.000000
1002 10664 161.000000
1002 10718 161.000000
371 372 160.000000
720 742 160.000000
1028 10569 160.000000
1458 1480 160.000000
502 524 159.000000
1390 1412 157.000000
143 144 156.000000
765 766 156.000000
770 771 156.000000
771 772 156.000000
1026 10933 156.000000
630 631 155.000000
631 632 155.000000
632 633 155.000000
1021 10807 155.000000
349 350 154.000000
1091 10941 153.000000
1003 10624 152.000000
1041 10962 152.000000
1069 10903 152.000000
919 920 151.000000
1041 10688 151.000000
1041 10854 151.000000
766 767 150.000000
1002 10167 150.000000
1002 10575 150.000000
1003 10890 149.000000
1026 10765 149.000000
1336 1358 149.000000
1440 1462 149.000000
502 503 148.000000
1021 10440 148.000000
1004 10765 147.000000
1048 10817 147.000000
1048 10861 147.000000
223 224 146.000000
1200 1222 146.000000
770 791 145.000000
789 790 145.000000
790 791 145.000000
1021 10791 145.000000
1047 1069 144.000000
1439 1461 144.000000
787 788 143.000000
788 789 143.000000
457 479 142.000000
12 34 141.000000
1003 10841 141.000000
1026 10679 141.000000
230 252 140.000000
1025 10587 140.000000
49 50 139.000000
1003 10810 139.000000
1138 1139 139.000000
1139 1140 139.000000
1140 1141 139.000000
1003 10603 138.000000
1003 10877 138.000000
1574 1575 138.000000
305 306 137.000000
1003 10808 137.000000
1244 1266 137.000000
1477 1478 136.000000
1026 10760 135.000000
1070 10941 135.000000
1250 1251 135.000000
1251 1252 135.000000
806 828 134.000000
1004 10079 133.000000
1026 10890 131.000000
1043 10684 131.000000
1302 1303 131.000000
431 453 129.000000
939 961 129.000000
1070 10922 129.000000
1113 1135 129.000000
100 10069 128.000000
959 981 128.000000
1003 10645 128.000000
1003 10725 128.000000
1003 10777 128.000000
1005 10805 128.000000
1005 1006 127.000000
1027 10805 127.000000
1043 10706 127.000000
1042 10545 126.000000
814 815 125.000000
815 816 125.000000
1087 11000 125.000000
1408 1409 125.000000
1408 1429 125.000000
1409 1410 125.000000
1410 1411 125.000000
1428 1429 125.000000
1003 10268 124.000000
1046 10965 124.000000
1047 10645 124.000000
1065 10683 124.000000
1020 10579 123.000000
1020 10588 123.000000
1046 10788 123.000000
1047 10933 123.000000
1063 10768 123.000000
1092 10928 123.000000
1487 1488 123.000000
1021 10297 122.000000
1003 10171 121.000000
781 782 120.000000
1003 10539 120.000000
814 835 119.000000
832 833 119.000000
833 834 119.000000
834 835 119.000000
1003 10726 119.000000
1087 10897 119.000000
780 781 118.000000
1400 1422 118.000000
802 803 117.000000
1396 1418 117.000000
10 10953 116.000000
425 447 114.000000
1006 10216 114.000000
1021 10425 114.000000
1047 10719 114.000000
1071 10732 114.000000
528 529 112.000000
528 549 112.000000
529 530 112.000000
530 531 112.000000
546 547 112.000000
547 548 112.000000
548 549 112.000000
1201 1223 111.000000
773 774 110.000000
774 775 110.000000
775 776 110.000000
776 777 110.000000
1025 10825 110.000000
1548 1570 110.000000
719 741 109.000000
1090 10951 109.000000
1391 1413 108.000000
370 392 107.000000
489 511 107.000000
1003 10104 107.000000
1025 10624 107.000000
1245 1267 106.000000
31 53 104.000000
32 54 103.000000
1005 10092 102.000000
1020 10537 102.000000
1024 1046 102.000000
1346 1368 102.000000
1026 10825 101.000000
1092 10925 101.000000
103 125 100.000000
490 512 100.000000
531 532 100.000000
532 533 100.000000
1043 10538 100.000000
1112 1134 100.000000
100 101 99.000000
101 102 99.000000
102 103 99.000000
480 502 99.000000
610 611 99.000000
1025 10568 99.000000
1091 10922 99.000000
432 454 98.000000
912 934 98.000000
941 942 97.000000
1025 10726 97.000000
1065 10885 97.000000
1509 1531 97.000000
1025 10484 96.000000
1048 10646 95.000000
1048 10859 94.000000
1249 1271 94.000000
792 813 92.000000
811 812 92.000000
812 813 92.000000
1069 10738 92.000000
137 159 90.000000
230 231 90.000000
1021 10482 90.000000
1047 10679 90.000000
1288 1310 90.000000
1348 1370 90.000000
1352 1374 90.000000
51 73 89.000000
469 491 89.000000
1003 10587 89.000000
1069 1091 89.000000
1090 10955 89.000000
932 933 88.000000
716 717 87.000000
1025 10565 87.000000
161 183 86.000000
327 349 86.000000
358 380 86.000000
738 739 86.000000
739 740 86.000000
740 741 86.000000
1128 1129 86.000000
274 275 85.000000
275 276 85.000000
276 277 85.000000
277 278 85.000000
278 279 85.000000
279 280 85.000000
280 281 85.000000
281 282 85.000000
282 283 85.000000
506 507 85.000000
506 527 85.000000
507 508 85.000000
508 509 85.000000
509 510 85.000000
510 511 85.000000
524 525 85.000000
525 526 85.000000
526 527 85.000000
1021 10210 84.000000
1047 10760 84.000000
1276 1277 84.000000
1276 1297 84.000000
1277 1278 84.000000
1278 1279 84.000000
1296 1297 84.000000
1310 1332 84.000000
759 760 83.000000
1069 10949 83.000000
293 315 82.000000
555 556 82.000000
556 557 82.000000
557 558 82.000000
558 559 82.000000
559 560 82.000000
560 561 82.000000
1005 10631 82.000000
1071 10916 82.000000
1210 1211 82.000000
1210 1231 82.000000
1211 1212 82.000000
1212 1213 82.000000
1213 1214 82.000000
1214 1215 82.000000
1230 1231 82.000000
1279 1280 82.000000
205 227 81.000000
792 793 81.000000
793 794 81.000000
794 795 81.000000
1048 10892 81.000000
1069 10816 81.000000
1069 10946 81.000000
1071 10928 81.000000
1086 10897 81.000000
1444 1445 81.000000
1445 1446 81.000000
1446 1447 81.000000
1447 1448 81.000000
1448 1449 81.000000
685 686 80.000000
686 687 80.000000
687 688 80.000000
688 689 80.000000
689 690 80.000000
690 691 80.000000
691 692 80.000000
729 730 80.000000
730 731 80.000000
731 732 80.000000
732 733 80.000000
733 734 80.000000
734 735 80.000000
735 736 80.000000
795 796 80.000000
796 797 80.000000
797 798 80.000000
798 799 80.000000
1025 10831 80.000000
1027 10892 80.000000
1303 1325 80.000000
77 78 79.000000
597 598 79.000000
598 599 79.000000
599 600 79.000000
600 601 79.000000
601 602 79.000000
602 603 79.000000
603 604 79.000000
604 605 79.000000
651 652 79.000000
652 653 79.000000
653 654 79.000000
1070 10817 79.000000
1070 10861 79.000000
1070 10892 79.000000
1085 1107 79.000000
1116 1117 79.000000
1117 1118 79.000000
1118 1119 79.000000
1119 1141 79.000000
1232 1233 79.000000
1232 1253 79.000000
1233 1234 79.000000
1234 1235 79.000000
1235 1236 79.000000
1236 1237 79.000000
1252 1253 79.000000
1025 10645 78.000000
1025 10725 78.000000
1070 10839 78.000000
1129 1151 78.000000
433 455 77.000000
843 844 77.000000
844 845 77.000000
977 999 77.000000
1266 1288 77.000000
799 800 76.000000
800 801 76.000000
916 938 76.000000
270 292 75.000000
322 323 75.000000
853 875 75.000000
1466 1467 75.000000
1467 1468 75.000000
1468 1469 75.000000
1469 1470 75.000000
1470 1471 75.000000
327 328 74.000000
475 497 74.000000
496 518 74.000000
1443 1465 74.000000
306 328 73.000000
720 721 73.000000
767 789 73.000000
1003 10233 73.000000
1172 1194 73.000000
1005 10266 72.000000
1046 10645 72.000000
1046 10725 72.000000
1466 1488 72.000000
224 246 71.000000
1003 10825 71.000000
1046 10816 71.000000
328 350 70.000000
1025 10380 70.000000
1025 10603 70.000000
1025 10808 70.000000
1025 10877 70.000000
1208 1230 70.000000
1259 1281 70.000000
1264 1286 70.000000
1430 1431 70.000000
1430 1451 70.000000
1431 1432 70.000000
1449 1450 70.000000
1450 1451 70.000000
1549 1571 70.000000
927 928 69.000000
928 929 69.000000
929 930 69.000000
930 931 69.000000
931 932 69.000000
960 982 69.000000
1025 10841 69.000000
1046 10703 69.000000
1046 10969 69.000000
1025 10745 68.000000
1423 1424 68.000000
1424 1425 68.000000
1425 1426 68.000000
1426 1427 68.000000
1427 1428 68.000000
1003 10903 67.000000
1025 10903 67.000000
1393 1415 67.000000
1070 10859 66.000000
1188 1189 66.000000
1188 1209 66.000000
1189 1190 66.000000
1190 1191 66.000000
1191 1192 66.000000
1192 1193 66.000000
1208 1209 66.000000
1308 1330 66.000000
1025 10738 65.000000
1134 1156 65.000000
283 305 64.000000
323 324 64.000000
324 325 64.000000
325 326 64.000000
326 327 64.000000
1003 10738 64.000000
1046 10476 64.000000
1046 10505 64.000000
1046 10506 64.000000
1046 10775 64.000000
1046 10783 64.000000
1046 10848 64.000000
1046 10902 64.000000
1046 10921 64.000000
1069 10934 64.000000
1357 1379 64.000000
1003 10299 63.000000
1003 10522 63.000000
1046 10603 63.000000
1046 10808 63.000000
1046 10877 63.000000
1135 1157 63.000000
53 75 62.000000
1025 10777 62.000000
1025 10810 62.000000
1193 1194 62.000000
390 412 61.000000
481 503 61.000000
1069 10841 61.000000
1069 10877 61.000000
1090 10902 61.000000
1090 10921 61.000000
1368 1390 61.000000
736 737 60.000000
836 857 60.000000
855 856 60.000000
856 857 60.000000
1046 10738 60.000000
1046 10777 60.000000
1046 10810 60.000000
1046 10841 60.000000
1505 1527 60.000000
139 161 59.000000
56 57 58.000000
1223 1245 58.000000
1260 1282 58.000000
850 872 57.000000
1046 10903 57.000000
1332 1354 57.000000
1339 1340 57.000000
415 437 56.000000
1070 10888 56.000000
1086 1108 56.000000
1181 1182 56.000000
1254 1255 56.000000
1254 1275 56.000000
1255 1256 56.000000
1256 1257 56.000000
1257 1258 56.000000
1274 1275 56.000000
721 722 55.000000
722 723 55.000000
723 724 55.000000
1020 10341 55.000000
1020 10572 55.000000
1020 10611 55.000000
1069 10825 55.000000
1372 1394 55.000000
208 209 54.000000
435 457 54.000000
561 562 54.000000
836 837 54.000000
837 838 54.000000
1069 10725 54.000000
1179 1201 54.000000
54 76 53.000000
119 141 53.000000
737 738 53.000000
742 743 53.000000
743 744 53.000000
744 745 53.000000
828 850 53.000000
1483 1505 53.000000
121 122 52.000000
138 160 52.000000
209 210 52.000000
210 211 52.000000
211 212 52.000000
575 597 52.000000
590 591 52.000000
591 592 52.000000
1003 10298 52.000000
1003 10934 52.000000
1025 10299 52.000000
1025 10522 52.000000
1025 10539 52.000000
1047 10725 52.000000
1047 10810 52.000000
1068 1090 52.000000
1069 10808 52.000000
1070 10719 52.000000
1183 1205 52.000000
772 773 51.000000
854 855 51.000000
1280 1281 51.000000
1049 10975 50.000000
1071 1093 50.000000
1484 1506 50.000000
553 554 49.000000
1090 10969 49.000000
1221 1243 49.000000
1340 1362 49.000000
567 589 48.000000
1386 1387 48.000000
1386 1407 48.000000
1387 1388 48.000000
1405 1406 48.000000
1406 1407 48.000000
1420 1442 48.000000
252 274 47.000000
339 361 47.000000
383 405 47.000000
1369 1391 47.000000
10 1572 46.000000
349 371 46.000000
550 551 46.000000
551 552 46.000000
552 553 46.000000
741 742 46.000000
1065 10671 46.000000
550 571 45.000000
568 569 45.000000
569 570 45.000000
570 571 45.000000
1046 10726 45.000000
1065 10919 45.000000
1289 1311 45.000000
1395 1417 45.000000
1413 1435 45.000000
567 568 44.000000
1028 10658 44.000000
1046 10522 44.000000
1122 1123 44.000000
1122 1143 44.000000
1123 1124 44.000000
1124 1125 44.000000
1125 1126 44.000000
1126 1127 44.000000
1127 1128 44.000000
1141 1142 44.000000
1142 1143 44.000000
1312 1334 44.000000
389 411 43.000000
519 541 43.000000
838 839 43.000000
1025 10268 43.000000
1025 10298 43.000000
1025 10934 43.000000
1047 10745 43.000000
1090 1112 43.000000
1225 1247 43.000000
1433 1455 43.000000
650 651 42.000000
801 823 42.000000
910 911 42.000000
1026 10670 42.000000
1089 10965 42.000000
1258 1259 42.000000
1002 10565 41.000000
1002 10831 41.000000
1273 1274 41.000000
186 208 40.000000
345 367 40.000000
883 884 40.000000
884 885 40.000000
885 886 40.000000
886 887 40.000000
887 888 40.000000
911 933 40.000000
1042 1064 40.000000
1047 10890 40.000000
283 284 39.000000
888 889 39.000000
954 976 39.000000
1267 1289 39.000000
434 456 38.000000
523 545 38.000000
524 546 38.000000
589 590 38.000000
605 606 38.000000
1002 10028 38.000000
1002 10179 38.000000
1002 10568 38.000000
1002 10965 38.000000
1024 10407 38.000000
1024 10575 38.000000
1024 10788 38.000000
1070 10933 38.000000
572 593 37.000000
592 593 37.000000
663 685 37.000000
704 725 37.000000
715 716 37.000000
724 725 37.000000
868 890 37.000000
968 969 37.000000
968 989 37.000000
969 970 37.000000
985 986 37.000000
986 987 37.000000
987 988 37.000000
988 989 37.000000
1002 10788 37.000000
1022 10628 37.000000
1024 10386 37.000000
1024 10842 37.000000
1182 1183 37.000000
1298 1299 37.000000
1298 1319 37.000000
1299 1300 37.000000
1300 1301 37.000000
1301 1302 37.000000
1317 1318 37.000000
1318 1319 37.000000
368 390 36.000000
572 573 36.000000
573 574 36.000000
574 575 36.000000
970 971 36.000000
971 972 36.000000
972 973 36.000000
973 974 36.000000
974 975 36.000000
975 976 36.000000
1043 1065 36.000000
1049 10732 36.000000
1049 10916 36.000000
1091 1113 36.000000
100 10870 35.000000
606 607 35.000000
955 977 35.000000
1046 10539 35.000000
1046 10934 35.000000
1242 1264 35.000000
264 265 34.000000
264 285 34.000000
265 266 34.000000
266 267 34.000000
284 285 34.000000
801 802 34.000000
854 876 34.000000
1021 10284 34.000000
1021 10320 34.000000
1021 10479 34.000000
1021 10885 34.000000
1222 1244 34.000000
388 410 33.000000
880 881 33.000000
880 901 33.000000
881 882 33.000000
882 883 33.000000
893 915 33.000000
898 899 33.000000
899 900 33.000000
900 901 33.000000
1004 10670 33.000000
1005 10072 33.000000
1161 1183 33.000000
474 496 32.000000
830 852 32.000000
1021 10289 32.000000
1021 10683 32.000000
1069 10777 32.000000
1069 10810 32.000000
1155 1177 32.000000
1224 1246 32.000000
336 358 31.000000
1091 10933 31.000000
1280 1302 31.000000
49 71 30.000000
1068 10775 30.000000
1068 10783 30.000000
1068 10848 30.000000
1068 10902 30.000000
1068 10921 30.000000
1182 1204 30.000000
118 140 29.000000
401 423 29.000000
459 481 29.000000
501 523 29.000000
898 920 29.000000
1004 1026 29.000000
1021 10338 29.000000
1064 10710 29.000000
1286 1308 29.000000
758 759 28.000000
1021 10551 28.000000
1048 1070 28.000000
1151 1173 28.000000
1367 1389 28.000000
452 474 27.000000
742 764 27.000000
751 752 27.000000
902 903 27.000000
903 904 27.000000
940 962 27.000000
1021 10684 27.000000
1063 10655 27.000000
1068 10718 27.000000
1068 10965 27.000000
1160 1182 27.000000
1269 1291 27.000000
1304 1326 27.000000
1353 1375 27.000000
50 72 26.000000
100 10911 26.000000
284 306 26.000000
436 458 26.000000
629 630 26.000000
823 845 26.000000
839 840 26.000000
840 841 26.000000
841 842 26.000000
842 843 26.000000
852 874 26.000000
861 883 26.000000
1063 10884 26.000000
1065 10706 26.000000
27 49 25.000000
704 705 25.000000
705 706 25.000000
706 707 25.000000
707 729 25.000000
902 923 25.000000
920 921 25.000000
921 922 25.000000
922 923 25.000000
1065 11000 25.000000
1090 10949 25.000000
1412 1434 25.000000
393 415 24.000000
453 475 24.000000
692 693 24.000000
933 955 24.000000
1069 10745 24.000000
1180 1202 24.000000
1527 1549 24.000000
5 6 23.000000
314 336 23.000000
894 916 23.000000
1020 10710 23.000000
1048 10888 23.000000
1553 1575 23.000000
1021 10278 22.000000
1020 10226 21.000000
1049 10631 21.000000
100 10566 20.000000
100 10591 20.000000
100 10767 20.000000
100 10963 20.000000
207 229 20.000000
208 230 20.000000
890 912 20.000000
1021 10264 20.000000
1021 10671 20.000000
1064 10771 20.000000
1065 10684 20.000000
240 262 19.000000
577 578 19.000000
578 579 19.000000
579 580 19.000000
580 581 19.000000
581 582 19.000000
582 583 19.000000
583 584 19.000000
839 861 19.000000
1021 10919 19.000000
1043 11000 19.000000
1046 10484 19.000000
1046 10565 19.000000
1046 10831 19.000000
1320 1321 19.000000
1320 1341 19.000000
1321 1322 19.000000
1322 1323 19.000000
1340 1341 19.000000
1373 1395 19.000000
100 10794 18.000000
100 10826 18.000000
553 575 18.000000
721 743 18.000000
743 765 18.000000
779 780 18.000000
1065 10792 18.000000
1065 10833 18.000000
1068 10788 18.000000
1068 10842 18.000000
1086 10919 18.000000
1183 1184 18.000000
1184 1185 18.000000
1194 1216 18.000000
1329 1351 18.000000
4 5 17.000000
220 221 17.000000
220 241 17.000000
221 222 17.000000
222 223 17.000000
240 241 17.000000
726 727 17.000000
727 728 17.000000
1268 1290 17.000000
402 424 16.000000
660 661 16.000000
660 681 16.000000
661 662 16.000000
662 663 16.000000
680 681 16.000000
726 747 16.000000
745 746 16.000000
746 747 16.000000
875 897 16.000000
1068 10831 16.000000
1356 1378 16.000000
1496 1497 16.000000
1496 1517 16.000000
1497 1498 16.000000
1510 1511 16.000000
1511 1512 16.000000
1512 1513 16.000000
1513 1514 16.000000
1514 1515 16.000000
1515 1516 16.000000
1516 1517 16.000000
531 553 15.000000
592 614 15.000000
614 636 15.000000
682 683 15.000000
683 684 15.000000
1043 10525 15.000000
1043 10792 15.000000
1043 10833 15.000000
1070 10765 15.000000
1186 1208 15.000000
1274 1296 15.000000
1354 1376 15.000000
187 188 14.000000
188 189 14.000000
189 190 14.000000
190 191 14.000000
869 891 14.000000
1042 10440 14.000000
1042 10479 14.000000
1042 10636 14.000000
1042 10683 14.000000
1042 10791 14.000000
1042 10807 14.000000
1265 1287 14.000000
1454 1455 14.000000
136 137 13.000000
447 469 13.000000
698 699 13.000000
699 700 13.000000
700 701 13.000000
824 846 13.000000
832 854 13.000000
962 984 13.000000
1006 10658 13.000000
1166 1167 13.000000
1166 1187 13.000000
1167 1168 13.000000
1168 1169 13.000000
1169 1170 13.000000
1170 1171 13.000000
1171 1172 13.000000
1186 1187 13.000000
1323 1324 13.000000
1345 1367 13.000000
343 365 12.000000
348 370 12.000000
391 413 12.000000
682 704 12.000000
728 729 12.000000
3 4 11.000000
34 35 11.000000
323 345 11.000000
698 720 11.000000
770 792 11.000000
1048 10765 11.000000
1296 1318 11.000000
1318 1340 11.000000
135 157 10.000000
185 207 10.000000
423 445 10.000000
575 576 10.000000
576 577 10.000000
694 695 10.000000
695 696 10.000000
696 697 10.000000
697 698 10.000000
1020 10545 10.000000
1027 10888 10.000000
1042 10437 10.000000
1042 10647 10.000000
1042 10710 10.000000
1047 10587 10.000000
1071 10805 10.000000
1090 10903 10.000000
1090 10934 10.000000
1090 10946 10.000000
563 585 9.000000
1047 10825 9.000000
1065 10897 9.000000
1133 1155 9.000000
1163 1164 9.000000
1164 1186 9.000000
1474 1475 9.000000
1474 1495 9.000000
1475 1476 9.000000
1488 1489 9.000000
1489 1490 9.000000
1490 1491 9.000000
1491 1492 9.000000
1492 1493 9.000000
1493 1494 9.000000
1494 1495 9.000000
179 180 8.000000
286 308 8.000000
300 322 8.000000
371 393 8.000000
467 489 8.000000
641 642 8.000000
642 643 8.000000
643 644 8.000000
644 645 8.000000
645 646 8.000000
646 647 8.000000
647 648 8.000000
648 649 8.000000
676 698 8.000000
748 769 8.000000
767 768 8.000000
768 769 8.000000
789 811 8.000000
1111 1133 8.000000
1226 1248 8.000000
1323 1345 8.000000
1459 1481 8.000000
135 136 7.000000
136 158 7.000000
685 707 7.000000
748 749 7.000000
749 750 7.000000
750 751 7.000000
755 777 7.000000
1021 1043 7.000000
1046 10568 7.000000
1185 1186 7.000000
1330 1352 7.000000
1417 1439 7.000000
1545 1567 7.000000
252 253 6.000000
253 254 6.000000
254 255 6.000000
255 256 6.000000
256 257 6.000000
257 258 6.000000
258 259 6.000000
259 260 6.000000
260 261 6.000000
261 262 6.000000
296 318 6.000000
594 595 6.000000
594 615 6.000000
595 596 6.000000
596 597 6.000000
611 612 6.000000
612 613 6.000000
613 614 6.000000
614 615 6.000000
766 788 6.000000
786 808 6.000000
788 810 6.000000
814 836 6.000000
845 867 6.000000
1020 1042 6.000000
1020 10285 6.000000
1049 10805 6.000000
1452 1453 6.000000
1452 1473 6.000000
1453 1454 6.000000
1471 1472 6.000000
1472 1473 6.000000
1543 1565 6.000000
1544 1566 6.000000
2 3 5.000000
165 166 5.000000
166 167 5.000000
167 168 5.000000
168 169 5.000000
413 435 5.000000
729 751 5.000000
1063 10773 5.000000
1063 10945 5.000000
1199 1221 5.000000
1542 1564 5.000000
248 270 4.000000
403 425 4.000000
542 564 4.000000
738 760 4.000000
861 862 4.000000
862 863 4.000000
863 864 4.000000
864 865 4.000000
865 866 4.000000
946 947 4.000000
946 967 4.000000
947 948 4.000000
963 964 4.000000
964 965 4.000000
965 966 4.000000
966 967 4.000000
1063 10688 4.000000
1063 10854 4.000000
1063 10962 4.000000
1064 1086 4.000000
1137 1159 4.000000
1193 1215 4.000000
1263 1285 4.000000
1270 1292 4.000000
1271 1293 4.000000
1324 1325 4.000000
1418 1440 4.000000
76 98 3.000000
113 114 3.000000
113 135 3.000000
191 192 3.000000
192 193 3.000000
193 194 3.000000
194 195 3.000000
226 248 3.000000
616 617 3.000000
616 637 3.000000
617 618 3.000000
618 619 3.000000
619 641 3.000000
636 637 3.000000
641 663 3.000000
682 703 3.000000
701 702 3.000000
702 703 3.000000
858 859 3.000000
858 879 3.000000
859 860 3.000000
860 861 3.000000
874 896 3.000000
876 877 3.000000
877 878 3.000000
878 879 3.000000
918 940 3.000000
932 954 3.000000
976 998 3.000000
1043 10897 3.000000
1071 1072 3.000000
1072 1094 3.000000
1094 1116 3.000000
1178 1200 3.000000
1399 1421 3.000000
100 10295 2.000000
179 201 2.000000
195 217 2.000000
217 239 2.000000
239 261 2.000000
261 283 2.000000
392 414 2.000000
554 555 2.000000
781 803 2.000000
866 867 2.000000
902 924 2.000000
924 945 2.000000
942 943 2.000000
943 944 2.000000
944 945 2.000000
1063 1085 2.000000
1181 1203 2.000000
1215 1237 2.000000
1228 1250 2.000000
1241 1263 2.000000
1279 1301 2.000000
1301 1323 2.000000
1324 1346 2.000000
1520 1542 2.000000
11 1573 1.000000
75 97 1.000000
78 79 1.000000
79 80 1.000000
80 81 1.000000
100 10328 1.000000
114 115 1.000000
114 136 1.000000
154 155 1.000000
154 175 1.000000
155 156 1.000000
156 157 1.000000
169 170 1.000000
170 171 1.000000
171 172 1.000000
172 173 1.000000
173 174 1.000000
174 175 1.000000
195 196 1.000000
196 218 1.000000
218 240 1.000000
231 232 1.000000
232 233 1.000000
233 234 1.000000
234 235 1.000000
235 236 1.000000
236 237 1.000000
237 238 1.000000
238 239 1.000000
239 240 1.000000
487 509 1.000000
509 531 1.000000
550 572 1.000000
654 655 1.000000
655 656 1.000000
656 657 1.000000
657 658 1.000000
726 748 1.000000
849 871 1.000000
871 893 1.000000
888 910 1.000000
963 985 1.000000
1041 1063 1.000000
1138 1160 1.000000
1177 1199 1.000000
1411 1433 1.000000
1498 1499 1.000000
