365 366 16670.000000
366 367 16670.000000
367 368 16670.000000
408 409 16422.000000
409 410 16422.000000
410 411 16422.000000
411 412 16422.000000
12 13 14018.000000
1380 1381 13856.000000
364 365 13754.000000
1336 1337 13632.000000
10 11 11243.000000
11 12 11033.000000
368 369 10759.000000
412 413 10337.000000
407 408 10226.000000
1337 1338 10199.000000
1379 1380 9673.000000
386 387 9667.000000
387 388 9667.000000
388 389 9667.000000
389 390 9667.000000
1161 1162 9435.000000
275 276 9397.000000
1160 1161 9347.000000
1204 1205 9239.000000
1205 1206 8953.000000
1401 1402 8923.000000
1378 1379 8757.000000
231 232 8750.000000
413 414 8707.000000
1025 1026 8500.000000
1026 1027 8500.000000
500 501 8436.000000
1335 1336 8367.000000
1424 1425 8361.000000
1117 1118 8099.000000
1377 1378 7817.000000
1226 1227 7711.000000
1402 1403 7686.000000
1400 1401 7618.000000
1440 1441 7445.000000
1249 1250 7393.000000
1422 1423 7380.000000
385 386 7373.000000
1445 1446 7348.000000
1396 1397 7298.000000
1358 1359 7282.000000
1441 1442 7276.000000
1438 1439 7202.000000
274 275 7181.000000
1159 1160 7166.000000
1182 1183 7141.000000
1423 1424 6946.000000
1116 1117 6929.000000
1439 1440 6824.000000
1444 1445 6787.000000
369 370 6682.000000
1397 1398 6672.000000
1225 1226 6619.000000
1203 1204 6607.000000
1181 1182 6560.000000
1443 1444 6481.000000
1394 1395 6412.000000
1395 1396 6412.000000
1421 1422 6349.000000
1399 1400 6296.000000
1118 1119 6200.000000
1248 1249 6192.000000
1003 1004 6168.000000
1004 1005 6168.000000
1314 1315 6137.000000
1115 1116 6087.000000
56 57 6045.000000
1334 1335 6011.000000
209 210 5968.000000
13 14 5959.000000
1250 1251 5926.000000
368 390 5919.000000
1024 1025 5891.000000
1002 1003 5871.000000
1027 1028 5852.000000
14 15 5736.000000
1442 1443 5729.000000
1398 1399 5687.000000
1381 1382 5602.000000
1356 1357 5581.000000
1357 1358 5522.000000
1437 1438 5499.000000
1046 1047 5494.000000
1047 1048 5494.000000
1048 1049 5494.000000
363 364 5439.000000
1090 1091 5244.000000
1091 1092 5244.000000
1246 1247 5215.000000
501 502 5052.000000
414 415 5029.000000
1023 1024 4954.000000
390 391 4889.000000
1183 1184 4872.000000
1072 1073 4845.000000
452 453 4809.000000
453 454 4809.000000
454 455 4809.000000
455 456 4809.000000
1247 1248 4809.000000
1001 1002 4694.000000
1393 1394 4689.000000
318 319 4650.000000
1227 1228 4627.000000
1376 1377 4573.000000
1089 1090 4527.000000
77 78 4517.000000
319 320 4500.000000
1355 1356 4482.000000
1224 1225 4424.000000
1373 1374 4423.000000
1028 1029 4415.000000
587 588 4408.000000
1293 1294 4356.000000
1313 1314 4354.000000
57 58 4273.000000
1180 1181 4273.000000
1463 1464 4168.000000
1207 1208 4056.000000
391 392 4042.000000
1374 1375 4019.000000
1375 1376 4019.000000
1462 1463 3997.000000
1092 1093 3991.000000
1093 1094 3957.000000
1112 1113 3952.000000
1113 1114 3952.000000
1114 1115 3952.000000
1068 1069 3950.000000
1069 1070 3950.000000
1070 1071 3950.000000
810 811 3946.000000
456 457 3941.000000
981 982 3871.000000
982 983 3871.000000
1291 1292 3834.000000
1467 1468 3826.000000
1198 1199 3808.000000
1199 1200 3808.000000
1200 1201 3808.000000
1201 1202 3808.000000
142 143 3796.000000
983 984 3790.000000
1420 1421 3787.000000
1466 1467 3781.000000
1162 1163 3775.000000
1292 1293 3760.000000
807 808 3715.000000
808 809 3715.000000
1290 1291 3714.000000
143 144 3672.000000
1206 1207 3628.000000
1464 1465 3596.000000
1528 1529 3558.000000
1312 1313 3557.000000
430 431 3554.000000
431 432 3554.000000
432 433 3554.000000
433 434 3554.000000
1311 1312 3534.000000
809 810 3521.000000
252 253 3486.000000
121 122 3479.000000
451 452 3477.000000
76 77 3474.000000
1315 1316 3470.000000
319 341 3452.000000
1465 1466 3426.000000
98 99 3413.000000
1006 1007 3371.000000
230 231 3368.000000
1487 1488 3366.000000
1460 1461 3357.000000
502 503 3352.000000
1489 1490 3347.000000
1488 1489 3341.000000
253 254 3333.000000
1202 1203 3332.000000
276 277 3313.000000
1550 1551 3283.000000
458 459 3277.000000
228 229 3265.000000
1333 1334 3264.000000
55 56 3243.000000
1228 1229 3209.000000
1551 1552 3174.000000
187 188 3168.000000
1251 1252 3154.000000
457 458 3150.000000
1071 1072 3134.000000
229 230 3120.000000
1417 1418 3108.000000
1045 1046 3089.000000
120 121 3083.000000
1529 1530 3079.000000
1088 1089 3073.000000
1139 1140 3073.000000
875 876 3012.000000
1527 1528 3011.000000
1269 1270 3010.000000
1137 1138 2972.000000
406 407 2958.000000
1418 1419 2957.000000
341 342 2948.000000
1138 1139 2948.000000
370 392 2940.000000
227 228 2885.000000
340 341 2882.000000
118 119 2877.000000
1461 1462 2865.000000
1419 1420 2814.000000
1530 1531 2784.000000
119 120 2775.000000
184 185 2773.000000
1532 1533 2734.000000
1531 1532 2731.000000
1468 1469 2725.000000
1220 1221 2709.000000
1221 1222 2709.000000
1222 1223 2709.000000
210 211 2707.000000
33 34 2704.000000
811 812 2698.000000
1354 1355 2677.000000
588 589 2666.000000
342 343 2627.000000
343 344 2627.000000
344 345 2627.000000
345 346 2627.000000
346 347 2619.000000
1337 1359 2599.000000
1007 1008 2592.000000
34 35 2565.000000
1416 1417 2563.000000
276 298 2549.000000
1270 1271 2545.000000
1161 1183 2542.000000
1094 1095 2515.000000
185 186 2514.000000
434 435 2499.000000
1005 1006 2479.000000
1486 1487 2476.000000
1572 1573 2475.000000
141 142 2471.000000
1571 1572 2469.000000
370 371 2460.000000
58 59 2434.000000
544 545 2420.000000
232 233 2404.000000
471 472 2382.000000
1484 1485 2377.000000
1506 1507 2375.000000
1294 1316 2360.000000
75 76 2342.000000
384 385 2328.000000
35 36 2310.000000
1155 1156 2300.000000
1156 1157 2300.000000
1157 1158 2300.000000
957 958 2292.000000
1459 1460 2279.000000
415 416 2257.000000
186 187 2244.000000
97 98 2204.000000
1372 1373 2190.000000
429 430 2188.000000
1507 1508 2176.000000
54 55 2160.000000
980 981 2153.000000
144 145 2144.000000
1049 1050 2141.000000
1176 1177 2135.000000
1177 1178 2135.000000
1178 1179 2135.000000
1179 1180 2135.000000
1242 1243 2122.000000
1243 1244 2122.000000
1050 1051 2120.000000
1073 1074 2114.000000
1067 1068 2112.000000
362 363 2111.000000
1244 1245 2108.000000
1511 1512 2102.000000
1510 1511 2097.000000
320 321 2084.000000
1118 1140 2083.000000
383 384 2070.000000
938 939 2067.000000
939 940 2066.000000
427 428 2046.000000
470 471 2045.000000
1485 1486 2033.000000
1158 1159 2023.000000
919 920 1993.000000
100 101 1990.000000
872 873 1984.000000
873 874 1984.000000
449 450 1983.000000
1245 1246 1971.000000
162 163 1967.000000
188 210 1960.000000
1268 1269 1956.000000
543 544 1944.000000
1508 1509 1932.000000
1111 1112 1924.000000
853 854 1921.000000
854 855 1921.000000
984 985 1900.000000
1219 1220 1899.000000
74 75 1875.000000
435 436 1839.000000
341 363 1838.000000
53 54 1835.000000
1575 1576 1833.000000
392 393 1829.000000
1574 1575 1826.000000
1576 1577 1824.000000
1154 1155 1811.000000
1381 1403 1801.000000
393 394 1790.000000
1294 1295 1774.000000
1338 1339 1760.000000
937 938 1754.000000
874 875 1749.000000
1359 1360 1745.000000
371 372 1738.000000
1351 1352 1729.000000
1352 1353 1729.000000
1353 1354 1728.000000
428 429 1726.000000
163 164 1724.000000
15 16 1711.000000
1415 1416 1689.000000
208 209 1685.000000
959 960 1681.000000
960 961 1681.000000
961 962 1681.000000
1316 1317 1674.000000
1509 1510 1674.000000
1573 1574 1660.000000
1552 1553 1657.000000
161 162 1654.000000
321 322 1636.000000
322 323 1636.000000
323 324 1636.000000
324 325 1636.000000
460 461 1622.000000
963 964 1622.000000
275 297 1577.000000
1029 1030 1571.000000
122 123 1563.000000
436 437 1562.000000
1329 1330 1556.000000
501 523 1554.000000
1330 1331 1554.000000
78 79 1546.000000
1350 1351 1538.000000
415 437 1526.000000
1331 1332 1523.000000
1483 1484 1522.000000
183 184 1509.000000
450 451 1500.000000
317 318 1495.000000
405 406 1495.000000
1293 1315 1488.000000
394 395 1487.000000
920 921 1480.000000
372 373 1479.000000
1285 1286 1475.000000
1286 1287 1475.000000
1287 1288 1473.000000
1553 1554 1470.000000
145 146 1462.000000
915 916 1462.000000
916 917 1462.000000
917 918 1462.000000
32 33 1425.000000
1271 1272 1424.000000
1229 1230 1422.000000
416 417 1421.000000
545 546 1417.000000
876 877 1404.000000
958 959 1402.000000
767 768 1397.000000
325 347 1393.000000
1223 1224 1383.000000
297 298 1360.000000
1554 1555 1359.000000
1206 1228 1352.000000
1288 1289 1351.000000
1446 1447 1349.000000
481 482 1348.000000
1332 1333 1341.000000
985 986 1340.000000
143 165 1323.000000
296 297 1316.000000
1503 1504 1314.000000
1504 1505 1314.000000
763 764 1306.000000
764 765 1306.000000
765 766 1306.000000
962 963 1299.000000
482 483 1296.000000
459 460 1295.000000
1028 10280 1292.000000
1533 1534 1289.000000
523 524 1288.000000
1044 1045 1283.000000
768 769 1282.000000
140 141 1277.000000
547 548 1259.000000
766 767 1258.000000
1328 1329 1258.000000
31 32 1226.000000
964 965 1222.000000
1005 10225 1220.000000
164 165 1210.000000
232 254 1207.000000
494 495 1201.000000
1050 10694 1201.000000
1289 1290 1197.000000
877 878 1189.000000
298 320 1188.000000
36 37 1183.000000
918 919 1180.000000
1133 1134 1175.000000
1134 1135 1175.000000
1135 1136 1175.000000
1162 1184 1170.000000
473 474 1169.000000
474 475 1169.000000
475 476 1169.000000
476 477 1169.000000
1208 1209 1169.000000
979 980 1167.000000
79 80 1164.000000
206 207 1148.000000
207 208 1142.000000
495 496 1120.000000
496 497 1120.000000
497 498 1120.000000
498 499 1120.000000
369 391 1115.000000
440 461 1105.000000
1110 1111 1095.000000
472 473 1094.000000
1349 1350 1092.000000
1392 1393 1084.000000
855 856 1079.000000
1119 1141 1076.000000
1360 1361 1049.000000
748 769 1043.000000
546 547 1010.000000
1284 1285 1009.000000
1361 1362 990.000000
1362 1363 990.000000
101 10118 985.000000
418 419 985.000000
419 420 985.000000
420 421 985.000000
421 422 985.000000
422 423 985.000000
423 424 985.000000
424 425 985.000000
425 426 985.000000
1505 1527 979.000000
1051 1052 972.000000
1436 1437 968.000000
188 189 967.000000
1140 1141 961.000000
986 987 960.000000
1371 1372 957.000000
500 522 956.000000
849 850 953.000000
850 851 953.000000
851 852 953.000000
852 853 953.000000
499 500 948.000000
477 478 945.000000
298 299 940.000000
1136 1137 940.000000
101 102 935.000000
480 481 924.000000
374 395 923.000000
1001 1023 914.000000
1295 1317 914.000000
936 937 911.000000
525 526 910.000000
396 417 908.000000
1163 1164 908.000000
459 481 902.000000
831 832 894.000000
352 373 891.000000
1295 1296 891.000000
892 893 885.000000
631 632 883.000000
894 895 882.000000
895 896 882.000000
1555 1556 870.000000
893 894 869.000000
941 942 862.000000
942 943 862.000000
1382 1383 858.000000
871 872 857.000000
205 206 856.000000
1208 1230 854.000000
1006 10270 847.000000
1502 1503 844.000000
478 479 841.000000
1132 1133 833.000000
1029 1051 812.000000
548 549 794.000000
251 252 792.000000
437 438 792.000000
1175 1176 786.000000
274 296 779.000000
320 342 779.000000
1272 1273 778.000000
287 288 777.000000
288 289 777.000000
289 290 777.000000
290 291 777.000000
720 721 773.000000
721 722 773.000000
165 166 764.000000
914 915 763.000000
943 944 759.000000
479 480 757.000000
413 435 754.000000
249 250 750.000000
250 251 750.000000
1481 1482 750.000000
1482 1483 750.000000
1006 10399 735.000000
100 10199 730.000000
503 504 727.000000
426 427 721.000000
1073 1095 717.000000
921 922 713.000000
722 723 712.000000
767 789 706.000000
896 897 704.000000
309 310 701.000000
310 311 701.000000
311 312 701.000000
312 313 701.000000
313 314 701.000000
314 315 701.000000
315 316 701.000000
316 317 701.000000
524 525 700.000000
1197 1198 697.000000
832 833 695.000000
297 319 693.000000
812 813 693.000000
10 10376 690.000000
383 405 687.000000
827 828 686.000000
493 494 671.000000
1348 1349 666.000000
204 205 665.000000
1267 1268 664.000000
353 354 661.000000
354 355 661.000000
355 356 661.000000
356 357 661.000000
357 358 661.000000
358 359 661.000000
359 360 661.000000
360 361 661.000000
1002 10095 657.000000
1263 1264 657.000000
1264 1265 657.000000
1265 1266 657.000000
833 834 653.000000
361 362 652.000000
102 10345 650.000000
1403 1404 649.000000
243 244 646.000000
244 245 646.000000
245 246 646.000000
246 247 646.000000
271 272 646.000000
272 273 646.000000
273 274 646.000000
1266 1267 637.000000
254 276 636.000000
826 827 635.000000
270 271 632.000000
526 527 628.000000
1024 10710 623.000000
897 898 618.000000
898 899 618.000000
318 340 617.000000
1008 10128 608.000000
438 439 607.000000
588 610 605.000000
834 835 605.000000
567 568 603.000000
940 941 597.000000
252 274 592.000000
806 807 590.000000
10 10690 587.000000
1188 1209 587.000000
248 249 576.000000
1001 10341 573.000000
652 653 567.000000
166 167 553.000000
254 255 552.000000
10 10705 550.000000
568 569 550.000000
1528 1550 547.000000
522 523 543.000000
504 505 540.000000
792 813 539.000000
123 124 538.000000
1252 1274 531.000000
1364 1365 526.000000
1007 10109 519.000000
589 590 517.000000
856 857 517.000000
548 570 515.000000
1262 1263 514.000000
339 340 512.000000
1006 10070 512.000000
448 449 502.000000
291 292 501.000000
292 293 501.000000
293 294 501.000000
294 295 501.000000
118 140 497.000000
1030 10631 497.000000
828 829 494.000000
829 830 494.000000
830 831 494.000000
1461 1483 492.000000
347 348 475.000000
1241 1242 475.000000
265 266 472.000000
266 267 472.000000
267 268 472.000000
268 269 472.000000
269 270 472.000000
1029 10585 471.000000
1218 1219 469.000000
363 385 468.000000
1342 1343 468.000000
1006 10298 466.000000
1144 1165 466.000000
1164 1165 466.000000
427 449 464.000000
812 834 464.000000
1023 10549 464.000000
247 248 460.000000
414 436 449.000000
1006 10429 448.000000
870 871 447.000000
1164 1186 444.000000
189 190 440.000000
1425 1447 439.000000
1320 1341 438.000000
1339 1340 438.000000
1340 1341 438.000000
1001 10084 437.000000
1364 1385 434.000000
1383 1384 434.000000
1384 1385 434.000000
418 439 433.000000
330 351 427.000000
461 483 427.000000
1273 1274 427.000000
440 441 423.000000
441 442 423.000000
442 443 423.000000
443 444 423.000000
444 445 423.000000
445 446 423.000000
446 447 423.000000
447 448 423.000000
1176 1198 422.000000
899 900 420.000000
1005 10361 417.000000
1276 1297 411.000000
1296 1297 411.000000
1023 10261 408.000000
1023 10773 408.000000
147 148 407.000000
148 149 407.000000
149 150 407.000000
1008 10145 407.000000
1374 1396 406.000000
119 141 405.000000
349 350 405.000000
350 351 405.000000
962 984 403.000000
1545 1546 395.000000
1184 1185 394.000000
1185 1186 394.000000
811 833 393.000000
1023 10422 392.000000
100 10985 391.000000
418 440 389.000000
1404 1405 389.000000
1405 1406 389.000000
1406 1407 389.000000
940 962 387.000000
1052 10658 386.000000
348 349 384.000000
1365 1366 380.000000
1366 1367 380.000000
1367 1368 380.000000
1368 1369 380.000000
1369 1370 380.000000
1546 1547 380.000000
373 395 379.000000
1002 10628 373.000000
515 516 371.000000
516 517 371.000000
517 518 371.000000
518 519 371.000000
519 520 371.000000
520 521 371.000000
1468 1490 371.000000
457 479 369.000000
1547 1548 369.000000
100 10081 366.000000
1548 1549 365.000000
521 522 359.000000
471 493 358.000000
1414 1415 358.000000
1462 1484 358.000000
1023 10370 355.000000
449 471 353.000000
1298 1319 350.000000
1317 1318 350.000000
1318 1319 350.000000
1342 1363 350.000000
374 375 349.000000
375 376 349.000000
376 377 349.000000
377 378 349.000000
378 379 349.000000
379 380 349.000000
380 381 349.000000
381 382 349.000000
382 383 349.000000
1505 1506 347.000000
1310 1311 345.000000
759 760 344.000000
760 761 344.000000
1232 1253 344.000000
1458 1459 344.000000
1023 10480 341.000000
1029 10760 341.000000
30 31 339.000000
364 386 339.000000
523 545 339.000000
1247 1269 338.000000
393 415 337.000000
768 790 337.000000
1254 1275 336.000000
1274 1275 336.000000
567 589 334.000000
1001 10543 333.000000
1023 10854 333.000000
1023 10945 333.000000
1023 10962 333.000000
1025 10355 333.000000
1232 1233 332.000000
1512 1513 332.000000
1549 1550 329.000000
1484 1506 328.000000
1343 1344 326.000000
1344 1345 326.000000
1345 1346 326.000000
1346 1347 326.000000
1347 1348 326.000000
1001 10579 325.000000
1001 10588 325.000000
1007 10138 322.000000
1066 1067 322.000000
1252 1253 320.000000
1002 10156 317.000000
331 332 316.000000
332 333 316.000000
333 334 316.000000
334 335 316.000000
335 336 316.000000
336 337 316.000000
337 338 316.000000
338 339 316.000000
1145 1167 316.000000
569 570 312.000000
1338 1360 312.000000
230 252 310.000000
1023 10978 310.000000
160 161 306.000000
484 485 306.000000
485 486 306.000000
486 487 306.000000
487 488 306.000000
488 489 306.000000
489 490 306.000000
490 491 306.000000
491 492 303.000000
1028 10951 298.000000
1144 1145 298.000000
1188 1189 298.000000
544 566 297.000000
1003 10628 297.000000
15 1577 296.000000
186 208 294.000000
1001 10226 294.000000
437 459 292.000000
1354 1376 291.000000
789 790 290.000000
33 55 289.000000
1006 10136 289.000000
1072 1094 288.000000
1440 1462 287.000000
723 745 284.000000
1006 10704 284.000000
1028 10450 282.000000
1050 10719 282.000000
102 103 281.000000
1050 10587 281.000000
165 187 278.000000
1002 10791 278.000000
1005 10386 278.000000
805 806 277.000000
1007 10604 276.000000
1007 10817 276.000000
1007 10861 276.000000
1001 10537 275.000000
1029 10825 275.000000
1210 1231 275.000000
1230 1231 275.000000
1044 10562 274.000000
1024 10636 272.000000
1073 10892 272.000000
566 567 269.000000
372 394 267.000000
1002 10210 267.000000
286 307 266.000000
299 300 266.000000
300 301 266.000000
301 302 266.000000
302 303 266.000000
303 304 266.000000
304 305 266.000000
305 306 266.000000
306 307 266.000000
75 97 264.000000
448 470 264.000000
1480 1481 264.000000
1024 10647 263.000000
1028 10825 261.000000
1005 10640 255.000000
1023 10353 254.000000
1023 10884 254.000000
1095 10971 254.000000
1464 1486 253.000000
1025 10394 252.000000
1023 10655 251.000000
762 763 249.000000
1028 10624 249.000000
514 515 247.000000
1443 1465 246.000000
1005 10842 245.000000
1006 10171 245.000000
1073 10781 245.000000
458 480 244.000000
96 97 243.000000
253 275 243.000000
325 326 243.000000
1029 10395 243.000000
1025 10525 242.000000
1025 10538 242.000000
1025 10792 242.000000
1025 10833 242.000000
1025 10897 242.000000
1025 11000 242.000000
187 209 241.000000
10 32 240.000000
1379 1401 240.000000
1386 1407 239.000000
1001 10063 237.000000
481 503 236.000000
1240 1241 236.000000
287 309 235.000000
1028 10703 235.000000
371 393 234.000000
1028 10969 234.000000
1028 10848 233.000000
1028 10902 233.000000
1028 10921 233.000000
723 724 232.000000
1007 10445 231.000000
1068 10807 231.000000
1068 10814 231.000000
1028 10726 230.000000
1051 10567 229.000000
167 168 228.000000
121 143 227.000000
1002 10440 227.000000
161 183 224.000000
590 591 224.000000
591 592 224.000000
809 831 224.000000
231 253 223.000000
243 265 223.000000
492 493 223.000000
479 501 222.000000
1000 1001 222.000000
1002 10425 221.000000
1166 1187 221.000000
1002 10284 220.000000
1001 10285 219.000000
1051 10744 219.000000
1186 1187 219.000000
11 33 218.000000
385 407 218.000000
875 897 218.000000
565 566 216.000000
1006 1028 216.000000
1072 10811 216.000000
1072 10955 216.000000
1024 10437 214.000000
1327 1328 214.000000
384 406 213.000000
1002 10479 212.000000
1024 10300 209.000000
676 677 208.000000
677 678 208.000000
678 679 208.000000
878 879 207.000000
277 299 206.000000
462 463 206.000000
463 464 206.000000
464 465 206.000000
465 466 206.000000
466 467 206.000000
467 468 206.000000
468 469 206.000000
469 470 206.000000
1008 10569 206.000000
1008 10732 206.000000
1008 10975 206.000000
755 756 205.000000
756 757 205.000000
757 758 205.000000
758 759 205.000000
1044 10570 205.000000
1044 10688 205.000000
1046 10551 205.000000
1046 10684 205.000000
1072 10721 203.000000
1490 1491 203.000000
428 450 201.000000
856 878 200.000000
1028 10357 200.000000
1045 10741 200.000000
1028 10946 199.000000
1028 10949 199.000000
1044 10768 199.000000
1442 1464 199.000000
770 771 198.000000
771 772 198.000000
772 773 198.000000
773 774 198.000000
774 775 198.000000
813 835 198.000000
1044 10507 197.000000
1007 10670 195.000000
1029 10384 195.000000
55 77 194.000000
1469 1491 194.000000
1023 10771 193.000000
1067 10757 193.000000
502 524 191.000000
1001 10572 191.000000
1046 10919 191.000000
1351 1373 191.000000
1050 10645 190.000000
1166 1167 190.000000
1549 1571 190.000000
1001 10547 189.000000
1028 10568 189.000000
1508 1530 188.000000
209 231 187.000000
462 483 187.000000
396 418 185.000000
1050 10933 185.000000
1002 10338 184.000000
1023 10341 184.000000
1029 10719 184.000000
233 255 182.000000
679 680 182.000000
1001 10771 182.000000
1007 10765 182.000000
1049 10640 182.000000
229 251 181.000000
944 945 181.000000
1002 10038 181.000000
1008 10916 181.000000
1046 10482 181.000000
1046 10671 181.000000
100 10271 179.000000
226 227 179.000000
660 661 179.000000
660 681 179.000000
680 681 179.000000
1006 10745 179.000000
1220 1242 179.000000
1291 1313 179.000000
896 918 178.000000
1049 10842 178.000000
1250 1272 177.000000
101 10917 176.000000
1008 10092 176.000000
417 439 175.000000
824 825 175.000000
825 826 175.000000
1008 10266 175.000000
1008 10805 175.000000
1045 10545 175.000000
1073 10922 175.000000
915 937 174.000000
1350 1372 171.000000
719 720 170.000000
1002 10683 170.000000
848 849 169.000000
1052 10672 169.000000
296 318 168.000000
959 981 168.000000
1029 10839 168.000000
480 502 167.000000
1002 10289 167.000000
1023 10548 167.000000
1052 10698 167.000000
1072 10903 167.000000
434 456 166.000000
460 482 166.000000
326 327 165.000000
1001 10611 165.000000
1006 10331 165.000000
1006 10816 165.000000
1030 1031 164.000000
1031 10658 164.000000
1002 10320 163.000000
1122 1143 163.000000
1141 1142 163.000000
1142 1143 163.000000
308 329 162.000000
327 328 162.000000
328 329 162.000000
76 98 161.000000
1095 1096 160.000000
1523 1524 160.000000
1524 1525 160.000000
1525 1526 160.000000
1526 1527 160.000000
770 791 159.000000
790 791 159.000000
1030 10928 158.000000
484 505 156.000000
1007 10888 156.000000
1288 1310 156.000000
537 538 155.000000
538 539 155.000000
539 540 155.000000
540 541 155.000000
541 542 155.000000
542 543 155.000000
1008 1009 155.000000
1203 1225 155.000000
308 309 154.000000
396 397 154.000000
397 398 154.000000
398 399 154.000000
399 400 154.000000
400 401 154.000000
401 402 154.000000
402 403 154.000000
403 404 154.000000
1159 1181 154.000000
1006 10777 153.000000
1006 10810 153.000000
1046 10706 153.000000
1116 1138 152.000000
1002 10089 151.000000
1006 10890 149.000000
1045 1067 149.000000
1045 10547 149.000000
1029 10765 148.000000
870 892 147.000000
1006 10233 147.000000
1045 10771 147.000000
1024 10807 146.000000
1024 10814 146.000000
1009 10216 145.000000
1097 1119 145.000000
100 10669 144.000000
1024 10297 143.000000
1530 1552 143.000000
1316 1338 142.000000
1393 1415 142.000000
106 128 141.000000
122 144 141.000000
12 34 140.000000
761 762 140.000000
897 919 140.000000
1073 10933 140.000000
103 104 139.000000
104 105 139.000000
105 106 139.000000
1029 10890 139.000000
741 742 138.000000
742 743 138.000000
743 744 138.000000
1094 10941 137.000000
1245 1267 137.000000
1182 1204 136.000000
100 10143 135.000000
54 76 134.000000
1046 10628 134.000000
404 405 132.000000
1074 1075 130.000000
1075 1097 130.000000
146 147 129.000000
1006 10206 129.000000
1137 1159 129.000000
1007 10457 128.000000
1008 10365 128.000000
1030 10419 128.000000
295 296 127.000000
1007 10933 127.000000
13 35 126.000000
352 353 126.000000
900 901 126.000000
1051 10941 126.000000
1029 10670 124.000000
189 211 123.000000
330 331 123.000000
1409 1410 123.000000
1410 1411 123.000000
1411 1412 123.000000
1412 1413 123.000000
1413 1414 123.000000
1030 1052 122.000000
1030 10805 121.000000
1050 10839 120.000000
1052 10758 120.000000
1267 1289 120.000000
1276 1298 120.000000
1000 10077 119.000000
1262 1284 119.000000
264 265 118.000000
264 285 118.000000
277 278 118.000000
278 279 118.000000
279 280 118.000000
280 281 118.000000
281 282 118.000000
282 283 118.000000
283 284 118.000000
284 285 118.000000
503 525 118.000000
776 777 118.000000
777 778 118.000000
778 779 118.000000
779 780 118.000000
1002 10482 118.000000
1008 10631 118.000000
1051 10935 118.000000
1072 10969 118.000000
412 434 117.000000
1028 1050 116.000000
1028 10565 116.000000
1002 10075 115.000000
1002 10198 115.000000
1002 10326 114.000000
1051 10928 114.000000
1360 1382 114.000000
1370 1371 114.000000
52 53 113.000000
1051 10646 113.000000
1051 10859 113.000000
841 842 112.000000
1115 1137 112.000000
478 500 111.000000
1051 10680 111.000000
689 690 110.000000
690 691 110.000000
691 692 110.000000
692 693 110.000000
693 694 110.000000
694 695 110.000000
1024 10684 110.000000
610 611 109.000000
611 612 109.000000
612 613 109.000000
1030 10365 109.000000
101 10661 108.000000
724 725 108.000000
922 923 108.000000
1006 10587 108.000000
1358 1380 108.000000
504 526 107.000000
536 537 107.000000
919 941 107.000000
1072 10890 107.000000
15 37 106.000000
1355 1377 106.000000
435 457 105.000000
831 853 105.000000
1000 10480 105.000000
1049 10664 105.000000
1049 10718 105.000000
362 384 104.000000
1512 1534 104.000000
1050 10890 103.000000
780 781 102.000000
781 782 102.000000
1132 1154 102.000000
1175 1197 102.000000
1050 1072 101.000000
1307 1308 101.000000
1308 1309 101.000000
1309 1310 101.000000
718 719 100.000000
1006 10539 100.000000
1093 10965 100.000000
1119 1120 100.000000
784 785 99.000000
785 786 99.000000
786 787 99.000000
787 788 99.000000
340 362 98.000000
930 931 98.000000
931 932 98.000000
932 933 98.000000
933 934 98.000000
1002 10057 98.000000
1028 10775 98.000000
1050 10679 98.000000
1100 1101 98.000000
1100 1121 98.000000
1120 1121 98.000000
1181 1203 98.000000
748 770 97.000000
934 935 97.000000
1028 10506 97.000000
206 228 96.000000
1006 10825 96.000000
1007 10079 96.000000
1028 10783 96.000000
1068 10791 95.000000
1029 10933 94.000000
1072 10934 94.000000
842 864 93.000000
1028 10476 93.000000
1049 10575 93.000000
1049 10788 93.000000
737 738 92.000000
738 739 92.000000
783 784 91.000000
1028 10831 91.000000
1030 10892 91.000000
704 725 90.000000
744 745 90.000000
1029 10457 90.000000
1071 1093 90.000000
1189 1190 90.000000
1190 1191 90.000000
1191 1192 90.000000
1192 1193 90.000000
1193 1194 90.000000
1194 1195 90.000000
1195 1196 90.000000
696 697 89.000000
688 689 88.000000
1049 10965 88.000000
775 776 86.000000
1408 1429 86.000000
1426 1427 86.000000
1427 1428 86.000000
1428 1429 86.000000
528 529 85.000000
528 549 85.000000
529 530 85.000000
530 531 85.000000
531 532 85.000000
532 533 85.000000
533 534 85.000000
534 535 85.000000
732 733 85.000000
733 734 85.000000
734 735 85.000000
735 736 85.000000
736 737 85.000000
798 799 85.000000
799 800 85.000000
800 801 85.000000
801 802 85.000000
1399 1421 85.000000
1007 1029 84.000000
1023 1045 84.000000
1072 10738 84.000000
1072 10808 84.000000
1183 1205 84.000000
1306 1307 84.000000
1335 1357 84.000000
1372 1394 84.000000
1577 1578 84.000000
788 789 83.000000
1225 1247 83.000000
1305 1306 83.000000
308 330 82.000000
361 383 82.000000
535 536 82.000000
617 639 82.000000
639 661 82.000000
802 803 82.000000
803 804 82.000000
1051 10892 81.000000
1068 10683 81.000000
436 458 80.000000
1028 10484 80.000000
1196 1197 80.000000
1050 10725 79.000000
1073 10941 79.000000
1074 10900 79.000000
326 348 78.000000
616 617 78.000000
616 637 78.000000
636 637 78.000000
1028 10505 78.000000
1028 10816 78.000000
1073 10859 78.000000
1073 10935 78.000000
164 186 77.000000
836 837 77.000000
837 838 77.000000
838 839 77.000000
839 840 77.000000
840 841 77.000000
1068 10885 77.000000
1424 1446 77.000000
405 427 76.000000
1028 10331 76.000000
391 413 74.000000
1006 10104 74.000000
32 54 73.000000
814 815 73.000000
815 816 73.000000
816 817 73.000000
817 818 73.000000
818 819 73.000000
1093 10955 73.000000
392 414 72.000000
814 835 72.000000
836 857 72.000000
1028 10745 72.000000
1029 10679 72.000000
1277 1278 72.000000
1278 1279 72.000000
1279 1280 72.000000
1280 1281 72.000000
1281 1282 72.000000
1006 10522 71.000000
1006 10903 71.000000
1023 10572 70.000000
1028 10777 70.000000
1028 10810 70.000000
1371 1393 70.000000
1052 10569 69.000000
1052 10732 69.000000
1052 10975 69.000000
1090 11000 69.000000
1131 1132 69.000000
1282 1283 69.000000
80 81 68.000000
792 793 68.000000
793 794 68.000000
794 795 68.000000
795 796 68.000000
796 797 68.000000
797 798 68.000000
1233 1234 68.000000
1234 1235 68.000000
1235 1236 68.000000
1236 1237 68.000000
1237 1238 68.000000
1238 1239 68.000000
1239 1240 68.000000
1408 1409 68.000000
935 936 67.000000
1133 1155 67.000000
142 164 66.000000
208 230 66.000000
853 875 66.000000
914 936 66.000000
1072 10946 66.000000
1072 10949 66.000000
1074 10758 66.000000
77 99 65.000000
394 416 65.000000
1023 10543 65.000000
1028 10539 65.000000
1093 10951 65.000000
331 353 64.000000
348 370 64.000000
527 549 64.000000
1006 10299 64.000000
1072 10877 64.000000
1088 10945 64.000000
1088 10962 64.000000
1028 10603 63.000000
579 580 62.000000
580 581 62.000000
581 582 62.000000
582 583 62.000000
583 584 62.000000
584 585 62.000000
585 586 62.000000
586 587 62.000000
722 744 61.000000
1028 10841 61.000000
1049 10946 61.000000
1049 10949 61.000000
1073 10839 61.000000
1380 1402 61.000000
864 865 60.000000
865 866 60.000000
866 867 60.000000
867 868 60.000000
868 869 60.000000
900 922 60.000000
1006 10603 60.000000
1006 10645 60.000000
1006 10841 60.000000
1074 1096 60.000000
1349 1371 60.000000
1417 1439 60.000000
1049 10703 59.000000
1049 10969 59.000000
522 544 58.000000
893 915 58.000000
943 965 58.000000
1006 10268 58.000000
1006 10380 58.000000
1006 10808 58.000000
1049 10951 58.000000
1423 1445 58.000000
330 352 57.000000
745 767 57.000000
1005 10484 57.000000
1005 10505 57.000000
1006 10738 57.000000
1006 10934 57.000000
1023 10537 57.000000
1049 10777 57.000000
1049 10810 57.000000
1049 10816 57.000000
1072 10816 57.000000
1211 1212 57.000000
1212 1213 57.000000
1213 1214 57.000000
1214 1215 57.000000
1215 1216 57.000000
1216 1217 57.000000
1217 1218 57.000000
1270 1292 57.000000
1002 1024 56.000000
1006 10877 56.000000
1028 10645 56.000000
1028 10725 56.000000
1117 1139 56.000000
726 747 55.000000
746 747 55.000000
1167 1168 55.000000
1168 1169 55.000000
1169 1170 55.000000
1170 1171 55.000000
1171 1172 55.000000
1172 1173 55.000000
1173 1174 55.000000
1174 1175 55.000000
745 746 54.000000
1049 10848 54.000000
1049 10902 54.000000
1049 10921 54.000000
1050 10777 54.000000
1320 1321 54.000000
456 478 53.000000
1050 10745 53.000000
558 559 52.000000
559 560 52.000000
560 561 52.000000
561 562 52.000000
562 563 52.000000
563 564 52.000000
957 979 52.000000
1024 10338 52.000000
1050 10810 52.000000
1263 1285 52.000000
739 740 51.000000
746 768 51.000000
913 914 51.000000
1403 1425 51.000000
1487 1509 51.000000
406 428 50.000000
704 705 50.000000
1298 1299 50.000000
1299 1300 50.000000
1300 1301 50.000000
1301 1302 50.000000
1302 1303 50.000000
1303 1304 50.000000
1304 1305 50.000000
11 1573 49.000000
56 78 49.000000
1005 10565 49.000000
1072 10841 49.000000
462 484 48.000000
557 579 48.000000
1005 10250 48.000000
1005 10568 48.000000
1005 10664 48.000000
1005 10718 48.000000
1005 10965 48.000000
1049 10645 48.000000
1049 10603 47.000000
1049 10841 47.000000
1094 1116 47.000000
1386 1387 47.000000
1387 1388 47.000000
1388 1389 47.000000
1389 1390 47.000000
1390 1391 47.000000
35 57 46.000000
265 287 46.000000
564 565 46.000000
726 748 46.000000
1027 10407 46.000000
1072 10725 46.000000
1073 10888 46.000000
124 125 45.000000
125 126 45.000000
126 127 45.000000
127 128 45.000000
941 963 45.000000
1027 10575 45.000000
1027 10788 45.000000
1028 10903 45.000000
1068 10684 45.000000
1186 1208 45.000000
1370 1392 45.000000
1551 1573 45.000000
1552 1574 45.000000
57 79 44.000000
963 985 44.000000
1027 10386 44.000000
1050 10825 44.000000
1138 1160 44.000000
13 1575 43.000000
804 805 43.000000
846 847 43.000000
847 848 43.000000
1002 11000 43.000000
1027 10842 43.000000
1028 10298 43.000000
1028 10299 43.000000
1028 10380 43.000000
1028 10522 43.000000
1028 10738 43.000000
1028 10808 43.000000
1028 10877 43.000000
1028 10934 43.000000
1210 1211 43.000000
1292 1314 43.000000
1332 1354 43.000000
1394 1416 43.000000
211 233 42.000000
1002 10394 42.000000
1024 10284 42.000000
1024 10320 42.000000
1024 10440 42.000000
1024 10683 42.000000
1024 10885 42.000000
426 448 41.000000
740 741 41.000000
901 923 41.000000
1024 10791 41.000000
1073 10817 41.000000
1073 10861 41.000000
101 10322 40.000000
439 461 40.000000
704 726 40.000000
724 746 40.000000
1184 1206 40.000000
1283 1284 40.000000
1376 1398 40.000000
666 688 39.000000
804 826 39.000000
964 986 39.000000
1051 10585 39.000000
1101 1102 39.000000
1102 1103 39.000000
1103 1104 39.000000
1104 1105 39.000000
1105 1106 39.000000
1106 1107 39.000000
1107 1108 39.000000
1108 1109 39.000000
210 232 38.000000
695 696 38.000000
857 879 38.000000
1001 10437 38.000000
1005 10167 38.000000
1005 10179 38.000000
1005 10407 38.000000
1005 10575 38.000000
1005 10788 38.000000
1024 10289 38.000000
1109 1110 38.000000
1229 1251 38.000000
101 10954 37.000000
339 361 37.000000
342 364 37.000000
526 548 37.000000
1024 10706 37.000000
1311 1333 37.000000
1402 1424 37.000000
1430 1451 37.000000
1447 1448 37.000000
1448 1449 37.000000
1449 1450 37.000000
1450 1451 37.000000
207 229 36.000000
233 234 36.000000
557 558 36.000000
869 870 36.000000
1005 10831 36.000000
1024 10425 36.000000
1024 10479 36.000000
1068 10919 36.000000
1227 1249 36.000000
1321 1343 36.000000
1359 1381 36.000000
506 507 35.000000
506 527 35.000000
507 508 35.000000
508 509 35.000000
509 510 35.000000
510 511 35.000000
511 512 35.000000
512 513 35.000000
513 514 35.000000
1092 10965 35.000000
1207 1229 35.000000
1298 1320 35.000000
162 184 34.000000
661 662 34.000000
662 663 34.000000
663 664 34.000000
664 665 34.000000
665 666 34.000000
1002 10525 34.000000
1002 10538 34.000000
1002 10792 34.000000
1002 10833 34.000000
1002 10897 34.000000
1071 10848 34.000000
1071 10902 34.000000
1071 10921 34.000000
1266 1288 34.000000
1331 1353 33.000000
12 1574 32.000000
349 371 32.000000
711 712 32.000000
712 713 32.000000
713 714 32.000000
714 715 32.000000
715 716 32.000000
716 717 32.000000
717 718 32.000000
1052 10916 32.000000
1356 1378 32.000000
103 10591 31.000000
570 571 31.000000
726 727 31.000000
727 728 31.000000
728 729 31.000000
729 730 31.000000
730 731 31.000000
7 8 30.000000
101 10967 30.000000
185 207 30.000000
1025 10628 30.000000
1313 1335 30.000000
572 573 29.000000
572 593 29.000000
749 750 29.000000
750 751 29.000000
751 752 29.000000
752 753 29.000000
753 754 29.000000
871 893 29.000000
1023 10579 29.000000
1023 10588 29.000000
1089 10919 29.000000
1276 1277 29.000000
1283 1305 29.000000
1289 1311 29.000000
1342 1364 29.000000
140 162 28.000000
701 723 28.000000
827 849 28.000000
958 980 28.000000
1002 10355 28.000000
1024 10551 28.000000
1024 10671 28.000000
1067 10771 28.000000
59 60 27.000000
317 339 27.000000
440 462 27.000000
689 711 27.000000
790 812 27.000000
902 903 27.000000
903 904 27.000000
904 905 27.000000
905 906 27.000000
906 907 27.000000
1072 10777 27.000000
1072 10810 27.000000
1218 1240 27.000000
103 10566 26.000000
386 408 26.000000
679 701 26.000000
902 923 26.000000
1001 10210 26.000000
1001 10300 26.000000
1006 10725 26.000000
1071 10775 26.000000
1071 10783 26.000000
101 10829 25.000000
101 10957 25.000000
1024 10264 25.000000
1024 10278 25.000000
1024 10919 25.000000
1049 10726 25.000000
34 56 24.000000
347 369 24.000000
573 574 24.000000
574 575 24.000000
575 576 24.000000
576 577 24.000000
577 578 24.000000
578 579 24.000000
613 614 24.000000
748 749 24.000000
826 848 24.000000
1001 10647 24.000000
1024 10482 24.000000
1049 10903 24.000000
1254 1255 24.000000
1255 1256 24.000000
1256 1257 24.000000
1257 1258 24.000000
1258 1259 24.000000
1259 1260 24.000000
1260 1261 24.000000
1321 1322 24.000000
1322 1323 24.000000
1323 1324 24.000000
1324 1325 24.000000
1325 1326 24.000000
1023 10545 23.000000
1049 10522 23.000000
1049 10539 23.000000
1049 10738 23.000000
1049 10808 23.000000
1049 10877 23.000000
1049 10934 23.000000
351 373 22.000000
404 426 22.000000
747 769 22.000000
1024 10326 22.000000
30 52 21.000000
100 10613 21.000000
352 374 21.000000
390 412 21.000000
842 843 21.000000
843 844 21.000000
844 845 21.000000
845 846 21.000000
1049 10506 21.000000
1049 10775 21.000000
1049 10783 21.000000
1051 1073 21.000000
1071 10831 21.000000
1271 1293 21.000000
1326 1327 21.000000
1420 1442 21.000000
1507 1529 21.000000
1531 1553 21.000000
37 38 20.000000
100 10668 20.000000
255 277 20.000000
705 706 20.000000
706 707 20.000000
707 708 20.000000
708 709 20.000000
709 710 20.000000
1002 10065 20.000000
1002 10706 20.000000
1071 10718 20.000000
1072 10825 20.000000
1224 1246 20.000000
6 7 19.000000
31 53 19.000000
633 634 19.000000
634 635 19.000000
635 636 19.000000
731 732 19.000000
834 856 19.000000
1045 10683 19.000000
1072 10745 19.000000
1154 1176 19.000000
8 9 18.000000
309 331 18.000000
725 747 18.000000
858 859 18.000000
858 879 18.000000
859 860 18.000000
860 861 18.000000
861 862 18.000000
862 863 18.000000
863 864 18.000000
892 914 18.000000
936 958 18.000000
1066 10773 18.000000
1068 10706 18.000000
1386 1408 18.000000
1425 1426 18.000000
103 10963 17.000000
286 287 17.000000
946 947 17.000000
947 948 17.000000
948 949 17.000000
949 950 17.000000
950 951 17.000000
1123 1145 17.000000
1254 1276 17.000000
1307 1329 17.000000
103 10911 16.000000
139 140 16.000000
221 243 16.000000
505 527 16.000000
535 557 16.000000
1030 10604 16.000000
1030 10817 16.000000
1030 10861 16.000000
1073 10765 16.000000
1328 1350 16.000000
52 74 15.000000
103 10767 15.000000
103 10794 15.000000
103 10826 15.000000
1071 10788 15.000000
1071 10842 15.000000
1074 10805 15.000000
1096 1097 15.000000
1101 1123 15.000000
1312 1334 15.000000
1496 1497 15.000000
1496 1517 15.000000
1497 1498 15.000000
1498 1499 15.000000
1499 1500 15.000000
1500 1501 15.000000
1513 1514 15.000000
1514 1515 15.000000
1515 1516 15.000000
1516 1517 15.000000
1546 1568 15.000000
789 811 14.000000
872 894 14.000000
1071 10965 14.000000
1140 1162 14.000000
1244 1266 14.000000
1430 1452 14.000000
1452 1473 14.000000
1469 1470 14.000000
1470 1471 14.000000
1471 1472 14.000000
1472 1473 14.000000
138 139 13.000000
138 160 13.000000
182 183 13.000000
190 191 13.000000
191 192 13.000000
192 193 13.000000
193 194 13.000000
833 855 13.000000
1051 10888 13.000000
1067 10741 13.000000
1465 1487 13.000000
10 1572 12.000000
221 222 12.000000
222 223 12.000000
223 224 12.000000
224 225 12.000000
225 226 12.000000
286 308 12.000000
374 396 12.000000
710 711 12.000000
1008 1030 12.000000
1045 10791 12.000000
1045 10807 12.000000
1045 10814 12.000000
1051 10604 12.000000
1051 10817 12.000000
1051 10861 12.000000
1068 10792 12.000000
1068 10833 12.000000
1068 10897 12.000000
1068 11000 12.000000
1088 1110 12.000000
1095 1117 12.000000
1210 1232 12.000000
1261 1262 12.000000
1002 10278 11.000000
1002 10551 11.000000
1074 10928 11.000000
1228 1250 11.000000
1273 1295 11.000000
1415 1437 11.000000
1447 1469 11.000000
1547 1569 11.000000
482 504 10.000000
594 595 10.000000
594 615 10.000000
595 596 10.000000
596 597 10.000000
597 598 10.000000
598 599 10.000000
599 600 10.000000
614 615 10.000000
675 676 10.000000
1001 10169 10.000000
1002 10671 10.000000
1002 10684 10.000000
1009 10658 10.000000
1049 10505 10.000000
1049 10565 10.000000
1049 10831 10.000000
1093 10934 10.000000
1093 10946 10.000000
1093 10949 10.000000
1196 1218 10.000000
1272 1294 10.000000
242 243 9.000000
242 263 9.000000
255 256 9.000000
256 257 9.000000
257 258 9.000000
258 259 9.000000
259 260 9.000000
260 261 9.000000
261 262 9.000000
262 263 9.000000
697 698 9.000000
698 699 9.000000
699 700 9.000000
700 701 9.000000
946 968 9.000000
968 989 9.000000
987 988 9.000000
988 989 9.000000
1093 1115 9.000000
1093 10969 9.000000
1211 1233 9.000000
1246 1268 9.000000
1268 1290 9.000000
1474 1475 9.000000
1474 1495 9.000000
1475 1476 9.000000
1476 1477 9.000000
1477 1478 9.000000
1478 1479 9.000000
1491 1492 9.000000
1492 1493 9.000000
1493 1494 9.000000
1494 1495 9.000000
101 10317 8.000000
101 10577 8.000000
346 368 8.000000
682 703 8.000000
702 703 8.000000
784 806 8.000000
946 967 8.000000
965 966 8.000000
966 967 8.000000
1030 10888 8.000000
1051 10765 8.000000
1305 1327 8.000000
701 702 7.000000
710 732 7.000000
737 759 7.000000
754 755 7.000000
1001 10830 7.000000
1002 10107 7.000000
1002 10264 7.000000
1002 10885 7.000000
1002 10919 7.000000
1066 10688 7.000000
1066 10768 7.000000
1066 10854 7.000000
1066 10945 7.000000
1066 10962 7.000000
1079 1080 7.000000
1079 1101 7.000000
1080 1081 7.000000
1081 1082 7.000000
1082 1083 7.000000
1083 1084 7.000000
1084 1085 7.000000
1085 1086 7.000000
1086 1087 7.000000
1167 1189 7.000000
100 122 6.000000
168 169 6.000000
169 170 6.000000
170 171 6.000000
171 172 6.000000
550 551 6.000000
550 571 6.000000
551 552 6.000000
552 553 6.000000
553 554 6.000000
554 555 6.000000
555 556 6.000000
556 557 6.000000
592 593 6.000000
702 724 6.000000
788 810 6.000000
1023 10285 6.000000
1045 10479 6.000000
1045 10636 6.000000
1046 10525 6.000000
1046 10538 6.000000
1046 10792 6.000000
1046 10833 6.000000
1046 10897 6.000000
1046 11000 6.000000
1087 1088 6.000000
1166 1188 6.000000
1202 1224 6.000000
1326 1348 6.000000
1421 1443 6.000000
1430 1431 6.000000
1431 1432 6.000000
1432 1433 6.000000
1433 1434 6.000000
1434 1435 6.000000
182 204 5.000000
573 595 5.000000
595 617 5.000000
666 667 5.000000
667 689 5.000000
680 702 5.000000
848 870 5.000000
880 881 5.000000
880 901 5.000000
881 882 5.000000
882 883 5.000000
883 884 5.000000
884 885 5.000000
885 886 5.000000
886 887 5.000000
887 888 5.000000
888 889 5.000000
889 890 5.000000
890 891 5.000000
891 892 5.000000
1096 1118 5.000000
1269 1291 5.000000
1306 1328 5.000000
5 6 4.000000
102 10889 4.000000
176 177 4.000000
176 197 4.000000
177 199 4.000000
184 206 4.000000
194 195 4.000000
195 196 4.000000
196 197 4.000000
199 221 4.000000
770 792 4.000000
783 805 4.000000
1277 1299 4.000000
1299 1321 4.000000
1545 1567 4.000000
1548 1570 4.000000
139 161 3.000000
327 349 3.000000
438 460 3.000000
491 513 3.000000
513 535 3.000000
674 675 3.000000
688 710 3.000000
835 857 3.000000
877 899 3.000000
921 943 3.000000
1282 1304 3.000000
1304 1326 3.000000
1315 1337 3.000000
53 75 2.000000
60 61 2.000000
61 62 2.000000
62 84 2.000000
395 417 2.000000
566 588 2.000000
741 763 2.000000
849 871 2.000000
1001 10710 2.000000
1110 1132 2.000000
1120 1142 2.000000
1123 1124 2.000000
1124 1125 2.000000
1125 1126 2.000000
1126 1127 2.000000
1127 1128 2.000000
1128 1129 2.000000
1129 1130 2.000000
1130 1131 2.000000
1142 1164 2.000000
1187 1209 2.000000
1287 1309 2.000000
1309 1331 2.000000
1330 1352 2.000000
1352 1374 2.000000
1373 1395 2.000000
1395 1417 2.000000
14 1576 1.000000
103 10328 1.000000
154 155 1.000000
154 175 1.000000
155 156 1.000000
156 157 1.000000
157 158 1.000000
158 159 1.000000
159 160 1.000000
167 189 1.000000
172 173 1.000000
173 174 1.000000
174 175 1.000000
211 212 1.000000
617 618 1.000000
618 619 1.000000
619 620 1.000000
620 621 1.000000
621 622 1.000000
622 644 1.000000
644 666 1.000000
814 836 1.000000
902 924 1.000000
922 944 1.000000
924 945 1.000000
934 956 1.000000
935 957 1.000000
939 961 1.000000
956 978 1.000000
961 983 1.000000
1000 10630 1.000000
1044 10537 1.000000
1044 10655 1.000000
1045 10710 1.000000
1049 10568 1.000000
1052 10805 1.000000
1109 1131 1.000000
1145 1146 1.000000
1146 1147 1.000000
1147 1148 1.000000
1148 1149 1.000000
1149 1150 1.000000
1150 1151 1.000000
1151 1152 1.000000
1152 1153 1.000000
1153 1154 1.000000
1180 1202 1.000000
1333 1355 1.000000
1392 1414 1.000000
