406 407 16565.000000
407 408 16565.000000
408 409 16565.000000
1377 1378 16017.000000
405 406 13960.000000
409 410 13884.000000
1399 1400 11714.000000
1202 1203 11655.000000
1355 1356 11420.000000
1376 1377 11308.000000
1421 1422 11240.000000
1378 1379 10632.000000
272 273 10086.000000
1066 1067 10068.000000
1067 1068 10068.000000
1158 1159 9766.000000
1420 1421 9719.000000
1223 1224 9665.000000
362 363 9639.000000
363 364 9639.000000
364 365 9639.000000
365 366 9629.000000
1201 1202 9379.000000
1419 1420 9143.000000
1375 1376 9026.000000
1418 1419 8900.000000
7 8 8835.000000
316 317 8695.000000
10 11 8608.000000
1397 1398 8470.000000
31 32 8434.000000
1246 1247 8414.000000
1398 1399 8122.000000
8 9 8044.000000
1157 1158 7987.000000
1437 1438 7924.000000
449 450 7759.000000
450 451 7759.000000
451 452 7759.000000
452 453 7759.000000
1200 1201 7690.000000
1159 1160 7675.000000
454 455 7605.000000
1435 1436 7502.000000
1436 1437 7502.000000
315 316 7440.000000
361 362 7434.000000
11 12 7171.000000
1222 1223 7170.000000
1334 1335 7141.000000
410 411 7069.000000
1068 1069 7063.000000
1065 1066 7043.000000
1438 1439 7028.000000
382 383 6911.000000
1417 1418 6846.000000
1069 1070 6792.000000
1396 1397 6755.000000
1290 1291 6682.000000
1221 1222 6648.000000
1356 1357 6639.000000
1022 1023 6615.000000
1023 1024 6615.000000
1245 1246 6602.000000
1333 1334 6595.000000
1024 1025 6585.000000
1332 1333 6477.000000
1247 1248 6380.000000
29 30 6372.000000
1414 1415 6370.000000
1415 1416 6328.000000
1416 1417 6232.000000
1442 1443 6210.000000
1374 1375 6123.000000
427 428 6076.000000
428 429 6076.000000
429 430 6076.000000
430 431 6076.000000
493 494 6048.000000
494 495 6048.000000
495 496 6048.000000
496 497 6048.000000
1064 1065 6000.000000
404 405 5973.000000
383 384 5959.000000
384 385 5959.000000
385 386 5959.000000
386 387 5959.000000
387 388 5957.000000
1354 1355 5916.000000
28 29 5845.000000
32 33 5829.000000
453 454 5588.000000
1156 1157 5586.000000
1439 1440 5491.000000
1547 1548 5483.000000
12 13 5469.000000
1352 1353 5451.000000
497 498 5415.000000
1441 1442 5401.000000
1353 1354 5397.000000
30 31 5347.000000
455 456 5311.000000
1434 1435 5306.000000
228 229 5292.000000
1440 1441 5261.000000
1463 1464 5131.000000
1244 1245 5116.000000
366 367 5111.000000
1443 1444 5094.000000
53 54 5059.000000
1464 1465 4909.000000
498 499 4864.000000
1465 1466 4834.000000
1548 1549 4706.000000
1134 1135 4598.000000
1224 1225 4583.000000
1180 1181 4535.000000
250 251 4446.000000
541 542 4444.000000
1331 1332 4401.000000
411 412 4385.000000
229 230 4366.000000
1000 1001 4351.000000
1001 1002 4351.000000
1114 1115 4348.000000
1043 1044 4301.000000
1044 1045 4301.000000
1045 1046 4301.000000
1291 1292 4282.000000
979 980 4257.000000
980 981 4257.000000
1135 1136 4239.000000
33 34 4180.000000
74 75 4157.000000
1113 1114 4150.000000
1289 1290 4129.000000
1462 1463 4087.000000
117 118 4062.000000
1378 1400 4060.000000
1481 1482 4010.000000
424 425 3997.000000
118 119 3956.000000
388 389 3939.000000
1486 1487 3935.000000
293 294 3890.000000
456 457 3888.000000
1087 1088 3879.000000
1088 1089 3879.000000
1089 1090 3879.000000
426 427 3857.000000
851 852 3856.000000
1248 1249 3837.000000
978 979 3829.000000
1413 1414 3812.000000
448 449 3762.000000
1287 1288 3751.000000
977 978 3748.000000
1179 1180 3747.000000
1196 1197 3641.000000
1197 1198 3641.000000
1198 1199 3641.000000
184 185 3635.000000
183 184 3632.000000
1131 1132 3631.000000
1132 1133 3631.000000
1203 1204 3629.000000
185 186 3627.000000
1549 1550 3615.000000
316 338 3614.000000
1021 1022 3603.000000
1025 1026 3575.000000
360 361 3549.000000
1485 1486 3529.000000
294 295 3524.000000
1482 1483 3509.000000
159 160 3501.000000
1395 1396 3498.000000
431 432 3456.000000
1204 1205 3380.000000
182 183 3277.000000
1288 1289 3243.000000
381 382 3240.000000
271 272 3235.000000
1239 1240 3227.000000
1240 1241 3227.000000
1351 1352 3220.000000
1241 1242 3214.000000
1242 1243 3209.000000
1373 1374 3209.000000
499 500 3184.000000
1503 1504 3151.000000
1504 1505 3151.000000
848 849 3137.000000
849 850 3137.000000
1047 1048 3134.000000
850 851 3125.000000
273 274 3102.000000
1136 1137 3072.000000
1130 1131 3015.000000
1479 1480 2996.000000
96 97 2988.000000
1551 1552 2976.000000
160 161 2965.000000
432 433 2944.000000
139 140 2935.000000
1115 1116 2920.000000
1484 1485 2920.000000
1500 1501 2916.000000
1501 1502 2916.000000
933 934 2909.000000
1178 1179 2904.000000
1243 1244 2904.000000
1550 1551 2892.000000
1266 1267 2828.000000
273 295 2825.000000
1265 1266 2816.000000
471 472 2809.000000
472 473 2809.000000
473 474 2809.000000
474 475 2809.000000
1116 1138 2793.000000
1461 1462 2775.000000
1199 1200 2741.000000
1370 1371 2726.000000
1371 1372 2724.000000
1372 1373 2723.000000
1133 1134 2720.000000
97 98 2712.000000
1502 1503 2704.000000
1137 1138 2697.000000
409 431 2693.000000
1392 1393 2660.000000
1393 1394 2659.000000
317 318 2654.000000
95 96 2638.000000
475 476 2618.000000
94 95 2610.000000
116 117 2607.000000
1394 1395 2606.000000
1457 1458 2588.000000
1225 1226 2568.000000
1217 1218 2555.000000
1218 1219 2555.000000
1219 1220 2555.000000
1480 1481 2538.000000
1042 1043 2533.000000
1483 1484 2532.000000
457 458 2527.000000
1153 1154 2526.000000
1154 1155 2526.000000
1109 1110 2524.000000
1110 1111 2524.000000
1111 1112 2524.000000
140 141 2512.000000
1311 1312 2499.000000
425 426 2494.000000
98 99 2483.000000
1267 1268 2476.000000
73 74 2474.000000
1155 1156 2467.000000
1195 1196 2451.000000
1268 1269 2445.000000
1458 1459 2432.000000
1505 1506 2428.000000
1291 1313 2422.000000
1460 1461 2395.000000
367 389 2392.000000
1552 1553 2387.000000
498 520 2374.000000
1292 1293 2351.000000
1459 1460 2340.000000
1112 1113 2331.000000
317 339 2303.000000
872 873 2298.000000
1026 1027 2292.000000
1020 1021 2290.000000
1379 1380 2279.000000
1525 1526 2277.000000
226 227 2263.000000
339 340 2258.000000
1310 1311 2254.000000
52 53 2232.000000
1220 1221 2224.000000
119 120 2215.000000
1391 1392 2191.000000
1002 1003 2180.000000
1152 1153 2175.000000
1422 1423 2151.000000
161 162 2146.000000
1070 1071 2140.000000
75 76 2139.000000
1002 10407 2139.000000
340 341 2134.000000
341 342 2134.000000
342 343 2134.000000
343 344 2134.000000
1086 1087 2106.000000
403 404 2101.000000
981 982 2084.000000
1478 1479 2081.000000
225 226 2077.000000
251 252 2068.000000
412 413 2055.000000
158 159 2050.000000
1369 1370 2049.000000
1335 1357 2019.000000
138 139 2017.000000
447 448 1992.000000
1091 1092 1982.000000
51 52 1977.000000
1226 1227 1960.000000
1309 1310 1953.000000
446 447 1952.000000
873 874 1950.000000
458 459 1946.000000
162 163 1937.000000
181 182 1933.000000
1090 1091 1932.000000
227 228 1928.000000
476 477 1925.000000
468 469 1911.000000
338 339 1885.000000
269 270 1883.000000
1412 1413 1870.000000
1046 1047 1849.000000
982 983 1838.000000
1203 1225 1814.000000
6 7 1811.000000
808 809 1808.000000
1526 1527 1793.000000
270 271 1783.000000
1269 1270 1778.000000
367 368 1776.000000
1348 1349 1769.000000
1349 1350 1769.000000
1350 1351 1769.000000
1506 1507 1768.000000
72 73 1761.000000
916 917 1737.000000
477 478 1728.000000
1527 1528 1723.000000
1528 1529 1706.000000
50 51 1702.000000
1129 1130 1698.000000
1025 10331 1695.000000
433 434 1694.000000
1312 1313 1683.000000
491 492 1676.000000
1283 1284 1663.000000
1284 1285 1663.000000
935 936 1659.000000
936 937 1659.000000
1529 1530 1657.000000
1456 1457 1644.000000
1048 1049 1641.000000
1530 1531 1638.000000
983 984 1637.000000
1357 1358 1628.000000
891 892 1620.000000
892 893 1620.000000
893 894 1620.000000
249 250 1618.000000
390 391 1601.000000
1422 1444 1562.000000
295 317 1557.000000
1205 1206 1556.000000
389 390 1544.000000
998 999 1529.000000
268 269 1522.000000
852 853 1521.000000
934 935 1519.000000
1003 1004 1515.000000
413 414 1513.000000
1330 1331 1511.000000
469 470 1500.000000
1507 1508 1500.000000
1508 1509 1485.000000
414 415 1474.000000
585 586 1473.000000
120 121 1464.000000
54 55 1454.000000
490 491 1453.000000
890 891 1449.000000
1159 1181 1449.000000
523 524 1436.000000
224 225 1434.000000
454 476 1432.000000
456 478 1432.000000
522 523 1417.000000
782 783 1403.000000
783 784 1403.000000
784 785 1403.000000
272 294 1396.000000
1335 1336 1395.000000
492 493 1387.000000
809 810 1385.000000
543 544 1376.000000
1174 1175 1354.000000
1175 1176 1354.000000
1176 1177 1354.000000
434 435 1353.000000
1216 1217 1352.000000
435 436 1327.000000
1390 1391 1313.000000
628 629 1295.000000
1285 1286 1289.000000
424 446 1283.000000
1326 1327 1265.000000
1327 1328 1265.000000
1328 1329 1265.000000
1004 1005 1257.000000
1173 1174 1244.000000
874 875 1242.000000
785 786 1238.000000
542 543 1225.000000
542 564 1222.000000
894 895 1222.000000
895 896 1222.000000
917 918 1219.000000
391 392 1207.000000
1286 1287 1185.000000
584 585 1184.000000
869 870 1168.000000
870 871 1168.000000
871 872 1168.000000
896 897 1159.000000
804 805 1154.000000
805 806 1154.000000
806 807 1153.000000
1329 1330 1153.000000
807 808 1150.000000
939 940 1148.000000
368 369 1145.000000
1347 1348 1144.000000
186 187 1141.000000
330 331 1135.000000
330 351 1135.000000
331 332 1135.000000
332 333 1135.000000
333 334 1135.000000
334 335 1135.000000
335 336 1135.000000
350 351 1135.000000
338 360 1127.000000
55 56 1115.000000
392 393 1115.000000
956 957 1099.000000
957 958 1099.000000
958 959 1099.000000
937 938 1097.000000
76 77 1082.000000
163 164 1080.000000
337 338 1049.000000
1108 1109 1046.000000
366 388 1041.000000
10 10487 1038.000000
1569 1570 1036.000000
1270 1271 1019.000000
940 941 1001.000000
500 522 1000.000000
829 830 1000.000000
1571 1572 988.000000
339 361 978.000000
918 919 978.000000
1308 1309 975.000000
1026 1048 972.000000
402 403 970.000000
521 522 970.000000
1177 1178 965.000000
847 848 963.000000
1249 1250 963.000000
586 587 956.000000
938 939 949.000000
1043 10628 949.000000
1574 1575 944.000000
1260 1261 941.000000
1261 1262 941.000000
1262 1263 941.000000
1263 1264 936.000000
294 316 935.000000
228 250 934.000000
1325 1326 931.000000
1115 1137 925.000000
913 914 924.000000
914 915 924.000000
204 205 921.000000
412 434 920.000000
470 471 918.000000
184 206 912.000000
230 231 908.000000
1027 1028 908.000000
1022 10885 907.000000
1509 1510 900.000000
1573 1574 893.000000
1368 1369 886.000000
960 961 884.000000
1092 10925 876.000000
1400 1401 874.000000
295 296 871.000000
1570 1571 871.000000
141 142 864.000000
1070 1092 834.000000
853 854 826.000000
455 477 817.000000
359 360 816.000000
1477 1478 814.000000
867 868 806.000000
203 204 786.000000
289 290 786.000000
1004 10079 781.000000
396 397 779.000000
396 417 779.000000
397 398 779.000000
398 399 779.000000
399 400 779.000000
400 401 779.000000
416 417 779.000000
810 811 777.000000
500 501 775.000000
401 402 774.000000
137 138 770.000000
290 291 770.000000
291 292 770.000000
468 490 770.000000
380 381 767.000000
1238 1239 761.000000
1336 1337 759.000000
140 162 752.000000
761 762 752.000000
762 763 752.000000
763 764 752.000000
462 463 750.000000
462 483 750.000000
463 464 750.000000
464 465 750.000000
465 466 750.000000
466 467 750.000000
481 482 750.000000
482 483 750.000000
868 869 740.000000
520 521 737.000000
787 788 733.000000
959 960 731.000000
478 479 724.000000
915 916 724.000000
1205 1227 724.000000
544 545 721.000000
1151 1152 716.000000
501 502 714.000000
1487 1488 710.000000
984 985 706.000000
1003 10331 705.000000
1313 1314 705.000000
479 480 703.000000
1206 1207 699.000000
1525 1547 699.000000
205 206 697.000000
318 319 695.000000
319 320 695.000000
320 321 695.000000
321 322 695.000000
1401 1402 694.000000
358 359 690.000000
803 804 684.000000
10 32 678.000000
786 787 661.000000
1572 1573 661.000000
202 203 654.000000
369 370 649.000000
1346 1347 648.000000
788 789 646.000000
875 876 646.000000
1042 1064 635.000000
410 432 631.000000
436 437 630.000000
1294 1295 629.000000
588 589 622.000000
802 803 622.000000
10 10190 621.000000
71 72 612.000000
830 831 612.000000
1005 1006 606.000000
72 94 600.000000
229 251 592.000000
1293 1294 588.000000
1314 1315 584.000000
352 353 581.000000
352 373 581.000000
353 354 581.000000
354 355 581.000000
355 356 581.000000
356 357 581.000000
357 358 581.000000
372 373 581.000000
361 383 579.000000
629 630 578.000000
1041 1042 578.000000
382 404 574.000000
587 588 574.000000
1092 1093 571.000000
286 287 568.000000
287 288 568.000000
288 289 568.000000
1282 1283 568.000000
1380 1381 567.000000
1381 1382 567.000000
1382 1383 567.000000
322 344 564.000000
545 546 563.000000
937 959 562.000000
242 243 558.000000
242 263 558.000000
243 244 558.000000
244 245 558.000000
262 263 558.000000
286 307 558.000000
306 307 558.000000
411 433 556.000000
292 293 550.000000
938 960 550.000000
1315 1316 547.000000
1316 1317 547.000000
1085 1086 546.000000
1049 10569 544.000000
251 273 543.000000
164 165 540.000000
846 847 539.000000
1249 1271 515.000000
267 268 513.000000
961 962 512.000000
142 143 511.000000
418 419 510.000000
418 439 510.000000
419 420 510.000000
420 421 510.000000
421 422 510.000000
422 423 510.000000
437 438 510.000000
438 439 510.000000
423 424 509.000000
1505 1527 505.000000
563 564 504.000000
188 189 503.000000
189 190 503.000000
190 191 503.000000
1334 1356 500.000000
369 391 496.000000
1022 10628 495.000000
1358 1359 494.000000
1359 1360 494.000000
1360 1361 494.000000
336 337 489.000000
934 956 489.000000
1247 1269 487.000000
1248 1270 485.000000
115 116 481.000000
467 468 478.000000
1402 1403 477.000000
1403 1404 477.000000
912 913 475.000000
800 801 474.000000
469 491 472.000000
1064 10768 472.000000
10 10413 471.000000
1392 1414 469.000000
10 10459 468.000000
31 53 461.000000
1026 10399 451.000000
955 956 448.000000
1064 10688 448.000000
1064 10962 448.000000
564 565 446.000000
672 673 446.000000
606 607 445.000000
502 503 443.000000
764 765 442.000000
348 349 434.000000
28 50 433.000000
346 347 431.000000
347 348 431.000000
1295 1317 430.000000
1250 1251 429.000000
1251 1252 429.000000
227 249 428.000000
180 181 426.000000
1048 10670 426.000000
360 382 425.000000
765 766 424.000000
1264 1265 423.000000
1499 1500 421.000000
564 586 420.000000
589 590 418.000000
1271 1272 416.000000
1272 1273 416.000000
1003 10581 413.000000
1025 10640 411.000000
344 345 406.000000
1433 1434 405.000000
831 832 402.000000
345 346 399.000000
1259 1260 397.000000
77 78 393.000000
143 144 393.000000
1285 1307 392.000000
206 207 391.000000
717 718 390.000000
718 719 390.000000
719 720 390.000000
458 480 387.000000
312 313 386.000000
313 314 386.000000
1026 10670 386.000000
314 315 384.000000
1391 1413 380.000000
897 898 379.000000
1066 10897 379.000000
1568 1569 378.000000
1069 1091 377.000000
1071 1093 373.000000
1288 1310 369.000000
478 500 364.000000
1026 10429 364.000000
1025 10250 361.000000
766 767 357.000000
1361 1362 347.000000
1025 10407 346.000000
230 252 345.000000
1004 10141 344.000000
1043 10807 341.000000
34 35 339.000000
370 392 335.000000
853 875 334.000000
1207 1208 333.000000
1345 1346 330.000000
1006 10216 329.000000
1455 1456 325.000000
402 424 323.000000
1064 10945 323.000000
1466 1488 322.000000
1553 1554 322.000000
1042 10543 321.000000
1383 1384 321.000000
1025 10361 319.000000
370 371 317.000000
1158 1180 315.000000
100 10591 313.000000
566 567 312.000000
453 475 310.000000
459 481 310.000000
1173 1195 309.000000
1337 1338 307.000000
1338 1339 307.000000
374 375 304.000000
374 395 304.000000
375 376 304.000000
376 377 304.000000
377 378 304.000000
378 379 304.000000
379 380 304.000000
394 395 304.000000
1025 1047 303.000000
889 890 302.000000
1481 1503 302.000000
405 427 301.000000
13 14 298.000000
609 610 298.000000
610 611 298.000000
1025 10624 298.000000
484 485 297.000000
484 505 297.000000
485 486 297.000000
486 487 297.000000
487 488 297.000000
488 489 297.000000
503 504 297.000000
504 505 297.000000
534 535 296.000000
535 536 296.000000
536 537 296.000000
537 538 296.000000
538 539 296.000000
539 540 296.000000
767 789 294.000000
1281 1282 291.000000
941 942 290.000000
1003 10055 289.000000
1043 10791 284.000000
565 566 282.000000
801 802 282.000000
1042 10579 281.000000
1042 10588 281.000000
1043 10440 281.000000
1229 1230 280.000000
720 721 278.000000
245 246 276.000000
1228 1229 274.000000
435 457 272.000000
810 832 271.000000
308 329 270.000000
328 329 270.000000
1227 1228 268.000000
1022 10706 266.000000
337 359 265.000000
1070 10922 263.000000
781 782 262.000000
1047 10704 262.000000
1025 10450 261.000000
30 52 259.000000
308 309 258.000000
309 310 258.000000
310 311 258.000000
311 312 258.000000
371 372 258.000000
480 481 258.000000
911 912 258.000000
1021 10285 258.000000
1025 10902 257.000000
1025 10921 257.000000
1069 10955 257.000000
1208 1209 257.000000
1000 10095 256.000000
1000 10525 256.000000
1025 10951 256.000000
1000 10355 255.000000
1066 11000 255.000000
440 441 254.000000
440 461 254.000000
441 442 254.000000
442 443 254.000000
443 444 254.000000
444 445 254.000000
459 460 254.000000
460 461 254.000000
1459 1481 254.000000
976 977 253.000000
477 499 250.000000
1003 10225 249.000000
1025 10969 249.000000
1069 10721 249.000000
1003 10171 248.000000
1066 10792 248.000000
1116 1117 248.000000
1117 1118 248.000000
1118 1119 248.000000
1119 1120 248.000000
1524 1525 248.000000
100 10069 247.000000
1064 10773 247.000000
730 731 245.000000
731 732 245.000000
732 733 245.000000
733 734 245.000000
734 735 245.000000
735 736 245.000000
1064 10854 244.000000
630 631 243.000000
631 632 243.000000
632 633 243.000000
445 446 242.000000
608 609 241.000000
540 541 240.000000
1026 10384 240.000000
56 57 239.000000
446 468 239.000000
1003 10233 239.000000
1420 1442 238.000000
1043 10479 237.000000
1000 11000 234.000000
1000 10792 233.000000
1503 1525 232.000000
1025 10783 231.000000
1025 10506 230.000000
1113 1135 229.000000
1215 1216 229.000000
1005 10266 228.000000
1005 10805 228.000000
249 271 226.000000
1025 10645 226.000000
1107 1108 224.000000
1025 10575 223.000000
1047 10946 223.000000
1047 10949 222.000000
1204 1226 222.000000
562 563 221.000000
796 797 221.000000
797 798 221.000000
798 799 221.000000
799 800 221.000000
1021 10547 221.000000
1021 10771 221.000000
1389 1390 221.000000
1502 1524 221.000000
246 247 219.000000
247 248 219.000000
248 249 219.000000
1003 10484 219.000000
1022 10919 219.000000
1025 10842 219.000000
489 490 218.000000
1047 10811 218.000000
1423 1424 218.000000
1424 1425 218.000000
1425 1426 218.000000
1426 1427 218.000000
1427 1428 218.000000
854 855 217.000000
1026 10645 217.000000
250 272 216.000000
1003 10476 213.000000
1342 1343 213.000000
1342 1363 213.000000
1343 1344 213.000000
1344 1345 213.000000
1362 1363 213.000000
1020 10548 212.000000
1028 10658 210.000000
1181 1182 210.000000
1005 10072 208.000000
1041 10562 207.000000
808 830 206.000000
825 826 206.000000
826 827 206.000000
827 828 206.000000
828 829 206.000000
1408 1409 206.000000
1408 1429 206.000000
1409 1410 206.000000
1410 1411 206.000000
1428 1429 206.000000
158 180 204.000000
1295 1296 203.000000
1022 10264 201.000000
1440 1462 201.000000
1003 10848 199.000000
1000 10833 198.000000
1003 10136 198.000000
1021 10545 198.000000
1047 10659 198.000000
1003 10505 197.000000
1003 10775 197.000000
390 412 196.000000
1048 10680 196.000000
157 158 195.000000
315 337 195.000000
854 876 195.000000
1047 10703 195.000000
1066 10833 195.000000
115 137 192.000000
801 823 192.000000
350 372 191.000000
1005 10631 189.000000
381 403 188.000000
1339 1340 188.000000
1048 10941 187.000000
1223 1245 187.000000
10 10796 186.000000
11 1573 186.000000
1020 10214 186.000000
1020 10370 186.000000
1020 10773 186.000000
1020 10854 186.000000
1043 1065 186.000000
1000 10089 185.000000
1027 1049 183.000000
1020 10549 182.000000
1003 10831 181.000000
1043 10683 181.000000
1071 10900 181.000000
756 757 180.000000
757 758 180.000000
916 938 179.000000
1005 10092 179.000000
520 542 178.000000
1049 10732 178.000000
1049 10975 178.000000
1336 1358 178.000000
1049 10916 177.000000
1000 10394 176.000000
437 459 175.000000
721 722 175.000000
722 723 175.000000
723 724 175.000000
567 568 174.000000
1020 10261 173.000000
1020 10422 173.000000
1020 10480 173.000000
52 74 172.000000
159 181 171.000000
545 567 171.000000
897 919 171.000000
1114 1136 171.000000
960 982 170.000000
457 479 169.000000
1307 1308 168.000000
1064 10884 167.000000
10 10618 166.000000
10 10689 165.000000
162 184 165.000000
1026 10745 165.000000
1003 1025 164.000000
1004 10587 164.000000
1003 10703 163.000000
1003 10816 163.000000
1047 10903 163.000000
1003 10380 162.000000
1320 1341 162.000000
1340 1341 162.000000
121 122 161.000000
306 328 160.000000
1006 10658 160.000000
1026 10679 160.000000
1048 10585 160.000000
1048 10646 160.000000
1048 10859 160.000000
1049 10672 160.000000
1458 1480 157.000000
829 851 156.000000
476 498 155.000000
1048 10559 155.000000
100 10911 154.000000
1320 1321 154.000000
1321 1322 154.000000
1322 1323 154.000000
1005 10365 152.000000
1064 10978 152.000000
1065 10814 152.000000
415 437 151.000000
764 786 151.000000
119 141 150.000000
252 274 150.000000
1027 10888 150.000000
1043 10482 150.000000
1027 10861 149.000000
1048 10892 148.000000
116 138 147.000000
433 455 146.000000
1070 10765 145.000000
1070 10817 145.000000
1386 1387 145.000000
1386 1407 145.000000
1387 1388 145.000000
1388 1389 145.000000
1406 1407 145.000000
274 296 144.000000
206 228 143.000000
792 813 142.000000
811 812 142.000000
812 813 142.000000
1194 1195 142.000000
1466 1467 142.000000
556 557 141.000000
557 558 141.000000
558 559 141.000000
559 560 141.000000
560 561 141.000000
561 562 141.000000
1181 1203 141.000000
322 323 140.000000
359 381 140.000000
415 416 139.000000
1000 1022 139.000000
824 825 138.000000
1027 10419 138.000000
12 1574 136.000000
1303 1304 136.000000
524 546 134.000000
962 963 134.000000
1003 10104 134.000000
1092 10928 134.000000
1130 1152 134.000000
1027 10892 133.000000
1004 10429 132.000000
1303 1325 132.000000
447 469 131.000000
1394 1416 130.000000
32 54 129.000000
1022 10278 128.000000
1022 10897 128.000000
1222 1244 128.000000
770 771 127.000000
771 772 127.000000
772 773 127.000000
1200 1222 127.000000
207 208 126.000000
1041 10945 126.000000
393 394 125.000000
919 920 125.000000
1411 1412 125.000000
1465 1487 125.000000
792 793 123.000000
793 794 123.000000
794 795 123.000000
1022 10684 122.000000
1094 1116 121.000000
1304 1305 121.000000
1305 1306 121.000000
1306 1307 121.000000
760 761 120.000000
1026 10760 120.000000
10 10953 119.000000
1022 10551 119.000000
1041 10507 119.000000
1022 10671 118.000000
1445 1446 118.000000
1446 1447 118.000000
1447 1448 118.000000
1448 1449 118.000000
1217 1239 117.000000
1390 1412 117.000000
814 815 116.000000
815 816 116.000000
1004 10138 116.000000
809 831 115.000000
1022 10538 115.000000
1026 10704 115.000000
1323 1345 114.000000
1404 1405 114.000000
1405 1406 114.000000
1437 1459 113.000000
720 742 112.000000
1025 10788 112.000000
1070 10859 112.000000
1329 1351 112.000000
1444 1445 112.000000
1000 10628 111.000000
1025 10664 111.000000
1025 10718 111.000000
1025 10965 111.000000
270 292 110.000000
1174 1196 110.000000
1273 1274 110.000000
1313 1335 110.000000
403 425 109.000000
502 524 109.000000
1026 10890 109.000000
512 513 108.000000
513 514 108.000000
514 515 108.000000
515 516 108.000000
516 517 108.000000
517 518 108.000000
770 791 108.000000
789 790 108.000000
790 791 108.000000
1267 1289 108.000000
274 275 107.000000
528 529 107.000000
528 549 107.000000
529 530 107.000000
530 531 107.000000
531 532 107.000000
547 548 107.000000
548 549 107.000000
780 781 107.000000
1028 10569 107.000000
345 367 106.000000
532 533 106.000000
1004 10704 106.000000
1396 1418 106.000000
323 324 105.000000
1028 10916 105.000000
51 73 104.000000
680 702 103.000000
1003 10587 103.000000
1027 10365 103.000000
1048 10719 103.000000
1048 10839 103.000000
1049 10928 103.000000
1070 10933 103.000000
117 139 102.000000
1028 10732 102.000000
1028 10975 102.000000
1252 1274 102.000000
795 796 101.000000
850 872 101.000000
208 209 100.000000
533 534 100.000000
1086 1108 100.000000
1340 1362 100.000000
541 563 99.000000
1004 10890 99.000000
1047 10679 99.000000
1071 10928 99.000000
752 753 98.000000
753 754 98.000000
754 755 98.000000
755 756 98.000000
814 835 98.000000
833 834 98.000000
834 835 98.000000
1070 10719 98.000000
1070 10839 98.000000
1072 1094 98.000000
1364 1365 98.000000
1364 1385 98.000000
1365 1366 98.000000
1366 1367 98.000000
1384 1385 98.000000
823 824 97.000000
1048 10888 97.000000
1069 10811 97.000000
1156 1178 97.000000
1003 10206 94.000000
1182 1183 94.000000
729 730 93.000000
1048 10861 93.000000
1069 10745 93.000000
1244 1266 93.000000
959 981 92.000000
1004 10760 92.000000
1026 10825 92.000000
1509 1531 92.000000
10 10979 91.000000
832 833 91.000000
1091 10933 91.000000
324 325 90.000000
325 326 90.000000
326 327 90.000000
327 328 90.000000
481 503 90.000000
506 507 90.000000
506 527 90.000000
507 508 90.000000
508 509 90.000000
509 510 90.000000
510 511 90.000000
524 525 90.000000
525 526 90.000000
526 527 90.000000
1092 10935 90.000000
1401 1423 90.000000
554 555 89.000000
1069 10902 89.000000
1069 10921 89.000000
695 696 88.000000
696 697 88.000000
697 698 88.000000
698 699 88.000000
699 700 88.000000
700 701 88.000000
701 702 88.000000
1047 1069 88.000000
1069 10783 88.000000
1071 10744 88.000000
1476 1477 88.000000
1069 10951 87.000000
1332 1354 86.000000
568 590 85.000000
1025 10726 85.000000
1069 10825 84.000000
1069 10831 84.000000
1071 10805 84.000000
1224 1246 84.000000
1527 1549 84.000000
839 861 83.000000
1006 10916 83.000000
1021 10885 83.000000
187 188 82.000000
413 435 82.000000
607 608 82.000000
956 978 82.000000
1006 10145 82.000000
905 906 81.000000
906 907 81.000000
907 908 81.000000
908 909 81.000000
909 910 81.000000
1026 10725 81.000000
1069 10946 81.000000
1069 10949 81.000000
358 380 80.000000
546 568 80.000000
1183 1184 80.000000
318 340 79.000000
368 390 79.000000
1027 10445 79.000000
1027 10765 79.000000
1047 10816 79.000000
787 809 78.000000
1048 10933 78.000000
1069 10969 78.000000
1347 1369 78.000000
1027 10817 77.000000
872 894 76.000000
1006 10732 76.000000
1006 10975 76.000000
1046 10565 76.000000
1047 10522 76.000000
1068 1090 76.000000
1208 1230 76.000000
1399 1421 76.000000
75 97 75.000000
589 611 75.000000
1006 10569 75.000000
1184 1185 75.000000
344 366 74.000000
759 760 74.000000
1025 10522 74.000000
1025 10738 74.000000
1254 1255 74.000000
1254 1275 74.000000
1255 1256 74.000000
1256 1257 74.000000
1257 1258 74.000000
1258 1259 74.000000
1274 1275 74.000000
836 857 73.000000
855 856 73.000000
856 857 73.000000
1025 10476 73.000000
1048 10604 73.000000
1048 10765 73.000000
1048 10817 73.000000
163 185 72.000000
264 265 72.000000
265 266 72.000000
266 267 72.000000
1025 10484 72.000000
1025 10775 72.000000
1025 10848 72.000000
202 224 71.000000
1025 10505 71.000000
1179 1201 71.000000
1210 1211 71.000000
1210 1231 71.000000
1211 1212 71.000000
1212 1213 71.000000
1213 1214 71.000000
1214 1215 71.000000
1230 1231 71.000000
264 285 70.000000
284 285 70.000000
1021 10710 70.000000
1026 10587 70.000000
1462 1484 70.000000
1528 1550 70.000000
511 512 69.000000
940 962 69.000000
1025 10268 69.000000
1025 10380 69.000000
1025 10603 69.000000
1025 10703 69.000000
1025 10808 69.000000
1025 10816 69.000000
1025 10841 69.000000
1025 10877 69.000000
1025 10934 69.000000
1160 1161 69.000000
1484 1506 69.000000
737 738 68.000000
825 847 68.000000
1020 10630 68.000000
393 415 67.000000
475 497 67.000000
766 788 67.000000
985 986 67.000000
748 749 66.000000
748 769 66.000000
749 750 66.000000
750 751 66.000000
768 769 66.000000
1020 10552 66.000000
138 160 65.000000
346 368 65.000000
576 577 64.000000
577 578 64.000000
578 579 64.000000
579 580 64.000000
580 581 64.000000
581 582 64.000000
582 583 64.000000
583 584 64.000000
100 10566 63.000000
371 393 63.000000
767 768 63.000000
1025 10568 63.000000
1027 10604 63.000000
1069 10775 63.000000
1069 10848 63.000000
590 591 62.000000
591 592 62.000000
1005 1027 61.000000
380 402 60.000000
388 410 60.000000
1025 10539 60.000000
1049 10631 60.000000
1531 1532 60.000000
1020 10655 59.000000
1047 10738 59.000000
1047 10890 59.000000
1155 1177 59.000000
1188 1189 59.000000
1188 1209 59.000000
1189 1190 59.000000
1190 1191 59.000000
1191 1192 59.000000
1192 1193 59.000000
1276 1277 59.000000
1276 1297 59.000000
1277 1278 59.000000
1278 1279 59.000000
1296 1297 59.000000
1355 1377 59.000000
73 95 58.000000
816 817 58.000000
917 939 58.000000
1003 10070 58.000000
1183 1205 58.000000
1265 1287 58.000000
165 166 57.000000
166 167 57.000000
167 168 57.000000
168 169 57.000000
555 556 57.000000
867 889 57.000000
1003 10565 57.000000
50 72 56.000000
836 837 56.000000
837 838 56.000000
838 839 56.000000
1047 10934 56.000000
1268 1290 56.000000
1047 10603 55.000000
1047 10808 55.000000
1047 10877 55.000000
1112 1134 55.000000
144 145 54.000000
145 146 54.000000
146 147 54.000000
147 148 54.000000
674 675 54.000000
675 676 54.000000
676 677 54.000000
1090 10949 54.000000
1232 1233 54.000000
1232 1253 54.000000
1233 1234 54.000000
1234 1235 54.000000
1235 1236 54.000000
1236 1237 54.000000
1252 1253 54.000000
1003 10725 53.000000
1090 10946 53.000000
1178 1200 53.000000
1367 1368 53.000000
1461 1483 53.000000
546 547 52.000000
572 573 52.000000
572 593 52.000000
573 574 52.000000
574 575 52.000000
575 576 52.000000
592 593 52.000000
658 680 52.000000
389 411 51.000000
1025 10299 51.000000
1025 10903 51.000000
1064 1086 51.000000
1071 1072 51.000000
1323 1324 51.000000
1421 1443 51.000000
585 607 50.000000
1003 10522 50.000000
1003 10624 50.000000
1003 10726 50.000000
1047 10777 50.000000
1047 10810 50.000000
1047 10841 50.000000
1279 1280 50.000000
1280 1281 50.000000
518 519 49.000000
554 576 49.000000
1090 10965 49.000000
1417 1439 49.000000
29 51 48.000000
868 890 48.000000
1134 1156 48.000000
1237 1238 48.000000
349 350 47.000000
1047 10745 47.000000
1069 10725 47.000000
1193 1194 47.000000
1412 1434 47.000000
636 658 46.000000
861 862 46.000000
862 863 46.000000
863 864 46.000000
864 865 46.000000
865 866 46.000000
866 867 46.000000
1069 10777 46.000000
1069 10810 46.000000
519 520 45.000000
550 551 45.000000
550 571 45.000000
551 552 45.000000
552 553 45.000000
553 554 45.000000
568 569 45.000000
569 570 45.000000
570 571 45.000000
663 685 45.000000
817 818 45.000000
818 819 45.000000
819 820 45.000000
820 821 45.000000
898 899 45.000000
1003 10539 45.000000
1003 10738 45.000000
1025 10298 45.000000
1415 1437 45.000000
677 678 44.000000
678 679 44.000000
679 680 44.000000
736 737 44.000000
824 846 44.000000
1161 1183 44.000000
1308 1330 44.000000
1065 10919 43.000000
1068 10718 43.000000
1068 10788 43.000000
1068 10965 43.000000
1069 10903 42.000000
53 75 41.000000
743 744 41.000000
744 745 41.000000
1003 10810 41.000000
1071 10817 41.000000
1071 10861 41.000000
1357 1379 41.000000
1549 1571 41.000000
13 1575 40.000000
434 456 40.000000
1003 10777 40.000000
1006 10128 40.000000
1025 10565 40.000000
1025 10831 40.000000
1046 10506 40.000000
1065 10807 40.000000
629 651 39.000000
941 963 39.000000
963 964 39.000000
1003 10268 39.000000
1003 10603 39.000000
1003 10645 39.000000
1003 10808 39.000000
1003 10841 39.000000
1003 10877 39.000000
1003 10934 39.000000
1021 10300 39.000000
1046 10783 39.000000
1065 10791 39.000000
1286 1308 39.000000
1298 1299 39.000000
1299 1300 39.000000
1300 1301 39.000000
1301 1302 39.000000
1312 1334 39.000000
608 630 38.000000
821 822 38.000000
822 823 38.000000
890 912 38.000000
1003 10903 38.000000
1065 10683 38.000000
1069 10934 38.000000
1003 10299 37.000000
1047 10587 37.000000
93 94 36.000000
633 634 36.000000
634 635 36.000000
635 636 36.000000
742 743 36.000000
869 891 36.000000
1020 10341 36.000000
1020 10572 36.000000
1021 10647 36.000000
1022 10394 36.000000
1022 10525 36.000000
1022 10792 36.000000
1022 11000 36.000000
1065 10684 36.000000
1065 10706 36.000000
1324 1325 36.000000
1353 1375 36.000000
1397 1419 36.000000
186 208 35.000000
208 230 35.000000
323 345 35.000000
673 674 35.000000
751 752 35.000000
1046 10484 35.000000
1065 10671 35.000000
137 159 34.000000
284 306 34.000000
852 874 34.000000
1047 10725 34.000000
33 55 33.000000
275 276 33.000000
276 277 33.000000
277 278 33.000000
278 279 33.000000
279 280 33.000000
280 281 33.000000
281 282 33.000000
282 283 33.000000
283 284 33.000000
1022 10833 33.000000
1046 10505 33.000000
1047 10825 33.000000
1100 1101 33.000000
1100 1121 33.000000
1101 1102 33.000000
1102 1103 33.000000
1103 1104 33.000000
1104 1105 33.000000
1105 1106 33.000000
1106 1107 33.000000
1120 1121 33.000000
1129 1151 33.000000
1161 1162 33.000000
1346 1368 33.000000
1483 1505 33.000000
203 225 32.000000
328 350 32.000000
911 933 32.000000
1002 10842 32.000000
1042 10440 32.000000
1046 10775 32.000000
1046 10848 32.000000
223 224 31.000000
977 999 31.000000
1022 10355 31.000000
1043 11000 31.000000
1135 1157 31.000000
1136 1158 31.000000
1298 1319 31.000000
1317 1318 31.000000
1318 1319 31.000000
522 544 30.000000
738 739 30.000000
739 740 30.000000
740 741 30.000000
741 742 30.000000
743 765 30.000000
1004 1026 30.000000
1020 10537 30.000000
1024 1046 30.000000
1226 1248 30.000000
431 453 29.000000
1004 10670 29.000000
1021 10437 29.000000
1021 10636 29.000000
1311 1333 29.000000
480 502 27.000000
858 859 27.000000
858 879 27.000000
859 860 27.000000
860 861 27.000000
876 877 27.000000
877 878 27.000000
878 879 27.000000
1003 10298 27.000000
1021 10210 27.000000
1068 10842 27.000000
1413 1435 27.000000
1065 10885 26.000000
721 743 25.000000
946 947 25.000000
947 948 25.000000
1069 10738 25.000000
1069 10808 25.000000
1069 10877 25.000000
1162 1163 25.000000
1163 1164 25.000000
1187 1209 25.000000
1199 1221 25.000000
296 297 24.000000
297 298 24.000000
298 299 24.000000
299 300 24.000000
894 916 24.000000
1069 10816 24.000000
1072 10732 24.000000
1138 1160 24.000000
1348 1370 24.000000
1439 1461 24.000000
118 140 23.000000
742 764 23.000000
946 967 23.000000
954 955 23.000000
955 977 23.000000
964 965 23.000000
965 966 23.000000
966 967 23.000000
1046 10640 23.000000
1046 10831 23.000000
1069 10841 23.000000
1093 1094 23.000000
1166 1167 23.000000
1166 1187 23.000000
1167 1168 23.000000
1168 1169 23.000000
1169 1170 23.000000
1170 1171 23.000000
1171 1172 23.000000
1314 1336 23.000000
1510 1532 23.000000
773 774 22.000000
774 775 22.000000
775 776 22.000000
776 777 22.000000
777 778 22.000000
778 779 22.000000
779 780 22.000000
1043 10897 22.000000
1069 10703 22.000000
1172 1173 22.000000
1270 1292 22.000000
1474 1475 22.000000
1474 1495 22.000000
1475 1476 22.000000
1488 1489 22.000000
1489 1490 22.000000
1490 1491 22.000000
1491 1492 22.000000
1492 1493 22.000000
1493 1494 22.000000
1494 1495 22.000000
240 262 21.000000
910 911 21.000000
1021 10338 21.000000
1043 10525 21.000000
1043 10792 21.000000
1091 1113 21.000000
1443 1465 21.000000
1546 1547 21.000000
136 137 20.000000
394 416 20.000000
445 467 20.000000
716 717 20.000000
1020 10884 20.000000
1259 1281 20.000000
1400 1422 20.000000
1550 1572 20.000000
100 10767 19.000000
100 10794 19.000000
100 10826 19.000000
100 10963 19.000000
183 205 19.000000
205 227 19.000000
758 759 19.000000
770 792 19.000000
788 810 19.000000
1020 10353 19.000000
1020 10978 19.000000
1098 1120 19.000000
1351 1373 19.000000
814 836 18.000000
1021 10320 18.000000
1021 10683 18.000000
1049 10805 18.000000
1157 1179 18.000000
1172 1194 18.000000
1263 1285 18.000000
383 405 17.000000
693 694 17.000000
702 724 17.000000
1021 10791 17.000000
682 703 16.000000
685 686 16.000000
686 687 16.000000
687 688 16.000000
688 689 16.000000
689 690 16.000000
690 691 16.000000
691 692 16.000000
692 693 16.000000
702 703 16.000000
1021 10284 16.000000
1021 10289 16.000000
1021 10440 16.000000
1021 10479 16.000000
1043 10833 16.000000
1315 1337 16.000000
1373 1395 16.000000
1444 1466 16.000000
300 301 15.000000
301 302 15.000000
302 303 15.000000
303 304 15.000000
304 305 15.000000
305 306 15.000000
324 346 15.000000
620 621 15.000000
621 622 15.000000
622 623 15.000000
623 624 15.000000
624 625 15.000000
625 626 15.000000
626 627 15.000000
627 628 15.000000
660 661 15.000000
661 662 15.000000
662 663 15.000000
831 853 15.000000
927 928 15.000000
928 929 15.000000
929 930 15.000000
930 931 15.000000
931 932 15.000000
1049 1071 15.000000
1151 1173 15.000000
1324 1346 15.000000
100 101 14.000000
101 10173 14.000000
141 163 14.000000
715 716 14.000000
780 802 14.000000
932 933 14.000000
1048 1070 14.000000
1260 1282 14.000000
414 436 13.000000
436 458 13.000000
1021 1043 13.000000
1043 10538 13.000000
1046 10568 13.000000
1046 10575 13.000000
1046 10664 13.000000
1046 10718 13.000000
1046 10788 13.000000
1046 10965 13.000000
1090 10903 13.000000
1090 10934 13.000000
1090 10969 13.000000
1184 1206 13.000000
1241 1263 13.000000
185 207 12.000000
207 229 12.000000
220 221 12.000000
220 241 12.000000
221 222 12.000000
222 223 12.000000
240 241 12.000000
286 308 12.000000
387 409 12.000000
425 447 12.000000
523 545 12.000000
611 612 12.000000
612 613 12.000000
613 614 12.000000
677 699 12.000000
694 695 12.000000
699 721 12.000000
912 934 12.000000
1078 1079 12.000000
1078 1099 12.000000
1079 1080 12.000000
1080 1081 12.000000
1081 1082 12.000000
1082 1083 12.000000
1083 1084 12.000000
1084 1085 12.000000
1090 10902 12.000000
1090 10921 12.000000
1090 10951 12.000000
1098 1099 12.000000
1193 1215 12.000000
135 157 11.000000
594 595 11.000000
594 615 11.000000
595 596 11.000000
596 597 11.000000
614 615 11.000000
614 636 11.000000
1042 10636 11.000000
1043 10706 11.000000
1047 10645 11.000000
1430 1431 11.000000
1430 1451 11.000000
1431 1432 11.000000
1449 1450 11.000000
1450 1451 11.000000
11 33 10.000000
135 136 10.000000
136 158 10.000000
143 165 10.000000
180 202 10.000000
226 248 10.000000
248 270 10.000000
365 387 10.000000
592 614 10.000000
682 683 10.000000
683 684 10.000000
684 685 10.000000
832 854 10.000000
839 840 10.000000
840 841 10.000000
841 842 10.000000
842 843 10.000000
843 844 10.000000
844 845 10.000000
1144 1145 10.000000
1144 1165 10.000000
1145 1146 10.000000
1146 1147 10.000000
1147 1148 10.000000
1148 1149 10.000000
1149 1150 10.000000
1150 1151 10.000000
1289 1311 10.000000
120 142 9.000000
300 322 9.000000
391 413 9.000000
655 656 9.000000
656 657 9.000000
657 658 9.000000
660 681 9.000000
680 681 9.000000
1087 11000 9.000000
1164 1165 9.000000
1264 1286 9.000000
1279 1301 9.000000
1301 1323 9.000000
1480 1502 9.000000
100 10295 8.000000
100 10328 8.000000
231 232 8.000000
232 233 8.000000
233 234 8.000000
234 235 8.000000
235 236 8.000000
236 237 8.000000
237 238 8.000000
238 239 8.000000
239 240 8.000000
649 650 8.000000
650 651 8.000000
726 727 8.000000
726 747 8.000000
727 728 8.000000
728 729 8.000000
730 752 8.000000
745 746 8.000000
746 747 8.000000
817 839 8.000000
1092 1114 8.000000
1162 1184 8.000000
1298 1320 8.000000
1302 1303 8.000000
1330 1352 8.000000
1452 1453 8.000000
1452 1473 8.000000
1453 1454 8.000000
1454 1455 8.000000
1467 1468 8.000000
1468 1469 8.000000
1469 1470 8.000000
1470 1471 8.000000
1471 1472 8.000000
1472 1473 8.000000
49 50 7.000000
49 71 7.000000
567 589 7.000000
845 867 7.000000
880 901 7.000000
899 900 7.000000
900 901 7.000000
1042 10437 7.000000
1042 10545 7.000000
1042 10710 7.000000
1046 10842 7.000000
1076 1098 7.000000
1243 1265 7.000000
1309 1331 7.000000
1367 1389 7.000000
1374 1396 7.000000
252 253 6.000000
253 254 6.000000
254 255 6.000000
255 256 6.000000
256 257 6.000000
257 258 6.000000
258 259 6.000000
259 260 6.000000
260 261 6.000000
261 262 6.000000
262 284 6.000000
423 445 6.000000
501 523 6.000000
563 585 6.000000
660 682 6.000000
795 817 6.000000
807 829 6.000000
880 881 6.000000
881 882 6.000000
882 883 6.000000
1064 10771 6.000000
1072 1073 6.000000
1073 1074 6.000000
1074 1075 6.000000
1075 1076 6.000000
1092 10941 6.000000
1228 1250 6.000000
1237 1259 6.000000
1290 1312 6.000000
1326 1348 6.000000
1445 1467 6.000000
10 1572 5.000000
401 423 5.000000
1020 10543 5.000000
1020 10579 5.000000
1020 10588 5.000000
1043 10684 5.000000
1063 1064 5.000000
1242 1264 5.000000
1368 1390 5.000000
1369 1391 5.000000
1553 1575 5.000000
641 663 4.000000
651 652 4.000000
652 653 4.000000
653 654 4.000000
654 655 4.000000
759 781 4.000000
760 782 4.000000
896 918 4.000000
924 925 4.000000
924 945 4.000000
925 926 4.000000
926 927 4.000000
942 943 4.000000
943 944 4.000000
944 945 4.000000
1020 10226 4.000000
1028 10805 4.000000
1273 1295 4.000000
348 370 3.000000
532 554 3.000000
586 608 3.000000
638 639 3.000000
638 659 3.000000
639 640 3.000000
640 641 3.000000
658 659 3.000000
845 846 3.000000
902 903 3.000000
902 923 3.000000
903 904 3.000000
904 905 3.000000
920 921 3.000000
921 922 3.000000
922 923 3.000000
933 955 3.000000
1087 10897 3.000000
1194 1216 3.000000
1393 1415 3.000000
1547 1569 3.000000
264 286 2.000000
314 336 2.000000
336 358 2.000000
789 811 2.000000
883 884 2.000000
884 885 2.000000
885 886 2.000000
886 887 2.000000
887 888 2.000000
888 889 2.000000
946 968 2.000000
968 989 2.000000
986 987 2.000000
987 988 2.000000
988 989 2.000000
1325 1347 2.000000
1356 1378 2.000000
1371 1393 2.000000
1411 1433 2.000000
122 123 1.000000
123 124 1.000000
124 125 1.000000
125 126 1.000000
126 148 1.000000
132 133 1.000000
132 153 1.000000
133 134 1.000000
134 135 1.000000
148 149 1.000000
149 150 1.000000
150 151 1.000000
151 152 1.000000
152 153 1.000000
191 192 1.000000
192 193 1.000000
193 194 1.000000
194 195 1.000000
195 196 1.000000
196 218 1.000000
218 240 1.000000
296 318 1.000000
432 454 1.000000
616 617 1.000000
616 637 1.000000
617 618 1.000000
618 619 1.000000
619 641 1.000000
636 637 1.000000
786 808 1.000000
806 828 1.000000
828 850 1.000000
836 858 1.000000
858 880 1.000000
932 954 1.000000
1029 1030 1.000000
1030 1031 1.000000
1031 1032 1.000000
1032 1054 1.000000
1043 10551 1.000000
1043 10671 1.000000
1043 10885 1.000000
1043 10919 1.000000
1054 1076 1.000000
1090 1112 1.000000
1137 1159 1.000000
1165 1187 1.000000
1185 1186 1.000000
1186 1187 1.000000
1221 1243 1.000000
1227 1249 1.000000
1352 1374 1.000000
1372 1394 1.000000
1414 1436 1.000000
1436 1458 1.000000
1546 1568 1.000000
