365 366 16673.000000
366 367 16673.000000
367 368 16673.000000
1380 1381 13894.000000
364 365 13418.000000
1402 1403 13239.000000
368 369 12648.000000
1379 1380 11997.000000
1205 1206 11651.000000
1358 1359 11357.000000
1381 1382 11248.000000
1400 1401 10697.000000
409 410 10676.000000
410 411 10676.000000
411 412 10676.000000
1417 1418 10437.000000
386 387 10420.000000
387 388 10420.000000
388 389 10420.000000
389 390 10420.000000
412 413 10353.000000
1401 1402 9789.000000
369 370 9788.000000
1161 1162 9667.000000
1419 1420 9648.000000
1226 1227 9554.000000
1069 1070 9432.000000
1070 1071 9432.000000
1418 1419 9346.000000
1420 1421 9329.000000
1204 1205 9184.000000
1399 1400 9153.000000
12 13 9132.000000
1378 1379 8961.000000
1424 1425 8915.000000
1421 1422 8852.000000
1293 1294 8687.000000
1423 1424 8673.000000
13 14 8493.000000
1337 1338 8484.000000
1422 1423 8422.000000
34 35 8319.000000
1025 1026 8091.000000
1026 1027 8091.000000
1027 1028 8091.000000
1249 1250 7994.000000
1203 1204 7959.000000
385 386 7909.000000
408 409 7887.000000
1225 1226 7567.000000
1162 1163 7449.000000
1072 1073 7417.000000
275 276 7410.000000
1416 1417 7279.000000
1336 1337 7182.000000
14 15 7175.000000
1068 1069 7156.000000
319 320 7021.000000
1071 1072 6854.000000
1357 1358 6842.000000
1224 1225 6824.000000
1160 1161 6771.000000
1335 1336 6654.000000
35 36 6644.000000
231 232 6521.000000
413 414 6458.000000
1377 1378 6431.000000
253 254 6311.000000
390 391 6286.000000
370 371 6274.000000
1396 1397 6208.000000
10 11 6142.000000
1206 1207 6045.000000
32 33 6040.000000
457 458 6012.000000
1139 1140 5990.000000
1550 1551 5906.000000
1395 1396 5887.000000
1551 1552 5884.000000
1359 1360 5883.000000
1397 1398 5834.000000
1398 1399 5781.000000
1248 1249 5742.000000
11 12 5684.000000
1003 1004 5615.000000
1004 1005 5615.000000
33 34 5580.000000
1067 1068 5564.000000
1292 1293 5496.000000
1138 1139 5431.000000
1117 1118 5396.000000
1116 1117 5393.000000
31 32 5384.000000
318 319 5361.000000
391 392 5135.000000
500 501 5134.000000
1356 1357 5121.000000
188 189 4974.000000
1137 1138 4935.000000
1159 1160 4844.000000
1294 1295 4841.000000
1334 1335 4830.000000
1207 1208 4793.000000
1199 1200 4760.000000
1200 1201 4760.000000
1201 1202 4760.000000
1394 1395 4739.000000
1250 1251 4730.000000
1227 1228 4708.000000
343 344 4682.000000
344 345 4682.000000
345 346 4682.000000
346 347 4682.000000
458 459 4674.000000
452 453 4630.000000
453 454 4630.000000
454 455 4630.000000
455 456 4630.000000
1183 1184 4565.000000
1355 1356 4559.000000
1024 1025 4451.000000
1247 1248 4451.000000
1182 1183 4364.000000
1294 1316 4343.000000
982 983 4342.000000
983 984 4342.000000
1028 1029 4338.000000
501 502 4283.000000
496 497 4209.000000
497 498 4209.000000
498 499 4209.000000
499 500 4209.000000
1140 1141 4196.000000
15 16 4131.000000
1118 1119 4110.000000
368 390 4046.000000
100 101 3979.000000
77 78 3970.000000
162 163 3957.000000
56 57 3923.000000
297 298 3922.000000
342 343 3908.000000
981 982 3905.000000
1046 1047 3860.000000
1047 1048 3860.000000
1048 1049 3860.000000
427 428 3843.000000
1506 1507 3838.000000
1507 1508 3838.000000
1291 1292 3820.000000
1552 1553 3767.000000
363 364 3743.000000
1073 1074 3741.000000
1466 1467 3733.000000
456 457 3698.000000
478 479 3685.000000
1489 1490 3666.000000
1290 1291 3652.000000
1198 1199 3637.000000
1467 1468 3601.000000
232 233 3551.000000
36 37 3531.000000
1488 1489 3521.000000
1508 1509 3512.000000
1445 1446 3476.000000
1029 1030 3468.000000
1528 1529 3468.000000
1002 1003 3467.000000
1181 1182 3458.000000
1468 1469 3444.000000
1440 1441 3414.000000
414 415 3409.000000
1373 1374 3409.000000
121 122 3370.000000
1005 1006 3359.000000
1444 1445 3358.000000
565 566 3353.000000
276 298 3336.000000
120 121 3332.000000
185 186 3325.000000
1376 1377 3321.000000
320 321 3316.000000
854 855 3278.000000
1484 1485 3264.000000
186 187 3250.000000
430 431 3214.000000
431 432 3214.000000
432 433 3214.000000
433 434 3214.000000
1228 1229 3213.000000
1202 1203 3199.000000
384 385 3188.000000
1374 1375 3150.000000
1375 1376 3150.000000
319 341 3091.000000
1441 1442 3062.000000
1443 1444 3047.000000
459 460 3033.000000
163 164 3020.000000
75 76 2963.000000
252 253 2947.000000
1487 1488 2940.000000
341 342 2929.000000
1446 1447 2893.000000
1465 1466 2880.000000
232 254 2828.000000
76 77 2818.000000
1529 1530 2801.000000
1220 1221 2776.000000
1221 1222 2776.000000
1222 1223 2776.000000
1223 1224 2776.000000
78 79 2774.000000
407 408 2769.000000
1251 1252 2761.000000
296 297 2755.000000
1208 1209 2752.000000
1354 1355 2748.000000
985 986 2733.000000
811 812 2727.000000
1313 1314 2723.000000
1023 1024 2712.000000
209 210 2684.000000
1050 1051 2661.000000
1442 1443 2658.000000
875 876 2635.000000
544 545 2621.000000
187 188 2614.000000
1372 1373 2605.000000
1271 1272 2599.000000
164 165 2577.000000
1485 1486 2558.000000
502 503 2542.000000
1115 1116 2541.000000
1112 1113 2531.000000
1113 1114 2531.000000
1114 1115 2531.000000
474 475 2517.000000
475 476 2517.000000
476 477 2517.000000
477 478 2517.000000
479 480 2487.000000
210 211 2486.000000
1001 1002 2485.000000
1229 1230 2451.000000
1314 1315 2432.000000
1268 1269 2425.000000
415 416 2413.000000
1133 1134 2411.000000
1134 1135 2411.000000
1135 1136 2411.000000
1438 1439 2411.000000
1439 1440 2411.000000
1269 1270 2399.000000
480 481 2393.000000
435 436 2388.000000
1176 1177 2361.000000
1177 1178 2361.000000
1178 1179 2361.000000
1179 1180 2361.000000
451 452 2352.000000
101 10118 2351.000000
142 143 2340.000000
936 937 2338.000000
1351 1352 2326.000000
1352 1353 2326.000000
1353 1354 2326.000000
1393 1394 2315.000000
1119 1141 2313.000000
1315 1316 2296.000000
254 255 2284.000000
428 429 2276.000000
371 372 2268.000000
876 877 2267.000000
429 430 2265.000000
276 277 2259.000000
1554 1555 2259.000000
1509 1510 2251.000000
274 275 2249.000000
165 166 2247.000000
566 567 2231.000000
55 56 2230.000000
1510 1511 2224.000000
588 589 2218.000000
1005 10407 2217.000000
98 99 2202.000000
587 588 2194.000000
1006 1007 2190.000000
1553 1554 2185.000000
1555 1556 2177.000000
1486 1487 2174.000000
1511 1512 2173.000000
984 985 2167.000000
1415 1416 2142.000000
228 229 2129.000000
229 230 2129.000000
851 852 2094.000000
852 853 2094.000000
1270 1271 2085.000000
959 960 2074.000000
960 961 2074.000000
961 962 2074.000000
119 120 2068.000000
184 185 2038.000000
97 98 2036.000000
853 854 2035.000000
980 981 2026.000000
1312 1313 2007.000000
1090 1091 1997.000000
1091 1092 1997.000000
1092 1093 1997.000000
1530 1531 1990.000000
161 162 1979.000000
372 373 1960.000000
501 523 1941.000000
434 435 1937.000000
1136 1137 1934.000000
370 392 1922.000000
101 102 1913.000000
122 123 1908.000000
807 808 1895.000000
808 809 1895.000000
809 810 1890.000000
227 228 1889.000000
986 987 1878.000000
1045 1046 1861.000000
810 811 1847.000000
1242 1243 1842.000000
1243 1244 1842.000000
1244 1245 1842.000000
298 320 1812.000000
1531 1532 1812.000000
53 54 1799.000000
393 394 1784.000000
54 55 1774.000000
1532 1533 1769.000000
123 124 1768.000000
143 144 1761.000000
471 472 1752.000000
321 322 1746.000000
322 323 1746.000000
323 324 1746.000000
1155 1156 1742.000000
1156 1157 1742.000000
1157 1158 1742.000000
1007 1008 1739.000000
1158 1159 1735.000000
324 325 1725.000000
392 393 1725.000000
1094 1095 1721.000000
1333 1334 1710.000000
141 142 1699.000000
1360 1361 1688.000000
450 451 1686.000000
449 450 1676.000000
1089 1090 1669.000000
1425 1447 1663.000000
460 461 1662.000000
1382 1383 1645.000000
230 231 1642.000000
1464 1465 1638.000000
1437 1438 1633.000000
189 190 1620.000000
1463 1464 1601.000000
898 899 1595.000000
436 437 1581.000000
894 895 1581.000000
895 896 1581.000000
896 897 1581.000000
1481 1482 1580.000000
1482 1483 1580.000000
1162 1184 1571.000000
1462 1463 1571.000000
1246 1247 1558.000000
1272 1273 1558.000000
1049 1050 1553.000000
938 939 1537.000000
939 940 1537.000000
1533 1534 1527.000000
472 473 1526.000000
79 80 1524.000000
1180 1181 1520.000000
1295 1296 1501.000000
1338 1339 1494.000000
166 167 1485.000000
855 856 1473.000000
1118 1140 1472.000000
1132 1133 1457.000000
459 481 1444.000000
937 938 1434.000000
275 297 1423.000000
1381 1403 1418.000000
1307 1308 1407.000000
1308 1309 1407.000000
1309 1310 1407.000000
764 765 1394.000000
765 766 1394.000000
766 767 1394.000000
1460 1461 1392.000000
1461 1462 1392.000000
438 439 1387.000000
1483 1484 1385.000000
1350 1351 1383.000000
206 207 1381.000000
207 208 1381.000000
437 438 1381.000000
942 943 1373.000000
102 10345 1359.000000
899 900 1354.000000
1093 1094 1345.000000
394 395 1341.000000
941 942 1341.000000
1245 1246 1337.000000
457 479 1326.000000
320 342 1322.000000
406 407 1320.000000
767 768 1308.000000
440 461 1303.000000
1119 1120 1296.000000
205 206 1284.000000
1051 1052 1279.000000
812 813 1276.000000
1310 1311 1268.000000
1339 1340 1264.000000
1311 1312 1243.000000
325 347 1239.000000
1206 1228 1239.000000
1338 1360 1238.000000
872 873 1222.000000
873 874 1222.000000
874 875 1222.000000
1028 10946 1214.000000
416 417 1205.000000
832 833 1175.000000
1273 1274 1172.000000
231 253 1171.000000
503 504 1151.000000
785 786 1132.000000
786 787 1132.000000
787 788 1132.000000
374 395 1121.000000
1006 10357 1110.000000
187 209 1109.000000
940 941 1109.000000
208 209 1104.000000
458 480 1103.000000
383 384 1100.000000
877 878 1095.000000
897 898 1094.000000
788 789 1088.000000
1111 1112 1082.000000
340 341 1078.000000
958 959 1075.000000
1371 1372 1071.000000
1425 1426 1070.000000
1029 1051 1046.000000
396 417 1040.000000
189 211 1034.000000
362 363 1031.000000
1073 1095 1024.000000
427 449 1023.000000
1512 1513 1021.000000
233 255 1014.000000
100 10081 1012.000000
1030 1031 1011.000000
57 58 994.000000
494 495 977.000000
495 496 977.000000
920 921 972.000000
1528 1550 972.000000
347 348 960.000000
473 474 960.000000
919 920 958.000000
871 872 954.000000
1503 1504 938.000000
1504 1505 938.000000
1505 1506 938.000000
943 944 935.000000
352 373 929.000000
792 813 917.000000
288 289 913.000000
289 290 913.000000
290 291 913.000000
291 292 913.000000
292 293 913.000000
118 119 908.000000
1046 10628 906.000000
1418 1440 902.000000
233 234 892.000000
546 547 888.000000
330 351 882.000000
481 482 876.000000
482 483 875.000000
893 894 871.000000
493 494 870.000000
143 165 854.000000
1349 1350 853.000000
144 145 852.000000
1252 1253 846.000000
293 294 840.000000
294 295 840.000000
856 857 840.000000
364 386 839.000000
254 276 836.000000
297 319 835.000000
504 505 831.000000
789 790 825.000000
1320 1341 822.000000
1340 1341 822.000000
331 332 819.000000
332 333 819.000000
333 334 819.000000
334 335 819.000000
335 336 819.000000
336 337 819.000000
337 338 819.000000
338 339 819.000000
349 350 818.000000
350 351 818.000000
525 526 815.000000
222 223 809.000000
223 224 809.000000
224 225 809.000000
225 226 809.000000
1572 1573 806.000000
916 917 805.000000
917 918 805.000000
1008 1009 801.000000
526 527 800.000000
287 288 792.000000
1208 1230 785.000000
10 10137 775.000000
547 548 771.000000
1480 1481 767.000000
1394 1416 764.000000
418 439 763.000000
1316 1317 757.000000
1459 1460 757.000000
1188 1209 756.000000
1088 1089 755.000000
58 59 751.000000
1484 1506 738.000000
870 871 734.000000
1574 1575 725.000000
226 227 722.000000
1306 1307 721.000000
524 525 720.000000
806 807 707.000000
1329 1330 704.000000
183 184 701.000000
298 299 701.000000
1330 1331 701.000000
1331 1332 701.000000
828 829 697.000000
829 830 697.000000
830 831 697.000000
1163 1164 687.000000
831 832 681.000000
12 34 680.000000
770 791 677.000000
348 349 672.000000
1573 1574 672.000000
272 273 670.000000
273 274 670.000000
827 828 670.000000
790 791 658.000000
1328 1329 658.000000
567 568 657.000000
74 75 655.000000
405 406 655.000000
397 398 651.000000
398 399 651.000000
399 400 651.000000
400 401 651.000000
401 402 651.000000
402 403 651.000000
403 404 651.000000
418 419 651.000000
419 420 651.000000
420 421 651.000000
421 422 651.000000
422 423 651.000000
423 424 651.000000
424 425 651.000000
425 426 651.000000
1364 1385 651.000000
1383 1384 651.000000
1384 1385 651.000000
426 427 649.000000
1286 1287 648.000000
1287 1288 648.000000
1288 1289 648.000000
1185 1186 644.000000
1250 1272 643.000000
404 405 641.000000
545 546 638.000000
1184 1185 631.000000
140 141 629.000000
1289 1290 621.000000
1332 1333 621.000000
1074 1096 620.000000
341 363 616.000000
850 851 616.000000
10 10753 605.000000
339 340 597.000000
921 922 597.000000
1395 1417 595.000000
918 919 592.000000
369 391 587.000000
1295 1317 587.000000
523 524 584.000000
1025 10628 583.000000
10 10147 579.000000
768 769 579.000000
1207 1229 569.000000
900 901 567.000000
805 806 561.000000
10 10637 551.000000
567 589 547.000000
102 103 546.000000
1267 1268 546.000000
964 965 544.000000
963 964 541.000000
100 122 536.000000
1030 1052 535.000000
1241 1242 535.000000
1317 1318 535.000000
1263 1264 533.000000
1264 1265 533.000000
1265 1266 533.000000
1266 1267 533.000000
230 252 532.000000
1502 1503 528.000000
548 549 527.000000
962 963 527.000000
1175 1176 527.000000
1072 1094 525.000000
10 10185 524.000000
10 10467 523.000000
10 10623 523.000000
10 10722 521.000000
915 916 518.000000
145 146 516.000000
484 505 514.000000
1276 1297 511.000000
1490 1491 507.000000
832 854 506.000000
1245 1267 505.000000
325 326 500.000000
937 959 498.000000
209 231 495.000000
1403 1404 491.000000
342 364 489.000000
1276 1277 489.000000
720 721 483.000000
721 722 483.000000
722 723 483.000000
167 168 478.000000
1164 1186 475.000000
352 353 474.000000
1296 1297 474.000000
1197 1198 472.000000
1262 1263 470.000000
371 393 465.000000
462 463 460.000000
463 464 460.000000
464 465 460.000000
465 466 460.000000
466 467 460.000000
467 468 460.000000
468 469 460.000000
469 470 460.000000
1188 1189 460.000000
1029 10933 459.000000
413 435 458.000000
1050 10681 456.000000
1219 1220 455.000000
100 10713 444.000000
295 296 444.000000
396 418 444.000000
617 639 444.000000
1095 1096 440.000000
940 962 438.000000
1154 1155 437.000000
1342 1363 433.000000
1361 1362 433.000000
1362 1363 433.000000
1006 10745 429.000000
375 376 428.000000
376 377 428.000000
377 378 428.000000
378 379 428.000000
379 380 428.000000
380 381 428.000000
381 382 428.000000
382 383 428.000000
1006 10331 428.000000
100 10925 426.000000
1298 1319 422.000000
1318 1319 422.000000
589 590 418.000000
590 591 418.000000
591 592 418.000000
1176 1198 416.000000
34 56 415.000000
10 10111 413.000000
470 471 407.000000
1364 1365 406.000000
833 834 405.000000
1045 10548 404.000000
1007 10457 403.000000
405 427 400.000000
1007 10079 399.000000
1031 10658 399.000000
1392 1393 397.000000
1025 10320 390.000000
414 436 389.000000
1051 10544 389.000000
361 362 387.000000
310 311 386.000000
311 312 386.000000
312 313 386.000000
313 314 386.000000
314 315 386.000000
315 316 386.000000
316 317 386.000000
317 318 386.000000
353 354 385.000000
354 355 385.000000
355 356 385.000000
356 357 385.000000
357 358 385.000000
358 359 385.000000
359 360 385.000000
360 361 385.000000
10 10376 383.000000
373 395 377.000000
1506 1528 369.000000
100 10938 368.000000
416 438 366.000000
318 340 358.000000
1001 10093 354.000000
100 10435 353.000000
1337 1359 352.000000
1251 1273 348.000000
1232 1233 344.000000
1232 1253 344.000000
13 35 342.000000
1006 10171 338.000000
849 850 335.000000
616 617 334.000000
616 637 334.000000
636 637 334.000000
987 988 334.000000
412 434 332.000000
768 790 330.000000
10 10690 329.000000
1186 1187 329.000000
124 125 327.000000
33 55 326.000000
878 879 325.000000
1342 1343 325.000000
440 462 324.000000
1576 1577 324.000000
80 81 322.000000
914 915 321.000000
1254 1275 321.000000
1274 1275 321.000000
440 441 320.000000
441 442 320.000000
442 443 320.000000
443 444 320.000000
444 445 320.000000
445 446 320.000000
446 447 320.000000
447 448 320.000000
480 502 318.000000
592 593 318.000000
55 77 317.000000
1003 10095 316.000000
1067 10768 315.000000
100 10287 313.000000
1166 1187 313.000000
1002 10710 312.000000
1046 10814 311.000000
1487 1509 311.000000
100 10040 309.000000
372 394 308.000000
767 789 307.000000
125 126 306.000000
126 127 306.000000
127 128 306.000000
569 570 303.000000
723 724 303.000000
737 738 300.000000
738 739 300.000000
1028 1050 299.000000
733 734 297.000000
734 735 297.000000
735 736 297.000000
736 737 297.000000
545 567 296.000000
1068 10757 294.000000
448 449 292.000000
1068 10741 290.000000
1024 10285 287.000000
1575 1576 286.000000
106 128 283.000000
631 632 283.000000
856 878 282.000000
1028 10951 281.000000
471 493 280.000000
1556 1557 279.000000
1006 10225 278.000000
1046 10791 278.000000
1327 1328 278.000000
104 105 277.000000
105 106 277.000000
965 966 276.000000
1029 10704 275.000000
1024 10771 274.000000
1045 10543 274.000000
1024 10547 272.000000
1117 1139 271.000000
1321 1322 271.000000
449 471 270.000000
1003 10538 270.000000
1029 10777 269.000000
415 437 268.000000
363 385 266.000000
1161 1183 266.000000
270 271 265.000000
271 272 265.000000
1001 10884 265.000000
1291 1313 265.000000
1003 10684 264.000000
633 634 262.000000
634 635 262.000000
635 636 262.000000
1046 10807 262.000000
1050 10703 262.000000
1374 1396 262.000000
944 945 261.000000
146 147 260.000000
1029 10839 258.000000
326 327 257.000000
836 857 257.000000
962 984 257.000000
139 140 255.000000
456 478 255.000000
1067 10945 255.000000
326 348 253.000000
255 277 251.000000
609 610 251.000000
1025 10326 251.000000
396 397 249.000000
438 460 249.000000
568 569 249.000000
100 10950 248.000000
1002 10300 248.000000
1025 10264 248.000000
1025 10482 248.000000
1025 10919 248.000000
1045 10579 248.000000
1045 10588 248.000000
330 352 247.000000
500 522 247.000000
1009 10216 247.000000
1073 10765 246.000000
100 10971 245.000000
1025 10671 245.000000
1046 1068 245.000000
1252 1274 245.000000
37 38 244.000000
1002 10647 244.000000
1028 10386 244.000000
1164 1165 244.000000
56 78 243.000000
1028 10640 243.000000
1029 10429 243.000000
1044 1045 242.000000
308 329 241.000000
327 328 241.000000
328 329 241.000000
803 804 240.000000
1067 10688 240.000000
1067 10962 240.000000
1230 1231 240.000000
1003 10897 239.000000
248 249 238.000000
1067 10773 238.000000
1067 10854 238.000000
1028 10842 236.000000
340 362 235.000000
804 805 235.000000
1003 10394 235.000000
460 482 234.000000
1009 10128 234.000000
763 764 233.000000
1028 10575 232.000000
1028 10969 232.000000
200 222 231.000000
1006 10450 231.000000
1028 10718 231.000000
1029 10645 231.000000
200 201 230.000000
201 202 230.000000
202 203 230.000000
203 204 230.000000
204 205 230.000000
1006 10506 230.000000
1006 10783 230.000000
1025 10278 228.000000
1320 1321 228.000000
1001 10261 227.000000
1028 10407 227.000000
1003 10355 226.000000
784 785 225.000000
1006 10505 224.000000
1006 10775 224.000000
249 250 223.000000
250 251 223.000000
251 252 223.000000
1144 1165 223.000000
1348 1349 223.000000
462 483 222.000000
548 570 222.000000
1050 10955 221.000000
1002 10057 220.000000
1008 10631 220.000000
1001 10422 219.000000
1001 10480 219.000000
1050 10949 218.000000
1189 1190 217.000000
16 17 216.000000
1025 10885 216.000000
1050 10890 216.000000
522 523 215.000000
748 769 215.000000
1001 10353 215.000000
1001 10978 215.000000
428 450 214.000000
537 538 214.000000
538 539 214.000000
539 540 214.000000
540 541 214.000000
541 542 214.000000
542 543 214.000000
1001 10655 212.000000
11 33 211.000000
1145 1167 211.000000
472 494 210.000000
1028 10645 210.000000
1028 10664 210.000000
1008 10365 209.000000
1028 10965 209.000000
1050 10659 208.000000
1144 1145 207.000000
1050 10721 206.000000
101 10613 205.000000
892 893 205.000000
1050 10811 204.000000
1046 10479 203.000000
1051 10935 203.000000
1322 1323 203.000000
1323 1324 203.000000
1324 1325 203.000000
1325 1326 203.000000
418 440 202.000000
759 760 202.000000
760 761 202.000000
1421 1443 202.000000
543 544 199.000000
1024 10545 199.000000
505 527 197.000000
1002 10636 196.000000
1003 10089 196.000000
1003 10525 196.000000
1003 10792 196.000000
1003 10833 196.000000
1003 11000 196.000000
1182 1204 194.000000
1285 1286 194.000000
1045 1067 193.000000
811 833 192.000000
1166 1167 192.000000
1343 1344 192.000000
1344 1345 192.000000
1345 1346 192.000000
1346 1347 192.000000
1347 1348 192.000000
1462 1484 189.000000
1006 10902 188.000000
1001 10630 187.000000
1003 10628 187.000000
1116 1138 187.000000
1030 10365 184.000000
1030 10861 183.000000
1031 10569 183.000000
1007 10141 182.000000
1007 10138 181.000000
1030 10419 181.000000
1030 10604 181.000000
1030 10817 181.000000
362 384 180.000000
1006 10703 180.000000
1025 10706 180.000000
675 676 179.000000
857 879 178.000000
1029 10384 178.000000
165 187 176.000000
393 415 176.000000
1508 1530 176.000000
813 835 175.000000
1210 1231 175.000000
1469 1470 175.000000
1469 1491 175.000000
812 834 174.000000
853 875 174.000000
1052 10672 174.000000
1052 10698 174.000000
1052 10758 174.000000
1210 1211 174.000000
1218 1219 174.000000
1436 1437 174.000000
53 75 173.000000
1023 10562 173.000000
1052 10732 173.000000
1006 10476 172.000000
1006 10848 172.000000
1006 10921 172.000000
1399 1421 172.000000
330 331 171.000000
1023 10507 171.000000
1023 10549 171.000000
1023 10945 171.000000
1100 1101 170.000000
1100 1121 170.000000
1120 1121 170.000000
161 183 169.000000
1023 10688 169.000000
1023 10962 169.000000
374 375 167.000000
1029 10760 167.000000
1051 10559 167.000000
1074 10758 167.000000
253 275 166.000000
1046 10683 166.000000
1326 1327 166.000000
287 309 165.000000
479 501 164.000000
1006 10816 164.000000
349 371 162.000000
1023 10370 162.000000
1023 10773 162.000000
1023 10854 162.000000
1073 10941 162.000000
1073 10859 161.000000
611 612 160.000000
612 613 160.000000
613 614 160.000000
762 763 160.000000
308 309 158.000000
1002 10437 158.000000
1025 10551 158.000000
1552 1574 157.000000
1007 10933 156.000000
1069 10792 155.000000
1069 11000 155.000000
1006 10233 154.000000
1115 1137 154.000000
523 545 153.000000
770 771 153.000000
771 772 153.000000
772 773 153.000000
773 774 153.000000
774 775 153.000000
775 776 153.000000
277 278 152.000000
1069 10833 152.000000
1069 10897 152.000000
1051 10585 151.000000
417 439 150.000000
790 812 150.000000
1050 10903 150.000000
481 503 149.000000
941 963 149.000000
1009 10569 149.000000
1247 1269 149.000000
834 835 148.000000
1414 1415 148.000000
1072 10965 147.000000
1365 1366 147.000000
1366 1367 147.000000
1367 1368 147.000000
1368 1369 147.000000
1369 1370 147.000000
1029 10399 146.000000
482 504 145.000000
1284 1285 145.000000
1006 10587 144.000000
166 188 143.000000
572 573 143.000000
572 593 143.000000
1029 10670 143.000000
1067 10978 143.000000
1226 1248 143.000000
103 104 142.000000
119 141 142.000000
652 653 142.000000
653 654 142.000000
1387 1388 142.000000
1388 1389 142.000000
1389 1390 142.000000
1390 1391 142.000000
1391 1392 142.000000
75 97 141.000000
1095 10964 140.000000
309 331 139.000000
1074 10900 139.000000
266 267 138.000000
267 268 138.000000
268 269 138.000000
269 270 138.000000
288 310 138.000000
1006 10104 138.000000
59 60 137.000000
1007 10429 137.000000
10 32 136.000000
504 526 136.000000
1051 10680 136.000000
461 483 134.000000
484 485 134.000000
485 486 134.000000
486 487 134.000000
487 488 134.000000
488 489 134.000000
489 490 134.000000
490 491 134.000000
1002 10071 132.000000
1051 10922 132.000000
1051 10941 132.000000
1074 10928 132.000000
100 10253 131.000000
491 492 131.000000
492 493 131.000000
748 770 131.000000
1031 10732 131.000000
1225 1247 131.000000
1074 10925 129.000000
1122 1143 129.000000
1141 1142 129.000000
1142 1143 129.000000
265 266 128.000000
922 923 128.000000
1031 10975 128.000000
437 459 127.000000
746 768 127.000000
450 472 126.000000
1007 10587 126.000000
1007 10679 125.000000
211 212 124.000000
1044 10570 124.000000
308 330 123.000000
1002 10791 123.000000
30 31 122.000000
1030 10646 121.000000
1044 10768 121.000000
1071 1093 121.000000
1577 1578 121.000000
1002 10440 120.000000
1072 10951 120.000000
100 10260 118.000000
100 10393 118.000000
514 515 116.000000
1030 10892 116.000000
1360 1382 116.000000
120 142 115.000000
436 458 115.000000
1074 10805 115.000000
31 53 114.000000
549 571 114.000000
842 864 114.000000
1278 1279 114.000000
1279 1280 114.000000
1280 1281 114.000000
1281 1282 114.000000
1001 10543 113.000000
1277 1278 113.000000
374 396 112.000000
570 571 112.000000
919 941 112.000000
1050 10946 112.000000
1282 1283 112.000000
595 617 111.000000
1023 10630 111.000000
1030 10382 111.000000
1030 10445 111.000000
1030 10859 111.000000
1051 10719 111.000000
309 310 110.000000
1074 10744 110.000000
1007 10890 109.000000
677 678 108.000000
678 679 108.000000
679 680 108.000000
1311 1333 107.000000
1283 1284 106.000000
1008 10805 105.000000
1409 1410 105.000000
1410 1411 105.000000
1411 1412 105.000000
1412 1413 105.000000
1413 1414 105.000000
103 10911 104.000000
724 746 104.000000
1203 1225 104.000000
118 140 103.000000
660 661 103.000000
660 681 103.000000
680 681 103.000000
1190 1191 103.000000
1191 1192 103.000000
1192 1193 103.000000
1193 1194 103.000000
1194 1195 103.000000
1195 1196 103.000000
117 139 102.000000
122 144 102.000000
462 484 102.000000
749 750 102.000000
750 751 102.000000
751 752 102.000000
752 753 102.000000
753 754 102.000000
943 965 102.000000
1006 10206 102.000000
117 118 101.000000
210 232 101.000000
278 279 101.000000
279 280 101.000000
280 281 101.000000
957 958 101.000000
1002 10297 100.000000
1008 10092 100.000000
1074 10781 100.000000
573 595 99.000000
1001 10084 99.000000
1001 10579 99.000000
1001 10588 99.000000
1006 10070 99.000000
1393 1415 99.000000
1050 10679 98.000000
1298 1320 98.000000
527 549 97.000000
1052 10916 97.000000
1073 10922 97.000000
1209 1231 97.000000
1424 1446 97.000000
1006 10484 96.000000
1254 1255 95.000000
1423 1445 95.000000
1430 1451 95.000000
1448 1449 95.000000
1449 1450 95.000000
1450 1451 95.000000
281 282 94.000000
793 794 94.000000
794 795 94.000000
795 796 94.000000
796 797 94.000000
797 798 94.000000
1008 10892 94.000000
1009 10732 94.000000
1133 1155 93.000000
1440 1462 93.000000
1008 10266 92.000000
1029 10890 92.000000
1072 10721 92.000000
1196 1197 92.000000
1358 1380 92.000000
1386 1387 92.000000
1386 1407 92.000000
1404 1405 92.000000
1405 1406 92.000000
1406 1407 92.000000
667 668 91.000000
668 669 91.000000
669 670 91.000000
670 671 91.000000
671 672 91.000000
672 673 91.000000
673 674 91.000000
1006 10136 91.000000
1029 10679 91.000000
506 507 90.000000
506 527 90.000000
507 508 90.000000
508 509 90.000000
509 510 90.000000
510 511 90.000000
511 512 90.000000
512 513 90.000000
513 514 90.000000
515 516 90.000000
516 517 90.000000
517 518 90.000000
518 519 90.000000
519 520 90.000000
520 521 90.000000
792 793 90.000000
1072 10955 90.000000
1408 1409 90.000000
1408 1429 90.000000
1426 1427 90.000000
1427 1428 90.000000
1428 1429 90.000000
1072 10811 89.000000
1072 10949 89.000000
1268 1290 89.000000
1447 1448 89.000000
1072 10825 88.000000
1420 1442 88.000000
1531 1553 88.000000
264 265 87.000000
264 285 87.000000
282 283 87.000000
283 284 87.000000
284 285 87.000000
1072 10969 87.000000
186 208 86.000000
1028 10788 86.000000
1052 10631 86.000000
101 10917 85.000000
1006 10565 85.000000
1006 10568 85.000000
1051 10861 84.000000
1052 10928 84.000000
966 967 83.000000
1006 10624 83.000000
1009 10145 83.000000
1028 10726 83.000000
1051 10892 83.000000
1068 10684 83.000000
1110 1111 83.000000
1211 1212 83.000000
1212 1213 83.000000
1213 1214 83.000000
1214 1215 83.000000
1215 1216 83.000000
1216 1217 83.000000
1217 1218 83.000000
1233 1255 83.000000
1458 1459 83.000000
96 97 82.000000
897 919 82.000000
1350 1372 82.000000
1370 1371 82.000000
748 749 81.000000
855 877 81.000000
1006 10725 81.000000
1024 10807 81.000000
1051 10604 81.000000
1051 10817 81.000000
1072 10831 81.000000
1072 10902 81.000000
1402 1424 81.000000
1530 1552 81.000000
211 233 80.000000
1050 10522 80.000000
1332 1354 80.000000
1028 10450 79.000000
1028 10505 79.000000
1028 10775 79.000000
1028 10902 79.000000
1335 1357 79.000000
769 791 78.000000
880 901 78.000000
101 10199 77.000000
244 245 77.000000
245 246 77.000000
246 247 77.000000
247 248 77.000000
1028 10476 77.000000
1028 10506 77.000000
1028 10783 77.000000
1028 10848 77.000000
1028 10921 77.000000
188 210 76.000000
1006 10831 76.000000
1072 10783 76.000000
77 99 75.000000
959 981 75.000000
1028 10703 75.000000
579 580 74.000000
580 581 74.000000
581 582 74.000000
582 583 74.000000
583 584 74.000000
584 585 74.000000
585 586 74.000000
586 587 74.000000
1006 10645 74.000000
1028 10331 74.000000
1028 10816 74.000000
1051 10839 74.000000
1342 1364 74.000000
726 747 73.000000
746 747 73.000000
755 756 73.000000
756 757 73.000000
757 758 73.000000
758 759 73.000000
1009 10658 73.000000
1028 10738 73.000000
1028 10808 73.000000
1028 10877 73.000000
1072 10775 73.000000
1029 10725 72.000000
1072 10848 72.000000
1072 10921 72.000000
243 265 71.000000
783 784 71.000000
1006 10738 71.000000
1028 10380 71.000000
1028 10603 71.000000
1255 1256 71.000000
1256 1257 71.000000
1257 1258 71.000000
1258 1259 71.000000
1259 1260 71.000000
1260 1261 71.000000
1261 1262 71.000000
243 244 70.000000
277 299 70.000000
361 383 70.000000
1534 1535 70.000000
1007 10760 69.000000
1029 10825 69.000000
478 500 68.000000
1023 10884 68.000000
1028 10777 68.000000
1028 10841 68.000000
1443 1465 67.000000
11 1573 66.000000
1001 1023 66.000000
1002 1024 66.000000
1006 10726 66.000000
1023 10548 66.000000
1024 10647 65.000000
1068 10885 65.000000
351 373 64.000000
719 720 64.000000
1006 10810 64.000000
1024 10300 64.000000
1029 10587 64.000000
1050 10816 64.000000
392 414 63.000000
732 733 63.000000
1001 10063 63.000000
1074 10861 63.000000
1074 10892 63.000000
1270 1292 63.000000
406 428 62.000000
842 843 62.000000
843 844 62.000000
844 845 62.000000
845 846 62.000000
846 847 62.000000
847 848 62.000000
54 76 61.000000
836 837 61.000000
837 838 61.000000
838 839 61.000000
839 840 61.000000
840 841 61.000000
841 842 61.000000
1050 10738 61.000000
101 10668 60.000000
536 537 60.000000
1029 10841 60.000000
1273 1295 60.000000
1468 1490 60.000000
76 98 59.000000
723 745 59.000000
740 741 59.000000
1006 10603 59.000000
1006 10777 59.000000
1006 10808 59.000000
1006 10877 59.000000
321 343 58.000000
908 909 58.000000
909 910 58.000000
910 911 58.000000
911 912 58.000000
912 913 58.000000
1003 1025 58.000000
1006 10380 58.000000
1006 10841 58.000000
1029 10810 57.000000
1316 1338 57.000000
101 10985 56.000000
265 287 56.000000
391 413 56.000000
528 529 56.000000
1006 10903 56.000000
1051 10859 56.000000
1465 1487 56.000000
57 79 55.000000
394 416 55.000000
724 725 55.000000
770 792 55.000000
1028 10539 55.000000
1051 10888 55.000000
529 530 54.000000
530 531 54.000000
531 532 54.000000
532 533 54.000000
533 534 54.000000
534 535 54.000000
1051 10646 54.000000
1002 10551 53.000000
1023 10655 53.000000
1024 10297 53.000000
144 166 52.000000
348 370 52.000000
571 593 52.000000
12 1574 51.000000
814 835 51.000000
1028 10484 51.000000
1029 10745 51.000000
1050 10934 51.000000
1074 1075 51.000000
521 522 50.000000
535 536 50.000000
682 683 50.000000
682 703 50.000000
702 703 50.000000
745 746 50.000000
1024 10710 50.000000
1050 10603 50.000000
1050 10808 50.000000
1050 10877 50.000000
1175 1197 50.000000
1074 10817 49.000000
1154 1176 49.000000
639 640 48.000000
640 641 48.000000
641 642 48.000000
642 643 48.000000
643 644 48.000000
698 699 48.000000
699 700 48.000000
700 701 48.000000
701 702 48.000000
718 719 48.000000
783 805 48.000000
1068 10683 48.000000
1400 1422 48.000000
1097 1119 47.000000
483 505 46.000000
573 574 46.000000
574 575 46.000000
575 576 46.000000
576 577 46.000000
577 578 46.000000
578 579 46.000000
1007 10825 46.000000
1028 10298 46.000000
1028 10299 46.000000
1028 10522 46.000000
1028 10903 46.000000
1028 10934 46.000000
1072 10903 46.000000
798 799 45.000000
799 800 45.000000
800 801 45.000000
801 802 45.000000
802 803 45.000000
864 865 45.000000
865 866 45.000000
866 867 45.000000
867 868 45.000000
868 869 45.000000
869 870 45.000000
1006 10268 45.000000
1068 10919 45.000000
1248 1270 45.000000
1371 1393 45.000000
252 274 44.000000
826 827 44.000000
1007 10670 44.000000
1024 10338 44.000000
1071 10788 44.000000
1072 10934 44.000000
1075 1097 44.000000
331 353 43.000000
1023 10341 43.000000
1023 10572 43.000000
1050 10587 43.000000
1071 10718 43.000000
1512 1534 43.000000
190 191 42.000000
191 192 42.000000
192 193 42.000000
193 194 42.000000
299 300 42.000000
300 301 42.000000
301 302 42.000000
302 303 42.000000
632 633 42.000000
814 815 42.000000
815 816 42.000000
816 817 42.000000
817 818 42.000000
818 819 42.000000
1071 10965 42.000000
1326 1348 42.000000
1372 1394 42.000000
375 397 41.000000
704 705 41.000000
704 725 41.000000
1025 10684 41.000000
1068 10791 41.000000
1072 10725 41.000000
1073 10839 41.000000
1549 1550 41.000000
448 470 40.000000
788 810 40.000000
1031 10916 40.000000
1072 10810 40.000000
1227 1249 40.000000
103 10566 39.000000
1002 10156 39.000000
1005 10842 39.000000
1009 10975 39.000000
1050 10825 39.000000
1093 10949 39.000000
1093 10955 39.000000
352 374 38.000000
963 985 38.000000
1001 10061 38.000000
1025 10394 38.000000
1067 1089 38.000000
1068 10706 38.000000
1068 10814 38.000000
676 677 37.000000
761 762 37.000000
1008 10888 37.000000
1187 1209 37.000000
1464 1486 37.000000
739 740 36.000000
946 947 36.000000
947 948 36.000000
948 949 36.000000
949 950 36.000000
950 951 36.000000
1025 10538 36.000000
1025 10897 36.000000
1051 10765 36.000000
1233 1234 36.000000
1234 1235 36.000000
1235 1236 36.000000
1236 1237 36.000000
1237 1238 36.000000
1238 1239 36.000000
1239 1240 36.000000
1354 1376 36.000000
303 304 35.000000
899 921 35.000000
1006 10299 35.000000
1006 10522 35.000000
1025 10525 35.000000
1025 10792 35.000000
1025 11000 35.000000
1168 1169 35.000000
1169 1170 35.000000
1170 1171 35.000000
1171 1172 35.000000
1172 1173 35.000000
1173 1174 35.000000
1174 1175 35.000000
1202 1224 35.000000
1571 1572 35.000000
1028 10565 34.000000
1028 10831 34.000000
1049 10506 34.000000
1049 10565 34.000000
1049 10783 34.000000
1240 1241 34.000000
979 980 33.000000
1024 10636 33.000000
286 287 32.000000
286 307 32.000000
304 305 32.000000
305 306 32.000000
306 307 32.000000
745 767 32.000000
871 893 32.000000
872 894 32.000000
900 922 32.000000
1006 10298 32.000000
1006 10539 32.000000
1006 10934 32.000000
1072 10745 32.000000
1327 1349 32.000000
711 712 31.000000
712 713 31.000000
713 714 31.000000
714 715 31.000000
715 716 31.000000
716 717 31.000000
717 718 31.000000
1025 10355 31.000000
1025 10833 31.000000
1049 10505 31.000000
1049 10775 31.000000
1049 10848 31.000000
1049 10921 31.000000
528 549 30.000000
1002 10684 30.000000
1009 10916 30.000000
1023 10537 30.000000
1024 10437 30.000000
1300 1301 30.000000
1301 1302 30.000000
1302 1303 30.000000
1303 1304 30.000000
121 143 29.000000
741 742 29.000000
742 743 29.000000
743 744 29.000000
744 745 29.000000
101 10661 28.000000
525 547 28.000000
754 755 28.000000
944 966 28.000000
946 967 28.000000
1051 1073 28.000000
1101 1102 28.000000
1102 1103 28.000000
1103 1104 28.000000
1104 1105 28.000000
1105 1106 28.000000
1106 1107 28.000000
1107 1108 28.000000
1108 1109 28.000000
1109 1110 28.000000
100 10143 27.000000
776 777 27.000000
777 778 27.000000
778 779 27.000000
779 780 27.000000
828 850 27.000000
1050 1072 27.000000
1071 10842 27.000000
1255 1277 27.000000
1304 1305 27.000000
296 318 26.000000
1006 1028 26.000000
1095 1117 26.000000
1137 1159 26.000000
1272 1294 26.000000
140 162 25.000000
674 675 25.000000
1002 10278 25.000000
1002 10671 25.000000
1072 10738 25.000000
1072 10808 25.000000
1072 10877 25.000000
1376 1398 25.000000
1030 10888 24.000000
1072 10816 24.000000
1220 1242 24.000000
1305 1327 24.000000
274 296 23.000000
1024 10284 23.000000
1024 10289 23.000000
1024 10479 23.000000
1024 10683 23.000000
1024 10791 23.000000
1271 1293 23.000000
1305 1306 23.000000
666 667 22.000000
930 931 22.000000
931 932 22.000000
932 933 22.000000
933 934 22.000000
934 935 22.000000
1007 1029 22.000000
1024 10440 22.000000
1072 10777 22.000000
1072 10841 22.000000
1072 10946 22.000000
1254 1276 22.000000
1351 1373 22.000000
1551 1573 22.000000
13 1575 21.000000
35 57 21.000000
324 346 21.000000
346 368 21.000000
383 405 21.000000
661 683 21.000000
683 684 21.000000
684 685 21.000000
685 686 21.000000
686 687 21.000000
687 688 21.000000
935 936 21.000000
1049 10831 21.000000
1052 10805 21.000000
1093 1115 21.000000
1165 1187 21.000000
1317 1339 21.000000
206 228 20.000000
1028 10568 20.000000
1204 1226 20.000000
914 936 19.000000
1023 10261 19.000000
1023 10353 19.000000
1023 10422 19.000000
1023 10480 19.000000
1023 10978 19.000000
1051 10933 19.000000
1146 1147 19.000000
1147 1148 19.000000
1148 1149 19.000000
1149 1150 19.000000
1150 1151 19.000000
1151 1152 19.000000
1152 1153 19.000000
139 161 18.000000
242 243 18.000000
242 263 18.000000
255 256 18.000000
256 257 18.000000
257 258 18.000000
258 259 18.000000
259 260 18.000000
260 261 18.000000
261 262 18.000000
262 263 18.000000
610 611 18.000000
858 859 18.000000
858 879 18.000000
859 860 18.000000
860 861 18.000000
861 862 18.000000
862 863 18.000000
863 864 18.000000
1068 10807 18.000000
1145 1146 18.000000
1167 1168 18.000000
1168 1190 18.000000
266 288 17.000000
557 579 17.000000
780 781 17.000000
781 782 17.000000
782 783 17.000000
827 849 17.000000
875 897 17.000000
1073 10933 17.000000
1079 1080 17.000000
1079 1101 17.000000
1080 1081 17.000000
1081 1082 17.000000
1082 1083 17.000000
1083 1084 17.000000
1084 1085 17.000000
1085 1086 17.000000
1086 1087 17.000000
1087 1088 17.000000
1229 1251 17.000000
1298 1299 17.000000
1299 1300 17.000000
1312 1334 17.000000
1452 1473 17.000000
1470 1471 17.000000
1471 1472 17.000000
1472 1473 17.000000
32 54 16.000000
100 10669 16.000000
103 10767 16.000000
103 10794 16.000000
103 10826 16.000000
103 10963 16.000000
327 349 16.000000
727 728 16.000000
728 729 16.000000
729 730 16.000000
730 731 16.000000
731 732 16.000000
791 813 16.000000
913 914 16.000000
915 937 16.000000
920 942 16.000000
1024 10320 16.000000
1067 10771 16.000000
1122 1144 16.000000
1153 1154 16.000000
1267 1289 16.000000
1474 1475 16.000000
1474 1495 16.000000
1475 1476 16.000000
1476 1477 16.000000
1477 1478 16.000000
1478 1479 16.000000
1491 1492 16.000000
1492 1493 16.000000
1493 1494 16.000000
1494 1495 16.000000
102 10889 15.000000
434 456 15.000000
435 457 15.000000
705 706 15.000000
706 707 15.000000
707 708 15.000000
708 709 15.000000
709 710 15.000000
1002 10264 15.000000
1205 1227 15.000000
1289 1311 15.000000
1356 1378 15.000000
1377 1399 15.000000
36 58 14.000000
303 325 14.000000
594 595 14.000000
594 615 14.000000
614 615 14.000000
638 639 14.000000
638 659 14.000000
654 655 14.000000
655 656 14.000000
656 657 14.000000
657 658 14.000000
658 659 14.000000
725 747 14.000000
747 769 14.000000
886 887 14.000000
887 888 14.000000
888 889 14.000000
889 890 14.000000
890 891 14.000000
891 892 14.000000
893 915 14.000000
1002 10320 14.000000
1002 10919 14.000000
1181 1203 14.000000
1300 1322 14.000000
1550 1572 14.000000
343 365 13.000000
439 461 13.000000
702 724 13.000000
1002 10284 13.000000
1002 10479 13.000000
1002 10683 13.000000
1030 10765 13.000000
1046 10525 13.000000
1046 10792 13.000000
1046 11000 13.000000
1050 10725 13.000000
1050 10745 13.000000
1050 10810 13.000000
1094 1116 13.000000
1132 1154 13.000000
1160 1182 13.000000
1285 1307 13.000000
426 448 12.000000
557 558 12.000000
810 832 12.000000
820 842 12.000000
958 980 12.000000
1002 10107 12.000000
1002 10885 12.000000
1049 10568 12.000000
1049 10575 12.000000
1049 10640 12.000000
1049 10664 12.000000
1049 10718 12.000000
1049 10788 12.000000
1049 10965 12.000000
1139 1161 12.000000
1246 1268 12.000000
1318 1340 12.000000
101 10317 11.000000
164 186 11.000000
168 169 11.000000
169 170 11.000000
170 171 11.000000
171 172 11.000000
680 702 11.000000
762 784 11.000000
798 820 11.000000
880 881 11.000000
881 882 11.000000
882 883 11.000000
883 884 11.000000
884 885 11.000000
885 886 11.000000
1002 10289 11.000000
1052 1074 11.000000
1184 1206 11.000000
1196 1218 11.000000
1198 1220 11.000000
102 10957 10.000000
142 164 10.000000
145 167 10.000000
167 189 10.000000
304 326 10.000000
404 426 10.000000
726 727 10.000000
1002 10038 10.000000
1002 10338 10.000000
1046 10833 10.000000
1050 10645 10.000000
1050 10777 10.000000
1050 10841 10.000000
1334 1356 10.000000
1349 1371 10.000000
1370 1392 10.000000
390 412 9.000000
526 548 9.000000
535 557 9.000000
848 870 9.000000
1023 10543 9.000000
1046 10538 9.000000
1046 10897 9.000000
1186 1208 9.000000
1314 1336 9.000000
1329 1351 9.000000
1452 1453 9.000000
1453 1454 9.000000
1454 1455 9.000000
1455 1456 9.000000
1456 1457 9.000000
1457 1458 9.000000
102 10496 8.000000
103 10328 8.000000
503 525 8.000000
550 551 8.000000
550 571 8.000000
551 552 8.000000
552 553 8.000000
553 554 8.000000
554 555 8.000000
555 556 8.000000
556 557 8.000000
710 711 8.000000
710 732 8.000000
946 968 8.000000
968 989 8.000000
988 989 8.000000
1008 1030 8.000000
1023 10579 8.000000
1023 10588 8.000000
1045 10636 8.000000
1090 11000 8.000000
1430 1452 8.000000
52 53 7.000000
52 74 7.000000
101 10577 7.000000
244 266 7.000000
281 303 7.000000
282 304 7.000000
623 624 7.000000
624 625 7.000000
625 626 7.000000
626 627 7.000000
627 628 7.000000
628 629 7.000000
629 630 7.000000
630 631 7.000000
697 698 7.000000
835 857 7.000000
1002 10210 7.000000
1046 10482 7.000000
1075 1076 7.000000
1076 1098 7.000000
1093 10934 7.000000
1093 10946 7.000000
1093 10969 7.000000
1098 1120 7.000000
1158 1180 7.000000
1284 1306 7.000000
60 61 6.000000
61 62 6.000000
62 84 6.000000
146 168 6.000000
220 221 6.000000
220 241 6.000000
221 222 6.000000
234 235 6.000000
235 236 6.000000
236 237 6.000000
237 238 6.000000
238 239 6.000000
239 240 6.000000
240 241 6.000000
611 633 6.000000
814 836 6.000000
936 958 6.000000
1046 10706 6.000000
1093 10951 6.000000
1110 1132 6.000000
1231 1253 6.000000
1283 1305 6.000000
1333 1355 6.000000
1448 1470 6.000000
10 1572 5.000000
689 711 5.000000
711 733 5.000000
804 826 5.000000
809 831 5.000000
831 853 5.000000
924 925 5.000000
924 945 5.000000
925 926 5.000000
926 927 5.000000
927 928 5.000000
928 929 5.000000
929 930 5.000000
1304 1326 5.000000
1328 1350 5.000000
339 361 4.000000
558 559 4.000000
559 560 4.000000
560 561 4.000000
561 562 4.000000
562 563 4.000000
563 564 4.000000
564 565 4.000000
661 662 4.000000
662 663 4.000000
663 664 4.000000
664 665 4.000000
665 666 4.000000
667 689 4.000000
789 811 4.000000
805 827 4.000000
848 849 4.000000
1024 1046 4.000000
1049 10842 4.000000
1224 1246 4.000000
1230 1252 4.000000
1306 1328 4.000000
1430 1431 4.000000
1431 1432 4.000000
1432 1433 4.000000
1433 1434 4.000000
1434 1435 4.000000
208 230 3.000000
491 513 3.000000
513 535 3.000000
696 697 3.000000
726 748 3.000000
737 759 3.000000
921 943 3.000000
964 986 3.000000
966 988 3.000000
1001 10545 3.000000
1096 1097 3.000000
1153 1175 3.000000
1330 1352 3.000000
1352 1374 3.000000
1403 1425 3.000000
1447 1469 3.000000
1549 1571 3.000000
176 177 2.000000
176 197 2.000000
194 195 2.000000
195 196 2.000000
196 197 2.000000
529 551 2.000000
551 573 2.000000
595 596 2.000000
596 597 2.000000
597 598 2.000000
598 599 2.000000
599 600 2.000000
645 667 2.000000
834 856 2.000000
870 892 2.000000
902 903 2.000000
902 923 2.000000
903 904 2.000000
904 905 2.000000
905 906 2.000000
906 907 2.000000
907 908 2.000000
1044 10655 2.000000
1093 10965 2.000000
1120 1142 2.000000
1140 1162 2.000000
1142 1164 2.000000
1240 1262 2.000000
1262 1284 2.000000
1282 1304 2.000000
95 96 1.000000
102 10967 1.000000
132 133 1.000000
132 153 1.000000
133 134 1.000000
134 135 1.000000
135 136 1.000000
136 137 1.000000
137 138 1.000000
138 139 1.000000
151 152 1.000000
152 153 1.000000
177 178 1.000000
177 199 1.000000
178 200 1.000000
184 206 1.000000
199 221 1.000000
221 243 1.000000
617 618 1.000000
618 619 1.000000
619 620 1.000000
620 621 1.000000
621 622 1.000000
622 623 1.000000
623 645 1.000000
645 646 1.000000
646 647 1.000000
647 648 1.000000
648 649 1.000000
649 650 1.000000
650 651 1.000000
651 652 1.000000
666 688 1.000000
688 710 1.000000
689 690 1.000000
690 691 1.000000
691 692 1.000000
692 693 1.000000
693 694 1.000000
694 695 1.000000
695 696 1.000000
820 821 1.000000
821 822 1.000000
822 823 1.000000
823 824 1.000000
849 871 1.000000
922 944 1.000000
935 957 1.000000
1044 10884 1.000000
1046 10551 1.000000
1046 10671 1.000000
1046 10684 1.000000
1046 10885 1.000000
1046 10919 1.000000
1049 1071 1.000000
1088 10945 1.000000
1088 10962 1.000000
1146 1168 1.000000
1159 1181 1.000000
1188 1210 1.000000
1263 1285 1.000000
1274 1296 1.000000
1278 1300 1.000000
1359 1381 1.000000
1414 1436 1.000000
