1398 1399 16613.000000
1376 1377 15365.000000
405 406 13923.000000
406 407 13923.000000
407 408 13923.000000
1420 1421 12690.000000
408 409 12418.000000
1419 1420 11838.000000
1375 1376 11650.000000
1436 1437 11348.000000
404 405 11251.000000
1222 1223 10966.000000
1434 1435 10363.000000
1435 1436 10363.000000
1437 1438 10209.000000
1374 1375 10177.000000
1201 1202 10038.000000
1397 1398 9610.000000
1418 1419 9467.000000
314 315 9435.000000
315 316 9391.000000
361 362 8931.000000
362 363 8931.000000
363 364 8931.000000
364 365 8931.000000
1157 1158 8799.000000
403 404 8759.000000
1065 1066 8657.000000
1066 1067 8657.000000
1354 1355 8579.000000
8 9 8485.000000
29 30 8373.000000
28 29 8318.000000
27 28 8290.000000
1200 1201 8241.000000
1221 1222 8220.000000
1373 1374 8208.000000
1417 1418 8164.000000
360 361 8107.000000
1396 1397 8073.000000
271 272 7910.000000
1377 1378 7877.000000
448 449 7869.000000
449 450 7869.000000
450 451 7869.000000
451 452 7869.000000
1244 1245 7820.000000
1156 1157 7774.000000
1438 1439 7599.000000
492 493 7514.000000
493 494 7514.000000
494 495 7514.000000
495 496 7514.000000
1220 1221 7443.000000
426 427 7179.000000
427 428 7179.000000
428 429 7179.000000
429 430 7179.000000
496 497 7158.000000
1433 1434 7142.000000
6 7 7133.000000
1068 1069 7095.000000
30 31 7041.000000
1245 1246 6984.000000
1064 1065 6957.000000
409 410 6953.000000
1199 1200 6782.000000
1441 1442 6775.000000
1439 1440 6669.000000
7 8 6640.000000
1440 1441 6471.000000
1158 1159 6381.000000
1063 1064 6321.000000
1155 1156 6268.000000
1289 1290 6249.000000
1395 1396 6202.000000
381 382 6187.000000
452 453 6106.000000
1067 1068 6099.000000
10 11 5760.000000
1243 1244 5731.000000
31 32 5684.000000
425 426 5670.000000
1086 1087 5633.000000
1087 1088 5633.000000
453 454 5615.000000
1021 1022 5574.000000
1022 1023 5574.000000
52 53 5571.000000
1023 1024 5512.000000
1463 1464 5487.000000
1042 1043 5423.000000
1043 1044 5423.000000
1044 1045 5423.000000
1333 1334 5363.000000
1377 1399 5345.000000
1464 1465 5234.000000
1462 1463 5176.000000
470 471 5137.000000
471 472 5137.000000
472 473 5137.000000
382 383 5042.000000
383 384 5042.000000
384 385 5042.000000
385 386 5042.000000
1179 1180 5042.000000
386 387 5039.000000
1353 1354 5031.000000
1485 1486 4967.000000
1246 1247 4895.000000
1266 1267 4864.000000
447 448 4838.000000
497 498 4703.000000
1332 1333 4684.000000
1442 1443 4679.000000
96 97 4622.000000
182 183 4470.000000
292 293 4453.000000
1461 1462 4446.000000
1546 1547 4418.000000
1242 1243 4412.000000
1355 1356 4391.000000
1413 1414 4384.000000
227 228 4381.000000
1265 1266 4341.000000
1416 1417 4332.000000
1372 1373 4304.000000
1000 1001 4287.000000
11 12 4286.000000
474 475 4273.000000
1331 1332 4271.000000
1088 1089 4247.000000
95 96 4229.000000
454 455 4183.000000
850 851 4174.000000
181 182 4154.000000
1414 1415 4154.000000
32 33 4140.000000
1178 1179 4135.000000
315 337 4116.000000
1112 1113 4107.000000
365 366 4084.000000
1286 1287 4082.000000
1223 1224 4059.000000
138 139 3976.000000
1415 1416 3840.000000
1330 1331 3838.000000
73 74 3821.000000
473 474 3804.000000
1460 1461 3751.000000
430 431 3750.000000
183 184 3745.000000
380 381 3744.000000
1238 1239 3729.000000
1239 1240 3729.000000
1240 1241 3728.000000
1241 1242 3727.000000
410 411 3697.000000
180 181 3672.000000
228 229 3661.000000
1267 1268 3631.000000
1133 1134 3628.000000
1547 1548 3618.000000
847 848 3579.000000
848 849 3579.000000
387 388 3576.000000
849 850 3556.000000
1288 1289 3520.000000
1247 1248 3503.000000
1483 1484 3490.000000
1108 1109 3475.000000
1109 1110 3475.000000
1110 1111 3475.000000
1484 1485 3475.000000
1480 1481 3422.000000
1499 1500 3409.000000
1500 1501 3395.000000
1287 1288 3335.000000
1046 1047 3332.000000
94 95 3321.000000
270 271 3306.000000
1020 1021 3300.000000
1024 1025 3297.000000
1290 1291 3274.000000
1195 1196 3270.000000
1196 1197 3270.000000
1197 1198 3270.000000
139 140 3244.000000
1352 1353 3240.000000
1085 1086 3232.000000
423 424 3220.000000
998 999 3218.000000
1264 1265 3208.000000
1113 1114 3152.000000
1177 1178 3152.000000
184 185 3145.000000
1394 1395 3133.000000
1351 1352 3121.000000
1310 1311 3102.000000
1152 1153 3099.000000
1153 1154 3099.000000
1111 1112 3093.000000
1309 1310 3060.000000
1216 1217 3037.000000
1217 1218 3037.000000
1218 1219 3037.000000
977 978 3028.000000
978 979 3028.000000
1154 1155 3005.000000
249 250 3001.000000
1412 1413 2992.000000
979 980 2988.000000
561 562 2972.000000
1481 1482 2966.000000
498 499 2953.000000
117 118 2948.000000
1134 1135 2943.000000
1369 1370 2925.000000
1370 1371 2923.000000
1371 1372 2923.000000
93 94 2911.000000
475 476 2902.000000
272 273 2889.000000
1482 1483 2875.000000
455 456 2818.000000
1290 1312 2798.000000
1089 1090 2794.000000
5 6 2791.000000
871 872 2790.000000
976 977 2789.000000
225 226 2774.000000
1268 1269 2774.000000
1194 1195 2767.000000
402 403 2765.000000
431 432 2756.000000
1459 1460 2750.000000
137 138 2749.000000
359 360 2744.000000
1548 1549 2723.000000
293 294 2721.000000
1478 1479 2697.000000
1502 1503 2641.000000
1503 1504 2641.000000
1458 1459 2615.000000
50 51 2597.000000
271 293 2589.000000
411 412 2581.000000
366 388 2553.000000
72 73 2544.000000
116 117 2524.000000
627 628 2519.000000
1479 1480 2512.000000
51 52 2496.000000
932 933 2493.000000
1198 1199 2487.000000
224 225 2482.000000
1069 1070 2474.000000
1202 1203 2470.000000
1219 1220 2469.000000
272 294 2460.000000
476 477 2445.000000
226 227 2419.000000
997 998 2413.000000
337 338 2383.000000
316 317 2368.000000
1203 1204 2359.000000
1291 1292 2356.000000
1391 1392 2338.000000
1392 1393 2338.000000
1524 1525 2295.000000
1311 1312 2283.000000
74 75 2280.000000
1019 1020 2277.000000
223 224 2272.000000
1047 1048 2243.000000
456 457 2241.000000
1135 1136 2205.000000
446 447 2200.000000
1456 1457 2199.000000
1308 1309 2189.000000
1025 1026 2183.000000
1390 1391 2178.000000
1457 1458 2165.000000
1504 1505 2141.000000
497 519 2139.000000
1224 1225 2137.000000
139 161 2129.000000
1041 1042 2119.000000
1001 10167 2117.000000
1506 1507 2111.000000
1114 1115 2098.000000
1393 1394 2096.000000
1507 1508 2096.000000
49 50 2079.000000
1549 1550 2057.000000
1151 1152 2046.000000
71 72 2024.000000
445 446 2024.000000
1001 1002 2023.000000
1215 1216 2022.000000
1045 1046 2004.000000
934 935 1992.000000
935 936 1992.000000
424 425 1986.000000
1115 1137 1973.000000
1501 1502 1943.000000
1129 1130 1930.000000
1130 1131 1930.000000
1131 1132 1930.000000
1389 1390 1926.000000
1136 1137 1916.000000
1090 1091 1868.000000
872 873 1843.000000
1505 1506 1837.000000
412 413 1814.000000
1378 1379 1807.000000
1024 10331 1800.000000
1550 1551 1799.000000
457 458 1782.000000
53 54 1767.000000
933 934 1751.000000
807 808 1742.000000
205 206 1741.000000
1455 1456 1735.000000
158 159 1711.000000
1107 1108 1709.000000
1567 1568 1683.000000
1568 1569 1683.000000
803 804 1670.000000
804 805 1670.000000
1477 1478 1664.000000
201 202 1648.000000
159 160 1641.000000
1158 1180 1641.000000
1329 1330 1622.000000
1084 1085 1620.000000
584 585 1618.000000
1176 1177 1604.000000
316 338 1595.000000
1570 1571 1588.000000
432 433 1584.000000
805 806 1583.000000
97 98 1581.000000
1525 1526 1579.000000
955 956 1574.000000
956 957 1574.000000
957 958 1574.000000
1526 1527 1565.000000
1282 1283 1563.000000
1283 1284 1563.000000
1551 1552 1546.000000
1128 1129 1541.000000
206 207 1537.000000
583 584 1531.000000
851 852 1530.000000
806 807 1526.000000
518 519 1514.000000
408 430 1508.000000
1368 1369 1501.000000
250 251 1500.000000
1527 1528 1484.000000
336 337 1481.000000
118 119 1479.000000
1356 1357 1474.000000
1411 1412 1464.000000
868 869 1459.000000
869 870 1459.000000
870 871 1459.000000
1307 1308 1447.000000
1528 1529 1446.000000
1399 1400 1444.000000
519 520 1438.000000
510 511 1437.000000
1529 1530 1429.000000
873 874 1417.000000
1173 1174 1415.000000
1174 1175 1415.000000
1175 1176 1415.000000
469 470 1398.000000
915 916 1395.000000
490 491 1386.000000
358 359 1376.000000
1569 1570 1376.000000
959 960 1365.000000
1572 1573 1365.000000
1225 1226 1357.000000
1002 1003 1349.000000
521 522 1336.000000
338 339 1327.000000
1269 1270 1325.000000
491 492 1321.000000
389 390 1313.000000
202 203 1312.000000
203 204 1312.000000
1202 1224 1311.000000
1421 1443 1306.000000
1571 1572 1296.000000
1172 1173 1292.000000
1325 1326 1291.000000
1326 1327 1291.000000
1327 1328 1291.000000
1132 1133 1290.000000
540 541 1289.000000
1003 1004 1279.000000
185 186 1270.000000
289 290 1254.000000
290 291 1254.000000
467 468 1253.000000
808 809 1246.000000
1328 1329 1246.000000
388 389 1245.000000
401 402 1240.000000
161 162 1233.000000
1045 10450 1231.000000
54 55 1210.000000
433 434 1207.000000
160 161 1195.000000
980 981 1194.000000
365 387 1187.000000
337 359 1184.000000
1204 1226 1181.000000
938 939 1172.000000
522 523 1166.000000
413 414 1162.000000
455 477 1154.000000
1284 1285 1153.000000
543 544 1147.000000
434 435 1145.000000
894 895 1143.000000
562 563 1139.000000
1501 1523 1137.000000
893 894 1132.000000
390 391 1129.000000
366 367 1128.000000
1312 1313 1125.000000
1045 10476 1112.000000
115 116 1107.000000
391 392 1102.000000
1350 1351 1102.000000
70 71 1096.000000
468 469 1085.000000
1259 1260 1076.000000
1260 1261 1076.000000
1261 1262 1076.000000
1262 1263 1076.000000
140 141 1051.000000
563 564 1051.000000
513 514 1049.000000
514 515 1049.000000
515 516 1049.000000
516 517 1049.000000
1523 1524 1047.000000
960 961 1036.000000
1432 1433 1028.000000
958 959 1023.000000
489 490 1022.000000
520 521 1021.000000
179 180 1019.000000
294 316 1017.000000
937 938 1004.000000
1026 1027 993.000000
119 120 992.000000
981 982 991.000000
330 351 987.000000
349 350 987.000000
350 351 987.000000
330 331 985.000000
331 332 985.000000
332 333 985.000000
333 334 985.000000
334 335 985.000000
895 896 985.000000
809 810 983.000000
367 368 980.000000
1292 1293 980.000000
1293 1294 980.000000
75 76 974.000000
828 829 974.000000
542 543 970.000000
1324 1325 969.000000
1508 1509 966.000000
1285 1286 962.000000
288 289 953.000000
466 467 942.000000
248 249 936.000000
916 917 933.000000
1421 1422 931.000000
846 847 929.000000
936 937 928.000000
1002 10745 921.000000
585 586 913.000000
544 545 910.000000
379 380 909.000000
1498 1499 906.000000
1048 10658 892.000000
204 205 890.000000
1573 1574 886.000000
227 249 877.000000
1040 1041 874.000000
291 292 871.000000
939 940 870.000000
852 853 869.000000
954 955 868.000000
1334 1335 858.000000
293 315 854.000000
911 912 854.000000
912 913 854.000000
913 914 854.000000
1281 1282 853.000000
396 397 849.000000
396 417 849.000000
397 398 849.000000
398 399 849.000000
399 400 849.000000
415 416 849.000000
416 417 849.000000
477 478 848.000000
400 401 845.000000
781 782 845.000000
782 783 845.000000
783 784 844.000000
1069 1091 838.000000
423 445 834.000000
1002 10331 828.000000
982 983 827.000000
136 137 804.000000
1150 1151 797.000000
157 158 780.000000
541 542 776.000000
1401 1402 774.000000
1402 1403 774.000000
1400 1401 772.000000
183 205 770.000000
829 830 768.000000
1248 1249 762.000000
499 500 756.000000
357 358 747.000000
890 891 746.000000
891 892 746.000000
892 893 746.000000
917 918 746.000000
511 512 745.000000
512 513 745.000000
1258 1259 745.000000
823 824 742.000000
242 243 739.000000
242 263 739.000000
261 262 739.000000
262 263 739.000000
889 890 735.000000
352 353 728.000000
352 373 728.000000
353 354 728.000000
354 355 728.000000
355 356 728.000000
356 357 728.000000
371 372 728.000000
372 373 728.000000
587 588 723.000000
141 142 719.000000
311 312 697.000000
312 313 697.000000
338 360 685.000000
1388 1389 684.000000
368 369 681.000000
1347 1348 680.000000
1348 1349 680.000000
1349 1350 680.000000
936 958 669.000000
500 501 667.000000
784 785 666.000000
1114 1136 665.000000
1367 1368 662.000000
517 518 659.000000
586 587 653.000000
454 476 649.000000
822 823 646.000000
98 99 645.000000
453 475 636.000000
845 846 629.000000
229 230 625.000000
1025 10933 624.000000
1025 1047 621.000000
1263 1264 616.000000
381 403 614.000000
937 959 612.000000
248 270 611.000000
914 915 609.000000
313 314 608.000000
418 419 605.000000
418 439 605.000000
419 420 605.000000
420 421 605.000000
421 422 605.000000
436 437 605.000000
437 438 605.000000
438 439 605.000000
866 867 602.000000
605 606 598.000000
874 875 597.000000
410 432 595.000000
468 490 594.000000
1379 1380 593.000000
1380 1381 593.000000
1381 1382 593.000000
478 479 589.000000
1203 1225 589.000000
286 287 586.000000
628 629 585.000000
1270 1271 581.000000
1271 1272 581.000000
1346 1347 580.000000
830 831 579.000000
422 423 575.000000
369 370 573.000000
1091 1092 571.000000
286 307 564.000000
305 306 564.000000
306 307 564.000000
1524 1546 562.000000
716 717 559.000000
717 718 559.000000
718 719 559.000000
243 244 555.000000
162 163 553.000000
499 521 550.000000
786 787 548.000000
498 520 542.000000
1004 1005 533.000000
867 868 531.000000
1345 1346 531.000000
1106 1107 530.000000
10 10661 522.000000
484 505 518.000000
502 503 518.000000
503 504 518.000000
504 505 518.000000
114 115 515.000000
1002 10025 515.000000
1002 10704 515.000000
1294 1316 511.000000
1042 10628 509.000000
785 786 507.000000
1045 10703 504.000000
1335 1336 504.000000
484 485 503.000000
485 486 503.000000
486 487 503.000000
487 488 503.000000
245 246 502.000000
246 247 502.000000
247 248 501.000000
1333 1355 499.000000
1334 1356 491.000000
10 10496 488.000000
501 502 484.000000
888 889 480.000000
314 336 478.000000
807 829 478.000000
435 436 477.000000
411 433 475.000000
444 445 468.000000
1063 10688 468.000000
76 77 461.000000
787 788 455.000000
975 976 455.000000
563 585 451.000000
228 250 446.000000
799 800 444.000000
30 52 439.000000
1303 1304 439.000000
1304 1305 439.000000
1305 1306 439.000000
1313 1314 437.000000
1003 10079 433.000000
10 10957 432.000000
808 830 428.000000
317 318 423.000000
318 319 423.000000
319 320 423.000000
320 321 423.000000
142 143 416.000000
294 295 414.000000
1344 1345 414.000000
1284 1306 411.000000
29 51 409.000000
287 288 409.000000
1248 1270 409.000000
1024 10575 404.000000
1403 1404 402.000000
1314 1315 396.000000
1315 1316 396.000000
200 201 395.000000
1454 1455 394.000000
308 329 393.000000
327 328 393.000000
328 329 393.000000
719 741 393.000000
1204 1205 392.000000
1205 1206 392.000000
226 248 391.000000
588 589 390.000000
1214 1215 389.000000
457 479 384.000000
910 911 381.000000
983 984 380.000000
1063 10962 378.000000
308 309 373.000000
309 310 373.000000
310 311 373.000000
1249 1250 373.000000
335 336 372.000000
827 828 372.000000
1002 10055 370.000000
1306 1307 370.000000
163 164 369.000000
1065 11000 365.000000
1237 1238 365.000000
1063 10945 364.000000
1063 10854 362.000000
824 825 359.000000
825 826 359.000000
826 827 359.000000
539 540 355.000000
1041 10579 355.000000
359 381 353.000000
1375 1397 352.000000
440 441 351.000000
440 461 351.000000
441 442 351.000000
442 443 351.000000
443 444 351.000000
458 459 351.000000
459 460 351.000000
460 461 351.000000
1172 1194 349.000000
533 534 347.000000
534 535 347.000000
535 536 347.000000
536 537 347.000000
537 538 347.000000
538 539 347.000000
462 463 345.000000
463 464 345.000000
464 465 345.000000
465 466 345.000000
10 10322 344.000000
1025 10429 344.000000
629 630 343.000000
630 631 343.000000
631 632 343.000000
1005 10216 343.000000
244 245 341.000000
1280 1281 339.000000
339 340 338.000000
340 341 338.000000
341 342 338.000000
342 343 338.000000
1004 10072 337.000000
1027 10658 337.000000
1070 1092 331.000000
462 483 330.000000
480 481 330.000000
481 482 330.000000
482 483 330.000000
1247 1269 328.000000
1382 1383 326.000000
156 157 325.000000
1357 1358 325.000000
1358 1359 325.000000
1359 1360 325.000000
1480 1502 322.000000
205 227 321.000000
358 380 321.000000
249 271 318.000000
343 344 318.000000
1476 1477 316.000000
477 499 315.000000
1113 1135 315.000000
1250 1251 315.000000
1287 1309 315.000000
1021 10628 314.000000
146 168 313.000000
1064 10814 313.000000
71 93 312.000000
143 144 307.000000
144 145 307.000000
145 146 307.000000
1336 1337 307.000000
1337 1338 307.000000
1243 1265 306.000000
1541 1542 306.000000
336 358 304.000000
1360 1361 300.000000
1542 1543 300.000000
368 390 299.000000
1042 10425 299.000000
671 672 298.000000
1042 10482 298.000000
1021 10792 297.000000
1070 10758 297.000000
476 498 296.000000
1543 1544 290.000000
896 897 289.000000
1544 1545 289.000000
1021 10525 285.000000
345 346 284.000000
346 347 284.000000
347 348 284.000000
1021 10538 284.000000
1021 10897 284.000000
1021 10706 282.000000
565 566 281.000000
1020 10547 280.000000
800 801 278.000000
1216 1238 278.000000
344 345 277.000000
759 760 277.000000
760 761 277.000000
761 762 277.000000
762 763 277.000000
1201 1223 277.000000
1486 1487 273.000000
444 466 271.000000
1041 10588 270.000000
1042 10479 270.000000
1193 1194 270.000000
1063 10773 265.000000
1068 10721 265.000000
305 327 264.000000
1002 10233 264.000000
229 251 263.000000
564 565 262.000000
1045 10640 261.000000
961 962 260.000000
467 489 256.000000
360 382 255.000000
896 918 255.000000
1020 10771 255.000000
1504 1526 255.000000
1002 10171 254.000000
1024 10951 254.000000
1024 10969 254.000000
1294 1295 254.000000
250 272 253.000000
1069 10941 252.000000
1465 1487 251.000000
33 34 248.000000
1024 10250 248.000000
1024 10718 248.000000
321 322 244.000000
413 435 243.000000
1025 10670 243.000000
1464 1486 242.000000
933 955 241.000000
1019 10549 241.000000
1064 10807 241.000000
1068 10955 241.000000
409 431 240.000000
852 874 240.000000
267 268 239.000000
268 269 239.000000
1335 1357 239.000000
1180 1202 237.000000
1024 10783 236.000000
1414 1436 236.000000
161 183 235.000000
222 223 234.000000
1068 10949 234.000000
10 1572 233.000000
1068 10946 233.000000
266 267 232.000000
1024 10450 232.000000
1024 10506 232.000000
1026 10365 231.000000
1019 10655 227.000000
1068 10811 227.000000
1004 10631 225.000000
1068 1090 225.000000
1112 1134 224.000000
1157 1179 224.000000
1024 10902 222.000000
1024 10921 222.000000
55 56 221.000000
488 489 221.000000
849 871 221.000000
1002 10831 221.000000
1342 1343 221.000000
1342 1363 221.000000
1343 1344 221.000000
1361 1362 221.000000
1362 1363 221.000000
380 402 218.000000
269 270 217.000000
1048 10975 217.000000
1502 1524 217.000000
10 10416 216.000000
27 49 215.000000
953 954 215.000000
1545 1546 215.000000
349 371 214.000000
584 606 212.000000
780 781 209.000000
414 415 208.000000
1045 10842 208.000000
770 771 207.000000
374 375 206.000000
374 395 206.000000
375 376 206.000000
376 377 206.000000
377 378 206.000000
378 379 206.000000
393 394 206.000000
394 395 206.000000
1024 10484 206.000000
1199 1221 206.000000
10 10954 205.000000
1024 10505 205.000000
1091 10925 205.000000
401 423 204.000000
555 556 204.000000
556 557 204.000000
557 558 204.000000
558 559 204.000000
559 560 204.000000
560 561 204.000000
1047 10892 202.000000
719 720 201.000000
940 941 201.000000
480 502 200.000000
1024 10848 200.000000
343 365 199.000000
1024 1046 199.000000
1048 10916 199.000000
1019 10884 198.000000
1042 10683 198.000000
1048 1049 198.000000
475 497 197.000000
720 721 197.000000
721 722 197.000000
722 723 197.000000
1040 10562 197.000000
1048 10569 197.000000
1048 10732 197.000000
544 566 193.000000
1041 1063 193.000000
1221 1243 193.000000
1086 10897 192.000000
751 752 191.000000
752 753 191.000000
753 754 191.000000
52 74 190.000000
1002 10206 190.000000
1040 10507 190.000000
1042 10885 189.000000
1069 10922 189.000000
801 802 188.000000
1364 1365 187.000000
1364 1385 187.000000
1365 1366 187.000000
1383 1384 187.000000
1384 1385 187.000000
1046 10704 186.000000
1063 10978 186.000000
1436 1458 186.000000
1408 1409 185.000000
1408 1429 185.000000
1409 1410 185.000000
1427 1428 185.000000
1428 1429 185.000000
392 393 183.000000
456 478 183.000000
1046 1068 183.000000
1137 1138 182.000000
1138 1139 182.000000
1139 1140 182.000000
321 343 179.000000
1002 10104 179.000000
51 73 177.000000
1067 10831 177.000000
115 137 176.000000
519 541 176.000000
370 371 175.000000
1025 10384 174.000000
1246 1268 174.000000
12 13 173.000000
344 366 173.000000
164 165 172.000000
165 166 172.000000
166 167 172.000000
167 168 172.000000
317 339 172.000000
541 563 172.000000
1002 10816 172.000000
158 180 171.000000
1024 10624 171.000000
1004 10092 170.000000
802 803 168.000000
1024 10476 168.000000
1024 10703 168.000000
1024 10775 168.000000
1419 1441 168.000000
770 791 167.000000
788 789 167.000000
789 790 167.000000
790 791 167.000000
1002 10890 167.000000
754 755 166.000000
755 756 166.000000
756 757 166.000000
800 822 166.000000
1002 1024 166.000000
1331 1353 166.000000
1390 1412 166.000000
1118 1140 165.000000
1439 1461 164.000000
1508 1530 164.000000
53 75 163.000000
1115 1116 163.000000
1116 1117 163.000000
1117 1118 163.000000
1020 10710 162.000000
1302 1303 162.000000
958 980 160.000000
1003 10429 160.000000
1391 1413 160.000000
1020 10545 159.000000
540 562 158.000000
1025 10760 158.000000
763 764 157.000000
853 854 157.000000
1002 10380 157.000000
1222 1244 157.000000
1302 1324 157.000000
11 1573 156.000000
474 496 156.000000
436 458 154.000000
1024 10645 154.000000
1069 10861 154.000000
157 179 153.000000
1002 10136 153.000000
1002 10268 152.000000
1002 10603 152.000000
1002 10808 152.000000
1002 10877 152.000000
1069 10817 152.000000
479 480 151.000000
1047 10859 151.000000
1064 10791 151.000000
814 815 150.000000
1002 10726 150.000000
1021 11000 150.000000
26 27 149.000000
1002 10841 149.000000
1021 10671 149.000000
251 273 148.000000
575 576 148.000000
1046 10903 148.000000
955 977 147.000000
1004 10266 147.000000
1004 10805 147.000000
1069 10839 147.000000
1312 1334 147.000000
607 608 146.000000
608 609 146.000000
1027 10916 146.000000
1069 10719 146.000000
1069 10859 146.000000
1025 10679 145.000000
1047 10646 144.000000
764 765 143.000000
50 72 141.000000
1002 10581 141.000000
1019 10261 139.000000
1019 10370 139.000000
1019 10480 139.000000
1019 10773 139.000000
1206 1207 139.000000
1422 1423 139.000000
1423 1424 139.000000
1424 1425 139.000000
1425 1426 139.000000
1426 1427 139.000000
1111 1133 138.000000
1002 10777 137.000000
1002 10810 137.000000
322 323 136.000000
729 730 135.000000
730 731 135.000000
731 732 135.000000
732 733 135.000000
733 734 135.000000
734 735 135.000000
1002 10934 135.000000
1019 10548 135.000000
1069 10765 133.000000
1069 10888 133.000000
831 832 132.000000
1002 10587 132.000000
1042 1064 132.000000
10 10967 131.000000
814 835 131.000000
832 833 131.000000
833 834 131.000000
834 835 131.000000
1021 10394 131.000000
1047 1069 131.000000
853 875 130.000000
1021 10833 130.000000
1084 10884 129.000000
1410 1411 127.000000
1207 1229 126.000000
1552 1553 126.000000
765 766 125.000000
1020 10636 125.000000
1045 10539 125.000000
532 533 123.000000
1001 10842 123.000000
1026 10892 123.000000
1173 1195 123.000000
116 138 122.000000
186 187 122.000000
187 188 122.000000
188 189 122.000000
189 190 122.000000
606 607 122.000000
1047 10933 122.000000
323 324 121.000000
324 325 121.000000
325 326 121.000000
809 831 121.000000
1021 10551 121.000000
1021 10684 121.000000
1545 1567 121.000000
201 223 119.000000
1042 10919 119.000000
1226 1227 118.000000
1227 1228 118.000000
1228 1229 118.000000
431 453 117.000000
1070 10900 117.000000
531 532 116.000000
553 554 116.000000
1223 1245 116.000000
1433 1455 116.000000
1483 1505 116.000000
434 456 115.000000
528 549 115.000000
546 547 115.000000
547 548 115.000000
548 549 115.000000
1171 1172 115.000000
528 529 114.000000
529 530 114.000000
530 531 114.000000
10 10829 113.000000
379 401 113.000000
1019 10422 113.000000
763 785 111.000000
1320 1341 111.000000
1339 1340 111.000000
1340 1341 111.000000
866 888 110.000000
182 204 109.000000
322 344 108.000000
369 391 108.000000
389 411 108.000000
1046 10679 108.000000
1443 1444 108.000000
1444 1445 108.000000
1445 1446 108.000000
1446 1447 108.000000
1447 1448 108.000000
728 729 107.000000
771 772 107.000000
1070 10928 107.000000
1320 1321 107.000000
1321 1322 107.000000
842 843 106.000000
843 844 106.000000
932 954 106.000000
1002 10624 106.000000
1024 10664 106.000000
1024 10965 106.000000
414 436 105.000000
1025 10890 104.000000
1399 1421 104.000000
553 575 103.000000
1002 10565 103.000000
1026 10266 103.000000
1026 10805 103.000000
1232 1253 103.000000
1251 1252 103.000000
1252 1253 103.000000
1475 1476 103.000000
488 510 102.000000
1307 1329 102.000000
1027 10975 101.000000
1063 1085 101.000000
458 480 100.000000
576 577 100.000000
577 578 100.000000
578 579 100.000000
579 580 100.000000
580 581 100.000000
581 582 100.000000
582 583 100.000000
794 795 100.000000
795 796 100.000000
796 797 100.000000
797 798 100.000000
798 799 100.000000
838 839 100.000000
839 840 100.000000
840 841 100.000000
841 842 100.000000
1091 10935 100.000000
1232 1233 100.000000
1233 1234 100.000000
1234 1235 100.000000
1235 1236 100.000000
1347 1369 100.000000
1002 10825 99.000000
1003 10138 99.000000
1019 10630 99.000000
1046 10522 99.000000
506 507 98.000000
507 508 98.000000
508 509 98.000000
509 510 98.000000
554 555 98.000000
918 919 98.000000
1020 10300 98.000000
1068 10783 98.000000
1090 10922 98.000000
506 527 97.000000
523 524 97.000000
524 525 97.000000
525 526 97.000000
526 527 97.000000
1024 10788 97.000000
1025 10704 97.000000
1027 10569 97.000000
28 50 96.000000
758 759 96.000000
1047 10585 96.000000
1068 10951 96.000000
1068 10969 96.000000
432 454 95.000000
1025 10587 94.000000
1027 10732 94.000000
1040 10962 94.000000
1386 1387 94.000000
1386 1407 94.000000
1387 1388 94.000000
1404 1405 94.000000
1405 1406 94.000000
1406 1407 94.000000
31 53 93.000000
609 610 93.000000
1070 10744 93.000000
805 827 92.000000
114 136 91.000000
1024 10568 90.000000
1311 1333 90.000000
1395 1417 90.000000
1526 1548 90.000000
72 94 89.000000
118 140 89.000000
904 905 88.000000
905 906 88.000000
906 907 88.000000
907 908 88.000000
908 909 88.000000
1180 1181 88.000000
348 349 87.000000
779 780 87.000000
1068 10902 87.000000
1068 10921 87.000000
1128 1150 86.000000
1366 1367 86.000000
1064 11000 85.000000
1322 1344 85.000000
662 684 84.000000
1091 10928 84.000000
1338 1339 84.000000
836 857 83.000000
854 855 83.000000
855 856 83.000000
856 857 83.000000
1019 10552 83.000000
1068 10848 83.000000
1298 1299 83.000000
1299 1300 83.000000
897 898 82.000000
1346 1368 82.000000
1040 10854 81.000000
1068 10775 81.000000
1085 1107 80.000000
1460 1482 80.000000
137 159 79.000000
452 474 79.000000
1002 10070 79.000000
1026 10604 79.000000
1026 10817 79.000000
1026 10861 79.000000
1040 10945 79.000000
1048 10928 79.000000
1068 10703 79.000000
1298 1319 79.000000
1316 1317 79.000000
1317 1318 79.000000
1318 1319 79.000000
49 71 78.000000
816 817 78.000000
817 818 78.000000
818 819 78.000000
819 820 78.000000
1026 10765 78.000000
1046 10725 78.000000
1412 1434 78.000000
1026 10888 77.000000
1300 1301 77.000000
820 821 76.000000
821 822 76.000000
915 937 76.000000
1005 10975 76.000000
1356 1378 76.000000
628 650 75.000000
1047 10861 75.000000
1064 10792 75.000000
1068 10816 75.000000
1244 1266 75.000000
588 610 74.000000
1026 10419 74.000000
1047 10604 74.000000
1047 10817 74.000000
357 379 73.000000
1089 10965 73.000000
741 763 71.000000
1047 10765 71.000000
1264 1286 71.000000
433 455 70.000000
871 893 70.000000
959 981 70.000000
1024 10725 70.000000
1024 10738 70.000000
1067 1089 70.000000
1002 10725 69.000000
1019 10537 69.000000
1046 10808 69.000000
1046 10877 69.000000
1047 10888 69.000000
1236 1237 69.000000
1254 1255 69.000000
1254 1275 69.000000
1255 1256 69.000000
1256 1257 69.000000
1257 1258 69.000000
1273 1274 69.000000
1274 1275 69.000000
1350 1372 69.000000
273 295 68.000000
326 327 68.000000
1177 1199 68.000000
1019 10611 67.000000
1046 10603 67.000000
1046 10738 67.000000
792 813 66.000000
810 811 66.000000
811 812 66.000000
812 813 66.000000
1024 10726 66.000000
1024 10816 66.000000
1089 10946 66.000000
715 716 65.000000
836 837 65.000000
1089 10949 65.000000
1133 1155 65.000000
404 426 64.000000
545 546 64.000000
786 808 64.000000
1004 1026 64.000000
1046 10934 64.000000
1210 1211 64.000000
1211 1212 64.000000
1212 1213 64.000000
1213 1214 64.000000
92 93 63.000000
572 593 63.000000
589 590 63.000000
590 591 63.000000
591 592 63.000000
592 593 63.000000
815 816 63.000000
1024 10268 63.000000
1024 10380 63.000000
1024 10808 63.000000
1024 10877 63.000000
1068 10825 63.000000
1068 10903 63.000000
1089 10955 63.000000
566 567 62.000000
736 737 62.000000
838 860 62.000000
1023 1045 62.000000
1024 10603 62.000000
1272 1294 62.000000
1411 1433 62.000000
572 573 61.000000
573 574 61.000000
574 575 61.000000
1002 10298 61.000000
1020 1042 61.000000
1024 10777 61.000000
1024 10810 61.000000
1024 10841 61.000000
1024 10934 61.000000
1210 1231 61.000000
1229 1230 61.000000
1230 1231 61.000000
1181 1182 60.000000
1005 10658 59.000000
1024 10299 59.000000
1024 10522 59.000000
1024 10903 59.000000
1045 10505 59.000000
1045 10506 59.000000
1045 10783 59.000000
567 589 58.000000
1002 10645 58.000000
1002 10738 58.000000
1045 10775 58.000000
1045 10848 58.000000
1045 10902 58.000000
1045 10921 58.000000
1182 1183 58.000000
1183 1184 58.000000
1250 1272 58.000000
984 985 57.000000
1002 10539 57.000000
1005 10569 57.000000
1005 10732 57.000000
1020 10647 57.000000
1046 10841 57.000000
858 859 56.000000
939 961 56.000000
1003 10760 56.000000
1024 10298 56.000000
1046 10777 56.000000
1046 10810 56.000000
326 348 55.000000
523 545 55.000000
1024 10831 55.000000
1045 10484 55.000000
1046 10745 55.000000
1276 1277 55.000000
1276 1297 55.000000
1277 1278 55.000000
1295 1296 55.000000
1296 1297 55.000000
1430 1431 54.000000
1430 1451 54.000000
1448 1449 54.000000
1449 1450 54.000000
1450 1451 54.000000
766 788 53.000000
1064 10683 53.000000
1345 1367 53.000000
1548 1570 53.000000
202 224 52.000000
837 838 52.000000
858 879 52.000000
876 877 52.000000
877 878 52.000000
878 879 52.000000
1021 10355 52.000000
1068 10745 52.000000
875 876 51.000000
1064 10885 51.000000
446 468 50.000000
1019 10341 50.000000
1019 10572 50.000000
1067 10718 50.000000
1278 1279 50.000000
1279 1280 50.000000
479 501 49.000000
851 873 49.000000
1045 10934 49.000000
1068 10738 49.000000
1068 10808 49.000000
1068 10877 49.000000
1482 1504 49.000000
1002 10299 48.000000
1024 10565 48.000000
1046 10587 48.000000
1046 10645 48.000000
735 736 47.000000
1024 10539 46.000000
1458 1480 46.000000
1527 1549 46.000000
910 932 45.000000
1002 10903 45.000000
1064 10671 45.000000
1144 1145 45.000000
1144 1165 45.000000
1145 1146 45.000000
1146 1147 45.000000
1147 1148 45.000000
1148 1149 45.000000
1163 1164 45.000000
1164 1165 45.000000
1328 1350 45.000000
73 95 44.000000
860 861 44.000000
861 862 44.000000
862 863 44.000000
863 864 44.000000
864 865 44.000000
865 866 44.000000
1046 10890 44.000000
1400 1422 44.000000
388 410 43.000000
772 773 43.000000
773 774 43.000000
774 775 43.000000
775 776 43.000000
889 911 43.000000
1025 10825 43.000000
1045 10718 43.000000
1156 1178 43.000000
1396 1418 43.000000
518 540 42.000000
1198 1220 42.000000
522 544 41.000000
545 567 41.000000
776 777 41.000000
777 778 41.000000
778 779 41.000000
823 845 41.000000
916 938 41.000000
1067 10965 41.000000
1149 1150 41.000000
770 792 40.000000
1001 10568 40.000000
1020 10264 40.000000
1547 1569 40.000000
120 121 39.000000
1026 1048 39.000000
1285 1307 39.000000
1001 10179 38.000000
1001 10575 38.000000
1001 10788 38.000000
1067 10842 38.000000
1068 10725 38.000000
1093 1115 38.000000
1171 1193 38.000000
1438 1460 38.000000
742 743 37.000000
743 744 37.000000
1068 10934 37.000000
185 207 36.000000
207 229 36.000000
269 291 36.000000
741 742 36.000000
1064 10706 36.000000
1272 1273 36.000000
162 184 35.000000
424 446 35.000000
672 673 35.000000
673 674 35.000000
674 675 35.000000
675 697 35.000000
697 719 35.000000
1064 10833 35.000000
1064 10897 35.000000
1457 1479 35.000000
390 412 34.000000
521 543 34.000000
1020 10437 34.000000
1020 10440 34.000000
1020 10791 34.000000
1062 1063 34.000000
1064 10919 34.000000
1367 1389 34.000000
1020 10210 33.000000
1046 10825 33.000000
1048 10631 33.000000
1068 10777 33.000000
1068 10810 33.000000
1068 10841 33.000000
1322 1323 33.000000
75 97 32.000000
345 367 32.000000
1045 10726 32.000000
1339 1361 32.000000
3 4 31.000000
142 164 31.000000
207 208 31.000000
550 551 31.000000
551 552 31.000000
552 553 31.000000
867 889 31.000000
1064 10684 31.000000
1258 1280 31.000000
136 158 30.000000
239 261 30.000000
327 349 30.000000
1002 10522 30.000000
1019 10226 30.000000
1155 1177 30.000000
1461 1483 30.000000
140 162 29.000000
391 413 29.000000
550 571 29.000000
567 568 29.000000
568 569 29.000000
569 570 29.000000
570 571 29.000000
909 910 29.000000
1048 1070 29.000000
1067 10788 29.000000
1150 1172 29.000000
1389 1411 29.000000
729 751 28.000000
902 903 28.000000
902 923 28.000000
919 920 28.000000
920 921 28.000000
921 922 28.000000
922 923 28.000000
1045 10565 28.000000
1090 10933 28.000000
1182 1204 28.000000
1263 1285 28.000000
1442 1464 28.000000
1003 10670 27.000000
1020 10919 27.000000
1090 1112 27.000000
1159 1160 27.000000
1416 1438 27.000000
12 1574 26.000000
274 275 26.000000
275 276 26.000000
276 277 26.000000
277 278 26.000000
278 279 26.000000
279 280 26.000000
280 281 26.000000
281 282 26.000000
282 283 26.000000
607 629 26.000000
750 751 26.000000
792 793 26.000000
793 794 26.000000
828 850 26.000000
1005 10128 26.000000
1019 10353 26.000000
1019 10543 26.000000
1019 10978 26.000000
1070 10805 26.000000
1160 1182 26.000000
1266 1288 26.000000
1267 1289 26.000000
1323 1324 26.000000
1368 1390 26.000000
117 139 25.000000
754 776 25.000000
1178 1200 25.000000
273 274 24.000000
566 588 24.000000
962 963 24.000000
1001 10407 24.000000
1069 10933 24.000000
1085 10919 24.000000
393 415 23.000000
859 860 23.000000
911 933 23.000000
286 308 22.000000
648 649 22.000000
649 650 22.000000
714 715 22.000000
748 749 22.000000
748 769 22.000000
749 750 22.000000
767 768 22.000000
768 769 22.000000
1220 1242 22.000000
1420 1442 22.000000
1443 1465 22.000000
48 49 20.000000
48 70 20.000000
138 160 20.000000
160 182 20.000000
445 467 20.000000
500 522 20.000000
1071 1093 20.000000
1366 1388 20.000000
684 685 19.000000
685 686 19.000000
686 687 19.000000
687 688 19.000000
688 689 19.000000
689 690 19.000000
690 691 19.000000
764 786 19.000000
814 836 19.000000
895 917 19.000000
1003 1025 19.000000
1070 1071 19.000000
1089 10903 19.000000
220 221 18.000000
220 241 18.000000
221 222 18.000000
239 240 18.000000
240 241 18.000000
367 389 18.000000
370 392 18.000000
392 414 18.000000
496 518 18.000000
765 787 18.000000
1041 10437 18.000000
1041 10440 18.000000
1041 10479 18.000000
1092 1093 18.000000
1188 1189 18.000000
1188 1209 18.000000
1189 1190 18.000000
1190 1191 18.000000
1191 1192 18.000000
1207 1208 18.000000
1208 1209 18.000000
1225 1247 18.000000
1330 1352 18.000000
1479 1501 18.000000
2 3 17.000000
766 767 17.000000
1045 10664 17.000000
1045 10831 17.000000
1045 10965 17.000000
1259 1281 17.000000
1269 1291 17.000000
1530 1531 17.000000
737 738 16.000000
738 739 16.000000
739 740 16.000000
740 741 16.000000
880 901 16.000000
898 899 16.000000
899 900 16.000000
900 901 16.000000
926 927 16.000000
927 928 16.000000
928 929 16.000000
929 930 16.000000
930 931 16.000000
1041 10647 16.000000
1089 10951 16.000000
1089 10969 16.000000
1134 1156 16.000000
134 135 15.000000
134 156 15.000000
135 136 15.000000
323 345 15.000000
462 484 15.000000
757 758 15.000000
1020 10284 15.000000
1020 10289 15.000000
1020 10320 15.000000
1020 10338 15.000000
1020 10479 15.000000
1020 10683 15.000000
1020 10885 15.000000
1041 10636 15.000000
1192 1193 15.000000
1544 1566 15.000000
247 269 14.000000
531 553 14.000000
931 932 14.000000
953 975 14.000000
1135 1157 14.000000
1273 1295 14.000000
1286 1308 14.000000
1354 1376 14.000000
1372 1394 14.000000
1500 1522 14.000000
1522 1544 14.000000
1543 1565 14.000000
225 247 13.000000
270 292 13.000000
382 404 13.000000
501 523 13.000000
679 701 13.000000
701 723 13.000000
954 976 13.000000
1091 10941 13.000000
1181 1203 13.000000
204 226 12.000000
387 409 12.000000
632 633 12.000000
633 634 12.000000
634 635 12.000000
657 679 12.000000
691 692 12.000000
1019 10285 12.000000
1137 1159 12.000000
1301 1302 12.000000
1314 1336 12.000000
1373 1395 12.000000
1474 1475 12.000000
1474 1495 12.000000
1487 1488 12.000000
1488 1489 12.000000
1489 1490 12.000000
1490 1491 12.000000
1491 1492 12.000000
1492 1493 12.000000
1493 1494 12.000000
1494 1495 12.000000
230 231 11.000000
231 232 11.000000
232 233 11.000000
233 234 11.000000
234 235 11.000000
235 236 11.000000
236 237 11.000000
237 238 11.000000
238 239 11.000000
692 693 11.000000
880 881 11.000000
881 882 11.000000
893 915 11.000000
894 916 11.000000
1048 10805 11.000000
1159 1181 11.000000
1229 1251 11.000000
1300 1322 11.000000
1542 1564 11.000000
74 96 10.000000
844 845 10.000000
1041 10710 10.000000
1042 10792 10.000000
1042 11000 10.000000
1045 10568 10.000000
1045 10575 10.000000
1045 10788 10.000000
1089 10902 10.000000
1089 10921 10.000000
1089 10934 10.000000
1352 1374 10.000000
704 725 9.000000
723 724 9.000000
724 725 9.000000
788 810 9.000000
844 866 9.000000
1242 1264 9.000000
635 657 8.000000
827 849 8.000000
946 947 8.000000
1040 10537 8.000000
1042 10525 8.000000
1042 10538 8.000000
1042 10706 8.000000
1063 10771 8.000000
1086 11000 8.000000
704 705 7.000000
705 706 7.000000
976 998 7.000000
1042 10833 7.000000
1042 10897 7.000000
1323 1345 7.000000
1 2 6.000000
1 1563 6.000000
124 146 6.000000
594 595 6.000000
594 615 6.000000
595 596 6.000000
610 611 6.000000
611 612 6.000000
612 613 6.000000
613 614 6.000000
614 615 6.000000
650 651 6.000000
651 652 6.000000
652 653 6.000000
653 654 6.000000
654 655 6.000000
655 656 6.000000
656 657 6.000000
1019 10579 6.000000
1019 10588 6.000000
1541 1563 6.000000
4 5 5.000000
100 101 5.000000
100 10173 5.000000
101 102 5.000000
102 124 5.000000
178 179 5.000000
640 641 5.000000
640 662 5.000000
641 642 5.000000
642 643 5.000000
643 644 5.000000
644 645 5.000000
645 646 5.000000
646 647 5.000000
647 648 5.000000
742 764 5.000000
831 853 5.000000
858 880 5.000000
946 967 5.000000
963 964 5.000000
964 965 5.000000
965 966 5.000000
966 967 5.000000
1185 1207 5.000000
1193 1215 5.000000
1224 1246 5.000000
1278 1300 5.000000
1308 1330 5.000000
1520 1542 5.000000
1552 1574 5.000000
179 201 4.000000
251 252 4.000000
252 253 4.000000
253 254 4.000000
254 255 4.000000
255 256 4.000000
256 257 4.000000
257 258 4.000000
258 259 4.000000
259 260 4.000000
260 261 4.000000
264 265 4.000000
264 285 4.000000
265 266 4.000000
283 284 4.000000
284 285 4.000000
400 422 4.000000
422 444 4.000000
435 457 4.000000
466 488 4.000000
606 628 4.000000
616 617 4.000000
616 637 4.000000
617 618 4.000000
635 636 4.000000
636 637 4.000000
720 742 4.000000
785 807 4.000000
787 809 4.000000
830 852 4.000000
1122 1123 4.000000
1122 1143 4.000000
1123 1124 4.000000
1124 1125 4.000000
1125 1126 4.000000
1126 1127 4.000000
1127 1128 4.000000
1140 1141 4.000000
1141 1142 4.000000
1142 1143 4.000000
1149 1171 4.000000
1166 1167 4.000000
1166 1187 4.000000
1167 1168 4.000000
1168 1169 4.000000
1169 1170 4.000000
1170 1171 4.000000
1185 1186 4.000000
1186 1187 4.000000
1236 1258 4.000000
1298 1320 4.000000
1329 1351 4.000000
1410 1432 4.000000
1499 1521 4.000000
1521 1543 4.000000
386 408 3.000000
562 584 3.000000
618 640 3.000000
660 661 3.000000
661 662 3.000000
794 816 3.000000
816 838 3.000000
874 896 3.000000
946 968 3.000000
968 989 3.000000
985 986 3.000000
986 987 3.000000
987 988 3.000000
988 989 3.000000
1070 10892 3.000000
1154 1176 3.000000
1192 1214 3.000000
1210 1232 3.000000
154 155 2.000000
154 175 2.000000
155 156 2.000000
168 169 2.000000
169 170 2.000000
170 171 2.000000
171 172 2.000000
172 173 2.000000
173 174 2.000000
174 175 2.000000
178 200 2.000000
292 314 2.000000
295 296 2.000000
296 297 2.000000
297 298 2.000000
298 299 2.000000
299 300 2.000000
300 301 2.000000
301 302 2.000000
302 303 2.000000
303 304 2.000000
304 305 2.000000
308 330 2.000000
313 335 2.000000
335 357 2.000000
550 572 2.000000
585 607 2.000000
638 639 2.000000
638 659 2.000000
639 640 2.000000
657 658 2.000000
658 659 2.000000
660 682 2.000000
682 704 2.000000
750 772 2.000000
758 780 2.000000
806 828 2.000000
931 953 2.000000
1041 10545 2.000000
1041 10547 2.000000
1042 10551 2.000000
1042 10671 2.000000
1042 10684 2.000000
1074 1096 2.000000
1096 1118 2.000000
1292 1314 2.000000
1313 1335 2.000000
1355 1377 2.000000
1370 1392 2.000000
1392 1414 2.000000
1487 1509 2.000000
121 122 1.000000
122 123 1.000000
123 124 1.000000
190 191 1.000000
191 192 1.000000
192 193 1.000000
193 194 1.000000
194 195 1.000000
195 217 1.000000
217 239 1.000000
402 424 1.000000
412 434 1.000000
506 528 1.000000
660 681 1.000000
679 680 1.000000
680 681 1.000000
783 805 1.000000
836 858 1.000000
876 898 1.000000
882 883 1.000000
883 884 1.000000
884 885 1.000000
885 886 1.000000
886 887 1.000000
887 888 1.000000
961 983 1.000000
975 997 1.000000
1040 10655 1.000000
1049 1050 1.000000
1050 1051 1.000000
1051 1052 1.000000
1052 1074 1.000000
1071 1072 1.000000
1072 1073 1.000000
1073 1074 1.000000
1084 10978 1.000000
1091 1113 1.000000
1160 1161 1.000000
1161 1162 1.000000
1162 1163 1.000000
1163 1185 1.000000
1240 1262 1.000000
1241 1263 1.000000
1262 1284 1.000000
1351 1373 1.000000
1413 1435 1.000000
1435 1457 1.000000
1452 1453 1.000000
1452 1473 1.000000
1453 1454 1.000000
1466 1467 1.000000
1467 1468 1.000000
1468 1469 1.000000
1469 1470 1.000000
1470 1471 1.000000
1471 1472 1.000000
1472 1473 1.000000
1498 1520 1.000000
