405 406 18569.000000
406 407 18569.000000
407 408 18569.000000
408 409 18108.000000
6 7 15368.000000
8 9 15031.000000
7 8 14989.000000
404 405 13954.000000
1333 1334 13795.000000
1201 1202 13528.000000
10 11 13255.000000
1420 1421 11113.000000
409 410 10898.000000
1398 1399 10803.000000
11 12 10648.000000
1200 1201 10560.000000
426 427 10054.000000
427 428 10054.000000
428 429 10054.000000
429 430 10054.000000
383 384 10012.000000
384 385 10012.000000
385 386 10012.000000
386 387 10012.000000
1377 1378 9456.000000
1376 1377 9223.000000
1375 1376 8927.000000
1419 1420 8893.000000
382 383 8791.000000
1464 1465 8718.000000
1415 1416 8716.000000
1199 1200 8698.000000
1457 1458 8643.000000
410 411 8487.000000
1421 1422 8374.000000
1413 1414 8340.000000
1414 1415 8338.000000
1463 1464 8251.000000
271 272 8146.000000
1416 1417 8099.000000
1418 1419 7972.000000
1417 1418 7820.000000
1462 1463 7629.000000
1460 1461 7591.000000
1222 1223 7576.000000
1202 1203 7561.000000
1374 1375 7439.000000
361 362 7429.000000
362 363 7429.000000
363 364 7429.000000
364 365 7416.000000
1332 1333 7393.000000
1459 1460 7374.000000
1397 1398 7327.000000
1022 1023 7313.000000
1023 1024 7313.000000
1043 1044 7144.000000
1044 1045 7144.000000
1458 1459 7041.000000
1021 1022 6922.000000
1112 1113 6921.000000
1334 1335 6873.000000
1354 1355 6848.000000
1331 1332 6830.000000
293 294 6751.000000
1396 1397 6727.000000
1109 1110 6690.000000
1110 1111 6690.000000
1158 1159 6620.000000
1456 1457 6617.000000
1244 1245 6600.000000
425 426 6580.000000
1065 1066 6569.000000
1066 1067 6569.000000
1067 1068 6569.000000
1267 1268 6478.000000
1461 1462 6471.000000
1246 1247 6405.000000
1355 1356 6346.000000
1395 1396 6266.000000
1157 1158 6233.000000
1245 1246 6212.000000
1223 1224 6211.000000
315 316 6195.000000
30 31 6030.000000
1221 1222 6003.000000
1442 1443 5987.000000
1113 1114 5945.000000
1330 1331 5796.000000
1041 1042 5782.000000
1266 1267 5715.000000
1042 1043 5672.000000
1179 1180 5660.000000
360 361 5628.000000
1243 1244 5628.000000
228 229 5545.000000
1412 1413 5542.000000
1108 1109 5363.000000
1111 1112 5351.000000
1178 1179 5277.000000
1440 1441 5267.000000
10 10577 5213.000000
430 431 5168.000000
365 366 5111.000000
431 432 5025.000000
1394 1395 5003.000000
381 382 4997.000000
1441 1442 4991.000000
116 117 4808.000000
272 273 4785.000000
292 293 4723.000000
1399 1400 4708.000000
74 75 4671.000000
1020 1021 4612.000000
1177 1178 4583.000000
249 250 4579.000000
1025 1026 4453.000000
1393 1394 4433.000000
1156 1157 4382.000000
1439 1440 4382.000000
828 829 4367.000000
1391 1392 4360.000000
1392 1393 4360.000000
1264 1265 4310.000000
449 450 4288.000000
450 451 4288.000000
451 452 4288.000000
1068 1069 4266.000000
1268 1269 4246.000000
96 97 4222.000000
1265 1266 4136.000000
518 519 4135.000000
1247 1248 4047.000000
1045 1046 4027.000000
1216 1217 3979.000000
1217 1218 3979.000000
1218 1219 3979.000000
1219 1220 3979.000000
117 118 3970.000000
1334 1356 3947.000000
73 74 3935.000000
452 453 3919.000000
1203 1204 3918.000000
1064 1065 3890.000000
825 826 3878.000000
826 827 3878.000000
827 828 3878.000000
1000 1001 3875.000000
1001 1002 3875.000000
1353 1354 3855.000000
978 979 3825.000000
979 980 3825.000000
497 498 3816.000000
1135 1136 3810.000000
453 454 3774.000000
115 116 3752.000000
160 161 3736.000000
1024 1025 3713.000000
359 360 3603.000000
1481 1482 3579.000000
1136 1137 3533.000000
470 471 3532.000000
471 472 3532.000000
472 473 3532.000000
473 474 3532.000000
1480 1481 3517.000000
1133 1134 3512.000000
182 183 3504.000000
1289 1290 3496.000000
1069 1070 3437.000000
1046 1047 3408.000000
1114 1115 3343.000000
183 184 3329.000000
316 338 3308.000000
1288 1289 3292.000000
977 978 3286.000000
52 53 3282.000000
1134 1135 3277.000000
411 412 3268.000000
454 455 3200.000000
1373 1374 3170.000000
403 404 3147.000000
605 606 3113.000000
161 162 3107.000000
314 315 3076.000000
519 520 3075.000000
1482 1483 3043.000000
976 977 3031.000000
492 493 3030.000000
493 494 3030.000000
494 495 3030.000000
495 496 3030.000000
294 295 3027.000000
1239 1240 3017.000000
1240 1241 3017.000000
1241 1242 3017.000000
1484 1485 2978.000000
72 73 2959.000000
1204 1205 2951.000000
1107 1108 2935.000000
1485 1486 2934.000000
184 185 2925.000000
1483 1484 2879.000000
1115 1137 2861.000000
540 541 2859.000000
181 182 2858.000000
387 388 2819.000000
1506 1507 2808.000000
159 160 2796.000000
1507 1508 2789.000000
1508 1509 2785.000000
455 456 2781.000000
520 521 2769.000000
162 163 2736.000000
1352 1353 2729.000000
475 476 2728.000000
894 895 2726.000000
467 468 2678.000000
272 294 2675.000000
496 497 2669.000000
1524 1525 2661.000000
1238 1239 2644.000000
1195 1196 2642.000000
1196 1197 2642.000000
1197 1198 2642.000000
71 72 2638.000000
1198 1199 2632.000000
1220 1221 2591.000000
139 140 2583.000000
316 317 2533.000000
498 499 2524.000000
75 76 2509.000000
1546 1547 2506.000000
1547 1548 2506.000000
424 425 2486.000000
1090 1091 2463.000000
1269 1270 2451.000000
1525 1526 2444.000000
448 449 2443.000000
469 470 2429.000000
1390 1391 2425.000000
31 32 2391.000000
1287 1288 2371.000000
1335 1336 2360.000000
1026 1027 2352.000000
137 138 2342.000000
365 387 2310.000000
185 207 2291.000000
432 433 2288.000000
205 206 2253.000000
474 475 2250.000000
180 181 2199.000000
1180 1181 2197.000000
412 413 2179.000000
1434 1435 2175.000000
1435 1436 2175.000000
138 139 2155.000000
1548 1549 2154.000000
163 164 2145.000000
468 469 2143.000000
95 96 2119.000000
359 381 2104.000000
1436 1437 2086.000000
32 33 2079.000000
1568 1569 2065.000000
447 448 2061.000000
1486 1487 2061.000000
1438 1439 2057.000000
1086 1087 2041.000000
1087 1088 2041.000000
1088 1089 2041.000000
954 955 2033.000000
402 403 2030.000000
140 141 2017.000000
1505 1506 2008.000000
1290 1291 1997.000000
248 249 1984.000000
1437 1438 1975.000000
433 434 1967.000000
380 381 1962.000000
1350 1351 1957.000000
476 477 1953.000000
1526 1527 1953.000000
934 935 1938.000000
935 936 1938.000000
936 937 1938.000000
1569 1570 1930.000000
872 873 1922.000000
1085 1086 1916.000000
1173 1174 1904.000000
1174 1175 1904.000000
1175 1176 1904.000000
1308 1309 1902.000000
1356 1357 1901.000000
1202 1224 1897.000000
158 159 1893.000000
1311 1312 1891.000000
229 230 1881.000000
337 338 1881.000000
938 939 1867.000000
423 424 1864.000000
871 872 1855.000000
980 981 1855.000000
206 207 1841.000000
1351 1352 1818.000000
227 228 1796.000000
499 500 1778.000000
1309 1310 1773.000000
1155 1156 1768.000000
1130 1131 1764.000000
1131 1132 1764.000000
1132 1133 1764.000000
956 957 1763.000000
957 958 1763.000000
225 226 1762.000000
1063 1064 1762.000000
1242 1243 1757.000000
1248 1249 1754.000000
1347 1348 1738.000000
1348 1349 1738.000000
1349 1350 1738.000000
1465 1466 1726.000000
998 999 1725.000000
366 367 1717.000000
606 607 1713.000000
1372 1373 1705.000000
388 389 1703.000000
413 414 1702.000000
1433 1434 1677.000000
829 830 1662.000000
1260 1261 1622.000000
1261 1262 1622.000000
1262 1263 1622.000000
1378 1379 1619.000000
895 896 1616.000000
891 892 1610.000000
892 893 1610.000000
1225 1226 1604.000000
1002 1003 1602.000000
939 940 1584.000000
28 29 1577.000000
1224 1225 1571.000000
1369 1370 1566.000000
1370 1371 1566.000000
1371 1372 1565.000000
202 203 1542.000000
224 225 1538.000000
1176 1177 1536.000000
1368 1369 1530.000000
1047 1048 1500.000000
500 501 1498.000000
955 956 1496.000000
203 204 1495.000000
204 205 1495.000000
434 435 1494.000000
446 447 1492.000000
1551 1552 1490.000000
982 983 1489.000000
1550 1551 1471.000000
1194 1195 1459.000000
1478 1479 1451.000000
1479 1480 1451.000000
1310 1311 1441.000000
250 251 1427.000000
893 894 1421.000000
1549 1550 1418.000000
937 938 1414.000000
226 227 1408.000000
852 853 1405.000000
1500 1501 1393.000000
1501 1502 1393.000000
896 897 1392.000000
541 542 1385.000000
268 269 1382.000000
269 270 1382.000000
270 271 1371.000000
1159 1160 1370.000000
851 852 1358.000000
1528 1529 1343.000000
1411 1412 1332.000000
1303 1304 1329.000000
1304 1305 1329.000000
1305 1306 1329.000000
541 563 1326.000000
1152 1153 1326.000000
1153 1154 1326.000000
1154 1155 1326.000000
1306 1307 1326.000000
1529 1530 1324.000000
489 490 1317.000000
97 98 1316.000000
390 391 1295.000000
1263 1264 1294.000000
118 119 1293.000000
456 457 1289.000000
389 390 1279.000000
267 268 1278.000000
315 337 1267.000000
1172 1173 1263.000000
391 392 1257.000000
228 250 1256.000000
1455 1456 1252.000000
1089 1090 1247.000000
338 339 1245.000000
29 30 1239.000000
94 95 1216.000000
1527 1528 1205.000000
76 77 1201.000000
807 808 1186.000000
51 52 1181.000000
411 433 1172.000000
273 295 1168.000000
1247 1269 1165.000000
1346 1347 1162.000000
1499 1500 1162.000000
563 564 1157.000000
868 869 1156.000000
869 870 1156.000000
870 871 1156.000000
501 502 1152.000000
981 982 1146.000000
410 432 1141.000000
850 851 1138.000000
760 761 1133.000000
761 762 1133.000000
762 763 1133.000000
1307 1308 1126.000000
1503 1504 1118.000000
93 94 1109.000000
98 99 1106.000000
562 563 1096.000000
1290 1312 1094.000000
246 247 1092.000000
247 248 1092.000000
542 543 1086.000000
183 205 1085.000000
12 13 1079.000000
933 934 1078.000000
1504 1505 1078.000000
457 458 1071.000000
490 491 1070.000000
1003 1004 1064.000000
435 436 1048.000000
1091 1092 1034.000000
763 764 1033.000000
1502 1503 1030.000000
366 388 1024.000000
867 868 1023.000000
1377 1399 1014.000000
764 765 1008.000000
338 360 994.000000
271 293 979.000000
1004 1005 977.000000
1204 1226 977.000000
853 854 976.000000
53 54 965.000000
445 446 961.000000
478 479 961.000000
983 984 960.000000
50 51 957.000000
1552 1553 945.000000
1158 1180 939.000000
337 359 935.000000
229 251 924.000000
1400 1401 924.000000
824 825 920.000000
1302 1303 913.000000
960 961 908.000000
847 848 903.000000
848 849 903.000000
330 331 901.000000
330 351 901.000000
331 332 901.000000
332 333 901.000000
333 334 901.000000
334 335 901.000000
349 350 901.000000
350 351 901.000000
1378 1400 898.000000
412 434 890.000000
409 431 883.000000
1002 10152 876.000000
1215 1216 870.000000
467 489 867.000000
521 522 866.000000
1151 1152 866.000000
649 650 858.000000
849 850 853.000000
201 202 852.000000
1286 1287 852.000000
367 368 845.000000
845 846 845.000000
497 519 844.000000
1421 1443 842.000000
959 960 839.000000
977 999 839.000000
961 962 837.000000
1237 1238 834.000000
368 369 833.000000
1025 10270 833.000000
1477 1478 826.000000
491 492 820.000000
498 520 820.000000
846 847 808.000000
223 224 807.000000
336 337 799.000000
1159 1181 799.000000
1313 1314 796.000000
1291 1292 794.000000
1380 1381 777.000000
1381 1382 777.000000
544 545 776.000000
33 34 769.000000
1129 1130 769.000000
512 513 765.000000
158 180 764.000000
1003 10138 764.000000
1070 1071 763.000000
440 441 757.000000
440 461 757.000000
441 442 757.000000
442 443 757.000000
443 444 757.000000
444 445 757.000000
459 460 757.000000
460 461 757.000000
522 523 755.000000
1542 1543 741.000000
565 566 740.000000
458 480 738.000000
414 415 737.000000
1573 1574 737.000000
916 917 735.000000
765 766 734.000000
543 544 731.000000
1543 1544 729.000000
141 142 728.000000
1312 1313 724.000000
1020 10341 723.000000
1570 1571 720.000000
915 916 719.000000
1226 1227 714.000000
477 478 710.000000
1389 1390 710.000000
1544 1545 707.000000
54 55 702.000000
1379 1380 697.000000
288 289 695.000000
245 246 688.000000
997 998 681.000000
479 480 668.000000
1336 1337 666.000000
1337 1338 666.000000
1338 1339 666.000000
1545 1546 666.000000
1458 1480 664.000000
286 287 658.000000
287 288 658.000000
564 565 658.000000
1002 10055 655.000000
455 477 653.000000
286 307 652.000000
306 307 652.000000
1357 1358 652.000000
1358 1359 652.000000
1359 1360 652.000000
380 402 649.000000
264 285 648.000000
284 285 648.000000
264 265 641.000000
265 266 641.000000
890 891 639.000000
1002 10225 636.000000
1248 1270 636.000000
607 608 634.000000
1115 1116 633.000000
10 10344 622.000000
289 290 622.000000
290 291 622.000000
291 292 622.000000
369 370 620.000000
499 521 618.000000
1025 10298 615.000000
808 809 609.000000
1002 10136 603.000000
360 382 600.000000
1085 1107 599.000000
940 941 597.000000
873 874 596.000000
958 959 593.000000
305 306 592.000000
1025 1047 590.000000
374 375 589.000000
374 395 589.000000
375 376 589.000000
376 377 589.000000
377 378 589.000000
378 379 589.000000
379 380 589.000000
393 394 589.000000
394 395 589.000000
566 567 584.000000
587 588 581.000000
1367 1368 579.000000
912 913 578.000000
913 914 578.000000
914 915 578.000000
370 371 569.000000
831 832 568.000000
1227 1228 566.000000
1002 10025 564.000000
367 389 559.000000
911 912 556.000000
185 186 555.000000
786 787 555.000000
1571 1572 554.000000
1070 1092 552.000000
317 318 550.000000
1572 1573 549.000000
1205 1206 545.000000
1206 1207 545.000000
140 162 542.000000
830 831 542.000000
910 911 541.000000
1292 1293 540.000000
1002 10816 532.000000
534 535 528.000000
535 536 528.000000
536 537 528.000000
537 538 528.000000
538 539 528.000000
539 540 528.000000
273 274 527.000000
1002 10724 527.000000
1329 1330 526.000000
671 672 524.000000
1465 1487 522.000000
588 589 517.000000
294 316 515.000000
738 739 513.000000
739 740 513.000000
740 741 513.000000
513 514 507.000000
514 515 507.000000
515 516 507.000000
516 517 507.000000
1002 10380 496.000000
1114 1136 495.000000
586 587 489.000000
823 824 489.000000
114 115 479.000000
227 249 479.000000
408 430 474.000000
1282 1283 473.000000
1283 1284 473.000000
1432 1433 472.000000
917 918 465.000000
335 336 464.000000
308 329 459.000000
328 329 459.000000
1025 10429 457.000000
787 788 456.000000
266 267 453.000000
119 120 452.000000
1284 1285 452.000000
452 474 449.000000
897 898 448.000000
308 309 446.000000
309 310 446.000000
310 311 446.000000
311 312 446.000000
312 313 446.000000
313 314 446.000000
1207 1208 443.000000
932 933 442.000000
49 50 434.000000
511 512 432.000000
1249 1250 430.000000
1250 1251 430.000000
1041 10549 429.000000
226 248 428.000000
766 788 425.000000
454 476 424.000000
1041 10773 424.000000
1002 10407 422.000000
1024 10361 422.000000
165 166 421.000000
166 167 421.000000
167 168 421.000000
1401 1402 420.000000
1402 1403 420.000000
1403 1404 420.000000
179 180 415.000000
424 446 408.000000
1025 10280 408.000000
608 609 407.000000
609 610 407.000000
55 56 405.000000
1041 10422 405.000000
1069 1091 403.000000
517 518 393.000000
10 10416 392.000000
205 227 391.000000
1022 10628 391.000000
27 28 388.000000
423 445 384.000000
142 143 383.000000
250 272 381.000000
1046 10624 380.000000
207 208 377.000000
1404 1405 375.000000
1020 10588 373.000000
777 778 371.000000
778 779 371.000000
401 402 366.000000
889 890 366.000000
1205 1227 366.000000
1020 10579 365.000000
545 546 361.000000
1128 1129 360.000000
1391 1413 360.000000
1020 10543 355.000000
396 397 350.000000
396 417 350.000000
397 398 350.000000
398 399 350.000000
399 400 350.000000
400 401 350.000000
415 416 350.000000
416 417 350.000000
74 96 349.000000
458 459 340.000000
462 463 340.000000
462 483 340.000000
463 464 340.000000
464 465 340.000000
465 466 340.000000
480 481 340.000000
481 482 340.000000
482 483 340.000000
628 629 336.000000
1019 1020 334.000000
627 628 331.000000
1048 10631 327.000000
1390 1412 327.000000
1020 10226 326.000000
1020 10285 326.000000
249 271 324.000000
1005 10128 323.000000
10 10417 321.000000
1021 10297 317.000000
1025 10384 314.000000
1047 10890 313.000000
1339 1340 313.000000
10 10815 310.000000
766 767 309.000000
1386 1387 309.000000
1386 1407 309.000000
1387 1388 309.000000
1405 1406 309.000000
1406 1407 309.000000
1020 10537 307.000000
251 273 306.000000
1002 10167 306.000000
866 867 304.000000
1002 10965 304.000000
206 228 303.000000
1002 10575 303.000000
1002 10664 303.000000
1002 10718 303.000000
874 875 302.000000
1002 10179 302.000000
1002 10250 302.000000
533 534 301.000000
1021 10210 301.000000
1325 1326 301.000000
1326 1327 301.000000
1327 1328 301.000000
1021 10425 298.000000
1024 10386 298.000000
1024 10842 298.000000
1041 10507 298.000000
1041 10945 298.000000
1228 1229 298.000000
1046 10969 297.000000
1021 10791 296.000000
186 187 292.000000
1199 1221 292.000000
1293 1294 292.000000
1294 1295 292.000000
295 317 290.000000
1046 10951 290.000000
1502 1524 290.000000
446 468 289.000000
828 850 289.000000
1002 10028 289.000000
389 411 286.000000
1041 10962 286.000000
1041 10688 285.000000
1345 1346 285.000000
382 404 284.000000
1024 1046 284.000000
1041 10854 284.000000
1041 10548 283.000000
1064 10757 283.000000
1025 10704 279.000000
1364 1365 276.000000
1364 1385 276.000000
1365 1366 276.000000
1366 1367 276.000000
1384 1385 276.000000
466 467 274.000000
506 507 274.000000
507 508 274.000000
508 509 274.000000
765 787 274.000000
509 510 272.000000
1160 1161 272.000000
318 319 269.000000
319 320 269.000000
320 321 269.000000
1024 10640 269.000000
321 322 268.000000
496 518 266.000000
545 567 266.000000
785 786 265.000000
540 562 264.000000
506 527 262.000000
524 525 262.000000
525 526 262.000000
526 527 262.000000
352 353 261.000000
352 373 261.000000
353 354 261.000000
354 355 261.000000
355 356 261.000000
356 357 261.000000
357 358 261.000000
372 373 261.000000
434 456 261.000000
1068 1090 261.000000
1314 1315 261.000000
1315 1316 261.000000
1046 10587 259.000000
1215 1237 259.000000
70 71 258.000000
1020 10572 257.000000
1026 1048 257.000000
322 323 256.000000
1043 10833 256.000000
120 121 254.000000
584 585 254.000000
1043 10538 253.000000
1043 10897 253.000000
323 324 252.000000
324 325 252.000000
325 326 252.000000
326 327 252.000000
809 810 252.000000
1422 1423 251.000000
716 717 248.000000
717 718 248.000000
718 719 248.000000
1222 1244 248.000000
1046 10811 247.000000
1328 1329 245.000000
585 586 244.000000
1043 11000 244.000000
1043 10525 243.000000
1090 10955 243.000000
764 786 242.000000
1043 10792 242.000000
1382 1383 242.000000
1383 1384 242.000000
73 95 241.000000
1024 10505 240.000000
1047 10585 239.000000
1048 1049 239.000000
1112 1134 239.000000
1524 1546 239.000000
51 73 237.000000
358 359 237.000000
1020 10611 237.000000
1041 10480 237.000000
1530 1531 235.000000
484 485 234.000000
484 505 234.000000
485 486 234.000000
486 487 234.000000
502 503 234.000000
503 504 234.000000
504 505 234.000000
1113 1135 233.000000
1285 1307 233.000000
487 488 231.000000
488 489 231.000000
1002 10450 231.000000
162 184 230.000000
327 349 230.000000
29 51 229.000000
1021 10440 229.000000
773 774 227.000000
774 775 227.000000
775 776 227.000000
776 777 227.000000
1002 10788 227.000000
369 391 225.000000
838 860 225.000000
1042 10437 224.000000
843 844 223.000000
1068 10842 223.000000
759 760 220.000000
1002 10783 219.000000
1042 10636 219.000000
1046 10902 219.000000
1285 1286 219.000000
1063 10768 217.000000
1063 10648 216.000000
1069 10694 216.000000
1026 10892 214.000000
418 419 213.000000
418 439 213.000000
419 420 213.000000
420 421 213.000000
421 422 213.000000
422 423 213.000000
437 438 213.000000
438 439 213.000000
1002 10568 213.000000
1025 10399 212.000000
1183 1184 210.000000
453 475 208.000000
1041 10884 208.000000
1041 10978 208.000000
1064 10741 208.000000
1246 1268 208.000000
544 566 207.000000
12 1574 206.000000
404 426 206.000000
1025 10745 206.000000
1047 10825 206.000000
1324 1325 202.000000
1002 10703 201.000000
1291 1313 200.000000
1548 1570 199.000000
1070 10900 197.000000
293 315 196.000000
679 701 195.000000
1046 10949 195.000000
1041 10547 194.000000
1046 10946 194.000000
1181 1182 194.000000
1182 1183 194.000000
1026 10419 193.000000
1047 10670 193.000000
139 161 192.000000
1002 10476 192.000000
1026 10604 192.000000
1026 10817 192.000000
1026 10861 192.000000
1423 1424 192.000000
1424 1425 192.000000
1425 1426 192.000000
1002 10848 191.000000
1002 10921 191.000000
1021 10628 191.000000
1065 10684 191.000000
1025 10331 187.000000
1021 10338 186.000000
476 498 185.000000
1271 1272 185.000000
1272 1273 185.000000
1048 10928 184.000000
1270 1271 184.000000
808 830 183.000000
1201 1223 183.000000
1426 1427 183.000000
445 467 181.000000
1027 10569 180.000000
1027 10732 180.000000
1070 10781 180.000000
1161 1162 180.000000
1162 1163 180.000000
1027 10975 179.000000
1002 10506 178.000000
1021 10479 178.000000
11 1573 177.000000
1042 10807 177.000000
1042 10814 177.000000
1065 10671 177.000000
1259 1260 177.000000
381 403 176.000000
1065 10919 176.000000
1430 1431 176.000000
1430 1451 176.000000
1431 1432 176.000000
1449 1450 176.000000
1450 1451 176.000000
1064 10771 175.000000
327 328 174.000000
807 829 174.000000
1021 10284 173.000000
1356 1378 173.000000
137 159 172.000000
1002 10775 171.000000
1021 10289 171.000000
339 340 170.000000
340 341 170.000000
341 342 170.000000
342 343 170.000000
1021 10320 170.000000
157 158 168.000000
157 179 168.000000
392 393 168.000000
1021 10683 168.000000
1025 10810 168.000000
432 454 167.000000
844 845 167.000000
1046 10726 167.000000
343 344 166.000000
780 781 166.000000
1027 10365 166.000000
1047 10719 166.000000
1335 1357 166.000000
478 500 165.000000
1027 10805 165.000000
1434 1456 165.000000
164 165 162.000000
1207 1229 162.000000
868 890 160.000000
1070 10744 160.000000
1360 1361 160.000000
962 963 159.000000
1002 10484 159.000000
1002 10505 158.000000
1020 10771 157.000000
143 144 156.000000
144 145 156.000000
145 146 156.000000
146 147 156.000000
1020 10547 156.000000
1043 10628 156.000000
1003 10429 155.000000
1003 10679 155.000000
937 959 154.000000
414 436 153.000000
1003 10760 153.000000
1021 10482 153.000000
1345 1367 153.000000
436 437 152.000000
523 524 151.000000
792 813 151.000000
811 812 151.000000
812 813 151.000000
1003 10704 151.000000
1027 10916 150.000000
10 10661 148.000000
792 793 148.000000
793 794 148.000000
1313 1335 148.000000
115 137 147.000000
344 345 146.000000
823 845 146.000000
1026 10445 146.000000
1005 10658 144.000000
1047 10839 144.000000
852 874 143.000000
345 346 142.000000
346 347 142.000000
347 348 142.000000
348 349 142.000000
477 499 142.000000
1065 10706 142.000000
1042 10647 140.000000
1048 10805 140.000000
30 52 139.000000
1019 10261 139.000000
1351 1373 139.000000
1003 10670 138.000000
1003 10233 137.000000
1046 10568 137.000000
1417 1439 136.000000
1069 10890 135.000000
719 720 134.000000
799 800 134.000000
800 801 134.000000
836 857 134.000000
854 855 134.000000
855 856 134.000000
856 857 134.000000
1183 1205 134.000000
1047 10888 133.000000
1069 10933 133.000000
1251 1273 132.000000
810 811 131.000000
1021 10326 131.000000
1046 10565 130.000000
480 502 129.000000
520 542 129.000000
1069 10725 128.000000
1003 10725 127.000000
1005 10569 127.000000
1005 10732 127.000000
1041 10655 127.000000
1047 10765 127.000000
673 674 126.000000
674 675 126.000000
675 676 126.000000
1025 10825 126.000000
1527 1549 126.000000
1026 10670 125.000000
1071 10758 125.000000
1200 1222 125.000000
1069 10719 124.000000
425 447 123.000000
918 919 123.000000
795 796 122.000000
796 797 122.000000
797 798 122.000000
798 799 122.000000
806 807 121.000000
896 918 120.000000
1005 10916 120.000000
1070 10941 120.000000
1090 10934 120.000000
802 803 119.000000
803 804 119.000000
804 805 119.000000
805 806 119.000000
836 837 119.000000
837 838 119.000000
1025 10679 119.000000
676 677 118.000000
677 678 118.000000
678 679 118.000000
1005 10145 118.000000
1070 10928 118.000000
1071 10975 118.000000
248 270 117.000000
779 780 115.000000
719 741 114.000000
1091 10933 114.000000
31 53 113.000000
456 478 112.000000
1003 10825 112.000000
1069 10839 112.000000
1331 1353 111.000000
1070 10935 110.000000
1027 10631 109.000000
1546 1568 108.000000
1003 10206 107.000000
1063 1085 107.000000
553 554 106.000000
629 630 106.000000
630 631 106.000000
631 632 106.000000
1026 10457 106.000000
358 380 105.000000
1025 10816 105.000000
1026 10933 105.000000
1027 1028 105.000000
1025 10539 103.000000
741 742 102.000000
1443 1444 102.000000
270 292 101.000000
1041 1063 101.000000
136 137 100.000000
1025 10587 100.000000
433 455 98.000000
786 808 98.000000
1498 1499 98.000000
814 815 97.000000
815 816 97.000000
1025 10890 97.000000
1046 10476 97.000000
1408 1409 97.000000
1408 1429 97.000000
1409 1410 97.000000
1427 1428 97.000000
1428 1429 97.000000
401 423 96.000000
763 785 96.000000
1046 10848 96.000000
1046 10921 96.000000
853 875 95.000000
1026 10765 95.000000
1046 10783 94.000000
1046 10825 94.000000
1320 1321 94.000000
1320 1341 94.000000
1321 1322 94.000000
1322 1323 94.000000
1340 1341 94.000000
585 607 93.000000
751 752 93.000000
752 753 93.000000
753 754 93.000000
754 755 93.000000
1026 10888 93.000000
1046 10703 93.000000
1046 10775 93.000000
1161 1183 92.000000
755 756 91.000000
756 757 91.000000
757 758 91.000000
1047 10933 91.000000
1068 10718 91.000000
1068 10965 91.000000
53 75 90.000000
159 181 90.000000
959 981 90.000000
1460 1482 90.000000
1461 1483 90.000000
52 74 89.000000
1509 1510 89.000000
737 738 88.000000
1091 10922 88.000000
1266 1288 88.000000
707 708 87.000000
708 709 87.000000
709 710 87.000000
710 711 87.000000
711 712 87.000000
712 713 87.000000
713 714 87.000000
1046 10506 87.000000
1068 10788 87.000000
1069 10825 87.000000
1150 1151 87.000000
388 410 86.000000
1046 10484 86.000000
1046 10505 86.000000
1444 1445 86.000000
1445 1446 86.000000
1446 1447 86.000000
1447 1448 86.000000
1448 1449 86.000000
567 589 85.000000
1173 1195 85.000000
295 296 84.000000
296 297 84.000000
297 298 84.000000
298 299 84.000000
299 300 84.000000
300 301 84.000000
301 302 84.000000
302 303 84.000000
303 304 84.000000
304 305 84.000000
468 490 84.000000
1025 10903 84.000000
403 425 83.000000
720 742 83.000000
781 782 83.000000
782 783 83.000000
783 784 83.000000
1210 1211 83.000000
1210 1231 83.000000
1211 1212 83.000000
1212 1213 83.000000
1213 1214 83.000000
1214 1215 83.000000
1229 1230 83.000000
1230 1231 83.000000
814 835 82.000000
832 833 82.000000
833 834 82.000000
834 835 82.000000
314 336 81.000000
336 358 81.000000
948 949 81.000000
949 950 81.000000
950 951 81.000000
951 952 81.000000
952 953 81.000000
1002 10624 81.000000
849 871 80.000000
1004 10765 80.000000
1025 10522 80.000000
1070 10859 80.000000
1328 1350 80.000000
371 372 79.000000
758 759 79.000000
1005 10975 78.000000
5 6 77.000000
27 49 77.000000
136 158 77.000000
563 585 77.000000
657 679 77.000000
1025 10645 77.000000
1025 10841 77.000000
10 1572 76.000000
430 452 76.000000
519 541 76.000000
553 575 76.000000
583 584 76.000000
1002 10903 76.000000
1025 10777 76.000000
1254 1255 76.000000
1255 1256 76.000000
1256 1257 76.000000
1257 1258 76.000000
186 208 75.000000
383 405 75.000000
784 785 75.000000
915 937 75.000000
1003 10104 75.000000
1020 10437 75.000000
1045 10568 75.000000
1046 10831 75.000000
182 204 74.000000
204 226 74.000000
607 629 74.000000
1002 10522 74.000000
1323 1324 74.000000
1393 1415 74.000000
736 737 73.000000
1002 10268 73.000000
1002 10298 73.000000
1002 10603 73.000000
1002 10738 73.000000
1002 10808 73.000000
1002 10877 73.000000
1002 10934 73.000000
1005 10631 73.000000
1068 10902 73.000000
1068 10951 73.000000
242 243 72.000000
243 244 72.000000
283 305 72.000000
635 657 72.000000
875 876 72.000000
1308 1330 72.000000
1398 1420 72.000000
1064 10710 71.000000
1254 1275 71.000000
1273 1274 71.000000
1274 1275 71.000000
1002 10070 70.000000
1046 10745 70.000000
1400 1422 70.000000
1442 1464 70.000000
872 894 69.000000
1269 1291 69.000000
349 371 68.000000
858 859 68.000000
1002 10299 68.000000
1046 10810 68.000000
1156 1178 68.000000
118 140 67.000000
437 459 67.000000
502 524 67.000000
1024 10539 67.000000
554 555 66.000000
528 549 65.000000
546 547 65.000000
547 548 65.000000
548 549 65.000000
742 743 65.000000
743 744 65.000000
744 745 65.000000
1004 10079 65.000000
1352 1374 65.000000
1002 10726 64.000000
1025 10299 64.000000
1068 10969 64.000000
1025 10934 63.000000
1232 1233 63.000000
1232 1253 63.000000
1233 1234 63.000000
1234 1235 63.000000
1235 1236 63.000000
1236 1237 63.000000
1252 1253 63.000000
1466 1467 63.000000
1467 1468 63.000000
1468 1469 63.000000
1469 1470 63.000000
1470 1471 63.000000
161 183 62.000000
1025 10380 62.000000
1068 10946 62.000000
1188 1189 62.000000
1188 1209 62.000000
1189 1190 62.000000
1190 1191 62.000000
1191 1192 62.000000
1192 1193 62.000000
1208 1209 62.000000
1357 1379 62.000000
1395 1417 62.000000
1004 10888 61.000000
1025 10268 61.000000
1025 10603 61.000000
1025 10808 61.000000
1025 10877 61.000000
1068 10949 61.000000
1090 10946 61.000000
1090 10949 61.000000
28 50 60.000000
306 328 60.000000
940 962 60.000000
1024 10407 60.000000
1025 10738 60.000000
1049 10658 60.000000
1137 1138 60.000000
1138 1139 60.000000
1139 1140 60.000000
1140 1141 60.000000
1454 1455 60.000000
262 284 59.000000
633 634 59.000000
634 635 59.000000
242 263 58.000000
262 263 58.000000
550 551 58.000000
551 552 58.000000
552 553 58.000000
893 915 58.000000
1068 10726 58.000000
1068 10810 58.000000
510 511 57.000000
794 795 57.000000
1068 10725 57.000000
1091 10935 57.000000
1193 1194 57.000000
251 252 56.000000
844 866 56.000000
1020 10830 56.000000
1047 10679 56.000000
1264 1286 56.000000
1312 1334 56.000000
387 409 55.000000
597 598 55.000000
598 599 55.000000
599 600 55.000000
600 601 55.000000
601 602 55.000000
602 603 55.000000
603 604 55.000000
604 605 55.000000
1005 1006 55.000000
1006 10216 55.000000
1091 10941 55.000000
1242 1264 55.000000
1046 10645 54.000000
1046 10725 54.000000
1046 10777 54.000000
1046 10841 54.000000
1063 10773 54.000000
1346 1368 54.000000
528 529 53.000000
529 530 53.000000
530 531 53.000000
801 802 53.000000
1024 10250 53.000000
1410 1411 53.000000
1024 10575 52.000000
1024 10664 52.000000
1024 10718 52.000000
1155 1177 52.000000
370 392 51.000000
858 879 51.000000
876 877 51.000000
877 878 51.000000
878 879 51.000000
1024 10965 51.000000
1225 1247 51.000000
1480 1502 51.000000
1483 1505 51.000000
283 284 50.000000
941 942 50.000000
1024 10788 50.000000
1069 10810 50.000000
1002 10539 49.000000
1090 1112 49.000000
1091 1113 49.000000
244 245 48.000000
436 458 48.000000
748 769 48.000000
767 768 48.000000
768 769 48.000000
897 919 48.000000
1178 1200 48.000000
883 884 47.000000
884 885 47.000000
885 886 47.000000
886 887 47.000000
887 888 47.000000
1021 10538 47.000000
1021 10897 47.000000
1071 10732 47.000000
1258 1259 47.000000
523 545 46.000000
748 749 46.000000
749 750 46.000000
1002 10361 46.000000
1003 10587 46.000000
1005 10072 46.000000
1021 10833 46.000000
1069 10745 46.000000
1122 1123 46.000000
1122 1143 46.000000
1123 1124 46.000000
1124 1125 46.000000
1125 1126 46.000000
1126 1127 46.000000
1127 1128 46.000000
1141 1142 46.000000
1142 1143 46.000000
1481 1503 46.000000
4 5 45.000000
71 93 45.000000
610 611 45.000000
1021 10706 45.000000
1021 10885 45.000000
1024 10783 45.000000
1024 10484 44.000000
1024 10506 44.000000
1024 10568 44.000000
1068 10777 44.000000
1068 10841 44.000000
1071 10916 44.000000
1129 1151 44.000000
550 571 43.000000
567 568 43.000000
568 569 43.000000
569 570 43.000000
570 571 43.000000
589 590 43.000000
590 591 43.000000
1021 10394 43.000000
1021 10525 43.000000
1021 10792 43.000000
1021 11000 43.000000
1045 10842 43.000000
1420 1442 43.000000
12 34 42.000000
816 817 42.000000
817 818 42.000000
818 819 42.000000
819 820 42.000000
953 954 42.000000
1002 10565 42.000000
1002 10831 42.000000
1045 10640 42.000000
895 917 41.000000
1045 10575 41.000000
1045 10664 41.000000
1045 10718 41.000000
1045 10788 41.000000
1045 10965 41.000000
1063 10655 41.000000
1065 10833 41.000000
1065 10897 41.000000
1134 1156 41.000000
1545 1567 41.000000
344 366 40.000000
682 683 40.000000
683 684 40.000000
838 839 40.000000
839 840 40.000000
840 841 40.000000
841 842 40.000000
842 843 40.000000
933 955 40.000000
1003 10890 40.000000
1068 10831 40.000000
1070 10888 40.000000
1276 1297 40.000000
1295 1296 40.000000
1296 1297 40.000000
1476 1477 40.000000
75 97 39.000000
489 511 39.000000
1019 10630 39.000000
1063 10884 39.000000
1063 10978 39.000000
1071 1093 39.000000
1093 1115 39.000000
682 703 38.000000
701 702 38.000000
702 703 38.000000
770 771 38.000000
771 772 38.000000
720 721 37.000000
721 722 37.000000
722 723 37.000000
851 873 37.000000
1452 1453 37.000000
1452 1473 37.000000
1453 1454 37.000000
1471 1472 37.000000
1472 1473 37.000000
55 77 36.000000
390 412 36.000000
1042 10706 36.000000
274 275 35.000000
275 276 35.000000
276 277 35.000000
277 278 35.000000
278 279 35.000000
279 280 35.000000
280 281 35.000000
281 282 35.000000
282 283 35.000000
479 501 35.000000
524 546 35.000000
770 791 35.000000
789 790 35.000000
790 791 35.000000
1021 10278 35.000000
1024 10565 35.000000
1024 10831 35.000000
1251 1252 35.000000
1276 1277 35.000000
1277 1278 35.000000
1278 1279 35.000000
531 532 34.000000
532 533 34.000000
572 593 34.000000
591 592 34.000000
592 593 34.000000
970 971 34.000000
971 972 34.000000
972 973 34.000000
973 974 34.000000
974 975 34.000000
1025 10725 34.000000
100 10173 33.000000
788 789 33.000000
1068 10775 33.000000
1119 1141 33.000000
1279 1280 33.000000
1314 1336 33.000000
1399 1421 33.000000
475 497 32.000000
501 523 32.000000
729 730 32.000000
730 731 32.000000
731 732 32.000000
732 733 32.000000
733 734 32.000000
734 735 32.000000
735 736 32.000000
820 821 32.000000
821 822 32.000000
822 823 32.000000
888 889 32.000000
1068 10903 32.000000
1116 1117 32.000000
1117 1118 32.000000
1118 1119 32.000000
1310 1332 32.000000
1411 1433 32.000000
180 202 31.000000
698 699 31.000000
699 700 31.000000
700 701 31.000000
715 716 31.000000
787 809 31.000000
1021 10551 31.000000
1021 10684 31.000000
305 327 30.000000
694 695 30.000000
695 696 30.000000
696 697 30.000000
697 698 30.000000
1020 10210 30.000000
1021 10264 30.000000
1021 10671 30.000000
1021 10919 30.000000
1042 10684 30.000000
1048 10604 30.000000
1048 10817 30.000000
1048 10861 30.000000
1049 10569 30.000000
1049 10732 30.000000
1049 10975 30.000000
1068 10848 30.000000
1068 10921 30.000000
1388 1389 30.000000
750 751 29.000000
1042 1064 29.000000
1186 1208 29.000000
1288 1310 29.000000
208 209 28.000000
209 210 28.000000
210 211 28.000000
211 212 28.000000
391 413 28.000000
392 414 28.000000
912 934 28.000000
916 938 28.000000
1021 10355 28.000000
1046 10522 28.000000
1046 10603 28.000000
1046 10738 28.000000
1046 10808 28.000000
1046 10816 28.000000
1046 10877 28.000000
1046 10903 28.000000
1046 10934 28.000000
1136 1158 28.000000
1298 1299 28.000000
1298 1319 28.000000
1299 1300 28.000000
1300 1301 28.000000
1301 1302 28.000000
1318 1319 28.000000
1389 1411 28.000000
32 54 27.000000
393 415 27.000000
1042 10551 27.000000
1048 10892 27.000000
1316 1317 27.000000
575 576 26.000000
576 577 26.000000
577 578 26.000000
578 579 26.000000
579 580 26.000000
580 581 26.000000
581 582 26.000000
582 583 26.000000
726 727 26.000000
727 728 26.000000
1020 1042 26.000000
1020 10300 26.000000
1020 10647 26.000000
1042 10671 26.000000
1042 10919 26.000000
1135 1157 26.000000
1245 1267 26.000000
1317 1318 26.000000
184 206 25.000000
726 747 25.000000
745 746 25.000000
746 747 25.000000
1042 10683 25.000000
3 4 24.000000
522 544 24.000000
531 553 24.000000
742 764 24.000000
939 961 24.000000
1046 10539 24.000000
1047 1069 24.000000
1063 10688 24.000000
1063 10854 24.000000
1063 10945 24.000000
1063 10962 24.000000
1106 1107 24.000000
1306 1328 24.000000
179 201 23.000000
859 860 23.000000
1020 10545 23.000000
1020 10710 23.000000
1048 1070 23.000000
1068 10783 23.000000
1163 1164 23.000000
1185 1207 23.000000
500 522 22.000000
1042 10482 22.000000
1042 10885 22.000000
1065 10792 22.000000
1065 11000 22.000000
1089 10902 22.000000
1089 10921 22.000000
1089 10951 22.000000
1280 1302 22.000000
1323 1345 22.000000
1544 1566 22.000000
954 976 21.000000
1002 1024 21.000000
1042 10425 21.000000
1068 10738 21.000000
1068 10808 21.000000
1068 10877 21.000000
1068 10934 21.000000
1164 1186 21.000000
1177 1199 21.000000
1284 1306 21.000000
1042 10791 20.000000
1068 10703 20.000000
1068 10816 20.000000
1163 1185 20.000000
1509 1531 20.000000
572 573 19.000000
573 574 19.000000
574 575 19.000000
714 715 19.000000
975 976 19.000000
1041 10545 19.000000
1049 10916 19.000000
1416 1438 19.000000
1064 10683 18.000000
1071 1072 18.000000
1072 1094 18.000000
1094 1116 18.000000
1325 1347 18.000000
1376 1398 18.000000
207 229 17.000000
457 479 17.000000
825 847 17.000000
858 880 17.000000
867 889 17.000000
880 901 17.000000
898 899 17.000000
899 900 17.000000
900 901 17.000000
924 925 17.000000
924 945 17.000000
925 926 17.000000
942 943 17.000000
943 944 17.000000
944 945 17.000000
1070 10817 17.000000
1070 10861 17.000000
1137 1159 17.000000
1289 1311 17.000000
1368 1390 17.000000
10 32 16.000000
49 71 16.000000
72 94 16.000000
77 78 16.000000
1064 10807 16.000000
1064 10814 16.000000
1484 1506 16.000000
550 572 15.000000
723 745 15.000000
814 836 15.000000
975 997 15.000000
1042 10479 15.000000
1181 1203 15.000000
1374 1396 15.000000
242 264 14.000000
685 707 14.000000
962 984 14.000000
1041 10572 14.000000
1226 1248 14.000000
1292 1314 14.000000
286 308 13.000000
364 386 13.000000
386 408 13.000000
613 635 13.000000
830 852 13.000000
1070 10892 13.000000
2 3 12.000000
202 224 12.000000
322 344 12.000000
345 367 12.000000
368 390 12.000000
506 528 12.000000
728 729 12.000000
801 823 12.000000
875 897 12.000000
894 916 12.000000
1041 10771 12.000000
1216 1238 12.000000
1436 1458 12.000000
1543 1565 12.000000
50 72 11.000000
632 633 11.000000
1086 10897 11.000000
1086 11000 11.000000
1180 1202 11.000000
1354 1376 11.000000
1372 1394 11.000000
402 424 10.000000
976 998 10.000000
1019 10353 10.000000
1019 10480 10.000000
1019 10655 10.000000
1019 10884 10.000000
1019 10978 10.000000
1064 10791 10.000000
1160 1182 10.000000
1182 1204 10.000000
1198 1220 10.000000
1373 1395 10.000000
474 496 9.000000
591 613 9.000000
672 673 9.000000
684 685 9.000000
698 720 9.000000
707 729 9.000000
1 2 8.000000
1 1563 8.000000
676 698 8.000000
741 763 8.000000
1092 10928 8.000000
1172 1194 8.000000
1318 1340 8.000000
1505 1527 8.000000
100 101 7.000000
101 102 7.000000
102 103 7.000000
103 125 7.000000
125 147 7.000000
264 286 7.000000
938 960 7.000000
1003 1025 7.000000
1280 1281 7.000000
1307 1329 7.000000
1369 1391 7.000000
1418 1440 7.000000
191 192 6.000000
192 193 6.000000
193 194 6.000000
194 195 6.000000
208 230 6.000000
415 437 6.000000
692 693 6.000000
693 694 6.000000
772 773 6.000000
911 933 6.000000
1042 10440 6.000000
1070 10765 6.000000
1133 1155 6.000000
1184 1185 6.000000
1244 1266 6.000000
1281 1282 6.000000
1317 1339 6.000000
1324 1346 6.000000
1350 1372 6.000000
1549 1571 6.000000
76 98 5.000000
343 365 5.000000
509 531 5.000000
518 540 5.000000
654 655 5.000000
655 656 5.000000
656 657 5.000000
685 686 5.000000
686 687 5.000000
687 688 5.000000
688 689 5.000000
689 690 5.000000
690 691 5.000000
691 692 5.000000
968 969 5.000000
968 989 5.000000
969 970 5.000000
984 985 5.000000
985 986 5.000000
986 987 5.000000
987 988 5.000000
988 989 5.000000
1111 1133 5.000000
1166 1167 5.000000
1166 1187 5.000000
1167 1168 5.000000
1168 1169 5.000000
1169 1170 5.000000
1170 1171 5.000000
1171 1172 5.000000
1186 1187 5.000000
1193 1215 5.000000
1194 1216 5.000000
1254 1276 5.000000
1367 1389 5.000000
48 70 4.000000
92 93 4.000000
117 139 4.000000
323 345 4.000000
611 612 4.000000
612 613 4.000000
816 838 4.000000
831 853 4.000000
860 861 4.000000
861 862 4.000000
862 863 4.000000
863 864 4.000000
864 865 4.000000
865 866 4.000000
876 898 4.000000
1542 1564 4.000000
48 49 3.000000
141 163 3.000000
163 185 3.000000
195 196 3.000000
195 217 3.000000
217 239 3.000000
239 261 3.000000
261 283 3.000000
487 509 3.000000
619 620 3.000000
620 621 3.000000
621 622 3.000000
622 623 3.000000
623 624 3.000000
624 625 3.000000
625 626 3.000000
626 627 3.000000
770 792 3.000000
788 810 3.000000
794 816 3.000000
809 831 3.000000
888 910 3.000000
946 947 3.000000
946 967 3.000000
947 948 3.000000
955 977 3.000000
963 964 3.000000
964 965 3.000000
965 966 3.000000
966 967 3.000000
1004 1026 3.000000
1048 10888 3.000000
1086 10919 3.000000
1089 10965 3.000000
1185 1186 3.000000
1227 1249 3.000000
1329 1351 3.000000
1342 1343 3.000000
1342 1363 3.000000
1343 1344 3.000000
1344 1345 3.000000
1347 1369 3.000000
1361 1362 3.000000
1362 1363 3.000000
1410 1432 3.000000
176 177 2.000000
176 197 2.000000
177 178 2.000000
178 179 2.000000
196 197 2.000000
682 704 2.000000
704 725 2.000000
723 724 2.000000
724 725 2.000000
726 748 2.000000
755 777 2.000000
789 811 2.000000
806 828 2.000000
845 867 2.000000
850 872 2.000000
890 912 2.000000
902 903 2.000000
902 923 2.000000
903 904 2.000000
919 920 2.000000
920 921 2.000000
921 922 2.000000
922 923 2.000000
958 980 2.000000
1144 1145 2.000000
1144 1165 2.000000
1145 1146 2.000000
1146 1147 2.000000
1147 1148 2.000000
1148 1149 2.000000
1149 1150 2.000000
1151 1173 2.000000
1164 1165 2.000000
1271 1293 2.000000
1279 1301 2.000000
1286 1308 2.000000
1301 1323 2.000000
1302 1324 2.000000
1330 1352 2.000000
1414 1436 2.000000
1518 1519 2.000000
1518 1539 2.000000
1531 1532 2.000000
1532 1533 2.000000
1533 1534 2.000000
1534 1535 2.000000
1535 1536 2.000000
1536 1537 2.000000
1537 1538 2.000000
1538 1539 2.000000
26 48 1.000000
160 182 1.000000
196 218 1.000000
218 240 1.000000
240 262 1.000000
321 343 1.000000
339 361 1.000000
704 705 1.000000
704 726 1.000000
705 706 1.000000
706 728 1.000000
910 932 1.000000
1005 1027 1.000000
1100 1101 1.000000
1100 1121 1.000000
1101 1102 1.000000
1102 1103 1.000000
1103 1104 1.000000
1104 1105 1.000000
1105 1106 1.000000
1119 1120 1.000000
1120 1121 1.000000
1281 1303 1.000000
1371 1393 1.000000
1496 1497 1.000000
1496 1517 1.000000
1497 1498 1.000000
1510 1511 1.000000
1511 1512 1.000000
1512 1513 1.000000
1513 1514 1.000000
1514 1515 1.000000
1515 1516 1.000000
1516 1517 1.000000
1526 1548 1.000000
1574 1575 1.000000
