221 222 19886.000000
222 223 19886.000000
223 224 19886.000000
220 221 16067.000000
1017 1018 14246.000000
1280 1281 13107.000000
224 225 12765.000000
1236 1237 12376.000000
1193 1194 11222.000000
242 243 10588.000000
243 244 10588.000000
244 245 10588.000000
245 246 10588.000000
225 226 10300.000000
1214 1215 10201.000000
1279 1280 10125.000000
1213 1214 10033.000000
1278 1279 9887.000000
1016 1017 9555.000000
1192 1193 9354.000000
265 266 8919.000000
266 267 8919.000000
267 268 8919.000000
1428 1429 8735.000000
1149 1150 8734.000000
1235 1236 8450.000000
1212 1213 8394.000000
881 882 8285.000000
882 883 8285.000000
1191 1192 8158.000000
1170 1171 8156.000000
1237 1238 8098.000000
1256 1257 7864.000000
1408 1429 7807.000000
1234 1235 7761.000000
1277 1278 7732.000000
1082 1083 7671.000000
1257 1258 7651.000000
226 227 7487.000000
356 357 7476.000000
1211 1212 7461.000000
1015 1016 7301.000000
1408 1409 7227.000000
1038 1039 7183.000000
1258 1259 7140.000000
224 246 7129.000000
132 153 7093.000000
268 269 6968.000000
973 974 6900.000000
1169 1170 6822.000000
242 263 6792.000000
110 131 6789.000000
199 200 6713.000000
200 201 6713.000000
201 202 6713.000000
202 203 6713.000000
929 930 6657.000000
883 884 6643.000000
269 270 6626.000000
1233 1234 6594.000000
995 996 6506.000000
20 21 6450.000000
859 860 6448.000000
860 861 6448.000000
1190 1191 6448.000000
1018 1019 6400.000000
837 838 6372.000000
838 839 6372.000000
839 840 6372.000000
66 87 6328.000000
928 929 6278.000000
0 21 6129.000000
1060 1061 6127.000000
1295 1296 6028.000000
1255 1256 5974.000000
1083 1084 5968.000000
198 199 5831.000000
974 975 5774.000000
1037 1038 5774.000000
1061 1062 5717.000000
1276 1297 5681.000000
198 219 5678.000000
1148 1149 5674.000000
176 177 5577.000000
1171 1172 5537.000000
1274 1275 5537.000000
858 859 5516.000000
246 247 5496.000000
1364 1385 5493.000000
1384 1385 5493.000000
994 995 5490.000000
1296 1297 5465.000000
1251 1252 5463.000000
1059 1060 5433.000000
130 131 5396.000000
1276 1277 5384.000000
880 881 5336.000000
264 265 5304.000000
1147 1148 5271.000000
1272 1273 5179.000000
1273 1274 5179.000000
1232 1253 5135.000000
1039 1040 5107.000000
19 20 5102.000000
1081 1082 5102.000000
1232 1233 5073.000000
925 926 5029.000000
926 927 5029.000000
1364 1365 5010.000000
1254 1275 5006.000000
44 45 4971.000000
1080 1081 4939.000000
270 271 4920.000000
177 178 4900.000000
178 179 4900.000000
179 180 4900.000000
1252 1253 4895.000000
180 181 4892.000000
1409 1410 4842.000000
1062 1063 4817.000000
993 994 4780.000000
247 248 4729.000000
1254 1255 4655.000000
1146 1147 4616.000000
972 973 4610.000000
1104 1105 4607.000000
880 901 4579.000000
1406 1407 4565.000000
421 422 4522.000000
1105 1106 4491.000000
357 358 4449.000000
924 925 4397.000000
1294 1295 4388.000000
152 153 4280.000000
1318 1319 4275.000000
1210 1211 4272.000000
858 879 4260.000000
264 285 4230.000000
1298 1319 4174.000000
1150 1151 4153.000000
884 885 4152.000000
927 928 4143.000000
40 41 4141.000000
862 863 4116.000000
1322 1323 4103.000000
220 241 4086.000000
1036 1037 4081.000000
946 947 4049.000000
947 948 4049.000000
1323 1324 4040.000000
1084 1085 4034.000000
1386 1407 3942.000000
949 950 3815.000000
950 951 3795.000000
948 949 3769.000000
1271 1272 3740.000000
313 314 3730.000000
815 816 3712.000000
816 817 3712.000000
817 818 3712.000000
840 841 3696.000000
1345 1346 3675.000000
1250 1251 3618.000000
176 197 3616.000000
971 972 3583.000000
41 42 3538.000000
1367 1368 3517.000000
1229 1230 3509.000000
1230 1231 3509.000000
1366 1367 3460.000000
1316 1317 3446.000000
181 182 3439.000000
1321 1322 3429.000000
1056 1077 3424.000000
1056 1057 3422.000000
1057 1058 3422.000000
1034 1035 3415.000000
1035 1036 3415.000000
1034 1055 3413.000000
1054 1055 3413.000000
1298 1299 3396.000000
1324 1325 3395.000000
308 309 3376.000000
309 310 3376.000000
310 311 3376.000000
311 312 3376.000000
644 645 3374.000000
1103 1104 3366.000000
1365 1366 3355.000000
132 154 3352.000000
1344 1345 3351.000000
66 67 3331.000000
88 89 3317.000000
271 272 3313.000000
1168 1169 3301.000000
1019 1020 3294.000000
358 359 3292.000000
1063 1064 3273.000000
1150 1172 3255.000000
1210 1231 3255.000000
1301 1302 3228.000000
305 306 3213.000000
1300 1301 3185.000000
841 842 3152.000000
1538 1539 3149.000000
0 1 3145.000000
1518 1539 3142.000000
1106 1107 3141.000000
641 642 3138.000000
642 643 3138.000000
643 644 3138.000000
1343 1344 3126.000000
1362 1363 3125.000000
39 40 3090.000000
836 837 3068.000000
1496 1497 3054.000000
1076 1077 3050.000000
885 886 3025.000000
1430 1431 3009.000000
42 43 2990.000000
861 862 2986.000000
1012 1013 2982.000000
1012 1033 2982.000000
1013 1014 2982.000000
312 313 2956.000000
931 953 2942.000000
710 711 2939.000000
930 931 2920.000000
1410 1411 2920.000000
1189 1190 2912.000000
951 952 2904.000000
1320 1341 2873.000000
1340 1341 2873.000000
1317 1318 2856.000000
924 945 2855.000000
1 2 2843.000000
1299 1300 2833.000000
946 967 2814.000000
262 263 2813.000000
1018 1040 2760.000000
1315 1316 2760.000000
1562 1583 2720.000000
1537 1538 2704.000000
1215 1216 2697.000000
1386 1387 2676.000000
968 969 2628.000000
969 970 2628.000000
970 971 2628.000000
1320 1321 2619.000000
18 19 2599.000000
1014 1015 2582.000000
1102 1103 2568.000000
1452 1453 2542.000000
261 262 2484.000000
44 65 2459.000000
197 219 2410.000000
1167 1168 2403.000000
1228 1229 2398.000000
902 903 2373.000000
903 904 2373.000000
904 905 2373.000000
794 795 2370.000000
795 796 2370.000000
314 315 2352.000000
1342 1363 2342.000000
1387 1388 2297.000000
1338 1339 2261.000000
1339 1340 2261.000000
1474 1475 2248.000000
0 10317 2246.000000
218 219 2244.000000
814 815 2227.000000
663 664 2221.000000
664 665 2221.000000
306 307 2207.000000
1020 1042 2207.000000
1188 1189 2196.000000
1127 1128 2171.000000
248 249 2157.000000
63 64 2147.000000
1431 1432 2142.000000
906 907 2131.000000
842 843 2120.000000
666 667 2116.000000
22 43 2114.000000
1058 1059 2113.000000
132 133 2111.000000
286 287 2102.000000
287 288 2102.000000
288 289 2102.000000
289 290 2102.000000
863 864 2098.000000
792 793 2090.000000
665 666 2085.000000
227 228 2084.000000
1342 1343 2077.000000
952 953 2075.000000
793 794 2070.000000
1085 1086 2062.000000
990 991 2039.000000
991 992 2039.000000
1207 1208 2039.000000
1188 1209 2037.000000
1208 1209 2037.000000
711 712 2024.000000
1125 1126 2021.000000
1388 1389 2013.000000
240 241 2005.000000
0 10199 2003.000000
1474 1495 2002.000000
62 63 1954.000000
623 624 1951.000000
249 250 1946.000000
1450 1451 1937.000000
110 111 1931.000000
1151 1152 1921.000000
1411 1412 1878.000000
1010 1011 1848.000000
154 155 1847.000000
1126 1127 1840.000000
316 317 1833.000000
1582 1583 1825.000000
64 65 1822.000000
108 109 1811.000000
1515 1516 1804.000000
1496 1517 1787.000000
286 307 1786.000000
667 668 1771.000000
203 204 1754.000000
668 669 1751.000000
1516 1517 1677.000000
1389 1390 1647.000000
1172 1173 1638.000000
1432 1433 1633.000000
45 46 1620.000000
86 87 1618.000000
1206 1207 1618.000000
228 229 1613.000000
1193 1215 1608.000000
1472 1473 1605.000000
154 176 1599.000000
1041 1042 1592.000000
1040 1041 1577.000000
966 967 1567.000000
1452 1473 1561.000000
996 997 1545.000000
106 107 1521.000000
107 108 1521.000000
1302 1303 1520.000000
153 175 1517.000000
1430 1451 1510.000000
1581 1582 1494.000000
576 577 1493.000000
577 578 1493.000000
578 579 1493.000000
732 733 1491.000000
1064 1065 1479.000000
731 732 1469.000000
1194 1195 1464.000000
754 755 1461.000000
400 401 1459.000000
284 285 1457.000000
181 203 1453.000000
1337 1338 1441.000000
250 251 1439.000000
271 293 1439.000000
290 291 1429.000000
44 66 1419.000000
327 328 1419.000000
750 751 1409.000000
751 752 1409.000000
796 797 1401.000000
1036 10407 1388.000000
1107 1108 1386.000000
752 753 1385.000000
422 423 1370.000000
1032 1033 1367.000000
885 907 1360.000000
283 284 1359.000000
798 799 1358.000000
291 292 1357.000000
272 273 1355.000000
308 329 1346.000000
317 318 1342.000000
902 923 1321.000000
1497 1498 1315.000000
733 734 1312.000000
992 993 1310.000000
1453 1454 1294.000000
1017 10412 1279.000000
905 906 1278.000000
1122 1143 1265.000000
1141 1142 1265.000000
1142 1143 1265.000000
1122 1123 1263.000000
313 335 1252.000000
21 43 1247.000000
1293 1294 1247.000000
305 327 1243.000000
814 835 1243.000000
755 756 1232.000000
841 863 1232.000000
1409 1431 1231.000000
1560 1561 1231.000000
797 798 1222.000000
1062 10857 1220.000000
175 197 1218.000000
753 754 1204.000000
968 989 1202.000000
292 293 1200.000000
227 249 1193.000000
771 772 1193.000000
772 773 1193.000000
773 774 1193.000000
974 996 1193.000000
229 230 1189.000000
154 175 1181.000000
315 316 1179.000000
357 379 1162.000000
336 337 1155.000000
1559 1560 1148.000000
251 252 1145.000000
1540 1561 1145.000000
1020 1021 1140.000000
165 166 1132.000000
166 167 1132.000000
167 168 1132.000000
168 169 1132.000000
169 170 1132.000000
170 171 1132.000000
171 172 1132.000000
172 173 1132.000000
1362 1384 1125.000000
1166 1167 1123.000000
1249 1250 1123.000000
687 688 1120.000000
579 580 1111.000000
359 360 1108.000000
225 247 1105.000000
1124 1125 1102.000000
443 444 1094.000000
328 329 1090.000000
688 689 1090.000000
1518 1519 1080.000000
1017 10305 1077.000000
709 710 1067.000000
818 819 1064.000000
205 206 1058.000000
206 207 1057.000000
182 204 1053.000000
1078 1079 1050.000000
1078 1099 1050.000000
1098 1099 1050.000000
273 274 1048.000000
1368 1369 1047.000000
712 713 1039.000000
207 208 1037.000000
1494 1495 1034.000000
1100 1121 1033.000000
1120 1121 1033.000000
907 908 1031.000000
1471 1472 1025.000000
1100 1101 1020.000000
1016 10254 1013.000000
1475 1476 1001.000000
226 248 997.000000
728 729 997.000000
729 730 997.000000
730 731 997.000000
1038 10446 990.000000
1053 1054 981.000000
1237 1259 979.000000
1562 1563 978.000000
1129 1130 972.000000
84 85 969.000000
85 86 969.000000
580 581 966.000000
1227 1228 964.000000
444 445 962.000000
1580 1581 958.000000
269 291 957.000000
1145 1146 957.000000
1017 10979 951.000000
1166 1187 943.000000
1185 1186 943.000000
1186 1187 943.000000
799 800 937.000000
1498 1499 935.000000
624 625 928.000000
337 338 927.000000
662 663 923.000000
727 728 919.000000
83 84 916.000000
645 646 914.000000
706 707 908.000000
707 708 908.000000
708 709 908.000000
338 339 904.000000
352 353 903.000000
352 373 903.000000
353 354 903.000000
354 355 903.000000
355 356 903.000000
372 373 903.000000
640 641 898.000000
105 106 893.000000
144 145 886.000000
145 146 886.000000
146 147 886.000000
147 148 886.000000
22 23 884.000000
296 297 880.000000
297 298 880.000000
298 299 880.000000
299 300 880.000000
300 301 880.000000
301 302 880.000000
302 303 880.000000
303 304 880.000000
1238 1239 873.000000
122 123 872.000000
123 124 872.000000
124 125 872.000000
125 126 872.000000
886 908 872.000000
1449 1450 871.000000
661 662 869.000000
1101 1102 860.000000
61 62 858.000000
403 404 856.000000
1018 10938 847.000000
182 183 846.000000
819 820 843.000000
1140 1141 833.000000
749 750 825.000000
1038 10953 824.000000
204 205 821.000000
1063 1085 817.000000
1405 1406 814.000000
726 727 813.000000
315 337 811.000000
669 670 810.000000
148 149 806.000000
149 150 806.000000
150 151 806.000000
151 152 806.000000
581 582 785.000000
879 901 779.000000
401 402 777.000000
1079 1080 775.000000
1062 1084 773.000000
1281 1303 767.000000
402 403 761.000000
1039 10950 759.000000
360 361 758.000000
304 305 751.000000
1036 10565 748.000000
1536 1537 736.000000
183 184 724.000000
184 185 724.000000
121 122 718.000000
1401 1402 713.000000
1402 1403 713.000000
1403 1404 713.000000
1404 1405 713.000000
230 231 707.000000
404 405 704.000000
1493 1494 703.000000
220 242 691.000000
1216 1217 691.000000
176 198 688.000000
975 997 686.000000
1540 1541 677.000000
1281 1282 676.000000
1075 1076 671.000000
1106 1128 669.000000
465 466 668.000000
836 857 668.000000
379 380 662.000000
381 382 661.000000
928 950 655.000000
639 640 652.000000
930 952 651.000000
217 218 645.000000
209 210 644.000000
210 211 644.000000
211 212 644.000000
212 213 644.000000
213 214 644.000000
214 215 644.000000
215 216 644.000000
216 217 644.000000
1123 1124 644.000000
174 175 643.000000
23 24 632.000000
1015 10509 631.000000
770 771 629.000000
1128 1129 629.000000
1476 1477 629.000000
65 87 619.000000
1205 1206 613.000000
293 294 610.000000
294 295 609.000000
820 821 609.000000
1173 1174 606.000000
1174 1175 606.000000
1175 1176 606.000000
0 10002 603.000000
1064 1086 601.000000
1270 1271 589.000000
689 690 581.000000
619 620 575.000000
620 621 575.000000
621 622 575.000000
622 623 575.000000
1252 1274 570.000000
582 604 567.000000
239 240 564.000000
3 4 557.000000
4 5 557.000000
5 6 557.000000
274 296 555.000000
382 383 553.000000
705 706 550.000000
270 292 548.000000
335 336 546.000000
1194 1216 528.000000
1017 1039 526.000000
1152 1153 526.000000
1153 1154 526.000000
1154 1155 526.000000
231 232 522.000000
232 233 522.000000
233 234 522.000000
234 235 522.000000
235 236 522.000000
236 237 522.000000
237 238 522.000000
282 283 519.000000
238 239 518.000000
275 276 518.000000
276 277 518.000000
277 278 518.000000
278 279 518.000000
279 280 518.000000
280 281 518.000000
281 282 518.000000
864 865 516.000000
748 749 515.000000
683 684 511.000000
777 778 511.000000
625 626 510.000000
185 186 509.000000
350 351 499.000000
261 283 498.000000
1196 1197 498.000000
1197 1198 498.000000
1184 1185 489.000000
1018 10426 488.000000
1082 10953 485.000000
1144 1165 483.000000
1163 1164 483.000000
1164 1165 483.000000
0 10475 481.000000
109 131 481.000000
1021 1022 476.000000
1022 1023 476.000000
228 250 472.000000
45 67 470.000000
776 777 470.000000
775 776 468.000000
380 381 466.000000
1087 1088 466.000000
1086 1087 464.000000
1239 1240 464.000000
1240 1241 464.000000
1241 1242 464.000000
371 372 462.000000
17 18 461.000000
1130 1131 461.000000
1131 1132 461.000000
1010 10286 456.000000
1081 10901 456.000000
1144 1145 456.000000
1037 10399 455.000000
218 240 454.000000
1195 1196 453.000000
360 382 452.000000
682 683 450.000000
1043 1044 443.000000
1017 10469 441.000000
126 127 439.000000
712 734 439.000000
1042 1043 439.000000
399 400 433.000000
186 187 431.000000
1075 10856 428.000000
423 424 427.000000
1023 1024 427.000000
1151 1173 425.000000
64 86 424.000000
152 174 422.000000
1033 10898 421.000000
886 887 420.000000
1084 10998 420.000000
929 951 419.000000
306 328 418.000000
349 350 406.000000
295 296 404.000000
623 645 404.000000
133 155 402.000000
110 132 401.000000
624 646 399.000000
646 647 398.000000
690 691 388.000000
884 906 386.000000
1021 10455 386.000000
160 161 384.000000
161 162 384.000000
162 163 384.000000
163 164 384.000000
173 174 383.000000
268 290 382.000000
1065 1066 380.000000
1066 1067 380.000000
314 336 378.000000
1060 10850 376.000000
127 128 372.000000
128 129 372.000000
1162 1163 372.000000
0 10308 371.000000
1220 1221 369.000000
793 815 368.000000
1217 1218 367.000000
1218 1219 367.000000
1219 1220 367.000000
1563 1564 367.000000
155 156 363.000000
156 157 363.000000
157 158 363.000000
158 159 363.000000
159 160 363.000000
1033 10878 362.000000
0 10435 361.000000
774 775 361.000000
1040 10818 361.000000
129 130 360.000000
330 331 360.000000
330 351 360.000000
331 332 360.000000
332 333 360.000000
1242 1243 360.000000
1340 1362 358.000000
684 685 355.000000
685 686 355.000000
686 687 355.000000
1016 10982 350.000000
1221 1222 348.000000
1222 1223 348.000000
1223 1224 348.000000
1224 1225 348.000000
1225 1226 348.000000
1296 1318 346.000000
318 319 345.000000
319 320 345.000000
320 321 345.000000
321 322 345.000000
322 323 345.000000
323 324 345.000000
324 325 345.000000
325 326 345.000000
2 3 343.000000
799 821 343.000000
1042 10561 342.000000
554 555 341.000000
555 556 341.000000
556 557 341.000000
1076 10944 337.000000
424 425 336.000000
425 426 336.000000
1016 10618 333.000000
988 989 331.000000
1060 10689 330.000000
1010 10406 328.000000
1108 1109 328.000000
109 10920 326.000000
756 757 321.000000
1042 10844 319.000000
713 714 318.000000
326 327 317.000000
975 976 317.000000
594 595 308.000000
594 615 308.000000
1016 10249 308.000000
66 88 307.000000
361 383 304.000000
1183 1184 302.000000
1314 1315 302.000000
818 840 301.000000
1021 10523 298.000000
1038 1060 297.000000
356 378 296.000000
1040 10976 295.000000
43 65 293.000000
1097 1098 292.000000
1454 1455 288.000000
1015 10298 286.000000
858 880 285.000000
1016 10681 285.000000
1343 1365 285.000000
109 10956 284.000000
1096 1097 280.000000
1103 1125 280.000000
82 83 279.000000
1324 1346 279.000000
1040 10696 277.000000
1040 10863 275.000000
1228 1250 274.000000
1 10118 272.000000
1243 1244 272.000000
1244 1245 272.000000
1245 1246 272.000000
1246 1247 272.000000
1247 1248 272.000000
283 305 271.000000
379 401 271.000000
1359 1360 271.000000
1360 1361 271.000000
797 819 270.000000
1084 10947 269.000000
1 10957 265.000000
109 10924 264.000000
1147 1169 264.000000
1019 10715 262.000000
1040 10886 262.000000
667 689 260.000000
334 335 259.000000
1019 10502 259.000000
1019 10740 259.000000
1017 10190 258.000000
205 227 257.000000
1149 1171 257.000000
250 272 256.000000
2 24 255.000000
1018 10763 253.000000
1018 10895 253.000000
1018 10977 253.000000
1018 10218 252.000000
1018 10372 252.000000
1018 10532 252.000000
796 818 251.000000
997 998 251.000000
1019 10244 251.000000
669 691 250.000000
550 551 248.000000
550 571 248.000000
567 568 248.000000
568 569 248.000000
569 570 248.000000
570 571 248.000000
67 89 247.000000
1018 10246 247.000000
1019 10586 247.000000
1037 10982 247.000000
644 666 246.000000
1318 1340 246.000000
361 362 243.000000
1015 10277 243.000000
647 648 241.000000
1076 10835 238.000000
1076 10852 238.000000
391 392 236.000000
1018 10180 236.000000
1018 10347 236.000000
840 862 234.000000
998 999 232.000000
579 601 231.000000
1019 10687 231.000000
1019 10438 230.000000
1019 10500 230.000000
1063 10997 230.000000
1039 10669 229.000000
1517 1539 229.000000
1018 10279 228.000000
1018 10702 226.000000
1086 10927 226.000000
1346 1347 226.000000
1084 10997 225.000000
1044 1045 223.000000
734 735 222.000000
1000 10255 222.000000
1039 10985 222.000000
0 10619 221.000000
1019 10346 221.000000
1406 1428 219.000000
582 583 218.000000
1119 1120 218.000000
1408 1430 218.000000
1061 10668 217.000000
1155 1177 217.000000
185 207 215.000000
602 624 215.000000
1084 10924 211.000000
196 218 210.000000
1064 10678 210.000000
1214 1236 210.000000
0 10486 209.000000
575 576 209.000000
842 864 209.000000
0 10593 207.000000
0 10879 207.000000
239 261 207.000000
668 690 206.000000
1060 10953 206.000000
1109 1110 206.000000
1110 1111 206.000000
1010 10449 204.000000
1010 10234 203.000000
1085 10995 203.000000
1010 10999 201.000000
1054 10999 200.000000
219 241 199.000000
1040 10782 198.000000
1040 10948 198.000000
976 977 197.000000
1017 10796 197.000000
1083 10868 197.000000
1519 1520 197.000000
1083 10972 196.000000
581 603 194.000000
1019 10428 194.000000
1259 1260 194.000000
253 254 193.000000
254 255 193.000000
255 256 193.000000
256 257 193.000000
257 258 193.000000
258 259 193.000000
259 260 193.000000
260 261 193.000000
1017 10253 193.000000
665 687 192.000000
1019 10996 192.000000
348 349 191.000000
977 978 191.000000
978 979 191.000000
1011 1033 191.000000
1032 10835 191.000000
1032 10852 191.000000
1039 10613 190.000000
1455 1456 190.000000
532 533 188.000000
533 534 188.000000
534 535 188.000000
1010 10531 188.000000
0 10910 187.000000
296 318 187.000000
1053 1075 187.000000
134 135 186.000000
135 136 186.000000
136 137 186.000000
137 138 186.000000
1018 10237 185.000000
1032 10391 185.000000
1287 1288 185.000000
1288 1289 185.000000
1289 1290 185.000000
1290 1291 185.000000
1291 1292 185.000000
1010 10186 184.000000
1018 10789 184.000000
1018 10824 183.000000
1032 10590 183.000000
274 275 182.000000
292 314 182.000000
1019 10351 182.000000
383 405 181.000000
800 801 181.000000
1018 10301 181.000000
1038 10618 181.000000
660 681 180.000000
1017 10499 180.000000
1017 10781 180.000000
187 188 179.000000
188 189 179.000000
189 190 179.000000
190 191 179.000000
191 192 179.000000
192 193 179.000000
193 194 179.000000
194 195 179.000000
195 196 179.000000
1042 10431 179.000000
143 144 178.000000
1039 10857 177.000000
392 393 176.000000
676 698 176.000000
1042 10553 176.000000
1018 10940 173.000000
1040 10586 173.000000
973 995 172.000000
138 139 171.000000
139 140 171.000000
140 141 171.000000
141 142 171.000000
142 143 171.000000
1017 10669 171.000000
1018 10271 171.000000
0 10246 170.000000
901 923 170.000000
1496 1518 170.000000
174 196 169.000000
104 105 168.000000
108 10970 168.000000
335 357 168.000000
1018 10894 168.000000
1076 10932 168.000000
639 661 167.000000
1018 10364 167.000000
1088 1089 167.000000
1226 1227 167.000000
0 10113 166.000000
133 134 166.000000
1299 1321 166.000000
1018 10414 165.000000
1010 10430 164.000000
1019 10782 164.000000
1019 10948 164.000000
0 10550 163.000000
1449 1471 163.000000
252 253 162.000000
333 334 162.000000
1014 10575 162.000000
1062 10910 162.000000
1083 10985 161.000000
1039 10910 160.000000
1101 1123 160.000000
1433 1434 160.000000
1016 10487 159.000000
1211 1233 159.000000
122 144 158.000000
923 945 158.000000
1017 10421 158.000000
1040 10663 158.000000
1010 1032 157.000000
1037 10821 157.000000
1492 1493 157.000000
196 197 156.000000
603 604 156.000000
1386 1408 156.000000
909 931 155.000000
1019 10976 155.000000
1039 10717 155.000000
1364 1386 153.000000
1493 1515 153.000000
0 10702 152.000000
241 263 152.000000
1255 1277 151.000000
391 413 150.000000
0 10577 149.000000
293 315 149.000000
625 647 149.000000
0 10081 147.000000
0 10613 147.000000
38 39 147.000000
1083 10879 147.000000
1292 1293 147.000000
0 10717 146.000000
971 993 146.000000
1042 10455 143.000000
1361 1362 143.000000
0 10039 142.000000
1067 1089 141.000000
0 10218 140.000000
0 10372 140.000000
0 10532 140.000000
0 10977 140.000000
0 10426 139.000000
444 466 139.000000
1040 10824 139.000000
1062 10863 139.000000
1062 10886 139.000000
0 10271 138.000000
0 10763 138.000000
0 10895 138.000000
1216 1238 138.000000
1520 1521 138.000000
1062 10996 137.000000
0 10279 136.000000
362 363 136.000000
363 364 136.000000
364 365 136.000000
365 366 136.000000
366 367 136.000000
367 368 136.000000
368 369 136.000000
1039 10532 136.000000
198 220 135.000000
580 602 135.000000
618 619 135.000000
1014 10386 135.000000
1039 10702 135.000000
1039 10763 135.000000
1039 10895 135.000000
1039 10977 135.000000
1039 10550 134.000000
1017 10677 133.000000
1260 1261 133.000000
1261 1262 133.000000
1262 1263 133.000000
1263 1264 133.000000
1336 1337 133.000000
1561 1583 133.000000
1062 10696 132.000000
704 705 131.000000
1018 10550 131.000000
249 271 130.000000
1042 10523 130.000000
1176 1177 130.000000
445 446 129.000000
446 447 129.000000
447 448 129.000000
1080 1102 129.000000
0 10335 128.000000
165 187 128.000000
336 358 128.000000
495 517 128.000000
1541 1542 128.000000
616 617 127.000000
616 637 127.000000
1017 10393 126.000000
1017 10925 126.000000
378 379 125.000000
1017 10563 125.000000
1036 10509 125.000000
108 10864 124.000000
108 10968 124.000000
1038 10487 124.000000
0 10180 123.000000
0 10347 123.000000
1172 1194 123.000000
1272 1294 123.000000
1412 1413 123.000000
0 10668 122.000000
1 10917 122.000000
183 205 122.000000
558 559 122.000000
1019 10269 122.000000
369 370 121.000000
535 557 121.000000
559 560 121.000000
887 909 121.000000
1015 10268 121.000000
1015 10325 121.000000
1038 10677 121.000000
1064 10844 121.000000
108 10871 120.000000
557 558 120.000000
1040 10502 120.000000
1040 10740 120.000000
1325 1326 120.000000
89 90 119.000000
208 230 119.000000
595 596 119.000000
1039 10938 119.000000
820 842 118.000000
574 575 115.000000
819 841 115.000000
1017 10260 115.000000
1017 10713 115.000000
1019 10663 115.000000
648 649 114.000000
649 650 114.000000
650 651 114.000000
651 652 114.000000
652 653 114.000000
1040 10972 113.000000
1282 1283 113.000000
1283 1284 113.000000
1284 1285 113.000000
1285 1286 113.000000
1286 1287 113.000000
248 270 112.000000
1036 10386 112.000000
1036 10842 112.000000
633 634 111.000000
634 635 111.000000
635 636 111.000000
636 637 111.000000
1040 10432 111.000000
1040 10730 111.000000
1473 1495 111.000000
528 529 110.000000
528 549 110.000000
529 530 110.000000
545 546 110.000000
546 547 110.000000
547 548 110.000000
548 549 110.000000
1018 10717 110.000000
602 603 109.000000
1015 10788 109.000000
1060 10982 109.000000
1497 1519 109.000000
337 359 108.000000
1015 10575 108.000000
1248 1249 108.000000
0 10985 107.000000
1037 10721 107.000000
17 39 106.000000
1015 10738 106.000000
1037 10811 106.000000
164 165 105.000000
383 384 105.000000
384 385 105.000000
385 386 105.000000
386 387 105.000000
387 388 105.000000
388 389 105.000000
389 390 105.000000
390 391 105.000000
1062 10972 105.000000
291 313 104.000000
711 733 104.000000
1040 10593 104.000000
1040 10879 104.000000
1037 10955 103.000000
1040 10475 103.000000
1542 1543 103.000000
922 923 102.000000
1040 10486 102.000000
143 165 101.000000
1018 10910 101.000000
108 130 100.000000
1018 10265 100.000000
20 42 99.000000
42 64 99.000000
284 306 99.000000
1017 10964 98.000000
273 295 97.000000
423 445 97.000000
1089 1090 97.000000
1090 1091 97.000000
1091 1092 97.000000
1092 1093 97.000000
1093 1094 97.000000
1094 1095 97.000000
1095 1096 97.000000
1155 1156 97.000000
1156 1157 97.000000
1157 1158 97.000000
1158 1159 97.000000
1159 1160 97.000000
1227 1249 97.000000
105 10540 96.000000
690 712 96.000000
1160 1161 96.000000
596 597 95.000000
604 605 95.000000
605 606 95.000000
606 607 95.000000
607 608 95.000000
608 609 95.000000
609 610 95.000000
611 612 95.000000
612 613 95.000000
613 614 95.000000
614 615 95.000000
660 661 95.000000
1015 10934 95.000000
1037 10659 95.000000
1080 10965 95.000000
1015 10167 94.000000
1017 10971 94.000000
1019 10240 94.000000
1019 10337 94.000000
1019 10970 94.000000
1023 1045 94.000000
1038 10627 94.000000
1040 10868 94.000000
1062 10837 94.000000
1076 10898 94.000000
1320 1342 94.000000
627 628 93.000000
628 629 93.000000
629 630 93.000000
630 631 93.000000
631 632 93.000000
1036 10831 93.000000
1229 1251 93.000000
1016 10554 92.000000
1059 10745 92.000000
1081 10979 92.000000
1081 10850 91.000000
109 10972 90.000000
1016 10922 90.000000
1018 10857 90.000000
1062 10868 90.000000
753 775 89.000000
1082 1104 89.000000
1063 10663 88.000000
370 371 87.000000
808 809 87.000000
809 810 87.000000
810 811 87.000000
811 812 87.000000
812 813 87.000000
1062 10730 87.000000
908 930 86.000000
1015 10179 86.000000
1015 10250 86.000000
1015 10568 86.000000
1015 10640 86.000000
1015 10664 86.000000
1015 10718 86.000000
1015 10965 86.000000
1059 10848 86.000000
1059 10902 86.000000
1059 10921 86.000000
660 682 85.000000
1038 10421 85.000000
1053 10944 85.000000
1059 10816 85.000000
1079 10831 85.000000
1015 10484 84.000000
1129 1151 84.000000
688 710 83.000000
731 753 83.000000
1060 10665 83.000000
1060 10752 83.000000
1080 10934 83.000000
121 143 82.000000
626 627 82.000000
1123 1145 82.000000
1325 1347 82.000000
972 994 81.000000
1010 10589 81.000000
1059 10703 81.000000
1059 10883 81.000000
1059 10951 81.000000
1059 10969 81.000000
1258 1280 81.000000
1019 10303 80.000000
1037 10554 80.000000
1040 10996 80.000000
1059 10946 80.000000
1059 10949 80.000000
670 671 79.000000
671 672 79.000000
672 673 79.000000
673 674 79.000000
674 675 79.000000
675 676 79.000000
1040 10428 79.000000
186 208 78.000000
246 268 78.000000
814 836 78.000000
1014 10407 78.000000
1016 10839 78.000000
1038 10713 78.000000
1080 10810 77.000000
294 316 75.000000
1032 10406 75.000000
1081 1103 74.000000
109 10940 73.000000
1019 10383 73.000000
1019 10864 73.000000
1019 10871 73.000000
1019 10968 73.000000
349 371 72.000000
778 779 72.000000
1024 1025 72.000000
1025 1026 72.000000
1026 1027 72.000000
1027 1028 72.000000
1028 1029 72.000000
1029 1030 72.000000
1368 1390 72.000000
864 886 71.000000
1030 1031 71.000000
1080 10808 71.000000
1080 10841 71.000000
1080 10877 71.000000
1495 1517 71.000000
653 654 70.000000
1061 10613 70.000000
1062 10879 70.000000
1038 10469 69.000000
1128 1150 69.000000
552 553 68.000000
1038 10964 68.000000
1249 1271 68.000000
1516 1538 68.000000
535 536 67.000000
1161 1162 67.000000
583 584 66.000000
584 585 66.000000
585 586 66.000000
586 587 66.000000
587 588 66.000000
1058 1080 66.000000
1061 10985 66.000000
1080 10821 66.000000
1183 1205 66.000000
1450 1472 66.000000
340 341 65.000000
341 342 65.000000
342 343 65.000000
343 344 65.000000
344 345 65.000000
345 346 65.000000
346 347 65.000000
347 348 65.000000
749 771 65.000000
1015 10603 65.000000
1015 10645 65.000000
1015 10777 65.000000
1015 10808 65.000000
1015 10810 65.000000
1015 10841 65.000000
1015 10877 65.000000
1016 10493 65.000000
1062 10733 65.000000
1062 10769 65.000000
1198 1199 65.000000
1199 1200 65.000000
1200 1201 65.000000
1201 1202 65.000000
1202 1203 65.000000
1203 1204 65.000000
1032 10589 64.000000
1067 1068 64.000000
1068 1069 64.000000
1069 1070 64.000000
1070 1071 64.000000
1071 1072 64.000000
1072 1073 64.000000
1073 1074 64.000000
687 709 63.000000
1015 10380 63.000000
1037 10446 63.000000
413 414 62.000000
1018 10435 62.000000
1031 1032 62.000000
1074 1075 62.000000
1032 10430 61.000000
1059 1081 61.000000
160 182 60.000000
676 677 60.000000
677 678 60.000000
678 679 60.000000
679 680 60.000000
680 681 60.000000
792 813 60.000000
473 495 59.000000
944 945 59.000000
1032 10531 59.000000
396 397 58.000000
396 417 58.000000
397 398 58.000000
398 399 58.000000
414 415 58.000000
415 416 58.000000
416 417 58.000000
691 713 58.000000
821 822 58.000000
1014 1036 58.000000
100 101 57.000000
101 102 57.000000
102 103 57.000000
103 104 57.000000
451 473 57.000000
1015 10775 57.000000
709 731 56.000000
1342 1364 56.000000
1427 1428 56.000000
401 423 55.000000
449 450 55.000000
450 451 55.000000
692 693 55.000000
693 694 55.000000
694 695 55.000000
695 696 55.000000
696 697 55.000000
798 820 55.000000
843 844 55.000000
927 949 55.000000
967 989 54.000000
1016 10694 54.000000
1038 10796 54.000000
1059 10694 54.000000
1236 1258 54.000000
207 229 53.000000
691 692 53.000000
1015 10225 53.000000
1015 10450 53.000000
1015 10505 53.000000
1015 10506 53.000000
1015 10783 53.000000
1274 1296 53.000000
553 554 52.000000
1019 10193 52.000000
1019 10202 52.000000
1210 1232 52.000000
1254 1276 52.000000
1428 1450 52.000000
282 304 51.000000
489 490 51.000000
490 491 51.000000
491 492 51.000000
492 493 51.000000
493 494 51.000000
494 495 51.000000
755 777 51.000000
979 980 51.000000
1250 1272 51.000000
1390 1391 51.000000
713 735 50.000000
1015 10280 50.000000
1061 10669 50.000000
1062 10702 50.000000
1062 10763 50.000000
1062 10895 50.000000
1062 10977 50.000000
1204 1205 50.000000
18 40 49.000000
109 10996 49.000000
1321 1343 49.000000
1558 1559 49.000000
111 112 48.000000
112 113 48.000000
113 114 48.000000
114 115 48.000000
115 116 48.000000
116 117 48.000000
117 118 48.000000
118 119 48.000000
119 120 48.000000
120 121 48.000000
626 648 48.000000
1118 1119 48.000000
252 274 47.000000
1041 1063 47.000000
130 152 46.000000
1040 10489 46.000000
1040 10774 46.000000
1016 10542 45.000000
1167 1189 45.000000
131 153 44.000000
1015 10331 44.000000
1019 10453 44.000000
1062 10789 44.000000
1062 10940 44.000000
1111 1112 44.000000
1112 1113 44.000000
1113 1114 44.000000
1114 1115 44.000000
1115 1116 44.000000
1116 1117 44.000000
1117 1118 44.000000
566 567 43.000000
1015 10357 43.000000
1015 10745 43.000000
1015 10816 43.000000
1015 10902 43.000000
1016 10529 43.000000
1016 10665 43.000000
1016 10752 43.000000
1019 10215 43.000000
1177 1178 43.000000
1178 1179 43.000000
1179 1180 43.000000
1180 1181 43.000000
1181 1182 43.000000
1182 1183 43.000000
1383 1384 43.000000
230 252 42.000000
338 360 42.000000
339 361 42.000000
340 362 42.000000
440 441 42.000000
440 461 42.000000
441 442 42.000000
442 443 42.000000
457 458 42.000000
458 459 42.000000
459 460 42.000000
460 461 42.000000
771 793 42.000000
1015 10256 42.000000
1015 10369 42.000000
1015 10703 42.000000
1015 10883 42.000000
1015 10946 42.000000
1015 10949 42.000000
1015 10951 42.000000
1015 10969 42.000000
1016 10330 42.000000
1019 10776 42.000000
1023 10255 42.000000
1062 10894 42.000000
1124 1146 42.000000
1144 1166 42.000000
1083 1105 41.000000
204 226 40.000000
208 209 40.000000
405 406 40.000000
406 407 40.000000
536 537 40.000000
682 704 40.000000
815 837 40.000000
1037 10542 40.000000
316 338 39.000000
317 339 39.000000
334 356 39.000000
610 611 39.000000
1037 1059 39.000000
295 317 38.000000
407 408 38.000000
408 409 38.000000
409 410 38.000000
410 411 38.000000
411 412 38.000000
412 413 38.000000
1016 1038 38.000000
1060 10627 38.000000
1170 1192 38.000000
23 45 37.000000
374 375 37.000000
374 395 37.000000
375 376 37.000000
376 377 37.000000
393 394 37.000000
394 395 37.000000
560 561 37.000000
770 792 37.000000
951 973 37.000000
1015 10476 37.000000
1015 10848 37.000000
1015 10921 37.000000
377 378 36.000000
551 552 36.000000
1040 10920 36.000000
1 23 35.000000
531 532 35.000000
558 580 35.000000
775 797 35.000000
1019 10920 35.000000
1040 10865 35.000000
1231 1253 35.000000
647 669 34.000000
908 909 34.000000
976 998 34.000000
104 10402 33.000000
199 221 33.000000
980 981 33.000000
981 982 33.000000
982 983 33.000000
983 984 33.000000
984 985 33.000000
985 986 33.000000
986 987 33.000000
987 988 33.000000
24 46 32.000000
253 275 32.000000
1040 10894 32.000000
1054 1076 32.000000
1060 10796 32.000000
1430 1452 32.000000
617 618 31.000000
822 823 31.000000
823 824 31.000000
824 825 31.000000
825 826 31.000000
826 827 31.000000
827 828 31.000000
828 829 31.000000
1039 10435 31.000000
1104 1126 31.000000
1212 1234 31.000000
530 531 30.000000
588 589 30.000000
726 747 30.000000
742 743 30.000000
743 744 30.000000
744 745 30.000000
745 746 30.000000
746 747 30.000000
1060 10979 30.000000
1062 10717 30.000000
1063 10740 30.000000
1063 10818 30.000000
1063 10886 30.000000
326 348 29.000000
601 602 29.000000
601 623 29.000000
692 714 29.000000
1002 1024 29.000000
1045 1046 29.000000
1046 1047 29.000000
1047 1048 29.000000
1048 1049 29.000000
1049 1050 29.000000
1050 1051 29.000000
1051 1052 29.000000
1052 1053 29.000000
1161 1183 29.000000
111 133 28.000000
272 294 28.000000
537 538 28.000000
538 539 28.000000
603 625 28.000000
862 884 28.000000
1040 10789 28.000000
1040 10940 28.000000
1058 10788 28.000000
1058 10831 28.000000
1059 10681 28.000000
1059 10821 28.000000
1084 10863 28.000000
1084 10996 28.000000
1264 1265 28.000000
1265 1266 28.000000
1266 1267 28.000000
1267 1268 28.000000
1268 1269 28.000000
1269 1270 28.000000
1387 1409 28.000000
24 25 27.000000
25 26 27.000000
26 27 27.000000
27 28 27.000000
155 177 27.000000
536 558 27.000000
813 835 27.000000
906 928 27.000000
1019 10865 27.000000
1010 10598 26.000000
1019 10489 26.000000
1019 10638 26.000000
1040 10717 26.000000
1166 1188 26.000000
1453 1475 26.000000
1474 1496 26.000000
561 562 25.000000
562 563 25.000000
563 564 25.000000
564 565 25.000000
565 566 25.000000
732 754 25.000000
1019 10774 25.000000
1040 10414 25.000000
1085 1107 25.000000
108 10865 24.000000
572 573 24.000000
572 593 24.000000
573 574 24.000000
589 590 24.000000
590 591 24.000000
591 592 24.000000
592 593 24.000000
752 774 24.000000
1016 10446 24.000000
1032 10878 24.000000
1277 1299 24.000000
318 340 23.000000
646 668 23.000000
670 692 23.000000
950 972 23.000000
1010 10217 23.000000
1019 10956 23.000000
1040 10862 23.000000
1058 10842 23.000000
1060 10618 23.000000
1118 1140 23.000000
1515 1537 23.000000
1 1563 22.000000
203 225 22.000000
448 449 22.000000
698 699 22.000000
699 700 22.000000
700 701 22.000000
701 702 22.000000
907 929 22.000000
1040 10510 22.000000
1040 10638 22.000000
1040 10956 22.000000
1059 10659 22.000000
1059 10721 22.000000
1059 10811 22.000000
1059 10955 22.000000
1076 10999 22.000000
1188 1210 22.000000
1451 1473 22.000000
557 579 21.000000
682 703 21.000000
697 698 21.000000
702 703 21.000000
1019 10221 21.000000
1019 10263 21.000000
1019 10349 21.000000
1019 10510 21.000000
1019 10733 21.000000
1019 10769 21.000000
1083 10894 21.000000
1133 1134 21.000000
1134 1135 21.000000
1135 1136 21.000000
1136 1137 21.000000
1137 1138 21.000000
1138 1139 21.000000
1139 1140 21.000000
46 47 20.000000
47 48 20.000000
48 49 20.000000
49 50 20.000000
108 10956 20.000000
640 662 20.000000
683 705 20.000000
952 974 20.000000
1452 1474 20.000000
539 561 19.000000
1384 1406 19.000000
22 44 18.000000
339 340 18.000000
495 496 18.000000
496 497 18.000000
497 498 18.000000
498 499 18.000000
499 500 18.000000
1016 10627 18.000000
1019 10862 18.000000
1189 1211 18.000000
1276 1298 18.000000
777 799 17.000000
1019 10837 17.000000
1054 10898 17.000000
1233 1255 17.000000
1127 1149 16.000000
1204 1226 16.000000
1431 1453 16.000000
138 160 15.000000
369 391 15.000000
604 626 15.000000
863 885 15.000000
1015 10270 15.000000
1037 10493 15.000000
1037 10529 15.000000
1037 10665 15.000000
1037 10752 15.000000
1040 10733 15.000000
1040 10769 15.000000
1040 10837 15.000000
1122 1144 15.000000
1145 1167 15.000000
1232 1254 15.000000
1559 1581 15.000000
0 22 14.000000
779 780 14.000000
780 781 14.000000
781 782 14.000000
782 783 14.000000
783 784 14.000000
784 785 14.000000
836 858 14.000000
1015 10811 14.000000
1015 10955 14.000000
1036 10369 14.000000
1036 10883 14.000000
1036 10946 14.000000
1036 10949 14.000000
1036 10951 14.000000
1036 10969 14.000000
1058 10640 14.000000
1058 10664 14.000000
1058 10718 14.000000
1058 10775 14.000000
1058 10783 14.000000
1058 10965 14.000000
1105 1127 14.000000
1248 1270 14.000000
510 511 13.000000
511 512 13.000000
512 513 13.000000
513 514 13.000000
514 515 13.000000
515 516 13.000000
516 517 13.000000
559 581 13.000000
1014 10842 13.000000
1015 10659 13.000000
1015 10721 13.000000
1036 10380 13.000000
1036 10703 13.000000
1036 10816 13.000000
1036 10902 13.000000
1036 10934 13.000000
1058 10848 13.000000
1058 10921 13.000000
1100 1122 13.000000
1235 1257 13.000000
312 334 12.000000
537 559 12.000000
645 667 12.000000
957 979 12.000000
1163 1185 12.000000
1185 1207 12.000000
1543 1544 12.000000
1544 1545 12.000000
1545 1546 12.000000
1546 1547 12.000000
953 975 11.000000
957 958 11.000000
958 959 11.000000
959 960 11.000000
960 961 11.000000
961 962 11.000000
962 963 11.000000
963 964 11.000000
964 965 11.000000
965 966 11.000000
1032 10449 11.000000
1032 10999 11.000000
1042 1064 11.000000
1075 10835 11.000000
1075 10852 11.000000
1259 1281 11.000000
247 269 10.000000
597 598 10.000000
598 599 10.000000
599 600 10.000000
1036 10476 10.000000
1036 10775 10.000000
1036 10848 10.000000
1036 10921 10.000000
1040 1062 10.000000
1130 1152 10.000000
1133 1155 10.000000
1298 1320 10.000000
1475 1497 10.000000
1499 1500 10.000000
728 750 9.000000
733 755 9.000000
1031 1053 9.000000
1038 10979 9.000000
1206 1228 9.000000
1260 1282 9.000000
67 68 8.000000
180 202 8.000000
202 224 8.000000
421 443 8.000000
466 467 8.000000
467 468 8.000000
468 469 8.000000
469 470 8.000000
600 601 8.000000
617 639 8.000000
735 757 8.000000
792 814 8.000000
902 924 8.000000
949 971 8.000000
1000 1001 8.000000
1097 10999 8.000000
1132 1133 8.000000
488 489 7.000000
758 759 7.000000
759 760 7.000000
760 761 7.000000
761 762 7.000000
762 763 7.000000
763 764 7.000000
1036 10450 7.000000
1036 10484 7.000000
1036 10505 7.000000
1036 10506 7.000000
1036 10568 7.000000
1036 10575 7.000000
1036 10640 7.000000
1036 10664 7.000000
1036 10718 7.000000
1036 10783 7.000000
1036 10788 7.000000
1036 10965 7.000000
1037 10681 7.000000
1037 10694 7.000000
1207 1229 7.000000
1383 1405 7.000000
0 1562 6.000000
209 231 6.000000
240 262 6.000000
262 284 6.000000
654 655 6.000000
655 656 6.000000
656 657 6.000000
657 658 6.000000
757 758 6.000000
977 999 6.000000
1039 1061 6.000000
1083 10910 6.000000
1184 1206 6.000000
1538 1560 6.000000
1540 1562 6.000000
1579 1580 6.000000
251 273 5.000000
327 349 5.000000
508 509 5.000000
567 589 5.000000
648 670 5.000000
726 748 5.000000
748 769 5.000000
764 765 5.000000
765 766 5.000000
766 767 5.000000
767 768 5.000000
768 769 5.000000
1001 1002 5.000000
1140 1162 5.000000
1477 1478 5.000000
50 51 4.000000
51 52 4.000000
52 53 4.000000
53 54 4.000000
54 55 4.000000
55 77 4.000000
77 99 4.000000
100 122 4.000000
229 251 4.000000
238 260 4.000000
260 282 4.000000
632 654 4.000000
654 676 4.000000
689 711 4.000000
778 800 4.000000
835 857 4.000000
1002 1003 4.000000
1003 1004 4.000000
1004 1005 4.000000
1005 1006 4.000000
1006 1007 4.000000
1007 1008 4.000000
1008 1009 4.000000
1009 1010 4.000000
1015 1037 4.000000
1019 1041 4.000000
1043 1065 4.000000
1081 10982 4.000000
1083 10895 4.000000
1083 10977 4.000000
1304 1305 4.000000
1305 1306 4.000000
1306 1307 4.000000
1307 1308 4.000000
1308 1309 4.000000
1309 1310 4.000000
1310 1311 4.000000
1311 1312 4.000000
1312 1313 4.000000
1455 1477 4.000000
426 427 3.000000
427 428 3.000000
428 429 3.000000
429 430 3.000000
430 431 3.000000
431 432 3.000000
432 433 3.000000
433 434 3.000000
509 510 3.000000
632 633 3.000000
666 688 3.000000
710 732 3.000000
727 749 3.000000
756 778 3.000000
774 796 3.000000
821 843 3.000000
1001 1023 3.000000
1032 1054 3.000000
1060 1082 3.000000
1074 1096 3.000000
1079 10842 3.000000
1080 10811 3.000000
1080 10883 3.000000
1080 10946 3.000000
1080 10949 3.000000
1080 10951 3.000000
1080 10955 3.000000
1080 10969 3.000000
1162 1184 3.000000
1168 1190 3.000000
1190 1212 3.000000
1304 1326 3.000000
28 29 2.000000
29 30 2.000000
30 31 2.000000
31 32 2.000000
32 33 2.000000
33 34 2.000000
34 35 2.000000
35 36 2.000000
36 37 2.000000
37 38 2.000000
60 61 2.000000
407 429 2.000000
429 451 2.000000
470 471 2.000000
471 472 2.000000
472 473 2.000000
506 507 2.000000
506 527 2.000000
507 508 2.000000
523 524 2.000000
523 545 2.000000
524 525 2.000000
525 526 2.000000
526 527 2.000000
553 575 2.000000
735 736 2.000000
736 737 2.000000
737 738 2.000000
738 739 2.000000
739 740 2.000000
740 741 2.000000
741 742 2.000000
776 798 2.000000
946 968 2.000000
1034 1056 2.000000
1054 10878 2.000000
1080 10816 2.000000
1080 10902 2.000000
1084 10886 2.000000
1087 1109 2.000000
1119 1141 2.000000
1173 1195 2.000000
1205 1227 2.000000
1208 1230 2.000000
1230 1252 2.000000
1303 1325 2.000000
177 199 1.000000
206 228 1.000000
217 239 1.000000
231 253 1.000000
304 326 1.000000
531 553 1.000000
539 540 1.000000
540 541 1.000000
541 542 1.000000
542 543 1.000000
543 544 1.000000
544 566 1.000000
705 727 1.000000
748 770 1.000000
931 932 1.000000
932 933 1.000000
933 934 1.000000
934 935 1.000000
935 957 1.000000
1030 1052 1.000000
1052 1074 1.000000
1053 10835 1.000000
1053 10852 1.000000
1141 1163 1.000000
1146 1168 1.000000
1160 1182 1.000000
1182 1204 1.000000
1303 1304 1.000000
1326 1327 1.000000
1327 1328 1.000000
1328 1329 1.000000
1329 1330 1.000000
1330 1331 1.000000
1331 1332 1.000000
1332 1333 1.000000
1333 1334 1.000000
1334 1335 1.000000
1335 1336 1.000000
1514 1515 1.000000
1539 1561 1.000000
1560 1582 1.000000
1564 1565 1.000000
1565 1566 1.000000
1566 1567 1.000000
1567 1568 1.000000
