1250 1251 15967.000000
279 280 15762.000000
280 281 15762.000000
281 282 15762.000000
1075 1076 14037.000000
278 279 13983.000000
282 283 11878.000000
1251 1252 11450.000000
1249 1250 11292.000000
1294 1295 10819.000000
1272 1273 10501.000000
1293 1294 10343.000000
1292 1293 10122.000000
1031 1032 10084.000000
1074 1075 9718.000000
939 940 9381.000000
940 941 9381.000000
1291 1292 9328.000000
1228 1229 9199.000000
13 14 9194.000000
322 323 9163.000000
323 324 9163.000000
324 325 9163.000000
325 326 9163.000000
1338 1339 8917.000000
189 190 8486.000000
1030 1031 8459.000000
1032 1033 8280.000000
235 236 8277.000000
236 237 8277.000000
237 238 8277.000000
238 239 8271.000000
1248 1249 8215.000000
1118 1119 8180.000000
283 284 8118.000000
1420 1421 8112.000000
1315 1316 8049.000000
1270 1271 8035.000000
1096 1097 7875.000000
1119 1120 7757.000000
257 258 7720.000000
258 259 7720.000000
259 260 7720.000000
260 261 7718.000000
256 257 7710.000000
1271 1272 7710.000000
1310 1311 7640.000000
1073 1074 7460.000000
1421 1422 7329.000000
255 256 7325.000000
188 189 7235.000000
145 146 7192.000000
327 328 7174.000000
1308 1309 7102.000000
1309 1310 7102.000000
300 301 6998.000000
301 302 6998.000000
302 303 6998.000000
303 304 6998.000000
1314 1315 6993.000000
1316 1317 6983.000000
941 942 6945.000000
942 943 6861.000000
1422 1423 6847.000000
1311 1312 6836.000000
12 13 6711.000000
1029 1030 6679.000000
1120 1121 6653.000000
234 235 6634.000000
414 415 6605.000000
1290 1291 6502.000000
938 939 6487.000000
1336 1337 6430.000000
1095 1096 6428.000000
123 124 6407.000000
326 327 6385.000000
1464 1465 6341.000000
1337 1338 6296.000000
1227 1228 6162.000000
1287 1288 6080.000000
895 896 6055.000000
896 897 6055.000000
1288 1289 6047.000000
897 898 6026.000000
1269 1270 5991.000000
1205 1206 5961.000000
1465 1466 5952.000000
1289 1290 5914.000000
937 938 5905.000000
1117 1118 5834.000000
277 278 5824.000000
166 167 5756.000000
1313 1314 5723.000000
1423 1424 5684.000000
1425 1426 5674.000000
1207 1208 5665.000000
1206 1207 5651.000000
1424 1425 5615.000000
366 367 5552.000000
367 368 5552.000000
368 369 5552.000000
369 370 5552.000000
1163 1164 5498.000000
1312 1313 5457.000000
1247 1248 5332.000000
1354 1355 5220.000000
284 285 5217.000000
1094 1095 5199.000000
1335 1336 5108.000000
14 15 5074.000000
1307 1308 5068.000000
1226 1227 5060.000000
328 329 4957.000000
11 12 4894.000000
1355 1356 4780.000000
1359 1360 4759.000000
370 371 4741.000000
1352 1353 4726.000000
1162 1163 4645.000000
917 918 4625.000000
918 919 4625.000000
1225 1226 4576.000000
1358 1359 4546.000000
321 322 4523.000000
32 33 4493.000000
167 168 4481.000000
371 372 4478.000000
1076 1077 4460.000000
1204 1205 4412.000000
299 300 4369.000000
1100 1121 4299.000000
1139 1140 4234.000000
960 961 4216.000000
961 962 4216.000000
962 963 4216.000000
873 874 4211.000000
874 875 4211.000000
1097 1098 4185.000000
916 917 4166.000000
986 987 4160.000000
987 988 4131.000000
1229 1230 4097.000000
1488 1489 4059.000000
101 102 4044.000000
304 305 4014.000000
852 853 4013.000000
853 854 4013.000000
1008 1009 4003.000000
1353 1354 3956.000000
1357 1358 3939.000000
1007 1008 3895.000000
282 304 3892.000000
1112 1113 3866.000000
1113 1114 3866.000000
1114 1115 3866.000000
1115 1116 3861.000000
1351 1352 3807.000000
33 34 3798.000000
1138 1139 3734.000000
851 852 3731.000000
1069 1070 3722.000000
1070 1071 3722.000000
1071 1072 3722.000000
1295 1296 3705.000000
898 899 3695.000000
239 240 3649.000000
1160 1161 3641.000000
305 306 3614.000000
1246 1247 3605.000000
1004 1005 3549.000000
1005 1006 3549.000000
1140 1141 3542.000000
920 921 3528.000000
1286 1287 3524.000000
724 725 3504.000000
102 103 3485.000000
308 329 3469.000000
297 298 3452.000000
850 851 3442.000000
1164 1165 3439.000000
1356 1357 3439.000000
34 35 3425.000000
1053 1054 3385.000000
1026 1027 3383.000000
1027 1028 3383.000000
1028 1029 3383.000000
1489 1490 3364.000000
1056 1077 3356.000000
1116 1117 3349.000000
254 255 3345.000000
35 36 3326.000000
1398 1399 3310.000000
144 145 3295.000000
1052 1053 3276.000000
1510 1511 3225.000000
1251 1273 3160.000000
1331 1332 3158.000000
1161 1162 3150.000000
233 234 3103.000000
1003 1004 3094.000000
189 211 3078.000000
1334 1335 3067.000000
1141 1142 3032.000000
1486 1487 3027.000000
1466 1467 3013.000000
943 944 3007.000000
894 895 2977.000000
915 916 2971.000000
56 57 2960.000000
1401 1402 2951.000000
1184 1185 2940.000000
1243 1244 2938.000000
1244 1245 2936.000000
721 722 2935.000000
722 723 2935.000000
1245 1246 2935.000000
723 724 2879.000000
15 16 2876.000000
1268 1269 2875.000000
1531 1532 2873.000000
1072 1073 2859.000000
1333 1334 2858.000000
261 262 2825.000000
1330 1331 2815.000000
1332 1333 2795.000000
1400 1401 2794.000000
1183 1184 2784.000000
1402 1403 2766.000000
1399 1400 2761.000000
988 989 2732.000000
1252 1253 2726.000000
899 900 2711.000000
146 147 2708.000000
806 807 2701.000000
982 983 2684.000000
983 984 2684.000000
984 985 2684.000000
1376 1377 2681.000000
1377 1378 2681.000000
1467 1468 2676.000000
1006 1007 2664.000000
660 681 2636.000000
57 58 2608.000000
124 125 2602.000000
1485 1486 2586.000000
1403 1404 2578.000000
1142 1143 2575.000000
98 99 2531.000000
1444 1445 2525.000000
872 873 2515.000000
190 212 2513.000000
1442 1443 2513.000000
145 167 2417.000000
372 373 2411.000000
264 285 2389.000000
100 101 2377.000000
1468 1469 2377.000000
1009 1010 2361.000000
1378 1379 2351.000000
1068 1069 2338.000000
964 965 2334.000000
190 191 2331.000000
1487 1488 2328.000000
1051 1052 2318.000000
146 168 2303.000000
1443 1444 2303.000000
349 350 2296.000000
415 416 2289.000000
1265 1266 2272.000000
1266 1267 2272.000000
985 986 2255.000000
1267 1268 2252.000000
1144 1165 2243.000000
1242 1243 2241.000000
276 277 2208.000000
1374 1375 2199.000000
1509 1510 2180.000000
1164 1186 2179.000000
1010 1011 2169.000000
745 746 2155.000000
298 299 2147.000000
416 417 2128.000000
1208 1230 2128.000000
959 960 2125.000000
789 790 2114.000000
1025 1026 2096.000000
364 365 2090.000000
1373 1374 2057.000000
1508 1509 2038.000000
1381 1382 2025.000000
921 922 2011.000000
871 872 2007.000000
1002 1003 1995.000000
1379 1380 1980.000000
264 265 1979.000000
1380 1381 1975.000000
1375 1376 1971.000000
1090 1091 1952.000000
1091 1092 1952.000000
1092 1093 1952.000000
1093 1094 1952.000000
1056 1057 1945.000000
875 876 1939.000000
59 60 1933.000000
1264 1265 1927.000000
55 56 1907.000000
350 351 1906.000000
240 262 1904.000000
341 342 1894.000000
308 309 1893.000000
1445 1446 1879.000000
344 345 1877.000000
345 346 1877.000000
346 347 1877.000000
347 348 1877.000000
963 964 1875.000000
704 725 1873.000000
1076 1098 1858.000000
1098 1099 1851.000000
142 143 1850.000000
306 307 1848.000000
919 920 1848.000000
1446 1447 1838.000000
36 37 1833.000000
746 747 1833.000000
58 59 1828.000000
1185 1186 1826.000000
76 77 1816.000000
1490 1491 1812.000000
1032 1054 1810.000000
143 144 1785.000000
363 364 1781.000000
855 856 1754.000000
320 321 1738.000000
1554 1555 1706.000000
1553 1554 1691.000000
1507 1508 1690.000000
854 855 1679.000000
1224 1225 1676.000000
943 965 1659.000000
1008 10330 1629.000000
286 307 1627.000000
348 349 1626.000000
1182 1183 1617.000000
265 266 1616.000000
1203 1204 1603.000000
677 678 1602.000000
678 679 1602.000000
679 680 1599.000000
1078 1099 1593.000000
286 287 1592.000000
680 681 1592.000000
501 502 1582.000000
77 78 1568.000000
342 343 1566.000000
365 366 1545.000000
101 123 1544.000000
374 375 1544.000000
893 894 1539.000000
1552 1553 1506.000000
75 76 1501.000000
97 98 1501.000000
57 79 1496.000000
141 142 1492.000000
1199 1200 1492.000000
1200 1201 1492.000000
1201 1202 1492.000000
856 857 1485.000000
767 768 1479.000000
768 769 1479.000000
1156 1157 1477.000000
1157 1158 1477.000000
1158 1159 1477.000000
10 11 1471.000000
415 437 1465.000000
1329 1330 1460.000000
790 791 1459.000000
763 764 1451.000000
1382 1383 1451.000000
1551 1552 1449.000000
1273 1274 1448.000000
329 351 1447.000000
374 395 1433.000000
1202 1203 1418.000000
239 261 1412.000000
1555 1556 1397.000000
1134 1135 1395.000000
1135 1136 1395.000000
1136 1137 1395.000000
1530 1531 1381.000000
319 320 1377.000000
1295 1317 1367.000000
371 393 1363.000000
764 765 1354.000000
765 766 1354.000000
766 767 1354.000000
212 213 1353.000000
748 769 1337.000000
726 747 1331.000000
1122 1143 1331.000000
1230 1231 1331.000000
634 635 1315.000000
635 636 1315.000000
636 637 1315.000000
309 310 1314.000000
1208 1209 1312.000000
877 878 1307.000000
31 32 1300.000000
1285 1286 1295.000000
829 830 1291.000000
830 831 1291.000000
831 832 1291.000000
1089 1090 1279.000000
502 503 1273.000000
1398 1420 1257.000000
211 212 1245.000000
1447 1448 1244.000000
458 459 1241.000000
900 901 1209.000000
1575 1576 1209.000000
742 743 1204.000000
743 744 1204.000000
744 745 1204.000000
78 79 1200.000000
899 921 1200.000000
1221 1222 1200.000000
1222 1223 1200.000000
1223 1224 1200.000000
981 982 1197.000000
660 661 1192.000000
1133 1134 1190.000000
242 263 1187.000000
387 388 1176.000000
388 389 1176.000000
389 390 1176.000000
390 391 1176.000000
740 741 1169.000000
704 705 1161.000000
243 244 1158.000000
394 395 1146.000000
812 813 1145.000000
1100 1101 1136.000000
876 877 1128.000000
391 392 1119.000000
1532 1533 1117.000000
242 243 1114.000000
122 123 1112.000000
54 55 1108.000000
786 787 1106.000000
787 788 1106.000000
457 458 1101.000000
741 742 1101.000000
770 791 1095.000000
287 288 1091.000000
1047 1048 1084.000000
1048 1049 1084.000000
1049 1050 1084.000000
915 937 1081.000000
1056 1078 1080.000000
1029 10565 1077.000000
1263 1264 1077.000000
1441 1442 1074.000000
262 263 1066.000000
1466 1488 1065.000000
808 809 1064.000000
809 810 1064.000000
392 393 1056.000000
1350 1351 1039.000000
1469 1470 1035.000000
1159 1160 1025.000000
352 353 1008.000000
1046 1047 1002.000000
1188 1209 1002.000000
792 813 999.000000
702 703 982.000000
16 17 981.000000
162 163 976.000000
163 164 975.000000
164 165 975.000000
807 808 970.000000
1198 1199 970.000000
1511 1512 955.000000
788 789 952.000000
1574 1575 943.000000
1026 10538 936.000000
37 38 935.000000
810 811 933.000000
1573 1574 933.000000
285 307 930.000000
393 394 928.000000
343 344 926.000000
168 190 916.000000
352 373 915.000000
168 169 910.000000
255 277 907.000000
396 417 902.000000
811 812 887.000000
201 202 885.000000
202 203 885.000000
203 204 885.000000
204 205 885.000000
205 206 885.000000
206 207 885.000000
207 208 885.000000
208 209 885.000000
275 276 880.000000
720 721 871.000000
373 395 839.000000
1529 1530 833.000000
965 966 828.000000
1057 1058 827.000000
1031 10796 823.000000
240 241 811.000000
340 341 808.000000
726 727 804.000000
332 333 796.000000
333 334 796.000000
334 335 796.000000
335 336 796.000000
336 337 796.000000
337 338 796.000000
338 339 796.000000
339 340 796.000000
1241 1242 796.000000
158 159 787.000000
159 160 787.000000
160 161 787.000000
161 162 787.000000
297 319 786.000000
211 233 781.000000
1111 1112 781.000000
459 460 774.000000
836 857 762.000000
283 305 761.000000
284 306 749.000000
1306 1307 735.000000
353 354 730.000000
267 268 729.000000
268 269 729.000000
269 270 729.000000
270 271 729.000000
271 272 729.000000
272 273 729.000000
273 274 729.000000
828 829 728.000000
274 275 717.000000
1360 1361 697.000000
833 834 691.000000
1274 1275 691.000000
185 186 690.000000
186 187 690.000000
187 188 689.000000
1008 10384 682.000000
1029 10407 682.000000
1100 1122 679.000000
1050 1051 675.000000
1232 1253 673.000000
408 409 670.000000
409 410 670.000000
410 411 670.000000
411 412 670.000000
412 413 670.000000
210 211 664.000000
13 35 662.000000
1181 1182 660.000000
958 959 655.000000
220 241 650.000000
682 703 640.000000
807 829 640.000000
1137 1138 640.000000
167 189 639.000000
661 662 638.000000
1232 1233 637.000000
1233 1234 637.000000
944 966 636.000000
79 80 630.000000
253 254 625.000000
1009 10950 623.000000
165 166 620.000000
1426 1427 618.000000
1121 1143 616.000000
616 637 613.000000
1254 1255 613.000000
180 181 607.000000
181 182 607.000000
182 183 607.000000
183 184 607.000000
184 185 607.000000
1296 1297 607.000000
1219 1220 600.000000
1032 10698 598.000000
1220 1221 591.000000
1186 1187 589.000000
103 104 588.000000
914 915 584.000000
10 10368 581.000000
878 879 574.000000
1512 1513 574.000000
1024 1025 572.000000
157 158 571.000000
785 786 570.000000
114 115 567.000000
115 116 567.000000
116 117 567.000000
117 118 567.000000
1051 10816 565.000000
113 114 563.000000
372 394 562.000000
440 461 557.000000
1120 1142 557.000000
342 364 551.000000
341 363 548.000000
231 232 542.000000
234 256 538.000000
1029 10509 533.000000
140 141 525.000000
212 234 525.000000
1210 1211 524.000000
1211 1212 524.000000
101 10789 518.000000
124 146 515.000000
327 349 512.000000
437 438 512.000000
1207 1229 512.000000
832 833 507.000000
1166 1167 506.000000
1167 1168 506.000000
616 617 505.000000
396 397 498.000000
1556 1557 497.000000
1166 1187 495.000000
1572 1573 494.000000
655 656 491.000000
656 657 491.000000
657 658 491.000000
1052 10979 491.000000
1210 1231 488.000000
1254 1275 488.000000
460 461 487.000000
545 546 486.000000
61 62 483.000000
62 63 483.000000
63 64 483.000000
1101 1102 480.000000
1102 1103 480.000000
673 674 477.000000
328 350 476.000000
1161 1183 476.000000
482 483 474.000000
479 480 469.000000
1339 1361 467.000000
834 835 466.000000
1072 10831 462.000000
1030 10554 461.000000
638 639 460.000000
1328 1329 459.000000
413 414 458.000000
232 233 456.000000
637 659 455.000000
1576 1577 455.000000
32 54 454.000000
123 145 447.000000
310 332 445.000000
676 677 442.000000
418 439 441.000000
330 331 440.000000
220 221 435.000000
233 255 434.000000
100 122 431.000000
590 591 430.000000
591 592 430.000000
592 593 430.000000
1007 10883 429.000000
223 224 427.000000
224 225 427.000000
225 226 427.000000
226 227 427.000000
227 228 427.000000
228 229 427.000000
229 230 427.000000
230 231 427.000000
330 351 423.000000
407 408 423.000000
639 640 423.000000
681 703 422.000000
275 297 420.000000
103 125 418.000000
481 482 416.000000
658 659 416.000000
101 10301 412.000000
350 372 410.000000
436 437 409.000000
682 683 406.000000
101 10824 405.000000
1122 1123 405.000000
1123 1124 405.000000
198 199 404.000000
199 200 404.000000
188 210 402.000000
638 659 398.000000
288 289 395.000000
289 290 395.000000
290 291 395.000000
291 292 395.000000
292 293 395.000000
293 294 395.000000
294 295 395.000000
295 296 395.000000
1059 1081 395.000000
296 297 392.000000
1132 1133 392.000000
1145 1146 392.000000
118 119 391.000000
384 385 391.000000
1058 1059 391.000000
254 276 390.000000
440 441 390.000000
1276 1297 389.000000
704 726 386.000000
1264 1286 386.000000
1397 1398 383.000000
1052 10529 378.000000
122 144 377.000000
856 878 375.000000
102 124 372.000000
245 246 372.000000
246 247 372.000000
247 248 372.000000
248 249 372.000000
249 250 372.000000
250 251 372.000000
251 252 372.000000
252 253 372.000000
438 439 372.000000
1378 1400 372.000000
1054 10586 371.000000
209 210 370.000000
719 720 370.000000
1011 10715 370.000000
1033 10687 370.000000
1033 10782 370.000000
1033 10948 370.000000
1033 10976 370.000000
784 785 369.000000
1003 10058 369.000000
1155 1156 368.000000
1009 10190 367.000000
198 219 366.000000
1144 1145 366.000000
1010 10824 365.000000
264 286 363.000000
213 214 362.000000
214 215 362.000000
215 216 362.000000
216 217 362.000000
217 218 361.000000
10 10212 359.000000
748 749 359.000000
218 219 357.000000
278 300 356.000000
326 348 354.000000
1577 1578 352.000000
1074 10982 348.000000
617 618 347.000000
1002 10589 347.000000
1002 10430 346.000000
1002 10444 346.000000
1265 1287 345.000000
119 120 341.000000
120 121 341.000000
121 122 341.000000
1032 10857 339.000000
1032 10910 339.000000
854 876 338.000000
762 763 333.000000
125 147 332.000000
418 419 329.000000
1051 10821 329.000000
286 308 328.000000
849 850 325.000000
1025 10878 323.000000
101 10237 320.000000
698 699 319.000000
699 700 319.000000
700 701 319.000000
701 702 319.000000
1046 1068 319.000000
1008 10421 317.000000
674 675 313.000000
1068 10835 310.000000
1068 10852 310.000000
1212 1213 310.000000
484 505 309.000000
503 504 309.000000
504 505 309.000000
101 10130 308.000000
705 706 306.000000
1004 10089 306.000000
1078 10844 306.000000
1463 1464 306.000000
1076 10972 305.000000
1033 10349 304.000000
1079 1080 299.000000
351 373 298.000000
462 483 298.000000
1032 10435 297.000000
1076 10868 296.000000
675 676 294.000000
221 222 291.000000
1078 1079 291.000000
1080 1081 291.000000
1485 1507 291.000000
603 604 287.000000
604 605 287.000000
605 606 287.000000
606 607 287.000000
607 608 287.000000
608 609 287.000000
1209 1231 287.000000
1046 10999 285.000000
232 254 281.000000
1069 10898 279.000000
1031 10971 278.000000
103 10302 275.000000
1234 1235 275.000000
1279 1280 271.000000
1280 1281 271.000000
1281 1282 271.000000
1282 1283 271.000000
1283 1284 271.000000
80 81 270.000000
697 698 270.000000
661 683 268.000000
263 285 267.000000
396 418 267.000000
222 223 265.000000
1057 10643 265.000000
10 10408 264.000000
10 10742 264.000000
1276 1277 264.000000
1277 1278 264.000000
1278 1279 264.000000
1293 1315 264.000000
1002 10531 263.000000
1009 10260 262.000000
101 10510 261.000000
1054 1055 261.000000
354 355 260.000000
355 356 260.000000
356 357 260.000000
357 358 260.000000
358 359 260.000000
359 360 260.000000
360 361 260.000000
361 362 260.000000
1008 10148 257.000000
1008 10446 255.000000
792 793 253.000000
1010 10189 253.000000
916 938 252.000000
1188 1189 252.000000
1189 1190 252.000000
309 331 249.000000
1529 1551 249.000000
654 655 247.000000
1030 10330 246.000000
1008 10542 245.000000
1096 1118 245.000000
53 54 243.000000
74 75 243.000000
437 459 243.000000
1033 10489 242.000000
1033 10774 242.000000
1033 10862 241.000000
1033 10920 241.000000
1010 10265 240.000000
1011 10175 240.000000
1011 10188 240.000000
1011 10193 240.000000
1011 10202 240.000000
1011 10240 240.000000
1011 10303 240.000000
1011 10337 240.000000
1011 10383 240.000000
1011 10438 240.000000
1011 10864 240.000000
1011 10871 240.000000
1011 10968 240.000000
1011 10970 240.000000
1090 1112 240.000000
1372 1373 240.000000
1011 10500 239.000000
1026 10525 239.000000
1376 1398 239.000000
1033 10865 238.000000
1033 10956 238.000000
331 332 237.000000
942 964 237.000000
1030 10446 237.000000
1033 10510 237.000000
1008 10665 236.000000
158 180 235.000000
593 615 235.000000
1025 10898 234.000000
1033 10837 234.000000
103 10345 232.000000
1008 10752 232.000000
1032 10938 232.000000
332 354 231.000000
1382 1404 231.000000
1011 10453 229.000000
618 640 228.000000
1011 10182 228.000000
1011 10215 228.000000
1375 1397 228.000000
1051 10529 227.000000
191 192 226.000000
192 193 226.000000
193 194 226.000000
194 195 226.000000
310 311 226.000000
311 312 226.000000
312 313 226.000000
313 314 226.000000
314 315 226.000000
315 316 226.000000
316 317 226.000000
317 318 226.000000
1332 1354 226.000000
980 981 225.000000
35 57 223.000000
101 10363 223.000000
101 10435 223.000000
1467 1489 223.000000
362 363 222.000000
748 770 222.000000
1008 10529 222.000000
60 61 221.000000
1076 10789 217.000000
876 898 215.000000
1218 1219 215.000000
1146 1168 212.000000
101 10265 210.000000
30 31 209.000000
397 419 209.000000
1009 10713 209.000000
101 10857 208.000000
101 10910 208.000000
1008 10115 208.000000
1024 10406 208.000000
101 10263 206.000000
101 10638 206.000000
572 593 206.000000
1213 1214 202.000000
1214 1215 202.000000
1215 1216 202.000000
1216 1217 202.000000
1217 1218 202.000000
660 682 201.000000
1054 10733 201.000000
1076 10769 201.000000
1354 1376 201.000000
1052 10964 198.000000
103 10889 197.000000
266 267 197.000000
266 288 197.000000
1313 1335 197.000000
696 697 196.000000
1257 1258 196.000000
1258 1259 196.000000
1259 1260 196.000000
1260 1261 196.000000
1261 1262 196.000000
101 10865 194.000000
319 341 194.000000
101 10956 193.000000
81 82 192.000000
1052 10713 192.000000
1357 1379 192.000000
191 213 191.000000
147 169 190.000000
318 319 190.000000
705 727 190.000000
1077 10996 190.000000
1154 1155 189.000000
1089 10944 187.000000
1054 10940 186.000000
1075 10925 186.000000
1339 1340 186.000000
1252 1274 185.000000
305 327 184.000000
1003 10071 184.000000
1422 1444 184.000000
1007 10277 183.000000
1011 10776 182.000000
201 223 181.000000
210 232 181.000000
1009 10964 181.000000
1146 1147 181.000000
385 386 180.000000
386 387 180.000000
572 573 179.000000
573 574 178.000000
574 575 178.000000
220 242 177.000000
179 180 176.000000
1009 10698 176.000000
1009 10758 176.000000
1003 10165 175.000000
922 923 174.000000
1003 10741 174.000000
101 10769 173.000000
1003 10757 172.000000
1008 10679 171.000000
1033 10789 171.000000
1076 10940 171.000000
195 196 170.000000
1030 10384 169.000000
733 734 168.000000
157 179 167.000000
1075 10964 167.000000
1190 1191 167.000000
101 10113 166.000000
683 684 166.000000
1444 1466 166.000000
352 374 165.000000
1076 10879 165.000000
101 10163 164.000000
104 10911 164.000000
674 696 164.000000
1002 10149 164.000000
1255 1256 164.000000
1256 1257 164.000000
1009 10287 163.000000
1088 1089 163.000000
1400 1422 163.000000
920 942 162.000000
1033 10337 162.000000
1033 10383 162.000000
1033 10438 162.000000
1033 10864 162.000000
1033 10968 162.000000
1033 10970 162.000000
1052 10559 162.000000
1052 10941 162.000000
265 287 161.000000
1012 1033 160.000000
1177 1178 160.000000
1178 1179 160.000000
1179 1180 160.000000
1180 1181 160.000000
1533 1534 160.000000
101 10351 159.000000
617 639 159.000000
1015 10255 159.000000
873 895 158.000000
1008 10935 157.000000
1031 10393 157.000000
1031 10713 157.000000
349 371 156.000000
857 879 156.000000
669 670 154.000000
670 671 154.000000
671 672 154.000000
672 673 154.000000
811 833 154.000000
1008 10680 154.000000
1012 1013 154.000000
1073 10883 152.000000
1269 1291 151.000000
101 10837 150.000000
398 399 150.000000
399 400 150.000000
400 401 150.000000
401 402 150.000000
402 403 150.000000
403 404 150.000000
404 405 150.000000
702 724 150.000000
789 811 150.000000
1008 10544 150.000000
1052 10935 150.000000
1002 10648 149.000000
1073 1095 148.000000
1052 10680 146.000000
1054 10776 146.000000
1054 10862 145.000000
1054 10920 145.000000
221 243 144.000000
1054 10774 144.000000
405 406 143.000000
427 428 143.000000
1004 11000 143.000000
1033 10500 142.000000
1003 10075 141.000000
1033 10871 141.000000
101 10733 140.000000
638 660 140.000000
1008 10941 139.000000
1052 10922 139.000000
1140 1162 139.000000
101 10364 138.000000
1052 10677 137.000000
1191 1192 137.000000
1192 1193 137.000000
1193 1194 137.000000
1194 1195 137.000000
1195 1196 137.000000
101 10349 136.000000
1032 10758 136.000000
1262 1263 136.000000
813 835 135.000000
1031 10382 135.000000
1031 10941 135.000000
1053 10669 134.000000
1031 10315 133.000000
101 10717 132.000000
374 396 132.000000
1031 10680 132.000000
1031 10964 132.000000
1033 10453 132.000000
810 832 131.000000
1029 10811 131.000000
1008 10290 130.000000
1008 10382 130.000000
1033 10638 130.000000
1033 10769 130.000000
1263 1285 130.000000
1013 1014 129.000000
1014 1015 129.000000
1054 10837 128.000000
1528 1529 128.000000
480 481 127.000000
103 10873 126.000000
967 989 126.000000
1274 1296 126.000000
406 407 125.000000
531 553 125.000000
640 641 125.000000
641 642 125.000000
642 643 125.000000
643 644 125.000000
644 645 125.000000
645 646 125.000000
944 945 125.000000
1054 10956 125.000000
1096 10979 125.000000
1254 1276 125.000000
1054 10865 124.000000
1095 1117 124.000000
320 342 122.000000
684 685 122.000000
685 686 122.000000
686 687 122.000000
687 688 122.000000
688 689 122.000000
1009 10253 122.000000
1098 10996 122.000000
723 745 121.000000
1075 1097 121.000000
1030 10811 120.000000
1076 10894 120.000000
103 10930 119.000000
353 375 119.000000
618 619 119.000000
1029 10883 119.000000
1030 1052 119.000000
1272 1294 119.000000
10 32 118.000000
1009 10393 118.000000
1029 10386 118.000000
1067 1068 118.000000
1026 10897 117.000000
1029 10640 117.000000
1029 10842 117.000000
1491 1492 117.000000
814 835 116.000000
1026 10792 116.000000
1008 10646 115.000000
1095 10982 115.000000
1404 1405 115.000000
1053 10605 114.000000
1166 1188 114.000000
690 691 113.000000
691 692 113.000000
692 693 113.000000
693 694 113.000000
1008 10315 113.000000
1032 10971 113.000000
1007 10681 112.000000
1009 10935 112.000000
1030 10721 112.000000
633 634 111.000000
1076 10763 111.000000
1076 10895 111.000000
740 762 110.000000
900 922 110.000000
1007 10299 110.000000
1031 10469 110.000000
1031 10544 108.000000
1124 1125 108.000000
1298 1299 108.000000
1299 1300 108.000000
770 771 107.000000
1008 10585 107.000000
1030 10627 107.000000
1031 10421 107.000000
1073 10808 107.000000
1331 1353 107.000000
1007 10903 106.000000
1052 10544 106.000000
1073 10877 106.000000
1191 1213 106.000000
1310 1332 106.000000
1034 1055 105.000000
17 18 104.000000
18 19 104.000000
19 20 104.000000
20 21 104.000000
694 695 104.000000
695 696 104.000000
1029 1051 104.000000
1034 1035 104.000000
602 603 103.000000
806 828 103.000000
1073 10841 103.000000
1081 1082 103.000000
1082 1083 103.000000
1083 1084 103.000000
1084 1085 103.000000
1085 1086 103.000000
1086 1087 103.000000
1087 1088 103.000000
1097 10977 103.000000
1008 10933 102.000000
1035 1036 102.000000
1076 10977 102.000000
449 450 101.000000
1029 10575 101.000000
1029 10718 101.000000
1033 10776 101.000000
1050 10565 101.000000
1053 10938 101.000000
1073 10934 101.000000
653 654 100.000000
1030 10399 100.000000
1181 1203 100.000000
1509 1531 100.000000
101 10246 99.000000
725 747 99.000000
1103 1125 99.000000
1009 10971 98.000000
1054 10894 98.000000
1442 1464 98.000000
176 177 96.000000
176 197 96.000000
177 178 96.000000
178 179 96.000000
196 197 96.000000
1002 10570 96.000000
1002 10688 96.000000
1052 10781 96.000000
393 415 95.000000
745 767 95.000000
1008 10395 94.000000
1008 10457 94.000000
878 900 93.000000
898 920 93.000000
1074 10979 93.000000
101 10550 92.000000
734 735 92.000000
735 736 92.000000
736 737 92.000000
737 738 92.000000
738 739 92.000000
739 740 92.000000
1052 10796 92.000000
1073 10775 92.000000
1073 10783 92.000000
1073 10848 92.000000
1073 10921 92.000000
1073 10951 92.000000
1177 1199 92.000000
1401 1423 92.000000
244 266 91.000000
663 664 91.000000
664 665 91.000000
665 666 91.000000
666 667 91.000000
667 668 91.000000
770 792 91.000000
790 812 91.000000
1009 10283 91.000000
1009 10412 91.000000
1009 10781 91.000000
1050 10703 91.000000
1052 1074 91.000000
1073 10902 91.000000
1267 1289 91.000000
1534 1535 91.000000
218 240 90.000000
419 441 90.000000
1030 10659 90.000000
1117 1139 90.000000
1196 1218 90.000000
1513 1514 90.000000
12 1574 89.000000
348 370 89.000000
450 451 89.000000
451 452 89.000000
452 453 89.000000
453 454 89.000000
454 455 89.000000
455 456 89.000000
456 457 89.000000
1002 10768 89.000000
1007 10369 89.000000
1073 10821 89.000000
1125 1126 89.000000
1126 1127 89.000000
1127 1128 89.000000
1128 1129 89.000000
1129 1130 89.000000
1130 1131 89.000000
1131 1132 89.000000
1074 10752 88.000000
1099 1121 88.000000
375 376 87.000000
376 377 87.000000
377 378 87.000000
378 379 87.000000
379 380 87.000000
380 381 87.000000
381 382 87.000000
382 383 87.000000
383 384 87.000000
851 873 87.000000
945 967 87.000000
1030 10752 87.000000
662 663 86.000000
101 10180 85.000000
101 10347 85.000000
101 10702 85.000000
244 245 85.000000
502 524 85.000000
1007 10104 85.000000
1007 10522 85.000000
1029 10831 85.000000
1030 10542 85.000000
1074 10796 85.000000
1190 1212 85.000000
419 420 84.000000
420 421 84.000000
421 422 84.000000
422 423 84.000000
423 424 84.000000
424 425 84.000000
425 426 84.000000
426 427 84.000000
872 894 84.000000
1008 10694 84.000000
1008 10859 84.000000
1074 10922 84.000000
1176 1177 84.000000
1284 1285 84.000000
1554 1576 84.000000
1003 1025 83.000000
1003 10274 83.000000
1008 10257 83.000000
1089 1111 83.000000
481 503 82.000000
1029 10568 82.000000
1029 10664 82.000000
1030 10665 82.000000
1047 1069 82.000000
1003 10405 81.000000
1029 10788 81.000000
1298 1319 81.000000
1318 1319 81.000000
941 963 80.000000
1054 1076 80.000000
1317 1318 80.000000
1030 10681 79.000000
1073 10745 79.000000
1073 10810 79.000000
1002 10599 78.000000
1008 10493 78.000000
1077 1099 78.000000
1176 1198 78.000000
36 58 77.000000
1031 1053 77.000000
937 959 76.000000
1004 10394 76.000000
1094 10965 76.000000
1205 1227 76.000000
13 1575 75.000000
196 218 74.000000
1202 1224 74.000000
1235 1236 74.000000
1236 1237 74.000000
1237 1238 74.000000
1238 1239 74.000000
1239 1240 74.000000
143 165 73.000000
429 430 73.000000
430 431 73.000000
431 432 73.000000
432 433 73.000000
433 434 73.000000
434 435 73.000000
833 855 73.000000
1008 10627 73.000000
1030 10529 73.000000
1054 10717 73.000000
1073 10777 73.000000
307 329 72.000000
778 779 72.000000
779 780 72.000000
780 781 72.000000
781 782 72.000000
782 783 72.000000
1009 10499 72.000000
1011 1033 72.000000
435 436 71.000000
458 480 71.000000
682 704 71.000000
1103 1104 71.000000
1104 1105 71.000000
1105 1106 71.000000
1106 1107 71.000000
1107 1108 71.000000
1108 1109 71.000000
1109 1110 71.000000
136 137 70.000000
137 138 70.000000
138 139 70.000000
139 140 70.000000
550 551 70.000000
550 571 70.000000
551 552 70.000000
552 553 70.000000
568 569 70.000000
569 570 70.000000
570 571 70.000000
668 669 70.000000
1054 10638 70.000000
1054 10769 70.000000
1054 10789 70.000000
1097 1119 70.000000
318 340 69.000000
610 611 69.000000
1073 10816 69.000000
1110 1111 69.000000
104 10566 68.000000
547 548 68.000000
548 549 68.000000
689 690 68.000000
75 97 67.000000
1030 10679 67.000000
1046 10598 67.000000
427 449 66.000000
11 33 65.000000
56 78 65.000000
288 310 65.000000
440 462 65.000000
1031 10567 65.000000
1031 10744 65.000000
1051 10745 65.000000
1052 10542 65.000000
1008 10080 64.000000
1051 10946 64.000000
1138 1160 64.000000
1220 1242 64.000000
1294 1316 64.000000
712 734 63.000000
749 750 63.000000
836 837 63.000000
1031 10390 63.000000
1051 10810 63.000000
1051 10969 63.000000
1052 10665 63.000000
1073 10969 63.000000
1219 1241 63.000000
31 53 62.000000
829 851 62.000000
1031 10490 62.000000
1031 10900 62.000000
1077 10864 62.000000
1077 10968 62.000000
1077 10970 62.000000
428 429 61.000000
1008 1030 61.000000
1008 10559 61.000000
1026 10394 61.000000
1030 10922 61.000000
1031 10412 61.000000
1031 10781 61.000000
1078 1100 61.000000
1224 1246 61.000000
619 620 60.000000
620 621 60.000000
621 622 60.000000
622 623 60.000000
623 624 60.000000
1007 10965 60.000000
1008 10922 60.000000
1009 10563 59.000000
1009 10925 59.000000
1026 11000 59.000000
1031 10499 59.000000
1031 10563 59.000000
1031 10925 59.000000
959 981 58.000000
1024 10430 58.000000
1024 10444 58.000000
1024 10589 58.000000
217 239 57.000000
528 529 57.000000
528 549 57.000000
529 530 57.000000
530 531 57.000000
609 610 57.000000
1009 10462 57.000000
1009 10672 57.000000
1010 10423 57.000000
1029 10357 57.000000
1031 10935 57.000000
1051 10777 57.000000
1051 10949 57.000000
1488 1510 57.000000
195 217 56.000000
241 263 56.000000
632 633 56.000000
871 893 56.000000
921 943 56.000000
1007 10298 56.000000
1051 10955 56.000000
1075 10950 56.000000
1185 1207 56.000000
1285 1307 56.000000
135 136 55.000000
441 442 55.000000
442 443 55.000000
832 854 55.000000
1009 10677 55.000000
1141 1163 55.000000
1487 1509 55.000000
706 707 54.000000
707 708 54.000000
708 709 54.000000
709 710 54.000000
710 711 54.000000
711 712 54.000000
741 763 54.000000
1007 10225 54.000000
1007 10450 54.000000
1007 10484 54.000000
1007 10505 54.000000
1007 10506 54.000000
1007 10775 54.000000
1007 10783 54.000000
1007 10848 54.000000
1007 10921 54.000000
1007 10951 54.000000
1008 10254 54.000000
1031 10677 54.000000
1196 1197 54.000000
104 10591 53.000000
231 253 53.000000
1009 10305 53.000000
1010 10366 53.000000
1010 10605 53.000000
1024 10599 53.000000
1024 10648 53.000000
1025 10814 53.000000
102 10917 52.000000
728 729 52.000000
729 730 52.000000
730 731 52.000000
731 732 52.000000
732 733 52.000000
1077 10871 52.000000
76 98 51.000000
242 264 51.000000
304 326 51.000000
509 531 51.000000
855 877 51.000000
1029 10777 51.000000
1077 10782 51.000000
1077 10948 51.000000
1077 10976 51.000000
362 384 50.000000
1159 1181 50.000000
1465 1487 50.000000
10 10228 49.000000
147 148 49.000000
200 201 49.000000
306 328 49.000000
487 509 49.000000
698 720 49.000000
727 728 49.000000
769 791 49.000000
1029 10298 49.000000
616 638 48.000000
726 748 48.000000
1025 10274 48.000000
1025 10405 48.000000
1030 10839 48.000000
443 444 47.000000
444 445 47.000000
445 446 47.000000
446 447 47.000000
447 448 47.000000
448 449 47.000000
594 595 47.000000
595 596 47.000000
877 899 47.000000
1025 10741 47.000000
1025 10757 47.000000
1030 10719 47.000000
1032 10950 47.000000
1051 1073 46.000000
1147 1148 46.000000
1148 1149 46.000000
1149 1150 46.000000
1150 1151 46.000000
1151 1152 46.000000
1356 1378 46.000000
965 987 45.000000
1052 10627 45.000000
1076 10824 45.000000
1286 1308 45.000000
1383 1405 45.000000
1508 1530 45.000000
485 486 44.000000
486 487 44.000000
922 944 44.000000
1029 10738 44.000000
1029 10965 43.000000
1228 1250 43.000000
418 440 42.000000
662 684 42.000000
697 719 42.000000
1051 10752 42.000000
615 637 41.000000
1008 10141 41.000000
1032 10423 41.000000
1226 1248 41.000000
1240 1241 41.000000
1273 1295 41.000000
1320 1341 41.000000
1340 1341 41.000000
462 484 40.000000
651 652 40.000000
652 653 40.000000
1068 10999 40.000000
1075 10971 40.000000
1076 10857 40.000000
1076 10910 40.000000
1290 1312 40.000000
966 967 39.000000
1009 10928 39.000000
1024 10460 39.000000
1073 10946 39.000000
1073 10949 39.000000
1073 10955 39.000000
1152 1153 39.000000
1153 1154 39.000000
1335 1357 39.000000
198 220 38.000000
594 616 38.000000
814 815 38.000000
1032 10366 38.000000
1032 10605 38.000000
10 10872 37.000000
1077 10776 37.000000
10 10230 36.000000
594 615 36.000000
1073 10811 36.000000
1186 1208 36.000000
1210 1232 36.000000
1334 1356 36.000000
330 352 35.000000
375 397 35.000000
546 547 35.000000
1008 10245 35.000000
1008 10719 35.000000
1008 10839 35.000000
1015 1016 35.000000
1016 1017 35.000000
1017 1018 35.000000
1018 1019 35.000000
1019 1020 35.000000
1020 1021 35.000000
1021 1022 35.000000
1022 1023 35.000000
1023 1024 35.000000
1197 1198 35.000000
1288 1310 35.000000
1578 1579 35.000000
256 278 34.000000
484 485 34.000000
1009 1031 34.000000
1169 1170 34.000000
1170 1171 34.000000
1171 1172 34.000000
1172 1173 34.000000
1173 1174 34.000000
1174 1175 34.000000
1423 1445 34.000000
101 10894 33.000000
767 789 33.000000
38 39 32.000000
39 40 32.000000
40 41 32.000000
41 42 32.000000
101 10184 32.000000
101 10221 32.000000
101 10414 32.000000
101 10940 32.000000
1007 10270 32.000000
1077 10774 32.000000
1077 10862 32.000000
1077 10920 32.000000
101 10879 31.000000
1007 1029 31.000000
1007 10399 31.000000
1024 10531 31.000000
1168 1169 31.000000
1553 1575 31.000000
59 81 30.000000
132 133 30.000000
132 153 30.000000
133 134 30.000000
134 135 30.000000
148 149 30.000000
149 150 30.000000
150 151 30.000000
151 152 30.000000
152 153 30.000000
222 244 30.000000
395 417 30.000000
1270 1292 30.000000
101 10239 29.000000
101 10279 29.000000
101 10308 29.000000
101 10372 29.000000
101 10426 29.000000
101 10432 29.000000
101 10475 29.000000
101 10486 29.000000
101 10532 29.000000
101 10593 29.000000
101 10619 29.000000
101 10730 29.000000
101 10972 29.000000
611 612 29.000000
612 613 29.000000
613 614 29.000000
614 615 29.000000
897 919 29.000000
101 10121 28.000000
101 10142 28.000000
101 10868 28.000000
104 10963 28.000000
1003 10198 28.000000
1029 10380 28.000000
1029 10603 28.000000
1029 10703 28.000000
1029 10808 28.000000
1029 10841 28.000000
1029 10877 28.000000
1029 10934 28.000000
1030 10493 28.000000
1030 10694 28.000000
96 97 27.000000
104 10767 27.000000
104 10826 27.000000
261 283 27.000000
572 594 27.000000
894 916 27.000000
1029 10450 27.000000
1029 10476 27.000000
1029 10484 27.000000
1029 10505 27.000000
1029 10506 27.000000
1029 10775 27.000000
1029 10783 27.000000
1029 10848 27.000000
1029 10902 27.000000
1029 10921 27.000000
1029 10951 27.000000
1029 10955 27.000000
1035 1057 27.000000
1298 1320 27.000000
1419 1420 27.000000
15 37 26.000000
101 10387 26.000000
101 10763 26.000000
101 10895 26.000000
397 398 26.000000
589 590 26.000000
639 661 26.000000
784 806 26.000000
1077 10865 26.000000
1077 10956 26.000000
1184 1206 26.000000
1530 1552 26.000000
179 201 25.000000
243 265 25.000000
828 850 25.000000
1013 1035 25.000000
101 10218 24.000000
101 10977 24.000000
104 10794 24.000000
262 284 24.000000
414 436 24.000000
536 558 24.000000
683 705 24.000000
1002 1024 24.000000
1132 1154 24.000000
331 353 23.000000
624 625 23.000000
1009 10157 23.000000
1009 10390 23.000000
1009 10490 23.000000
1009 10900 23.000000
1072 10788 23.000000
1072 10842 23.000000
1072 10965 23.000000
1464 1486 23.000000
253 275 22.000000
588 589 22.000000
651 673 22.000000
785 807 22.000000
1006 10568 22.000000
1006 10664 22.000000
1006 10965 22.000000
1045 1046 22.000000
1045 1067 22.000000
1316 1338 22.000000
135 157 21.000000
815 816 21.000000
816 817 21.000000
817 818 21.000000
818 819 21.000000
819 820 21.000000
820 821 21.000000
1342 1343 21.000000
1342 1363 21.000000
1343 1344 21.000000
1344 1345 21.000000
1345 1346 21.000000
1346 1347 21.000000
1347 1348 21.000000
1348 1349 21.000000
1361 1362 21.000000
1362 1363 21.000000
14 36 20.000000
783 784 20.000000
1221 1243 20.000000
136 158 19.000000
1054 10857 19.000000
1054 10910 19.000000
1162 1184 19.000000
1197 1219 19.000000
1470 1471 19.000000
245 267 18.000000
257 279 18.000000
558 559 18.000000
559 560 18.000000
560 561 18.000000
561 562 18.000000
562 563 18.000000
563 564 18.000000
564 565 18.000000
565 566 18.000000
566 567 18.000000
646 647 18.000000
647 648 18.000000
648 649 18.000000
649 650 18.000000
650 651 18.000000
1072 1094 18.000000
1122 1144 18.000000
1552 1574 18.000000
531 532 17.000000
532 533 17.000000
533 534 17.000000
534 535 17.000000
535 536 17.000000
1077 10837 17.000000
1143 1165 17.000000
1426 1448 17.000000
154 155 16.000000
154 175 16.000000
155 156 16.000000
156 157 16.000000
169 170 16.000000
169 191 16.000000
170 171 16.000000
171 172 16.000000
172 173 16.000000
173 174 16.000000
174 175 16.000000
493 494 16.000000
494 495 16.000000
495 496 16.000000
496 497 16.000000
497 498 16.000000
498 499 16.000000
499 500 16.000000
500 501 16.000000
625 626 16.000000
626 627 16.000000
627 628 16.000000
628 629 16.000000
629 630 16.000000
630 631 16.000000
631 632 16.000000
800 801 16.000000
801 802 16.000000
802 803 16.000000
803 804 16.000000
804 805 16.000000
805 806 16.000000
1007 10725 16.000000
1009 10567 16.000000
1009 10744 16.000000
1055 10715 16.000000
1242 1264 16.000000
296 318 15.000000
553 554 15.000000
554 555 15.000000
555 556 15.000000
556 557 15.000000
557 558 15.000000
791 813 15.000000
850 872 15.000000
1037 1059 15.000000
394 416 14.000000
567 568 14.000000
834 856 14.000000
1029 10331 14.000000
1029 10816 14.000000
1029 10969 14.000000
1096 10964 14.000000
1137 1159 14.000000
1246 1268 14.000000
1320 1321 14.000000
1321 1322 14.000000
1322 1323 14.000000
1323 1324 14.000000
1324 1325 14.000000
1325 1326 14.000000
1326 1327 14.000000
1327 1328 14.000000
728 750 13.000000
964 986 13.000000
1007 10280 13.000000
1007 10659 13.000000
1007 10745 13.000000
1029 10369 13.000000
1029 10946 13.000000
1029 10949 13.000000
1068 10878 13.000000
1489 1511 13.000000
274 296 12.000000
1007 10721 12.000000
1007 10811 12.000000
1007 10955 12.000000
1116 1138 12.000000
1163 1185 12.000000
1284 1306 12.000000
8 9 11.000000
10 1572 11.000000
219 241 11.000000
549 571 11.000000
553 575 11.000000
571 593 11.000000
1006 10167 11.000000
1006 10179 11.000000
1006 10250 11.000000
1006 10386 11.000000
1006 10407 11.000000
1006 10575 11.000000
1006 10640 11.000000
1006 10718 11.000000
1006 10788 11.000000
1006 10842 11.000000
1024 1046 11.000000
1055 10687 11.000000
1055 10782 11.000000
1055 10948 11.000000
1055 10976 11.000000
1059 1060 11.000000
1060 1061 11.000000
1061 1062 11.000000
1062 1063 11.000000
1063 1064 11.000000
1064 1065 11.000000
1065 1066 11.000000
1094 10946 11.000000
1094 10949 11.000000
1094 10955 11.000000
1199 1221 11.000000
276 298 10.000000
298 320 10.000000
308 330 10.000000
462 463 10.000000
463 464 10.000000
464 465 10.000000
706 728 10.000000
1003 10326 10.000000
1003 10482 10.000000
1007 10114 10.000000
1015 1037 10.000000
1051 10694 10.000000
1203 1225 10.000000
465 466 9.000000
465 487 9.000000
466 467 9.000000
467 468 9.000000
468 469 9.000000
469 470 9.000000
603 625 9.000000
640 662 9.000000
1034 1056 9.000000
1050 10969 9.000000
1055 10864 9.000000
1055 10871 9.000000
1055 10968 9.000000
1055 10970 9.000000
1510 1532 9.000000
11 1573 8.000000
14 1576 8.000000
53 75 8.000000
110 111 8.000000
110 131 8.000000
111 112 8.000000
112 113 8.000000
121 143 8.000000
126 127 8.000000
127 128 8.000000
128 129 8.000000
129 130 8.000000
130 131 8.000000
166 188 8.000000
260 282 8.000000
443 465 8.000000
596 597 8.000000
597 598 8.000000
598 599 8.000000
599 600 8.000000
600 601 8.000000
601 602 8.000000
680 702 8.000000
712 713 8.000000
713 714 8.000000
714 715 8.000000
715 716 8.000000
716 717 8.000000
717 718 8.000000
756 757 8.000000
757 758 8.000000
758 759 8.000000
759 760 8.000000
760 761 8.000000
761 762 8.000000
793 794 8.000000
794 795 8.000000
795 796 8.000000
796 797 8.000000
797 798 8.000000
798 799 8.000000
799 800 8.000000
1012 1034 8.000000
1050 10505 8.000000
1050 10506 8.000000
1050 10775 8.000000
1050 10783 8.000000
1050 10848 8.000000
1050 10902 8.000000
1050 10921 8.000000
1050 10951 8.000000
1079 1101 8.000000
1247 1269 8.000000
1532 1554 8.000000
88 89 7.000000
89 90 7.000000
90 91 7.000000
91 92 7.000000
92 93 7.000000
93 94 7.000000
94 95 7.000000
95 96 7.000000
104 105 7.000000
105 106 7.000000
106 107 7.000000
107 108 7.000000
108 109 7.000000
125 126 7.000000
405 427 7.000000
436 458 7.000000
703 725 7.000000
1089 10999 7.000000
1152 1174 7.000000
1174 1196 7.000000
1241 1263 7.000000
1420 1442 7.000000
1557 1558 7.000000
238 260 6.000000
653 675 6.000000
1007 10645 6.000000
1007 10810 6.000000
1054 10824 6.000000
1066 1067 6.000000
1094 10951 6.000000
1094 10969 6.000000
1139 1161 6.000000
1175 1176 6.000000
1229 1251 6.000000
15 1577 5.000000
506 527 5.000000
514 536 5.000000
524 525 5.000000
525 526 5.000000
526 527 5.000000
581 582 5.000000
581 603 5.000000
582 583 5.000000
583 584 5.000000
584 585 5.000000
585 586 5.000000
586 587 5.000000
587 588 5.000000
718 740 5.000000
750 751 5.000000
751 752 5.000000
752 753 5.000000
753 754 5.000000
754 755 5.000000
755 756 5.000000
812 834 5.000000
993 994 5.000000
994 995 5.000000
995 996 5.000000
996 997 5.000000
997 998 5.000000
998 999 5.000000
1000 1001 5.000000
1001 1002 5.000000
1003 10297 5.000000
1003 10425 5.000000
1003 10791 5.000000
1007 10136 5.000000
1007 10256 5.000000
1007 10268 5.000000
1007 10331 5.000000
1007 10357 5.000000
1007 10380 5.000000
1007 10476 5.000000
1007 10603 5.000000
1007 10703 5.000000
1007 10738 5.000000
1007 10777 5.000000
1007 10808 5.000000
1007 10816 5.000000
1007 10841 5.000000
1007 10877 5.000000
1007 10902 5.000000
1007 10934 5.000000
1007 10946 5.000000
1007 10949 5.000000
1007 10969 5.000000
1046 10757 5.000000
1053 10950 5.000000
1053 10971 5.000000
1066 1088 5.000000
1115 1137 5.000000
52 53 4.000000
52 74 4.000000
58 80 4.000000
60 82 4.000000
113 135 4.000000
114 136 4.000000
340 362 4.000000
487 488 4.000000
488 489 4.000000
489 490 4.000000
490 491 4.000000
491 492 4.000000
492 514 4.000000
659 681 4.000000
690 712 4.000000
1003 10807 4.000000
1003 10814 4.000000
1037 1038 4.000000
1038 1039 4.000000
1039 1040 4.000000
1040 1041 4.000000
1041 1042 4.000000
1042 1043 4.000000
1043 1044 4.000000
1044 1045 4.000000
1187 1209 4.000000
1312 1334 4.000000
0 1 3.000000
0 21 3.000000
1 2 3.000000
2 3 3.000000
3 4 3.000000
4 5 3.000000
5 6 3.000000
6 7 3.000000
7 8 3.000000
44 45 3.000000
44 65 3.000000
45 46 3.000000
46 47 3.000000
47 69 3.000000
64 65 3.000000
69 91 3.000000
144 166 3.000000
287 309 3.000000
506 507 3.000000
507 508 3.000000
508 509 3.000000
632 654 3.000000
633 655 3.000000
679 701 3.000000
701 723 3.000000
718 719 3.000000
771 772 3.000000
772 773 3.000000
773 774 3.000000
774 775 3.000000
775 776 3.000000
776 777 3.000000
777 778 3.000000
1051 10659 3.000000
1051 10681 3.000000
1051 10721 3.000000
1051 10811 3.000000
1169 1191 3.000000
1300 1301 3.000000
1301 1302 3.000000
1302 1303 3.000000
1303 1304 3.000000
1304 1305 3.000000
1550 1551 3.000000
668 690 2.000000
747 769 2.000000
966 988 2.000000
1012 10715 2.000000
1045 10531 2.000000
1050 10568 2.000000
1050 10575 2.000000
1050 10640 2.000000
1050 10664 2.000000
1050 10718 2.000000
1050 10788 2.000000
1050 10831 2.000000
1050 10842 2.000000
1050 10965 2.000000
1074 1096 2.000000
1110 1132 2.000000
1244 1266 2.000000
1266 1288 2.000000
1317 1339 2.000000
1463 1485 2.000000
1531 1553 2.000000
1551 1573 2.000000
187 209 1.000000
209 231 1.000000
223 245 1.000000
509 510 1.000000
510 511 1.000000
511 512 1.000000
512 513 1.000000
513 514 1.000000
573 595 1.000000
595 617 1.000000
675 697 1.000000
786 808 1.000000
814 836 1.000000
835 857 1.000000
1002 10217 1.000000
1002 10598 1.000000
1010 1032 1.000000
1036 1037 1.000000
1046 10898 1.000000
1124 1146 1.000000
1155 1177 1.000000
1245 1267 1.000000
1318 1340 1.000000
1361 1383 1.000000
