1065 1066 16929.000000
3 4 16386.000000
4 5 15561.000000
94 95 14007.000000
95 96 14007.000000
96 97 14007.000000
1109 1110 13248.000000
1108 1109 12361.000000
1064 1065 12244.000000
93 94 12187.000000
1087 1088 12182.000000
890 891 12130.000000
1107 1108 10833.000000
97 98 10804.000000
846 847 10599.000000
137 138 10539.000000
138 139 10539.000000
139 140 10539.000000
140 141 10539.000000
1125 1126 10472.000000
1106 1107 10129.000000
933 934 9966.000000
934 935 9935.000000
1066 1067 9801.000000
1123 1124 9622.000000
1124 1125 9622.000000
754 755 9515.000000
755 756 9515.000000
911 912 9366.000000
1126 1127 9355.000000
1130 1131 9317.000000
889 890 8854.000000
1063 1064 8555.000000
1085 1086 8526.000000
845 846 8406.000000
1086 1087 8377.000000
1174 1175 8341.000000
92 93 8012.000000
115 116 7969.000000
116 117 7969.000000
117 118 7969.000000
118 119 7969.000000
142 143 7918.000000
847 848 7851.000000
141 142 7832.000000
98 99 7571.000000
1152 1153 7566.000000
932 933 7549.000000
1151 1152 7523.000000
1129 1130 7413.000000
910 911 7345.000000
1043 1044 7248.000000
1127 1128 7199.000000
1153 1154 7158.000000
1122 1123 7066.000000
844 845 7058.000000
1128 1129 6956.000000
1235 1236 6686.000000
756 757 6634.000000
1131 1132 6604.000000
757 758 6592.000000
753 754 6569.000000
50 51 6549.000000
51 52 6549.000000
52 53 6549.000000
53 54 6545.000000
909 910 6473.000000
136 137 6286.000000
978 979 6272.000000
752 753 6192.000000
1301 1302 6158.000000
1300 1301 6133.000000
1062 1063 6075.000000
114 115 6010.000000
1150 1151 5902.000000
1236 1237 5874.000000
888 889 5865.000000
49 50 5773.000000
1173 1174 5657.000000
70 71 5513.000000
710 711 5409.000000
711 712 5409.000000
1105 1106 5382.000000
1084 1085 5373.000000
935 936 5367.000000
712 713 5358.000000
1172 1173 5221.000000
731 732 5161.000000
732 733 5161.000000
733 734 5161.000000
143 144 5133.000000
1102 1103 5131.000000
539 540 5059.000000
71 72 4978.000000
72 73 4978.000000
73 74 4978.000000
74 75 4978.000000
75 76 4978.000000
5 6 4932.000000
1259 1260 4907.000000
1169 1170 4865.000000
1103 1104 4807.000000
1237 1238 4760.000000
775 776 4726.000000
776 777 4726.000000
777 778 4726.000000
912 913 4605.000000
977 978 4540.000000
931 932 4524.000000
1104 1105 4515.000000
1171 1172 4395.000000
1042 1043 4389.000000
1170 1171 4389.000000
979 980 4384.000000
1302 1303 4344.000000
1411 1412 4328.000000
159 160 4304.000000
160 161 4304.000000
161 162 4304.000000
927 928 4298.000000
928 929 4298.000000
929 930 4298.000000
688 689 4289.000000
689 690 4289.000000
1257 1258 4288.000000
930 931 4286.000000
975 976 4283.000000
1022 1023 4280.000000
936 937 4278.000000
801 802 4276.000000
1256 1257 4242.000000
1021 1022 4225.000000
1020 1021 4212.000000
1260 1261 4200.000000
1544 1545 4155.000000
316 317 4148.000000
1261 1262 4130.000000
954 955 4065.000000
1258 1259 4034.000000
181 182 4026.000000
182 183 4026.000000
183 184 4026.000000
184 185 4026.000000
185 186 4018.000000
822 823 4011.000000
536 537 3993.000000
537 538 3993.000000
119 120 3977.000000
1149 1150 3954.000000
186 187 3930.000000
538 539 3923.000000
1238 1239 3904.000000
250 251 3892.000000
1167 1168 3884.000000
1522 1523 3877.000000
1041 1042 3831.000000
1240 1241 3774.000000
1066 1088 3738.000000
69 70 3729.000000
1346 1347 3695.000000
1239 1240 3686.000000
1455 1456 3647.000000
976 977 3641.000000
1019 1020 3577.000000
1412 1413 3561.000000
797 798 3538.000000
798 799 3538.000000
799 800 3538.000000
1213 1214 3502.000000
1168 1169 3498.000000
1456 1457 3491.000000
1325 1326 3456.000000
953 954 3446.000000
1303 1304 3431.000000
956 957 3412.000000
955 956 3385.000000
735 736 3366.000000
1067 10770 3355.000000
687 688 3354.000000
841 842 3341.000000
842 843 3341.000000
998 999 3311.000000
48 49 3294.000000
666 667 3244.000000
667 668 3244.000000
1110 1111 3242.000000
843 844 3218.000000
867 868 3216.000000
668 669 3209.000000
730 731 3206.000000
818 819 3200.000000
819 820 3200.000000
820 821 3200.000000
868 869 3196.000000
202 203 3194.000000
203 204 3194.000000
204 205 3194.000000
205 206 3194.000000
847 869 3191.000000
802 803 3172.000000
1101 1102 3156.000000
144 145 3144.000000
1410 1411 3139.000000
1191 1192 3121.000000
1192 1193 3121.000000
112 113 3113.000000
162 163 3097.000000
1044 1045 3049.000000
1193 1194 3043.000000
823 824 3024.000000
709 710 3006.000000
1369 1370 2988.000000
120 121 2972.000000
1148 1149 2964.000000
1061 1062 2947.000000
1216 1217 2947.000000
1189 1190 2935.000000
1040 1041 2928.000000
891 892 2923.000000
800 801 2913.000000
905 906 2906.000000
906 907 2906.000000
907 908 2906.000000
1145 1146 2902.000000
1083 1084 2886.000000
1500 1501 2871.000000
686 687 2833.000000
1214 1215 2826.000000
1147 1148 2787.000000
1146 1147 2780.000000
1217 1218 2771.000000
206 207 2760.000000
713 714 2756.000000
1218 1219 2736.000000
187 188 2715.000000
1368 1369 2703.000000
582 583 2702.000000
583 584 2702.000000
91 92 2701.000000
1367 1368 2700.000000
1067 1068 2613.000000
1498 1499 2602.000000
1166 1167 2593.000000
980 981 2584.000000
1501 1502 2580.000000
1324 1325 2579.000000
1215 1216 2577.000000
1323 1324 2560.000000
908 909 2540.000000
157 158 2521.000000
1454 1455 2511.000000
207 208 2510.000000
891 913 2510.000000
100 101 2493.000000
957 958 2464.000000
1188 1189 2461.000000
1390 1391 2447.000000
163 164 2434.000000
1497 1498 2425.000000
779 780 2407.000000
1195 1196 2379.000000
1196 1197 2379.000000
251 252 2376.000000
1144 1145 2368.000000
1366 1367 2340.000000
866 867 2309.000000
1499 1500 2298.000000
1065 10668 2290.000000
774 775 2284.000000
1000 1001 2284.000000
1190 1191 2279.000000
736 737 2228.000000
1087 10917 2225.000000
821 822 2203.000000
884 885 2190.000000
885 886 2190.000000
886 887 2190.000000
621 622 2186.000000
113 114 2175.000000
1541 1542 2175.000000
778 779 2169.000000
1194 1195 2169.000000
971 972 2164.000000
972 973 2164.000000
973 974 2164.000000
560 561 2137.000000
76 77 2133.000000
1542 1543 2122.000000
1565 1566 2121.000000
796 797 2120.000000
47 48 2113.000000
54 76 2104.000000
1082 1083 2098.000000
1080 1081 2097.000000
1081 1082 2096.000000
1304 1305 2080.000000
158 159 2064.000000
665 666 2060.000000
101 102 2040.000000
540 541 2030.000000
1279 1280 1995.000000
714 715 1992.000000
1431 1432 1990.000000
734 735 1989.000000
949 950 1982.000000
950 951 1982.000000
951 952 1982.000000
135 136 1977.000000
252 253 1975.000000
904 905 1929.000000
26 27 1899.000000
1457 1458 1891.000000
1345 1346 1887.000000
604 605 1883.000000
708 709 1872.000000
1079 1080 1870.000000
1058 1059 1862.000000
1059 1060 1859.000000
804 826 1858.000000
758 759 1855.000000
1060 1061 1850.000000
156 157 1843.000000
208 209 1834.000000
997 998 1829.000000
648 649 1821.000000
1432 1433 1816.000000
164 165 1809.000000
1305 1306 1808.000000
1043 10577 1805.000000
584 585 1785.000000
1453 1454 1781.000000
840 841 1778.000000
1280 1281 1778.000000
134 135 1774.000000
1543 1544 1759.000000
803 804 1745.000000
817 818 1742.000000
0 1 1734.000000
561 562 1721.000000
2 3 1715.000000
892 893 1696.000000
948 949 1693.000000
1 2 1688.000000
54 55 1675.000000
1389 1390 1672.000000
562 563 1662.000000
690 691 1653.000000
1088 1089 1653.000000
883 884 1639.000000
825 826 1638.000000
121 122 1631.000000
1262 1263 1630.000000
824 825 1600.000000
644 645 1596.000000
645 646 1596.000000
646 647 1596.000000
145 146 1565.000000
1322 1323 1527.000000
1281 1282 1525.000000
1544 1566 1524.000000
179 180 1517.000000
1014 1015 1517.000000
1015 1016 1517.000000
1016 1017 1516.000000
317 318 1511.000000
155 156 1507.000000
1540 1541 1507.000000
1476 1477 1500.000000
623 624 1492.000000
624 625 1492.000000
758 780 1479.000000
1344 1345 1467.000000
649 650 1463.000000
165 166 1457.000000
1347 1348 1438.000000
144 166 1436.000000
1017 1018 1431.000000
102 103 1430.000000
1391 1392 1422.000000
1433 1434 1422.000000
122 123 1419.000000
887 888 1413.000000
1018 1019 1401.000000
27 49 1383.000000
1370 1371 1382.000000
199 200 1375.000000
1413 1414 1367.000000
180 181 1358.000000
178 179 1354.000000
1496 1497 1353.000000
937 938 1341.000000
1078 1079 1334.000000
0 21 1329.000000
1100 1101 1327.000000
210 211 1325.000000
893 915 1316.000000
1545 1546 1305.000000
1474 1475 1303.000000
913 914 1298.000000
1122 1143 1298.000000
622 623 1292.000000
55 77 1287.000000
1326 1327 1278.000000
1475 1476 1277.000000
1434 1435 1276.000000
1045 1046 1275.000000
890 912 1261.000000
692 693 1250.000000
496 497 1244.000000
48 70 1231.000000
273 274 1227.000000
1212 1213 1223.000000
209 210 1221.000000
578 579 1218.000000
773 774 1213.000000
541 542 1209.000000
186 208 1207.000000
1213 1235 1204.000000
272 273 1203.000000
579 580 1200.000000
580 581 1200.000000
581 582 1200.000000
1458 1459 1197.000000
123 124 1195.000000
211 212 1190.000000
1282 1283 1178.000000
146 147 1168.000000
1001 1002 1163.000000
970 971 1161.000000
958 959 1138.000000
26 48 1134.000000
142 164 1133.000000
1409 1410 1121.000000
80 81 1118.000000
647 648 1118.000000
1197 1198 1114.000000
691 692 1081.000000
27 28 1077.000000
188 189 1073.000000
497 498 1072.000000
557 558 1069.000000
558 559 1069.000000
559 560 1069.000000
1039 1040 1063.000000
70 92 1046.000000
1013 1014 1044.000000
232 233 1041.000000
1477 1478 1034.000000
914 915 1032.000000
1283 1284 1032.000000
1371 1372 1016.000000
1284 1285 1011.000000
143 165 999.000000
935 957 997.000000
1023 10470 993.000000
996 997 992.000000
25 26 978.000000
1478 1479 968.000000
189 190 960.000000
714 736 954.000000
563 564 953.000000
1065 10661 953.000000
1523 1524 946.000000
47 69 941.000000
535 536 941.000000
470 471 939.000000
471 472 939.000000
472 473 939.000000
974 975 936.000000
626 627 935.000000
671 672 933.000000
627 628 930.000000
606 607 927.000000
79 80 925.000000
839 840 915.000000
1479 1480 914.000000
78 79 913.000000
1392 1393 909.000000
46 47 908.000000
715 716 906.000000
1057 1058 903.000000
1566 1567 875.000000
1089 1090 872.000000
605 606 864.000000
555 556 856.000000
669 670 856.000000
1063 10811 856.000000
952 953 855.000000
1545 1567 855.000000
861 862 854.000000
862 863 854.000000
863 864 854.000000
864 865 854.000000
1068 1069 853.000000
1069 1070 853.000000
1070 1071 853.000000
77 78 852.000000
496 518 839.000000
274 275 836.000000
670 671 836.000000
1090 1091 836.000000
1091 1092 836.000000
643 644 835.000000
938 939 832.000000
44 45 815.000000
44 65 815.000000
45 46 815.000000
60 61 815.000000
61 62 815.000000
62 63 815.000000
63 64 815.000000
64 65 815.000000
1388 1389 813.000000
1210 1211 807.000000
1210 1231 807.000000
1211 1212 807.000000
498 499 793.000000
556 557 793.000000
625 647 783.000000
926 927 782.000000
190 191 781.000000
90 91 772.000000
449 450 771.000000
450 451 771.000000
451 452 771.000000
16 17 770.000000
17 18 769.000000
200 201 769.000000
201 202 769.000000
1327 1328 768.000000
495 496 766.000000
492 493 764.000000
493 494 764.000000
494 495 764.000000
473 474 761.000000
730 752 761.000000
276 277 757.000000
18 19 754.000000
176 197 754.000000
191 192 754.000000
192 193 754.000000
193 194 754.000000
194 195 754.000000
195 196 754.000000
196 197 754.000000
628 629 739.000000
19 20 734.000000
104 105 733.000000
105 106 733.000000
106 107 733.000000
107 108 733.000000
108 109 733.000000
88 89 732.000000
89 90 728.000000
1023 1024 725.000000
231 232 721.000000
294 295 717.000000
20 21 713.000000
625 626 709.000000
672 673 691.000000
229 230 688.000000
475 476 681.000000
474 475 680.000000
947 948 680.000000
22 23 679.000000
23 24 679.000000
476 477 679.000000
22 43 676.000000
38 39 676.000000
39 40 676.000000
40 41 676.000000
41 42 676.000000
42 43 676.000000
253 254 674.000000
729 730 674.000000
1175 1176 670.000000
600 601 667.000000
601 602 667.000000
602 603 667.000000
187 209 666.000000
124 125 663.000000
1144 1165 657.000000
233 234 654.000000
275 276 649.000000
517 518 649.000000
0 10168 646.000000
518 519 645.000000
1078 1099 645.000000
1110 1132 642.000000
1166 1187 638.000000
865 866 637.000000
176 177 633.000000
254 255 633.000000
1023 1045 630.000000
1041 10493 626.000000
112 134 621.000000
780 781 619.000000
230 231 608.000000
188 210 603.000000
224 225 602.000000
225 226 602.000000
226 227 602.000000
227 228 602.000000
381 382 602.000000
166 167 595.000000
154 155 590.000000
693 694 589.000000
1000 10130 580.000000
603 604 570.000000
68 69 569.000000
1412 1434 561.000000
802 824 547.000000
939 940 543.000000
936 958 536.000000
585 586 531.000000
1020 10446 531.000000
534 535 528.000000
277 278 526.000000
1188 1209 525.000000
318 319 524.000000
1042 10953 524.000000
577 578 523.000000
1064 10979 523.000000
488 489 520.000000
223 224 518.000000
795 796 518.000000
1022 10917 517.000000
519 520 516.000000
1348 1349 515.000000
1540 1561 511.000000
976 998 503.000000
1024 1046 500.000000
1435 1436 491.000000
157 179 490.000000
1111 1112 488.000000
154 175 469.000000
169 170 469.000000
170 171 469.000000
171 172 469.000000
172 173 469.000000
173 174 469.000000
174 175 469.000000
228 229 462.000000
110 111 458.000000
111 112 458.000000
1063 10659 456.000000
1456 1478 455.000000
222 223 448.000000
1020 10512 448.000000
360 361 447.000000
1065 10985 444.000000
1065 10829 443.000000
55 56 442.000000
1241 1242 438.000000
892 914 437.000000
1079 1101 436.000000
1197 1219 435.000000
1014 10227 433.000000
110 131 432.000000
125 126 432.000000
126 127 432.000000
127 128 432.000000
128 129 432.000000
129 130 432.000000
130 131 432.000000
893 894 432.000000
894 895 432.000000
1349 1350 431.000000
133 134 430.000000
1502 1503 430.000000
233 255 428.000000
56 57 426.000000
49 71 423.000000
57 58 423.000000
453 454 419.000000
992 993 417.000000
993 994 417.000000
994 995 417.000000
1452 1453 417.000000
869 891 416.000000
1046 1047 415.000000
1047 1048 415.000000
1048 1049 415.000000
454 455 414.000000
405 406 413.000000
406 407 413.000000
407 408 413.000000
1019 10476 410.000000
1001 10100 407.000000
1022 1044 406.000000
1042 10815 405.000000
1343 1344 404.000000
165 187 403.000000
1042 10668 403.000000
452 474 399.000000
1024 1025 395.000000
100 122 393.000000
100 10006 388.000000
1115 1116 388.000000
1436 1437 383.000000
511 512 380.000000
1460 1461 379.000000
1461 1462 379.000000
1462 1463 379.000000
669 691 374.000000
1036 1037 372.000000
1037 1038 372.000000
1038 1039 372.000000
1000 10998 371.000000
1013 10258 367.000000
512 513 363.000000
1020 10459 363.000000
297 298 362.000000
252 274 360.000000
1116 1117 359.000000
1117 1118 359.000000
1118 1119 359.000000
1119 1120 359.000000
1120 1121 359.000000
101 10161 358.000000
664 665 357.000000
1003 1004 356.000000
1004 1005 356.000000
1044 10918 355.000000
1021 10661 354.000000
1025 1026 354.000000
1026 1027 354.000000
102 10856 351.000000
1344 1366 351.000000
25 47 350.000000
132 153 350.000000
147 148 350.000000
148 149 350.000000
149 150 350.000000
150 151 350.000000
151 152 350.000000
152 153 350.000000
1062 10788 349.000000
102 10635 348.000000
1088 10929 345.000000
1414 1415 345.000000
1001 10961 344.000000
1067 10987 343.000000
1067 10692 342.000000
58 59 340.000000
1002 1003 338.000000
1089 10931 338.000000
1534 1535 338.000000
1535 1536 338.000000
1536 1537 338.000000
1537 1538 338.000000
585 607 334.000000
1013 10381 329.000000
1563 1564 329.000000
1103 1125 328.000000
132 133 324.000000
452 453 324.000000
905 927 324.000000
1020 10330 323.000000
691 713 322.000000
1154 1176 322.000000
296 297 321.000000
1023 10296 319.000000
1023 10761 319.000000
1023 10657 318.000000
1056 1057 318.000000
1169 1191 317.000000
759 781 316.000000
1499 1521 316.000000
1190 1212 315.000000
1112 1113 314.000000
1113 1114 314.000000
1114 1115 314.000000
540 562 312.000000
1068 10828 311.000000
1430 1431 310.000000
1191 1213 309.000000
169 191 308.000000
1001 10129 307.000000
1034 1035 307.000000
1019 10331 303.000000
1071 1072 303.000000
1518 1539 302.000000
6 7 301.000000
7 8 301.000000
8 9 301.000000
541 563 300.000000
801 823 300.000000
167 168 299.000000
1066 10930 298.000000
1108 1130 298.000000
100 10149 297.000000
1035 1036 297.000000
177 178 293.000000
1039 10513 293.000000
981 982 291.000000
982 983 291.000000
983 984 291.000000
38 60 287.000000
100 10648 287.000000
650 651 287.000000
1067 10986 286.000000
1259 1281 283.000000
896 918 280.000000
489 490 278.000000
1538 1539 276.000000
516 517 275.000000
1518 1519 275.000000
1519 1520 275.000000
1520 1521 275.000000
1562 1563 275.000000
1562 1583 275.000000
513 514 274.000000
514 515 274.000000
515 516 274.000000
133 155 272.000000
497 519 271.000000
66 87 268.000000
82 83 268.000000
83 84 268.000000
84 85 268.000000
85 86 268.000000
86 87 268.000000
102 124 267.000000
995 996 267.000000
1068 10743 266.000000
66 67 265.000000
67 68 265.000000
156 178 265.000000
1046 10828 264.000000
448 449 263.000000
895 896 263.000000
969 970 262.000000
959 960 261.000000
960 961 261.000000
100 10570 259.000000
542 543 258.000000
1001 10456 258.000000
1153 1175 258.000000
1564 1565 256.000000
915 916 255.000000
916 917 255.000000
69 91 254.000000
1034 10896 253.000000
319 320 252.000000
320 321 252.000000
869 870 251.000000
1001 10936 251.000000
991 992 247.000000
1057 10882 247.000000
1067 10749 247.000000
408 430 246.000000
1001 10108 246.000000
1089 1111 246.000000
1067 10797 243.000000
489 511 242.000000
1044 10501 239.000000
1067 10802 238.000000
208 230 236.000000
937 959 234.000000
100 10144 233.000000
757 779 233.000000
100 10945 232.000000
255 256 230.000000
28 29 229.000000
29 30 229.000000
30 31 229.000000
31 32 229.000000
1027 10378 229.000000
1046 10541 229.000000
100 10768 227.000000
1080 1102 227.000000
1002 10751 226.000000
32 33 225.000000
1046 10743 225.000000
917 918 224.000000
1021 10613 224.000000
24 25 223.000000
1013 10220 223.000000
1082 10867 223.000000
100 10214 221.000000
100 10507 221.000000
1281 1303 221.000000
484 485 220.000000
485 486 220.000000
486 487 220.000000
487 488 220.000000
1044 10755 219.000000
1067 10739 219.000000
1067 10795 219.000000
1067 10847 219.000000
1049 1050 218.000000
33 34 217.000000
34 35 217.000000
35 36 217.000000
36 37 217.000000
244 245 217.000000
245 246 217.000000
246 247 217.000000
247 248 217.000000
248 249 217.000000
249 250 217.000000
1001 10273 217.000000
1044 10625 217.000000
1067 10887 217.000000
1018 10380 215.000000
298 299 213.000000
735 757 211.000000
1326 1348 211.000000
542 564 210.000000
629 630 210.000000
1002 10578 210.000000
1023 10503 210.000000
1023 10981 210.000000
1300 1322 210.000000
1474 1495 210.000000
1067 10937 209.000000
1088 10959 207.000000
491 492 206.000000
1044 10923 206.000000
100 10688 205.000000
317 339 203.000000
1044 10770 200.000000
1062 10640 200.000000
1066 10827 200.000000
520 521 199.000000
455 477 198.000000
1019 10256 198.000000
1044 10834 197.000000
1002 10778 196.000000
1044 10466 196.000000
1044 10649 196.000000
1044 10682 196.000000
1044 10729 196.000000
1055 10557 196.000000
100 10599 195.000000
1020 1042 195.000000
1068 10931 195.000000
560 582 194.000000
1022 10398 194.000000
190 212 193.000000
1061 10700 193.000000
1063 10821 193.000000
1088 10984 193.000000
1278 1279 193.000000
1044 10632 191.000000
1062 10831 191.000000
1066 10755 191.000000
1001 10607 190.000000
1193 1215 190.000000
848 849 189.000000
1023 10834 189.000000
570 571 188.000000
904 926 188.000000
1066 10809 188.000000
1067 10803 187.000000
1013 10592 186.000000
1071 10874 186.000000
1234 1235 185.000000
1088 10926 183.000000
1088 10983 183.000000
1219 1220 183.000000
538 560 181.000000
607 608 181.000000
1023 10466 181.000000
1365 1366 181.000000
408 409 180.000000
1062 10718 180.000000
715 737 177.000000
1044 10793 177.000000
166 188 176.000000
1064 10815 176.000000
688 710 175.000000
910 932 175.000000
1023 10625 174.000000
1088 10899 174.000000
1521 1522 174.000000
1023 10649 173.000000
1023 10682 173.000000
1023 10729 173.000000
1062 10726 173.000000
409 410 172.000000
410 411 172.000000
411 412 172.000000
469 470 171.000000
295 296 169.000000
911 933 169.000000
1000 1022 169.000000
1023 10632 169.000000
1088 10994 169.000000
1000 10083 166.000000
1045 10498 165.000000
1045 10556 165.000000
1232 1233 164.000000
1232 1253 164.000000
1233 1234 164.000000
1252 1253 164.000000
1045 10887 162.000000
490 491 161.000000
1046 10534 161.000000
1046 10931 161.000000
1083 10908 161.000000
32 54 160.000000
1368 1390 160.000000
1018 10268 159.000000
1088 10905 159.000000
1067 10812 158.000000
1067 10959 158.000000
1067 10787 157.000000
1431 1453 157.000000
1501 1523 157.000000
1581 1582 157.000000
10 32 156.000000
1039 10724 156.000000
1094 1095 156.000000
1095 1096 156.000000
1096 1097 156.000000
1097 1098 156.000000
1098 1099 156.000000
1415 1416 156.000000
230 252 155.000000
1067 10801 155.000000
1067 10990 155.000000
1088 10958 155.000000
1172 1194 155.000000
1388 1410 155.000000
164 186 154.000000
1001 10923 154.000000
1005 10090 154.000000
104 10596 153.000000
277 299 153.000000
521 522 153.000000
522 523 153.000000
523 524 153.000000
524 525 153.000000
525 526 153.000000
604 626 153.000000
861 883 153.000000
1001 10036 153.000000
1040 10681 153.000000
1324 1346 153.000000
953 975 151.000000
1067 10737 150.000000
1001 10259 149.000000
101 123 148.000000
102 10592 148.000000
1001 10995 148.000000
1002 10927 148.000000
1005 10085 148.000000
1063 10955 146.000000
10 11 145.000000
120 142 145.000000
177 199 145.000000
648 670 145.000000
849 850 145.000000
850 851 145.000000
851 852 145.000000
1065 10917 145.000000
59 60 144.000000
122 144 144.000000
626 648 144.000000
1023 10456 144.000000
1088 10937 143.000000
1088 10990 143.000000
1132 1133 143.000000
1133 1134 143.000000
1134 1135 143.000000
1135 1136 143.000000
1136 1137 143.000000
440 441 142.000000
441 442 142.000000
442 443 142.000000
443 444 142.000000
444 445 142.000000
445 446 142.000000
584 606 142.000000
644 666 142.000000
1430 1451 142.000000
1067 10675 141.000000
1480 1481 141.000000
1045 10674 140.000000
1063 10694 140.000000
1049 10874 139.000000
1125 1147 139.000000
1303 1325 138.000000
1580 1581 137.000000
622 644 136.000000
1066 10793 136.000000
103 10557 135.000000
933 955 135.000000
1034 1055 135.000000
1128 1150 135.000000
1149 1171 135.000000
1019 10816 134.000000
1023 10936 133.000000
1063 10721 133.000000
1084 10951 133.000000
1084 10969 133.000000
1024 10533 132.000000
1064 10819 132.000000
477 478 131.000000
478 479 131.000000
479 480 131.000000
480 481 131.000000
481 482 131.000000
826 848 131.000000
1023 10770 131.000000
1043 10917 131.000000
1064 10689 131.000000
1064 10850 131.000000
234 256 130.000000
912 934 130.000000
1062 10965 130.000000
1063 10681 130.000000
103 10495 129.000000
1023 10461 129.000000
221 222 128.000000
913 935 128.000000
1062 10664 128.000000
1084 10946 128.000000
932 954 127.000000
1000 10011 127.000000
642 643 126.000000
1042 10459 126.000000
1044 10620 126.000000
1067 10674 126.000000
1067 10695 126.000000
1067 10723 126.000000
1067 10915 126.000000
1072 1073 126.000000
1073 1074 126.000000
1074 1075 126.000000
1075 1076 126.000000
1076 1077 126.000000
599 600 125.000000
1000 10762 125.000000
1046 10578 124.000000
198 199 123.000000
506 507 123.000000
506 527 123.000000
507 508 123.000000
508 509 123.000000
586 608 123.000000
693 715 123.000000
1000 10470 123.000000
1000 10947 123.000000
1044 10470 123.000000
1092 1093 123.000000
1093 1094 123.000000
1419 1441 123.000000
498 520 122.000000
1023 10827 122.000000
1064 1086 122.000000
1146 1168 122.000000
1579 1580 122.000000
154 176 121.000000
737 738 121.000000
1084 1106 121.000000
1171 1193 121.000000
1578 1579 121.000000
1045 10737 120.000000
1416 1417 120.000000
1417 1418 120.000000
1418 1419 120.000000
1023 10762 119.000000
1027 1028 119.000000
1050 1051 119.000000
1051 1052 119.000000
1052 1053 119.000000
1053 1054 119.000000
1054 1055 119.000000
1085 10901 118.000000
198 219 117.000000
212 213 117.000000
213 214 117.000000
214 215 117.000000
215 216 117.000000
216 217 117.000000
217 218 117.000000
218 219 117.000000
235 236 117.000000
236 237 117.000000
237 238 117.000000
238 239 117.000000
239 240 117.000000
240 241 117.000000
844 866 117.000000
1001 10533 117.000000
1023 10947 117.000000
1045 10675 117.000000
1056 1077 117.000000
1084 10949 116.000000
1085 10982 116.000000
1282 1304 116.000000
846 868 115.000000
1045 10471 115.000000
220 241 114.000000
509 510 114.000000
510 511 114.000000
782 804 114.000000
1020 10979 114.000000
1042 10661 114.000000
1045 10845 114.000000
1100 1121 114.000000
1237 1259 114.000000
1001 1023 113.000000
1021 10317 113.000000
1088 10966 113.000000
468 469 112.000000
673 674 112.000000
1040 10725 112.000000
1088 10881 112.000000
220 221 111.000000
134 156 110.000000
731 753 110.000000
1044 10461 110.000000
1044 10827 110.000000
1067 10764 110.000000
1067 10907 110.000000
1502 1524 110.000000
103 10343 109.000000
1020 10901 109.000000
1044 10809 109.000000
870 871 108.000000
1020 10819 108.000000
1023 10620 108.000000
1088 10991 108.000000
713 735 107.000000
845 867 107.000000
1067 10707 107.000000
1067 10991 107.000000
1088 10915 107.000000
81 82 106.000000
647 669 106.000000
1019 10883 106.000000
1067 10869 106.000000
555 577 105.000000
563 585 105.000000
564 565 105.000000
565 566 105.000000
566 567 105.000000
567 568 105.000000
568 569 105.000000
569 570 105.000000
628 650 105.000000
1039 10908 105.000000
1040 10522 105.000000
1045 10812 105.000000
1045 10959 105.000000
339 340 103.000000
340 341 103.000000
341 342 103.000000
1039 10624 103.000000
256 278 101.000000
146 168 100.000000
871 872 100.000000
872 873 100.000000
888 910 100.000000
1001 10409 100.000000
11 12 99.000000
12 13 99.000000
13 14 99.000000
14 15 99.000000
15 16 99.000000
736 758 99.000000
1045 10840 99.000000
1045 10899 98.000000
484 505 97.000000
737 759 97.000000
1078 10882 97.000000
103 125 96.000000
780 802 96.000000
1046 10778 96.000000
147 169 95.000000
924 945 95.000000
940 941 95.000000
941 942 95.000000
942 943 95.000000
943 944 95.000000
944 945 95.000000
1019 10703 95.000000
1019 10848 95.000000
1019 10902 95.000000
1019 10921 95.000000
1023 10809 95.000000
607 629 94.000000
672 694 94.000000
1018 10225 94.000000
1236 1258 94.000000
1025 10324 93.000000
103 10555 92.000000
1387 1388 92.000000
103 10639 91.000000
924 925 91.000000
103 10319 90.000000
692 714 90.000000
1215 1237 90.000000
58 80 89.000000
123 145 89.000000
621 643 89.000000
1018 10361 89.000000
1040 10664 89.000000
1040 10965 89.000000
1198 1220 89.000000
168 169 88.000000
1028 1029 88.000000
1029 1030 88.000000
1030 1031 88.000000
1031 1032 88.000000
1032 1033 88.000000
1041 10627 87.000000
1323 1345 87.000000
760 782 86.000000
1062 10903 86.000000
1306 1307 86.000000
103 10896 85.000000
1017 1039 85.000000
1040 10484 85.000000
1041 10413 85.000000
1101 1123 85.000000
418 419 84.000000
419 420 84.000000
420 421 84.000000
421 422 84.000000
422 423 84.000000
423 424 84.000000
543 544 84.000000
544 545 84.000000
545 546 84.000000
546 547 84.000000
547 548 84.000000
548 549 84.000000
1437 1438 84.000000
1438 1439 84.000000
1439 1440 84.000000
1440 1441 84.000000
1521 1543 84.000000
1582 1583 84.000000
649 671 83.000000
825 847 83.000000
1067 10840 83.000000
1067 10899 83.000000
482 483 82.000000
1100 1122 82.000000
296 318 81.000000
1415 1437 81.000000
968 989 80.000000
984 985 80.000000
985 986 80.000000
986 987 80.000000
987 988 80.000000
988 989 80.000000
1023 10923 80.000000
1067 10845 80.000000
1088 10907 80.000000
1020 10529 79.000000
925 926 78.000000
1018 10726 78.000000
163 185 77.000000
425 426 77.000000
1036 1058 77.000000
1122 1144 77.000000
121 143 76.000000
968 969 76.000000
1001 10503 76.000000
1062 10745 76.000000
71 93 75.000000
946 947 75.000000
1001 10981 75.000000
1325 1347 75.000000
207 229 74.000000
751 752 74.000000
243 244 73.000000
756 778 73.000000
974 996 73.000000
103 104 72.000000
1019 10325 72.000000
1019 10369 72.000000
1019 10951 72.000000
1019 10969 72.000000
1328 1329 72.000000
135 157 71.000000
278 279 71.000000
279 280 71.000000
280 281 71.000000
281 282 71.000000
282 283 71.000000
283 284 71.000000
284 285 71.000000
946 967 71.000000
962 963 71.000000
963 964 71.000000
964 965 71.000000
965 966 71.000000
966 967 71.000000
1086 10985 71.000000
1216 1238 71.000000
803 825 70.000000
1041 10665 70.000000
1088 1110 70.000000
286 287 69.000000
286 307 69.000000
287 288 69.000000
288 289 69.000000
289 290 69.000000
290 291 69.000000
291 292 69.000000
292 293 69.000000
1040 10645 69.000000
100 10562 68.000000
550 551 68.000000
550 571 68.000000
551 552 68.000000
552 553 68.000000
553 554 68.000000
554 555 68.000000
752 774 68.000000
1028 1050 68.000000
1041 10752 68.000000
1430 1452 68.000000
1019 10399 67.000000
1040 10450 67.000000
1040 10506 67.000000
1040 10603 67.000000
1040 10738 67.000000
1040 10777 67.000000
1040 10783 67.000000
1040 10808 67.000000
1040 10841 67.000000
1040 10877 67.000000
1459 1460 67.000000
1500 1522 67.000000
517 539 66.000000
682 683 66.000000
682 703 66.000000
683 684 66.000000
684 685 66.000000
702 703 66.000000
418 439 65.000000
902 903 65.000000
903 904 65.000000
1033 1055 65.000000
1040 10505 65.000000
1040 10775 65.000000
1474 1496 65.000000
1014 10731 64.000000
1027 1049 64.000000
1040 10934 64.000000
1045 1067 64.000000
210 232 63.000000
526 527 63.000000
823 845 63.000000
1067 10961 63.000000
1087 1109 63.000000
1 1563 62.000000
466 467 61.000000
467 468 61.000000
902 923 61.000000
918 919 61.000000
919 920 61.000000
920 921 61.000000
921 922 61.000000
922 923 61.000000
1020 10392 61.000000
1078 1100 61.000000
671 693 60.000000
685 686 60.000000
817 839 59.000000
954 976 59.000000
256 257 58.000000
257 258 58.000000
258 259 58.000000
259 260 58.000000
260 261 58.000000
261 262 58.000000
262 263 58.000000
686 708 58.000000
1542 1564 58.000000
46 68 57.000000
687 709 57.000000
1019 10270 57.000000
178 200 56.000000
866 888 56.000000
1019 10745 56.000000
1089 10993 56.000000
1234 1256 56.000000
774 796 55.000000
822 844 55.000000
33 55 54.000000
242 263 54.000000
475 497 54.000000
1062 10848 54.000000
1062 10902 54.000000
1062 10921 54.000000
1105 1127 54.000000
337 338 53.000000
430 452 53.000000
712 734 53.000000
1019 10357 53.000000
1019 10946 53.000000
1019 10949 53.000000
1020 10542 53.000000
1020 10554 53.000000
1020 10982 53.000000
266 267 52.000000
267 268 52.000000
268 269 52.000000
269 270 52.000000
270 271 52.000000
271 272 52.000000
800 822 52.000000
871 893 52.000000
1062 10703 52.000000
1062 10783 52.000000
242 243 51.000000
285 307 51.000000
1062 10775 51.000000
77 99 50.000000
338 339 50.000000
599 621 49.000000
836 857 49.000000
852 853 49.000000
853 854 49.000000
854 855 49.000000
855 856 49.000000
856 857 49.000000
1062 10808 49.000000
229 251 48.000000
404 405 48.000000
456 457 48.000000
457 458 48.000000
458 459 48.000000
459 460 48.000000
460 461 48.000000
956 978 48.000000
1062 10725 48.000000
1062 10816 48.000000
1062 10934 48.000000
1366 1388 48.000000
462 463 47.000000
462 483 47.000000
463 464 47.000000
464 465 47.000000
465 466 47.000000
1002 10047 47.000000
1018 10407 47.000000
1045 10503 47.000000
1045 10981 47.000000
1121 1143 47.000000
11 33 46.000000
549 571 46.000000
1062 10645 46.000000
1062 10738 46.000000
1062 10777 46.000000
1062 10841 46.000000
1062 10877 46.000000
1063 10665 46.000000
1063 10752 46.000000
1257 1279 46.000000
141 163 45.000000
594 595 45.000000
594 615 45.000000
595 596 45.000000
596 597 45.000000
597 598 45.000000
918 940 45.000000
961 962 45.000000
650 672 44.000000
849 871 44.000000
1019 10280 44.000000
779 801 43.000000
836 837 43.000000
837 838 43.000000
838 839 43.000000
1088 10936 43.000000
1301 1323 43.000000
1455 1477 43.000000
104 10786 42.000000
1040 10810 42.000000
1045 10761 42.000000
1147 1169 42.000000
16 38 41.000000
440 461 41.000000
1064 10953 41.000000
426 427 40.000000
427 428 40.000000
428 429 40.000000
429 430 40.000000
582 604 40.000000
1005 10378 40.000000
1039 1061 40.000000
211 233 39.000000
424 425 39.000000
1018 10386 38.000000
1039 10539 38.000000
824 846 37.000000
1023 10409 37.000000
1137 1138 37.000000
1138 1139 37.000000
1139 1140 37.000000
1140 1141 37.000000
1141 1142 37.000000
368 390 36.000000
390 412 36.000000
1062 10951 36.000000
1062 10969 36.000000
1389 1411 36.000000
668 690 35.000000
1061 10724 34.000000
1062 10946 34.000000
1062 10949 34.000000
265 266 33.000000
293 294 33.000000
651 652 33.000000
1000 10014 33.000000
1019 10401 33.000000
1019 10694 33.000000
1367 1389 33.000000
1018 10842 32.000000
1023 10481 32.000000
1023 10997 32.000000
1045 10657 32.000000
1062 10811 32.000000
1131 1153 32.000000
264 265 31.000000
264 285 31.000000
518 540 31.000000
1000 10488 31.000000
1002 10846 31.000000
115 137 30.000000
125 147 30.000000
189 211 30.000000
403 404 30.000000
781 803 30.000000
1063 10901 30.000000
1067 10918 30.000000
1109 1131 30.000000
1132 1154 30.000000
365 366 29.000000
366 367 29.000000
367 368 29.000000
499 500 29.000000
500 501 29.000000
501 502 29.000000
502 503 29.000000
503 504 29.000000
504 505 29.000000
694 716 29.000000
1280 1302 29.000000
59 81 28.000000
455 456 28.000000
781 782 28.000000
947 969 28.000000
1018 10450 28.000000
1021 10985 28.000000
1067 10755 28.000000
1127 1149 28.000000
512 534 27.000000
867 889 27.000000
868 890 27.000000
1019 10821 27.000000
1020 10413 27.000000
1044 10762 27.000000
1062 10955 27.000000
110 132 26.000000
1018 10640 26.000000
1023 10998 26.000000
1056 10896 26.000000
1347 1369 26.000000
1393 1394 26.000000
1478 1500 26.000000
1503 1504 26.000000
1504 1505 26.000000
1505 1506 26.000000
1506 1507 26.000000
1546 1568 26.000000
531 532 25.000000
532 533 25.000000
1000 10329 25.000000
1000 10358 25.000000
1000 10379 25.000000
1000 10818 25.000000
1085 1107 25.000000
68 90 24.000000
234 235 24.000000
520 542 24.000000
670 692 24.000000
1000 10600 24.000000
1000 10924 24.000000
1012 1033 24.000000
1018 10250 24.000000
1018 10539 24.000000
1018 10575 24.000000
1018 10718 24.000000
1019 10681 24.000000
1045 10607 24.000000
1302 1324 24.000000
251 273 23.000000
447 448 23.000000
694 695 23.000000
695 696 23.000000
696 697 23.000000
697 698 23.000000
698 699 23.000000
699 700 23.000000
700 701 23.000000
701 702 23.000000
1019 10277 23.000000
1019 10721 23.000000
1020 10487 23.000000
1021 10668 23.000000
1040 10883 23.000000
1043 1065 23.000000
1241 1263 23.000000
533 534 22.000000
606 628 22.000000
839 861 22.000000
1018 10568 22.000000
1019 10659 22.000000
1020 10415 22.000000
1020 10618 22.000000
1020 10689 22.000000
1020 10850 22.000000
1088 10923 22.000000
1343 1365 22.000000
1409 1431 22.000000
600 622 21.000000
1000 10203 21.000000
1000 10375 21.000000
1000 10863 21.000000
1002 10064 21.000000
1002 10340 21.000000
1002 10553 21.000000
1018 10565 21.000000
1018 10788 21.000000
1018 10831 21.000000
1019 10811 21.000000
1019 10955 21.000000
1085 10953 21.000000
168 190 20.000000
883 905 20.000000
1000 10310 20.000000
1000 10363 20.000000
1003 10324 20.000000
1056 10592 20.000000
1062 10810 20.000000
1067 10834 20.000000
1304 1326 20.000000
1387 1409 20.000000
255 277 19.000000
418 440 19.000000
499 521 19.000000
528 529 19.000000
528 549 19.000000
529 530 19.000000
530 531 19.000000
909 931 19.000000
958 980 19.000000
1000 10696 19.000000
1003 10436 19.000000
1063 10982 19.000000
1089 10987 19.000000
1410 1432 19.000000
212 234 18.000000
299 300 18.000000
300 301 18.000000
301 302 18.000000
302 303 18.000000
303 304 18.000000
304 305 18.000000
305 306 18.000000
306 307 18.000000
361 362 18.000000
362 363 18.000000
363 364 18.000000
1020 10953 18.000000
1024 10403 18.000000
1041 10446 18.000000
1044 10998 18.000000
1089 10986 18.000000
1543 1565 18.000000
330 331 17.000000
330 351 17.000000
331 332 17.000000
332 333 17.000000
333 334 17.000000
334 335 17.000000
335 336 17.000000
336 337 17.000000
476 498 17.000000
564 586 17.000000
874 896 17.000000
1021 10577 17.000000
1067 10827 17.000000
1083 10841 17.000000
1083 10877 17.000000
1507 1508 17.000000
1508 1509 17.000000
1509 1510 17.000000
1510 1511 17.000000
1511 1512 17.000000
1512 1534 17.000000
56 78 16.000000
167 189 16.000000
643 665 16.000000
975 997 16.000000
1012 1013 16.000000
1019 10249 16.000000
1061 10908 16.000000
1083 10934 16.000000
430 431 15.000000
431 432 15.000000
432 433 15.000000
446 447 15.000000
519 541 15.000000
556 578 15.000000
709 731 15.000000
1045 10456 15.000000
1077 1099 15.000000
1194 1216 15.000000
185 207 14.000000
342 343 14.000000
466 488 14.000000
652 653 14.000000
653 654 14.000000
654 655 14.000000
655 656 14.000000
656 657 14.000000
657 658 14.000000
887 909 14.000000
1000 10609 14.000000
1005 1006 14.000000
1006 1007 14.000000
1007 1008 14.000000
1008 1009 14.000000
1009 1010 14.000000
1010 1011 14.000000
1061 1083 14.000000
1496 1517 14.000000
364 386 13.000000
386 408 13.000000
562 584 13.000000
665 687 13.000000
852 874 13.000000
925 947 13.000000
1003 10751 13.000000
1018 10299 13.000000
1018 10903 13.000000
1024 10961 13.000000
1045 10936 13.000000
1085 10979 13.000000
155 177 12.000000
930 952 12.000000
952 974 12.000000
1001 10481 12.000000
1002 10403 12.000000
1034 10381 12.000000
1067 10761 12.000000
1477 1499 12.000000
1522 1544 12.000000
145 167 11.000000
453 475 11.000000
474 496 11.000000
651 673 11.000000
1041 10415 11.000000
1041 10487 11.000000
1041 10618 11.000000
1041 10689 11.000000
1041 10850 11.000000
1067 10682 11.000000
1067 10729 11.000000
1176 1177 11.000000
1177 1178 11.000000
1178 1179 11.000000
1179 1180 11.000000
1180 1181 11.000000
1181 1182 11.000000
1182 1183 11.000000
1183 1184 11.000000
1184 1185 11.000000
1185 1186 11.000000
1256 1278 11.000000
586 587 10.000000
587 588 10.000000
588 589 10.000000
589 590 10.000000
590 591 10.000000
591 592 10.000000
592 593 10.000000
616 617 10.000000
616 637 10.000000
617 618 10.000000
618 619 10.000000
619 620 10.000000
1003 10778 10.000000
1018 10298 10.000000
1018 10664 10.000000
1018 10934 10.000000
1018 10965 10.000000
1025 10578 10.000000
1045 10533 10.000000
1045 10961 10.000000
1060 1082 10.000000
1067 1089 10.000000
1067 10923 10.000000
1067 10936 10.000000
1391 1413 10.000000
1567 1568 10.000000
273 295 9.000000
533 555 9.000000
598 599 9.000000
629 651 9.000000
1018 10484 9.000000
1018 10505 9.000000
1018 10506 9.000000
1018 10775 9.000000
1018 10783 9.000000
1024 10273 9.000000
1024 10607 9.000000
1034 10592 9.000000
1039 10831 9.000000
1085 10850 9.000000
409 431 8.000000
431 453 8.000000
1000 10398 8.000000
1001 10078 8.000000
1012 1034 8.000000
1025 10751 8.000000
1025 10778 8.000000
1035 1057 8.000000
1040 10659 8.000000
1040 10721 8.000000
1041 10901 8.000000
1041 10982 8.000000
1083 10903 8.000000
1088 10918 8.000000
1541 1563 8.000000
263 285 7.000000
620 621 7.000000
627 649 7.000000
870 892 7.000000
931 953 7.000000
962 984 7.000000
1040 10811 7.000000
1040 10946 7.000000
1040 10949 7.000000
1040 10951 7.000000
1040 10955 7.000000
1040 10969 7.000000
1041 10554 7.000000
1057 1079 7.000000
113 135 6.000000
198 220 6.000000
346 368 6.000000
461 483 6.000000
513 535 6.000000
685 707 6.000000
707 729 6.000000
814 815 6.000000
814 836 6.000000
815 816 6.000000
816 817 6.000000
969 991 6.000000
1002 1024 6.000000
1002 10607 6.000000
1018 1040 6.000000
1018 10476 6.000000
1018 10848 6.000000
1018 10902 6.000000
1018 10921 6.000000
1019 1041 6.000000
1039 10565 6.000000
1040 10745 6.000000
1083 10831 6.000000
1084 10955 6.000000
1346 1368 6.000000
1435 1457 6.000000
364 365 5.000000
368 369 5.000000
369 370 5.000000
370 371 5.000000
371 372 5.000000
372 373 5.000000
454 476 5.000000
477 499 5.000000
759 760 5.000000
843 865 5.000000
848 870 5.000000
1001 10997 5.000000
1040 10848 5.000000
1040 10902 5.000000
1040 10921 5.000000
1041 10542 5.000000
1055 1077 5.000000
1498 1520 5.000000
1520 1542 5.000000
1523 1545 5.000000
22 44 4.000000
44 66 4.000000
53 75 4.000000
75 97 4.000000
111 133 4.000000
321 322 4.000000
322 323 4.000000
323 324 4.000000
324 346 4.000000
902 924 4.000000
946 968 4.000000
1062 1084 4.000000
1081 1103 4.000000
1279 1301 4.000000
1496 1518 4.000000
57 79 3.000000
124 146 3.000000
220 242 3.000000
241 263 3.000000
439 461 3.000000
608 609 3.000000
609 610 3.000000
610 611 3.000000
611 612 3.000000
612 613 3.000000
613 614 3.000000
614 615 3.000000
620 642 3.000000
630 631 3.000000
631 632 3.000000
632 633 3.000000
633 634 3.000000
634 635 3.000000
635 636 3.000000
636 637 3.000000
708 730 3.000000
830 852 3.000000
1039 10726 3.000000
1040 10476 3.000000
1040 10703 3.000000
1041 10529 3.000000
1046 1068 3.000000
1059 1081 3.000000
1345 1367 3.000000
1392 1414 3.000000
1394 1395 3.000000
1395 1396 3.000000
1396 1397 3.000000
1397 1419 3.000000
2 24 2.000000
24 46 2.000000
37 38 2.000000
343 344 2.000000
344 345 2.000000
345 346 2.000000
373 395 2.000000
395 417 2.000000
417 439 2.000000
447 469 2.000000
808 830 2.000000
858 859 2.000000
858 879 2.000000
859 860 2.000000
873 874 2.000000
874 875 2.000000
875 876 2.000000
876 877 2.000000
877 878 2.000000
878 879 2.000000
1013 1035 2.000000
1014 1036 2.000000
1040 10816 2.000000
1044 1066 2.000000
1056 1078 2.000000
1322 1344 2.000000
1390 1412 2.000000
1480 1502 2.000000
0 22 1.000000
66 88 1.000000
495 517 1.000000
505 527 1.000000
516 538 1.000000
527 549 1.000000
572 573 1.000000
572 593 1.000000
573 574 1.000000
574 575 1.000000
575 576 1.000000
576 577 1.000000
760 761 1.000000
761 762 1.000000
762 763 1.000000
763 764 1.000000
764 786 1.000000
786 808 1.000000
804 805 1.000000
805 806 1.000000
806 807 1.000000
807 808 1.000000
826 827 1.000000
827 828 1.000000
828 829 1.000000
829 830 1.000000
915 937 1.000000
959 981 1.000000
1011 1033 1.000000
1016 1038 1.000000
1034 1056 1.000000
1038 1060 1.000000
1155 1156 1.000000
1156 1157 1.000000
1157 1158 1.000000
1158 1159 1.000000
1159 1160 1.000000
1160 1161 1.000000
1161 1162 1.000000
1162 1163 1.000000
1163 1164 1.000000
1164 1165 1.000000
1220 1221 1.000000
1221 1222 1.000000
1222 1223 1.000000
1223 1224 1.000000
1224 1225 1.000000
1225 1226 1.000000
1226 1227 1.000000
1227 1228 1.000000
1228 1229 1.000000
1229 1230 1.000000
1365 1387 1.000000
1433 1455 1.000000
1434 1456 1.000000
1441 1442 1.000000
1442 1443 1.000000
1443 1444 1.000000
1444 1445 1.000000
1445 1446 1.000000
1446 1447 1.000000
1447 1448 1.000000
1448 1449 1.000000
1449 1450 1.000000
1450 1451 1.000000
1479 1501 1.000000
1547 1548 1.000000
1548 1549 1.000000
1549 1550 1.000000
1550 1551 1.000000
1551 1552 1.000000
1552 1553 1.000000
1553 1554 1.000000
1554 1555 1.000000
1555 1556 1.000000
1556 1557 1.000000
1557 1558 1.000000
1558 1559 1.000000
1559 1560 1.000000
1560 1561 1.000000
