1124 1125 17523.000000
1102 1103 17492.000000
132 153 14222.000000
132 133 14171.000000
133 134 14171.000000
927 928 13512.000000
1101 1102 13005.000000
1146 1147 12681.000000
134 135 12657.000000
19 20 12087.000000
152 153 11956.000000
1145 1146 11767.000000
1123 1124 11193.000000
1184 1185 11193.000000
1100 1101 10826.000000
1144 1145 10487.000000
1122 1123 10395.000000
948 949 10296.000000
1185 1186 9961.000000
883 884 9954.000000
1182 1183 9714.000000
1183 1184 9714.000000
88 89 9523.000000
89 90 9523.000000
90 91 9521.000000
926 927 9476.000000
63 64 9146.000000
151 152 8963.000000
62 63 8953.000000
970 971 8761.000000
1144 1165 8706.000000
792 813 8701.000000
1100 1121 8651.000000
792 793 8648.000000
1103 1104 8480.000000
108 109 8472.000000
947 948 8468.000000
971 972 8233.000000
882 883 8187.000000
1294 1295 7890.000000
1296 1297 7568.000000
176 197 7553.000000
196 197 7553.000000
884 885 7531.000000
220 241 7515.000000
240 241 7515.000000
176 177 7477.000000
177 178 7477.000000
220 221 7345.000000
221 222 7345.000000
1186 1187 7314.000000
1122 1143 7197.000000
812 813 7171.000000
135 136 7155.000000
1295 1296 6998.000000
18 19 6987.000000
925 926 6979.000000
946 947 6959.000000
1167 1168 6920.000000
794 795 6883.000000
222 223 6855.000000
1181 1182 6778.000000
1166 1187 6767.000000
154 155 6756.000000
155 156 6756.000000
1166 1167 6688.000000
154 175 6680.000000
174 175 6680.000000
1080 1081 6646.000000
881 882 6499.000000
811 812 6342.000000
793 794 6282.000000
129 130 6196.000000
1015 1016 6079.000000
969 970 6070.000000
1103 1125 5991.000000
1189 1190 5880.000000
178 179 5871.000000
1188 1189 5737.000000
1276 1297 5714.000000
179 180 5600.000000
814 835 5564.000000
834 835 5564.000000
1059 1060 5560.000000
1161 1162 5517.000000
1058 1059 5454.000000
110 111 5434.000000
111 112 5434.000000
112 113 5430.000000
1162 1163 5428.000000
770 771 5405.000000
748 769 5402.000000
110 131 5383.000000
130 131 5383.000000
770 791 5352.000000
790 791 5352.000000
748 749 5287.000000
173 174 5277.000000
749 750 5258.000000
1360 1361 5249.000000
1190 1191 5196.000000
1164 1165 5136.000000
1276 1277 5054.000000
1316 1317 4968.000000
1163 1164 4938.000000
1057 1058 4902.000000
972 973 4862.000000
905 906 4785.000000
1188 1209 4744.000000
1359 1360 4721.000000
576 577 4693.000000
726 727 4677.000000
195 196 4617.000000
1120 1121 4600.000000
1211 1212 4566.000000
726 747 4562.000000
40 41 4545.000000
200 201 4516.000000
223 224 4492.000000
1428 1429 4443.000000
904 905 4400.000000
991 992 4386.000000
198 199 4354.000000
1315 1316 4300.000000
968 969 4293.000000
838 839 4259.000000
91 92 4237.000000
180 181 4236.000000
1079 1080 4226.000000
992 993 4219.000000
814 815 4210.000000
1168 1169 4203.000000
198 219 4184.000000
218 219 4184.000000
1317 1318 4148.000000
20 21 4133.000000
63 85 4083.000000
1012 1013 4028.000000
1277 1278 3997.000000
1361 1362 3963.000000
597 598 3878.000000
1362 1363 3878.000000
1514 1515 3870.000000
1318 1319 3828.000000
859 860 3795.000000
986 987 3707.000000
987 988 3707.000000
988 989 3706.000000
968 989 3705.000000
113 114 3702.000000
1014 1015 3641.000000
1513 1514 3641.000000
1056 1057 3639.000000
1160 1161 3637.000000
573 574 3629.000000
574 575 3629.000000
575 576 3612.000000
1272 1273 3591.000000
924 945 3567.000000
943 944 3567.000000
944 945 3567.000000
836 857 3563.000000
856 857 3563.000000
156 157 3560.000000
199 200 3555.000000
836 837 3548.000000
949 950 3547.000000
993 994 3544.000000
1384 1385 3536.000000
1427 1428 3525.000000
1210 1211 3520.000000
746 747 3508.000000
1013 1014 3499.000000
1210 1231 3473.000000
1208 1209 3458.000000
128 129 3453.000000
136 137 3446.000000
973 974 3377.000000
1078 1079 3372.000000
839 840 3371.000000
704 725 3365.000000
704 705 3349.000000
1036 1037 3332.000000
772 773 3329.000000
880 901 3306.000000
900 901 3306.000000
1142 1143 3299.000000
1559 1560 3292.000000
705 706 3262.000000
1035 1036 3259.000000
1037 1038 3252.000000
1515 1516 3219.000000
41 42 3212.000000
860 861 3195.000000
928 929 3184.000000
880 881 3169.000000
201 202 3166.000000
171 172 3152.000000
107 108 3143.000000
990 991 3134.000000
768 769 3108.000000
833 834 3083.000000
929 930 3065.000000
942 943 3052.000000
1449 1450 3039.000000
903 904 3034.000000
1560 1561 3016.000000
837 838 3002.000000
1470 1471 2972.000000
1274 1275 2966.000000
1081 1082 2963.000000
1471 1472 2958.000000
795 796 2957.000000
1204 1205 2951.000000
680 681 2915.000000
1205 1206 2911.000000
20 42 2895.000000
1078 1099 2894.000000
750 751 2852.000000
1117 1118 2844.000000
1118 1119 2844.000000
1119 1120 2844.000000
1298 1319 2835.000000
815 816 2832.000000
1254 1275 2827.000000
1426 1427 2825.000000
1405 1406 2813.000000
1273 1274 2801.000000
724 725 2800.000000
150 151 2795.000000
994 995 2778.000000
533 534 2773.000000
1557 1558 2766.000000
181 182 2763.000000
1207 1208 2762.000000
1247 1248 2736.000000
1248 1249 2736.000000
1254 1255 2723.000000
1016 1017 2699.000000
224 225 2691.000000
745 746 2688.000000
1139 1140 2686.000000
1140 1141 2686.000000
85 86 2661.000000
1512 1513 2660.000000
202 203 2650.000000
1516 1517 2648.000000
157 158 2645.000000
1206 1207 2645.000000
1404 1405 2642.000000
1425 1426 2616.000000
964 965 2606.000000
965 966 2606.000000
966 967 2606.000000
64 65 2581.000000
1298 1299 2574.000000
1230 1231 2509.000000
1255 1256 2498.000000
1228 1229 2494.000000
287 288 2488.000000
924 925 2476.000000
353 354 2440.000000
840 841 2407.000000
1342 1363 2402.000000
1556 1557 2399.000000
598 599 2397.000000
182 183 2391.000000
1448 1449 2380.000000
137 138 2373.000000
19 41 2368.000000
1138 1139 2340.000000
1233 1234 2338.000000
193 194 2335.000000
1382 1383 2331.000000
1232 1233 2312.000000
1558 1559 2310.000000
841 863 2300.000000
1555 1556 2300.000000
1141 1142 2284.000000
1250 1251 2254.000000
1251 1252 2254.000000
727 728 2251.000000
858 879 2238.000000
877 878 2238.000000
878 879 2238.000000
928 950 2223.000000
194 195 2204.000000
1338 1339 2197.000000
861 862 2192.000000
1403 1404 2192.000000
884 906 2167.000000
577 578 2132.000000
1381 1382 2121.000000
1137 1138 2106.000000
660 661 2104.000000
661 662 2104.000000
816 817 2085.000000
767 768 2081.000000
223 245 2056.000000
84 85 2050.000000
899 900 2042.000000
771 772 2032.000000
1469 1470 2031.000000
1016 1038 2029.000000
1383 1384 2028.000000
1203 1204 2006.000000
751 752 1986.000000
1232 1253 1976.000000
1252 1253 1972.000000
1229 1230 1956.000000
183 184 1949.000000
1017 1018 1949.000000
1226 1227 1947.000000
946 967 1910.000000
599 600 1909.000000
1339 1340 1905.000000
855 856 1902.000000
862 863 1902.000000
963 964 1898.000000
1104 1105 1882.000000
876 877 1872.000000
1034 1035 1871.000000
789 790 1838.000000
172 173 1828.000000
660 681 1822.000000
1406 1407 1782.000000
773 774 1774.000000
950 951 1754.000000
1056 1077 1719.000000
1408 1429 1701.000000
1227 1228 1697.000000
64 86 1678.000000
1038 1039 1678.000000
1015 10917 1677.000000
529 530 1674.000000
530 531 1674.000000
832 833 1658.000000
1073 1074 1644.000000
1074 1075 1644.000000
1075 1076 1644.000000
1225 1226 1632.000000
532 533 1625.000000
138 139 1619.000000
1159 1160 1609.000000
1076 1077 1591.000000
531 532 1589.000000
1249 1250 1587.000000
1450 1451 1579.000000
682 683 1578.000000
683 684 1578.000000
1147 1169 1577.000000
641 642 1566.000000
682 703 1562.000000
1271 1272 1560.000000
238 239 1550.000000
158 159 1549.000000
239 240 1536.000000
1116 1117 1528.000000
134 156 1520.000000
310 311 1488.000000
1125 1126 1479.000000
244 245 1466.000000
594 595 1448.000000
595 596 1448.000000
596 597 1448.000000
685 686 1444.000000
266 267 1442.000000
858 859 1433.000000
215 216 1432.000000
728 729 1427.000000
86 87 1402.000000
1491 1492 1397.000000
902 903 1390.000000
1490 1491 1381.000000
245 246 1370.000000
106 107 1357.000000
1030 1031 1345.000000
1031 1032 1345.000000
729 730 1343.000000
149 150 1332.000000
17 18 1323.000000
706 707 1319.000000
159 160 1310.000000
795 817 1306.000000
1034 1055 1298.000000
578 579 1281.000000
534 535 1273.000000
92 93 1260.000000
995 996 1258.000000
1060 10998 1258.000000
181 203 1255.000000
114 115 1247.000000
115 116 1241.000000
37 38 1238.000000
38 39 1238.000000
1534 1535 1237.000000
1535 1536 1237.000000
247 248 1235.000000
930 931 1235.000000
507 508 1233.000000
508 509 1233.000000
509 510 1233.000000
16 17 1228.000000
160 161 1215.000000
75 76 1212.000000
76 77 1212.000000
77 78 1212.000000
78 79 1212.000000
79 80 1212.000000
80 81 1212.000000
81 82 1212.000000
82 83 1212.000000
269 270 1210.000000
1342 1343 1205.000000
707 708 1181.000000
664 665 1179.000000
686 687 1177.000000
1082 1083 1166.000000
139 140 1162.000000
1364 1385 1145.000000
1533 1534 1144.000000
1180 1181 1138.000000
1493 1494 1137.000000
600 601 1136.000000
42 64 1135.000000
309 310 1134.000000
902 923 1132.000000
921 922 1132.000000
922 923 1132.000000
752 753 1122.000000
642 643 1112.000000
951 952 1110.000000
93 94 1109.000000
248 249 1108.000000
1402 1403 1107.000000
15 16 1102.000000
217 218 1096.000000
1072 1073 1092.000000
258 259 1090.000000
572 573 1088.000000
108 10873 1087.000000
665 666 1080.000000
1234 1235 1050.000000
14 15 1049.000000
311 312 1044.000000
684 685 1031.000000
1032 1033 1031.000000
1492 1493 1025.000000
920 921 1022.000000
289 290 1015.000000
1447 1448 1015.000000
510 511 1013.000000
663 664 1007.000000
246 247 1000.000000
1496 1517 986.000000
116 117 981.000000
83 84 980.000000
270 271 979.000000
1098 1099 976.000000
512 513 975.000000
1060 1061 975.000000
840 862 970.000000
1472 1473 970.000000
1007 1008 964.000000
1008 1009 964.000000
1009 1010 964.000000
1010 1011 964.000000
930 952 963.000000
643 644 959.000000
216 217 953.000000
1299 1300 951.000000
171 193 947.000000
513 514 943.000000
1430 1451 936.000000
288 289 924.000000
1016 10770 922.000000
533 555 920.000000
535 536 914.000000
708 709 910.000000
511 512 903.000000
620 621 894.000000
662 663 893.000000
1386 1407 891.000000
619 620 886.000000
1272 1294 885.000000
1581 1582 884.000000
127 128 881.000000
268 269 881.000000
638 639 878.000000
639 640 878.000000
638 659 858.000000
788 789 856.000000
117 118 855.000000
702 703 847.000000
621 622 844.000000
1012 1033 844.000000
141 142 840.000000
142 143 840.000000
143 144 840.000000
144 145 840.000000
145 146 840.000000
146 147 840.000000
147 148 840.000000
148 149 837.000000
1126 1127 834.000000
242 243 824.000000
555 556 823.000000
242 263 819.000000
261 262 819.000000
262 263 819.000000
237 238 817.000000
662 684 817.000000
313 314 813.000000
59 60 806.000000
60 61 806.000000
94 95 805.000000
931 932 793.000000
214 215 789.000000
1340 1341 787.000000
1018 1019 785.000000
1019 1020 785.000000
985 986 784.000000
41 63 783.000000
751 773 781.000000
267 268 773.000000
1136 1137 773.000000
42 43 755.000000
1115 1116 753.000000
179 201 752.000000
105 106 744.000000
39 40 743.000000
312 313 738.000000
331 332 732.000000
974 975 725.000000
1127 1128 725.000000
1128 1129 725.000000
929 951 724.000000
203 204 714.000000
225 226 714.000000
1364 1365 710.000000
898 899 705.000000
1536 1537 695.000000
61 62 691.000000
616 617 691.000000
617 618 691.000000
618 619 691.000000
1059 1081 688.000000
97 98 687.000000
98 99 687.000000
100 101 687.000000
101 102 687.000000
102 103 687.000000
103 104 687.000000
104 105 687.000000
1320 1341 686.000000
1035 10487 679.000000
616 637 662.000000
572 593 661.000000
204 205 658.000000
1037 10696 653.000000
550 571 652.000000
1029 1030 649.000000
1079 10953 648.000000
162 163 639.000000
163 164 639.000000
164 165 639.000000
165 166 639.000000
166 167 639.000000
167 168 639.000000
168 169 639.000000
169 170 639.000000
226 227 634.000000
730 731 629.000000
1105 1106 627.000000
1106 1107 627.000000
1107 1108 627.000000
1582 1583 614.000000
442 443 608.000000
443 444 608.000000
444 445 608.000000
1095 1096 602.000000
1096 1097 602.000000
1097 1098 602.000000
170 171 600.000000
1246 1247 600.000000
1320 1321 598.000000
854 855 596.000000
180 202 590.000000
95 96 585.000000
1468 1469 583.000000
259 260 582.000000
260 261 582.000000
640 641 581.000000
225 247 577.000000
1094 1095 567.000000
570 571 566.000000
224 246 563.000000
1015 10317 563.000000
216 238 558.000000
883 905 555.000000
1489 1490 554.000000
1537 1538 553.000000
1093 1094 551.000000
1056 10703 548.000000
556 557 541.000000
1006 1007 537.000000
31 32 536.000000
32 33 536.000000
33 34 536.000000
34 35 536.000000
534 556 536.000000
354 355 535.000000
1494 1495 535.000000
817 818 534.000000
62 84 532.000000
1408 1409 531.000000
161 162 529.000000
1060 1082 525.000000
932 933 522.000000
594 615 519.000000
1051 1052 514.000000
1052 1053 514.000000
1053 1054 514.000000
1147 1148 506.000000
1061 1062 503.000000
614 615 497.000000
1015 10985 494.000000
839 861 489.000000
709 710 482.000000
1452 1473 476.000000
974 996 472.000000
996 997 472.000000
997 998 472.000000
243 244 466.000000
1538 1539 465.000000
228 229 463.000000
229 230 463.000000
230 231 463.000000
231 232 463.000000
232 233 463.000000
233 234 463.000000
234 235 463.000000
235 236 463.000000
289 311 462.000000
1014 10953 461.000000
723 724 460.000000
1511 1512 458.000000
137 159 457.000000
1558 1580 456.000000
1014 10661 453.000000
706 728 450.000000
1012 10167 441.000000
192 193 437.000000
129 151 436.000000
1079 10815 435.000000
1039 1040 434.000000
136 158 429.000000
1013 10413 429.000000
1040 1041 428.000000
1041 1042 428.000000
215 237 425.000000
636 637 425.000000
687 688 422.000000
1540 1561 420.000000
227 228 419.000000
1446 1447 414.000000
314 315 412.000000
1039 10541 412.000000
838 860 410.000000
445 467 406.000000
1321 1322 406.000000
264 285 405.000000
281 282 405.000000
282 283 405.000000
283 284 405.000000
284 285 405.000000
107 10770 402.000000
264 265 400.000000
1092 1093 400.000000
44 45 398.000000
44 65 398.000000
45 46 398.000000
46 47 398.000000
547 548 398.000000
927 949 393.000000
108 130 392.000000
183 205 388.000000
658 659 388.000000
1035 10512 387.000000
265 266 385.000000
1030 10731 385.000000
1559 1581 384.000000
53 54 382.000000
54 55 382.000000
55 56 382.000000
56 57 382.000000
57 58 382.000000
58 59 382.000000
1202 1203 381.000000
1038 10961 375.000000
553 554 372.000000
1017 10533 371.000000
1062 1063 368.000000
1063 1064 368.000000
1515 1537 368.000000
1054 1055 366.000000
184 185 364.000000
185 186 364.000000
186 187 364.000000
187 188 364.000000
188 189 364.000000
189 190 364.000000
190 191 364.000000
191 192 364.000000
1129 1130 364.000000
222 244 363.000000
906 928 362.000000
1580 1581 362.000000
554 555 360.000000
105 10715 359.000000
550 551 359.000000
551 552 359.000000
552 553 359.000000
796 818 357.000000
291 292 350.000000
1039 10778 348.000000
1013 10493 347.000000
1139 1161 346.000000
622 644 345.000000
35 36 344.000000
36 37 344.000000
1249 1271 344.000000
1274 1296 344.000000
1060 10845 342.000000
1083 1084 342.000000
1084 1085 342.000000
1085 1086 342.000000
1108 1109 342.000000
66 67 341.000000
66 87 341.000000
67 68 341.000000
68 69 341.000000
578 600 341.000000
920 942 339.000000
1039 10751 338.000000
1386 1387 338.000000
1020 1042 337.000000
1033 10361 336.000000
1039 10578 335.000000
1474 1495 334.000000
623 624 333.000000
1036 10917 330.000000
1051 10711 329.000000
1013 1035 328.000000
31 53 327.000000
708 730 325.000000
1042 10874 325.000000
108 10851 323.000000
108 10855 323.000000
69 70 319.000000
107 10737 318.000000
644 645 317.000000
1278 1279 316.000000
1032 1054 315.000000
1122 1144 315.000000
107 129 313.000000
1028 1029 311.000000
1030 10932 311.000000
1034 10811 311.000000
707 729 310.000000
1060 10801 310.000000
973 995 309.000000
1086 1087 309.000000
1456 1478 309.000000
1061 1083 308.000000
1190 1212 306.000000
107 10812 304.000000
1453 1454 304.000000
1454 1455 304.000000
1455 1456 304.000000
1060 10787 303.000000
1532 1533 300.000000
290 291 299.000000
969 991 298.000000
1514 1536 295.000000
355 356 294.000000
356 357 294.000000
357 358 294.000000
794 816 294.000000
1571 1572 294.000000
1572 1573 294.000000
1573 1574 294.000000
1574 1575 294.000000
107 10959 293.000000
108 10891 292.000000
108 10906 292.000000
108 10973 292.000000
108 10974 292.000000
108 10992 292.000000
485 486 291.000000
486 487 291.000000
487 488 291.000000
488 489 291.000000
206 207 290.000000
207 208 290.000000
208 209 290.000000
209 210 290.000000
210 211 290.000000
211 212 290.000000
212 213 290.000000
213 214 290.000000
202 224 287.000000
548 549 286.000000
1058 10613 283.000000
1403 1425 283.000000
70 71 282.000000
71 72 282.000000
72 73 282.000000
73 74 282.000000
975 976 282.000000
962 963 281.000000
203 225 279.000000
1035 10417 279.000000
1337 1338 278.000000
1191 1213 277.000000
941 942 275.000000
1038 10936 275.000000
1228 1250 270.000000
1038 10840 269.000000
1038 10899 268.000000
1224 1225 268.000000
1020 10378 267.000000
1038 10420 267.000000
1038 10657 267.000000
1038 10761 267.000000
514 515 263.000000
515 516 263.000000
516 517 263.000000
517 518 263.000000
518 519 263.000000
535 557 260.000000
107 10845 259.000000
506 507 259.000000
1038 10456 255.000000
1017 1039 254.000000
107 10936 253.000000
108 10803 249.000000
666 667 249.000000
1060 10981 249.000000
976 977 248.000000
1014 10669 245.000000
128 150 243.000000
445 446 242.000000
1101 1123 240.000000
135 157 237.000000
622 623 237.000000
139 161 236.000000
47 48 235.000000
709 731 234.000000
107 10840 233.000000
267 289 232.000000
1145 1167 232.000000
1289 1290 231.000000
1290 1291 231.000000
1291 1292 231.000000
1577 1578 230.000000
1578 1579 230.000000
1471 1493 229.000000
579 601 228.000000
1087 1088 228.000000
1088 1089 228.000000
1089 1090 228.000000
1090 1091 228.000000
1091 1092 228.000000
1234 1256 228.000000
1575 1576 227.000000
575 597 226.000000
1018 10583 226.000000
446 447 222.000000
490 491 222.000000
1016 10997 222.000000
201 223 221.000000
1017 10503 220.000000
1020 1021 220.000000
1212 1213 220.000000
1018 10436 218.000000
1292 1293 218.000000
528 549 216.000000
663 685 214.000000
0 21 212.000000
447 448 212.000000
448 449 212.000000
107 10761 210.000000
140 141 210.000000
1015 10271 209.000000
1018 10324 209.000000
1579 1580 209.000000
107 10899 208.000000
1057 1079 208.000000
489 490 206.000000
1016 10481 205.000000
162 184 204.000000
236 237 204.000000
1184 1206 204.000000
106 10995 203.000000
108 10984 203.000000
499 500 203.000000
500 501 203.000000
501 502 203.000000
1016 10409 203.000000
1038 10403 203.000000
108 10881 202.000000
108 10926 202.000000
108 10966 202.000000
108 10983 202.000000
925 947 202.000000
1035 10413 202.000000
108 10876 201.000000
108 10958 201.000000
1252 1274 201.000000
108 10994 200.000000
681 703 200.000000
491 492 199.000000
1017 10981 198.000000
69 91 197.000000
1060 10869 196.000000
21 43 195.000000
200 222 195.000000
1038 10607 195.000000
206 228 194.000000
1028 10592 193.000000
949 971 192.000000
1007 10944 192.000000
1109 1110 192.000000
1110 1111 192.000000
1111 1112 192.000000
1112 1113 192.000000
1113 1114 192.000000
182 204 191.000000
245 267 191.000000
750 772 191.000000
1060 10649 191.000000
1293 1294 191.000000
1050 1051 190.000000
1060 10632 190.000000
108 10905 188.000000
528 529 187.000000
1474 1475 187.000000
1475 1476 187.000000
1476 1477 187.000000
1477 1478 187.000000
1081 10923 185.000000
192 214 184.000000
397 398 184.000000
0 10911 182.000000
1081 10869 181.000000
1452 1453 181.000000
579 580 178.000000
728 750 178.000000
1153 1154 178.000000
1154 1155 178.000000
1155 1156 178.000000
1156 1157 178.000000
1157 1158 178.000000
489 511 177.000000
502 503 177.000000
503 504 177.000000
504 505 177.000000
106 128 175.000000
1187 1209 175.000000
75 97 174.000000
96 97 174.000000
119 120 174.000000
120 121 174.000000
121 122 174.000000
122 123 174.000000
123 124 174.000000
124 125 174.000000
125 126 174.000000
126 127 174.000000
1014 10199 174.000000
747 769 173.000000
65 87 172.000000
1060 10755 172.000000
270 292 171.000000
684 706 171.000000
1554 1555 171.000000
198 220 170.000000
1038 1060 168.000000
1038 10533 168.000000
1083 10931 167.000000
10 11 165.000000
11 12 165.000000
12 13 165.000000
13 14 165.000000
1034 10659 165.000000
149 171 164.000000
947 969 164.000000
1340 1362 164.000000
47 69 163.000000
70 92 163.000000
193 215 163.000000
863 864 163.000000
864 865 163.000000
865 866 163.000000
1036 10613 162.000000
1014 10668 161.000000
1060 10840 160.000000
1138 1160 160.000000
477 478 158.000000
478 479 158.000000
479 480 158.000000
480 481 158.000000
481 482 158.000000
482 483 158.000000
1037 10998 158.000000
964 986 157.000000
1006 10635 157.000000
1060 10899 157.000000
1060 10761 156.000000
1060 10918 156.000000
703 725 155.000000
948 970 155.000000
1060 10657 155.000000
1385 1407 155.000000
127 149 154.000000
1060 10936 154.000000
970 992 153.000000
118 119 152.000000
1012 10645 151.000000
1013 10415 150.000000
1013 10850 150.000000
1038 10625 148.000000
1013 10689 147.000000
841 842 144.000000
842 843 144.000000
843 844 144.000000
844 845 144.000000
1488 1489 144.000000
333 334 142.000000
334 335 142.000000
1359 1381 142.000000
837 859 141.000000
1012 10738 141.000000
1050 1072 141.000000
205 206 140.000000
323 324 140.000000
577 599 140.000000
1062 10828 140.000000
1064 10874 139.000000
1250 1272 139.000000
108 10904 138.000000
946 968 138.000000
48 49 137.000000
790 812 137.000000
108 10860 136.000000
280 281 136.000000
972 994 136.000000
476 477 135.000000
774 796 130.000000
1158 1159 130.000000
1148 1149 129.000000
1149 1150 129.000000
1150 1151 129.000000
1151 1152 129.000000
1152 1153 129.000000
279 280 128.000000
557 558 128.000000
272 273 126.000000
273 274 126.000000
274 275 126.000000
275 276 126.000000
276 277 126.000000
277 278 126.000000
278 279 126.000000
1556 1578 126.000000
1560 1582 126.000000
1012 10821 125.000000
1060 10809 125.000000
1125 1147 125.000000
614 636 124.000000
558 559 123.000000
559 560 123.000000
560 561 123.000000
561 562 123.000000
562 563 123.000000
49 50 122.000000
50 51 122.000000
51 52 122.000000
1060 10827 122.000000
310 332 121.000000
1081 10918 121.000000
1296 1318 121.000000
1342 1364 121.000000
902 924 120.000000
1013 10979 120.000000
519 520 118.000000
1015 10218 118.000000
1015 10372 118.000000
1015 10532 118.000000
1015 10702 118.000000
1015 10763 118.000000
1015 10895 118.000000
1015 10977 118.000000
1060 10620 118.000000
1060 10625 118.000000
906 907 117.000000
1015 10180 117.000000
1015 10279 117.000000
1015 10335 117.000000
1015 10347 117.000000
1055 10903 117.000000
1447 1469 117.000000
108 10804 116.000000
108 10909 116.000000
1017 10607 116.000000
726 748 115.000000
1081 10834 115.000000
1060 10729 114.000000
1060 10834 114.000000
1081 10827 114.000000
1557 1579 113.000000
548 570 112.000000
1017 10273 112.000000
1042 1043 112.000000
1043 1044 112.000000
1044 1045 112.000000
1045 1046 112.000000
1046 1047 112.000000
1047 1048 112.000000
108 10980 111.000000
641 663 111.000000
701 702 111.000000
1017 10403 111.000000
108 10820 110.000000
108 10989 110.000000
590 591 110.000000
591 592 110.000000
921 943 110.000000
108 10800 109.000000
108 10952 109.000000
108 10988 109.000000
332 333 109.000000
933 955 109.000000
1016 10203 109.000000
178 200 108.000000
772 794 108.000000
1055 1077 108.000000
140 162 107.000000
953 954 107.000000
954 955 107.000000
1082 10887 107.000000
586 587 106.000000
587 588 106.000000
588 589 106.000000
589 590 106.000000
642 664 106.000000
730 752 106.000000
1169 1170 105.000000
1170 1171 105.000000
1171 1172 105.000000
1172 1173 105.000000
1173 1174 105.000000
952 953 104.000000
1048 1049 104.000000
1316 1338 103.000000
184 206 102.000000
1018 10751 102.000000
1038 10923 102.000000
160 182 101.000000
597 619 101.000000
1018 10578 101.000000
1056 10883 101.000000
1362 1384 101.000000
108 10853 100.000000
811 833 100.000000
1056 10951 100.000000
1056 10969 100.000000
1496 1497 100.000000
1497 1498 100.000000
1498 1499 100.000000
1499 1500 100.000000
484 485 99.000000
1013 10694 99.000000
48 70 98.000000
506 527 98.000000
621 643 98.000000
1018 10778 98.000000
1130 1131 98.000000
1131 1132 98.000000
1132 1133 98.000000
1133 1134 98.000000
1134 1135 98.000000
1135 1136 98.000000
286 287 97.000000
557 579 97.000000
1034 10446 97.000000
746 768 96.000000
1015 10577 96.000000
1223 1224 96.000000
600 622 95.000000
1143 1165 95.000000
1162 1184 95.000000
1561 1583 95.000000
1060 10682 94.000000
1576 1577 94.000000
1058 10661 93.000000
301 302 92.000000
512 534 92.000000
637 659 92.000000
1038 10770 92.000000
1082 10959 92.000000
1208 1230 92.000000
1383 1405 92.000000
977 978 91.000000
978 979 91.000000
979 980 91.000000
980 981 91.000000
981 982 91.000000
982 983 91.000000
983 984 91.000000
1082 10987 91.000000
710 711 90.000000
752 774 90.000000
1034 10392 90.000000
1078 10819 90.000000
108 10836 89.000000
158 180 89.000000
286 307 89.000000
303 304 89.000000
304 305 89.000000
305 306 89.000000
306 307 89.000000
531 553 89.000000
1013 10148 89.000000
1029 10944 89.000000
157 179 88.000000
467 489 88.000000
652 653 88.000000
653 654 88.000000
654 655 88.000000
655 656 88.000000
656 657 88.000000
680 702 88.000000
768 790 88.000000
789 811 88.000000
705 727 87.000000
859 881 87.000000
1037 1059 87.000000
159 181 86.000000
885 886 86.000000
109 10963 85.000000
314 336 85.000000
773 795 85.000000
685 707 84.000000
1016 10998 84.000000
1064 1065 84.000000
107 10729 83.000000
107 10834 83.000000
249 250 83.000000
250 251 83.000000
251 252 83.000000
252 253 83.000000
253 254 83.000000
254 255 83.000000
255 256 83.000000
256 257 83.000000
257 258 83.000000
1038 10981 83.000000
108 10913 82.000000
862 884 82.000000
1065 1066 82.000000
1066 1067 82.000000
1067 1068 82.000000
1068 1069 82.000000
1069 1070 82.000000
1384 1406 82.000000
115 137 81.000000
308 329 81.000000
324 325 81.000000
325 326 81.000000
326 327 81.000000
327 328 81.000000
328 329 81.000000
1038 10503 81.000000
1114 1115 81.000000
74 75 80.000000
107 10793 80.000000
194 216 80.000000
441 442 80.000000
907 908 80.000000
1012 10640 80.000000
1077 10842 80.000000
1293 1315 80.000000
1341 1363 80.000000
665 687 79.000000
793 815 78.000000
107 10809 77.000000
236 258 77.000000
1231 1253 77.000000
105 127 76.000000
107 10827 76.000000
154 176 76.000000
601 602 76.000000
908 930 76.000000
1034 10401 76.000000
1012 10179 75.000000
1012 10568 75.000000
1012 10965 75.000000
1035 10979 75.000000
1012 10250 74.000000
1012 10664 74.000000
1012 10718 74.000000
1013 10249 74.000000
1070 1092 74.000000
109 10911 73.000000
301 323 73.000000
308 309 73.000000
580 581 73.000000
581 582 73.000000
582 583 73.000000
583 584 73.000000
584 585 73.000000
586 608 73.000000
1230 1252 73.000000
1358 1359 73.000000
107 10923 72.000000
564 565 72.000000
565 566 72.000000
566 567 72.000000
567 568 72.000000
1012 10681 72.000000
1057 10901 72.000000
1060 10923 72.000000
18 40 71.000000
602 603 71.000000
603 604 71.000000
604 605 71.000000
605 606 71.000000
606 607 71.000000
568 569 70.000000
569 570 70.000000
1011 10225 70.000000
152 174 69.000000
293 315 69.000000
908 909 69.000000
1056 10946 68.000000
1082 1104 68.000000
52 53 67.000000
292 293 66.000000
335 336 66.000000
745 767 66.000000
1055 10725 66.000000
1254 1276 66.000000
1430 1452 66.000000
585 586 65.000000
886 908 65.000000
909 910 64.000000
1012 10603 64.000000
1430 1431 64.000000
1012 10777 63.000000
1012 10810 63.000000
1012 10841 63.000000
1035 10819 63.000000
1098 1120 63.000000
1365 1366 63.000000
15 1577 62.000000
315 316 62.000000
316 317 62.000000
1021 1022 62.000000
1022 1023 62.000000
1023 1024 62.000000
1024 1025 62.000000
1025 1026 62.000000
1555 1577 62.000000
130 152 61.000000
462 463 61.000000
1049 1050 61.000000
114 136 60.000000
817 839 60.000000
1094 1116 60.000000
249 271 59.000000
317 318 59.000000
318 319 59.000000
319 320 59.000000
320 321 59.000000
321 322 59.000000
322 323 59.000000
563 564 59.000000
955 956 59.000000
956 957 59.000000
957 958 59.000000
958 959 59.000000
959 960 59.000000
960 961 59.000000
961 962 59.000000
1035 10415 59.000000
1035 10850 59.000000
1056 10745 59.000000
1058 10985 59.000000
554 576 58.000000
1018 10293 57.000000
1035 10459 57.000000
1057 10979 57.000000
1086 10874 57.000000
271 272 56.000000
1007 10391 56.000000
1007 10590 56.000000
1055 10842 56.000000
1056 10949 56.000000
1057 10982 56.000000
52 74 55.000000
882 904 55.000000
1017 10678 55.000000
1026 1027 55.000000
1137 1159 55.000000
1160 1182 55.000000
1256 1257 55.000000
1448 1470 55.000000
688 689 54.000000
903 925 54.000000
984 985 54.000000
1033 10831 54.000000
770 792 53.000000
1076 1098 53.000000
1159 1181 53.000000
1174 1175 53.000000
1175 1176 53.000000
1176 1177 53.000000
1177 1178 53.000000
1178 1179 53.000000
1275 1297 53.000000
1450 1472 53.000000
467 468 52.000000
1012 10136 52.000000
1012 10268 52.000000
1012 10298 52.000000
1012 10808 52.000000
1012 10877 52.000000
1012 10934 52.000000
1382 1404 52.000000
110 132 51.000000
205 227 51.000000
468 469 51.000000
876 898 51.000000
1012 10225 51.000000
1012 10484 51.000000
1012 10505 51.000000
1012 10506 51.000000
1012 10783 51.000000
1059 10917 51.000000
469 470 50.000000
608 609 50.000000
609 610 50.000000
610 611 50.000000
611 612 50.000000
612 613 50.000000
613 614 50.000000
924 946 50.000000
729 751 49.000000
1012 10380 49.000000
1016 10886 49.000000
107 10754 48.000000
271 293 48.000000
398 399 48.000000
399 400 48.000000
400 401 48.000000
1000 1001 48.000000
1001 1002 48.000000
1002 1003 48.000000
1003 1004 48.000000
1004 1005 48.000000
1005 1006 48.000000
1012 10450 48.000000
1012 10775 48.000000
1034 1056 48.000000
1093 1115 48.000000
1339 1361 48.000000
1343 1344 48.000000
1490 1512 48.000000
354 376 46.000000
410 432 46.000000
520 521 46.000000
521 522 46.000000
522 523 46.000000
523 524 46.000000
542 543 46.000000
543 544 46.000000
544 545 46.000000
545 546 46.000000
546 547 46.000000
1318 1340 46.000000
117 139 45.000000
244 266 45.000000
1058 10668 45.000000
53 75 44.000000
687 709 44.000000
1013 10901 44.000000
1039 10846 44.000000
1164 1186 44.000000
107 10755 43.000000
1424 1425 43.000000
462 483 42.000000
1065 1087 42.000000
571 593 41.000000
1015 10432 41.000000
1034 10821 41.000000
1039 10927 41.000000
1055 10565 41.000000
1205 1227 41.000000
401 423 40.000000
423 445 40.000000
524 525 40.000000
525 526 40.000000
526 527 40.000000
933 934 40.000000
934 935 40.000000
935 936 40.000000
936 937 40.000000
937 938 40.000000
938 939 40.000000
939 940 40.000000
1015 10308 40.000000
1015 10475 40.000000
1015 10486 40.000000
1028 10635 40.000000
1055 10831 40.000000
1078 1100 40.000000
1518 1539 40.000000
17 39 39.000000
107 10787 39.000000
107 10801 39.000000
107 10869 39.000000
1033 1055 39.000000
1034 10721 39.000000
1034 10955 39.000000
107 10915 38.000000
858 880 38.000000
1015 10879 38.000000
1035 10689 38.000000
1036 10668 38.000000
107 10707 37.000000
107 10795 37.000000
107 10847 37.000000
107 10990 37.000000
107 10991 37.000000
797 819 37.000000
819 841 37.000000
845 846 37.000000
846 847 37.000000
847 848 37.000000
848 849 37.000000
849 850 37.000000
850 851 37.000000
851 852 37.000000
852 853 37.000000
853 854 37.000000
1015 10593 37.000000
1015 10619 37.000000
1028 10856 37.000000
107 10802 36.000000
172 194 36.000000
248 270 36.000000
492 514 36.000000
796 797 36.000000
1016 10398 36.000000
1186 1208 36.000000
1298 1320 36.000000
107 10918 35.000000
333 355 35.000000
919 920 35.000000
1034 10681 35.000000
1035 10618 35.000000
1055 10575 35.000000
1055 10788 35.000000
1056 10694 35.000000
1056 10811 35.000000
1056 10955 35.000000
1095 1117 35.000000
0 1 34.000000
1 2 34.000000
2 3 34.000000
3 4 34.000000
4 5 34.000000
5 6 34.000000
6 7 34.000000
7 8 34.000000
8 9 34.000000
491 513 34.000000
976 998 34.000000
1013 10446 34.000000
1016 10502 34.000000
1040 10436 34.000000
1012 10509 33.000000
1016 10329 33.000000
1016 10609 33.000000
1016 10740 33.000000
1057 10819 33.000000
1146 1168 33.000000
1426 1448 33.000000
615 637 32.000000
658 680 32.000000
919 941 32.000000
940 941 32.000000
1016 10375 32.000000
1016 10762 32.000000
1016 10924 32.000000
1016 10947 32.000000
1055 10811 32.000000
1452 1474 32.000000
293 294 31.000000
294 295 31.000000
295 296 31.000000
296 297 31.000000
297 298 31.000000
298 299 31.000000
299 300 31.000000
300 301 31.000000
405 427 31.000000
427 449 31.000000
645 646 31.000000
646 647 31.000000
647 648 31.000000
648 649 31.000000
649 650 31.000000
650 651 31.000000
1011 10450 31.000000
1016 10863 31.000000
1027 1028 31.000000
1037 10488 31.000000
1037 10600 31.000000
1037 10762 31.000000
1037 10818 31.000000
1037 10924 31.000000
1037 10947 31.000000
106 10997 30.000000
374 375 30.000000
375 376 30.000000
463 464 30.000000
464 465 30.000000
465 466 30.000000
466 467 30.000000
1016 10470 30.000000
1060 10770 30.000000
1209 1231 30.000000
1446 1468 30.000000
107 10983 29.000000
440 441 29.000000
556 578 29.000000
749 771 29.000000
860 882 29.000000
881 903 29.000000
904 926 29.000000
1011 1033 29.000000
1013 10627 29.000000
247 269 28.000000
657 658 28.000000
810 811 28.000000
1012 10325 28.000000
1016 10488 28.000000
1016 10600 28.000000
1016 10818 28.000000
1037 10470 28.000000
1082 10845 28.000000
1168 1190 28.000000
1427 1449 28.000000
907 929 27.000000
1051 1073 27.000000
1070 1071 27.000000
1126 1148 27.000000
1361 1383 27.000000
502 524 26.000000
816 838 26.000000
998 999 26.000000
1013 10529 26.000000
1013 10665 26.000000
71 93 25.000000
432 433 25.000000
433 434 25.000000
434 435 25.000000
435 436 25.000000
436 437 25.000000
437 438 25.000000
438 439 25.000000
498 499 25.000000
911 933 25.000000
1013 10752 25.000000
1080 1102 25.000000
1404 1426 25.000000
292 314 24.000000
689 690 24.000000
690 691 24.000000
691 692 24.000000
692 693 24.000000
693 694 24.000000
694 695 24.000000
1012 10476 24.000000
1012 10816 24.000000
1012 10848 24.000000
1012 10902 24.000000
1012 10921 24.000000
1027 1049 24.000000
1278 1300 24.000000
1469 1491 24.000000
40 62 23.000000
43 65 23.000000
468 490 23.000000
477 499 23.000000
493 494 23.000000
494 495 23.000000
495 496 23.000000
496 497 23.000000
497 498 23.000000
602 624 23.000000
607 608 23.000000
885 907 23.000000
1012 10277 23.000000
1033 10842 23.000000
119 141 22.000000
877 899 22.000000
1012 10280 22.000000
1055 10883 22.000000
724 746 21.000000
861 883 21.000000
886 887 21.000000
898 920 21.000000
1038 10997 21.000000
1056 10821 21.000000
1071 1072 21.000000
446 468 20.000000
484 505 20.000000
490 512 20.000000
536 537 20.000000
537 538 20.000000
538 539 20.000000
539 540 20.000000
540 541 20.000000
541 542 20.000000
638 660 20.000000
905 927 20.000000
1013 10330 20.000000
1017 10259 20.000000
1037 10379 20.000000
1037 10398 20.000000
1037 10609 20.000000
1037 10863 20.000000
1056 10721 20.000000
1057 10618 20.000000
1057 10689 20.000000
1057 10850 20.000000
1057 10953 20.000000
1018 10927 19.000000
1056 10681 19.000000
1077 10903 19.000000
1077 10965 19.000000
1078 10979 19.000000
1169 1191 19.000000
302 303 18.000000
383 405 18.000000
492 493 18.000000
1016 10358 18.000000
1016 10379 18.000000
1056 10659 18.000000
1114 1136 18.000000
1115 1137 18.000000
1338 1360 18.000000
113 135 17.000000
909 931 17.000000
1015 10426 17.000000
1038 10409 17.000000
1038 10481 17.000000
1077 10788 17.000000
1077 10808 17.000000
1077 10816 17.000000
1077 10831 17.000000
1077 10877 17.000000
226 248 16.000000
449 450 16.000000
450 451 16.000000
451 452 16.000000
452 453 16.000000
453 454 16.000000
682 704 16.000000
1006 1028 16.000000
1018 10643 16.000000
1038 10995 16.000000
1078 10850 16.000000
1116 1138 16.000000
49 71 15.000000
814 836 15.000000
863 885 15.000000
951 973 15.000000
1012 10270 15.000000
1017 10995 15.000000
1048 1070 15.000000
1295 1317 15.000000
358 359 14.000000
359 360 14.000000
360 361 14.000000
659 681 14.000000
674 675 14.000000
675 676 14.000000
676 677 14.000000
677 678 14.000000
678 679 14.000000
1007 10999 14.000000
1012 1034 14.000000
1013 10392 14.000000
1018 10455 14.000000
1082 10936 14.000000
1534 1556 14.000000
161 183 13.000000
361 383 13.000000
418 439 13.000000
514 536 13.000000
702 724 13.000000
889 890 13.000000
890 891 13.000000
891 892 13.000000
892 893 13.000000
893 894 13.000000
894 895 13.000000
895 896 13.000000
896 897 13.000000
897 898 13.000000
911 912 13.000000
912 913 13.000000
913 914 13.000000
914 915 13.000000
915 916 13.000000
916 917 13.000000
917 918 13.000000
918 919 13.000000
1007 1029 13.000000
1007 10711 13.000000
1292 1314 13.000000
1314 1336 13.000000
1336 1358 13.000000
227 249 12.000000
418 419 12.000000
580 602 12.000000
679 680 12.000000
887 909 12.000000
1007 10150 12.000000
1011 10476 12.000000
1012 10745 12.000000
1013 10982 12.000000
1082 10840 12.000000
1082 10899 12.000000
1166 1188 12.000000
1213 1214 12.000000
1214 1215 12.000000
1215 1216 12.000000
1216 1217 12.000000
1217 1218 12.000000
1218 1219 12.000000
1219 1220 12.000000
1220 1221 12.000000
1221 1222 12.000000
1222 1223 12.000000
469 491 11.000000
619 641 11.000000
643 665 11.000000
688 710 11.000000
1034 10901 11.000000
1034 10982 11.000000
1061 10961 11.000000
1077 10775 11.000000
1077 10783 11.000000
1077 10848 11.000000
1077 10902 11.000000
1077 10921 11.000000
447 469 10.000000
513 535 10.000000
592 593 10.000000
823 845 10.000000
968 990 10.000000
1012 10256 10.000000
1012 10357 10.000000
1012 10369 10.000000
1012 10883 10.000000
1012 10946 10.000000
1012 10949 10.000000
1012 10951 10.000000
1012 10969 10.000000
1013 10542 10.000000
1013 10554 10.000000
1029 10731 10.000000
1033 10407 10.000000
1077 10934 10.000000
1120 1142 10.000000
592 614 9.000000
666 688 9.000000
701 723 9.000000
823 824 9.000000
824 825 9.000000
825 826 9.000000
826 827 9.000000
827 828 9.000000
828 829 9.000000
829 830 9.000000
830 831 9.000000
831 832 9.000000
887 888 9.000000
888 889 9.000000
889 911 9.000000
1012 10331 9.000000
1013 10487 9.000000
1018 10846 9.000000
1034 10554 9.000000
1062 10778 9.000000
1121 1143 9.000000
1363 1385 9.000000
1537 1559 9.000000
116 138 8.000000
279 301 8.000000
286 308 8.000000
401 402 8.000000
402 403 8.000000
403 404 8.000000
404 405 8.000000
620 642 8.000000
940 962 8.000000
1006 10276 8.000000
1013 10618 8.000000
1049 10592 8.000000
1055 10955 8.000000
1080 10917 8.000000
1082 10961 8.000000
22 23 7.000000
22 43 7.000000
23 24 7.000000
24 25 7.000000
25 26 7.000000
26 27 7.000000
27 28 7.000000
28 29 7.000000
29 30 7.000000
30 31 7.000000
138 160 7.000000
336 337 7.000000
337 338 7.000000
338 339 7.000000
339 340 7.000000
340 341 7.000000
341 342 7.000000
342 343 7.000000
343 344 7.000000
380 381 7.000000
381 382 7.000000
382 383 7.000000
553 575 7.000000
555 577 7.000000
971 993 7.000000
1007 10272 7.000000
1007 10411 7.000000
1012 10703 7.000000
1012 10811 7.000000
1012 10955 7.000000
1026 1048 7.000000
1034 10542 7.000000
1036 10577 7.000000
1036 10985 7.000000
1040 1062 7.000000
1055 10645 7.000000
1078 10901 7.000000
1078 10982 7.000000
1294 1316 7.000000
1468 1490 7.000000
112 134 6.000000
511 533 6.000000
731 753 6.000000
1006 10161 6.000000
1011 10565 6.000000
1011 10775 6.000000
1011 10848 6.000000
1011 10902 6.000000
1011 10921 6.000000
1012 10659 6.000000
1012 10721 6.000000
1033 10575 6.000000
1034 10529 6.000000
1034 10665 6.000000
1035 10953 6.000000
1055 10946 6.000000
1055 10949 6.000000
1071 1093 6.000000
1406 1428 6.000000
242 264 5.000000
388 410 5.000000
405 406 5.000000
406 407 5.000000
407 408 5.000000
408 409 5.000000
409 410 5.000000
462 484 5.000000
624 625 5.000000
625 626 5.000000
626 627 5.000000
627 628 5.000000
628 629 5.000000
629 630 5.000000
818 840 5.000000
880 902 5.000000
941 963 5.000000
950 972 5.000000
1007 10207 5.000000
1007 10474 5.000000
1007 10932 5.000000
1033 10788 5.000000
1051 10731 5.000000
1051 10932 5.000000
1055 10640 5.000000
1056 1078 5.000000
1434 1456 5.000000
288 310 4.000000
361 362 4.000000
362 363 4.000000
363 364 4.000000
364 365 4.000000
365 366 4.000000
374 395 4.000000
388 389 4.000000
389 390 4.000000
390 391 4.000000
391 392 4.000000
392 393 4.000000
393 394 4.000000
394 395 4.000000
1006 10856 4.000000
1011 10167 4.000000
1011 10179 4.000000
1011 10250 4.000000
1011 10386 4.000000
1011 10484 4.000000
1011 10505 4.000000
1011 10506 4.000000
1011 10568 4.000000
1011 10640 4.000000
1011 10664 4.000000
1011 10718 4.000000
1011 10783 4.000000
1011 10831 4.000000
1011 10965 4.000000
1033 10568 4.000000
1055 10738 4.000000
1055 10777 4.000000
1055 10810 4.000000
1055 10841 4.000000
1055 10951 4.000000
1055 10969 4.000000
1081 1103 4.000000
1158 1180 4.000000
1386 1408 4.000000
148 170 3.000000
170 192 3.000000
317 339 3.000000
339 361 3.000000
366 388 3.000000
376 377 3.000000
377 378 3.000000
378 379 3.000000
379 380 3.000000
498 520 3.000000
599 621 3.000000
910 911 3.000000
953 975 3.000000
1007 10731 3.000000
1210 1232 3.000000
1410 1411 3.000000
1411 1412 3.000000
1412 1434 3.000000
1489 1511 3.000000
1510 1511 3.000000
118 140 2.000000
311 333 2.000000
383 384 2.000000
384 385 2.000000
385 386 2.000000
386 387 2.000000
387 388 2.000000
484 506 2.000000
532 554 2.000000
679 701 2.000000
1039 1061 2.000000
1055 10603 2.000000
1099 1121 2.000000
1337 1359 2.000000
1425 1447 2.000000
1431 1432 2.000000
1432 1433 2.000000
1433 1434 2.000000
150 172 1.000000
332 354 1.000000
550 572 1.000000
564 586 1.000000
630 631 1.000000
631 632 1.000000
632 633 1.000000
633 634 1.000000
634 635 1.000000
635 636 1.000000
797 798 1.000000
798 799 1.000000
799 800 1.000000
800 801 1.000000
801 823 1.000000
1010 1032 1.000000
1011 10407 1.000000
1011 10575 1.000000
1011 10788 1.000000
1011 10842 1.000000
1034 10493 1.000000
1034 10752 1.000000
1055 10703 1.000000
1055 10775 1.000000
1055 10783 1.000000
1055 10848 1.000000
1055 10902 1.000000
1055 10921 1.000000
1123 1145 1.000000
1161 1183 1.000000
1183 1205 1.000000
1192 1193 1.000000
1193 1194 1.000000
1194 1195 1.000000
1195 1196 1.000000
1196 1197 1.000000
1197 1198 1.000000
1198 1199 1.000000
1199 1200 1.000000
1200 1201 1.000000
1201 1202 1.000000
1315 1337 1.000000
1493 1515 1.000000
1500 1501 1.000000
1501 1502 1.000000
1502 1503 1.000000
1503 1504 1.000000
1504 1505 1.000000
1505 1527 1.000000
1527 1549 1.000000
1549 1571 1.000000
