2 3 15702.000000
135 136 15367.000000
136 137 15367.000000
137 138 15367.000000
138 139 15367.000000
1 2 14459.000000
1063 1064 14186.000000
92 93 13838.000000
93 94 13838.000000
94 95 13838.000000
91 92 12543.000000
931 932 11921.000000
1107 1108 11433.000000
1106 1107 11314.000000
95 96 11182.000000
139 140 10881.000000
1085 1086 10794.000000
113 114 10457.000000
114 115 10457.000000
115 116 10457.000000
116 117 10457.000000
1062 1063 10302.000000
932 933 10287.000000
887 888 10255.000000
134 135 10138.000000
1128 1129 10093.000000
888 889 9985.000000
1105 1106 9817.000000
844 845 9474.000000
1104 1105 9313.000000
1123 1124 9251.000000
140 141 9212.000000
1151 1152 9163.000000
1172 1173 9105.000000
1064 1065 9082.000000
752 753 8954.000000
753 754 8954.000000
909 910 8881.000000
1124 1125 8767.000000
930 931 8692.000000
1255 1256 8545.000000
1122 1123 8503.000000
1122 1143 8503.000000
1254 1255 8302.000000
843 844 8228.000000
1127 1128 8049.000000
90 91 7986.000000
112 113 7856.000000
976 977 7811.000000
1171 1172 7770.000000
1129 1130 7587.000000
1084 1085 7400.000000
1083 1084 7363.000000
1125 1126 7257.000000
1256 1257 7244.000000
1149 1150 7139.000000
842 843 7136.000000
1150 1151 7060.000000
1170 1171 6966.000000
975 976 6950.000000
1126 1127 6866.000000
1061 1062 6800.000000
908 909 6584.000000
751 752 6464.000000
773 774 6271.000000
774 775 6271.000000
775 776 6271.000000
1299 1300 6230.000000
845 846 6222.000000
886 887 6215.000000
96 97 6198.000000
1298 1299 6189.000000
907 908 6165.000000
1142 1143 6047.000000
1166 1187 5972.000000
755 756 5945.000000
1041 1042 5938.000000
1167 1168 5778.000000
1168 1169 5721.000000
1169 1170 5667.000000
1148 1149 5591.000000
141 142 5559.000000
1257 1258 5544.000000
1166 1167 5475.000000
179 180 5450.000000
180 181 5450.000000
181 182 5450.000000
182 183 5442.000000
248 249 5416.000000
977 978 5370.000000
754 755 5366.000000
3 4 5198.000000
750 751 5172.000000
117 118 5154.000000
910 911 5089.000000
1258 1259 5082.000000
89 90 5024.000000
1259 1260 5011.000000
157 158 4990.000000
158 159 4990.000000
159 160 4990.000000
1060 1061 4969.000000
708 709 4931.000000
709 710 4931.000000
1542 1543 4893.000000
314 315 4872.000000
1300 1301 4819.000000
973 974 4801.000000
772 773 4793.000000
710 711 4757.000000
929 930 4752.000000
1020 1021 4690.000000
183 184 4643.000000
974 975 4643.000000
537 538 4601.000000
729 730 4522.000000
730 731 4522.000000
731 732 4522.000000
68 69 4476.000000
799 800 4422.000000
1018 1019 4413.000000
952 953 4396.000000
1103 1104 4395.000000
888 910 4335.000000
1019 1020 4326.000000
1186 1187 4269.000000
1301 1302 4260.000000
1409 1410 4246.000000
817 818 4222.000000
818 819 4222.000000
1454 1455 4210.000000
795 796 4202.000000
796 797 4202.000000
797 798 4202.000000
1082 1083 4178.000000
1453 1454 4094.000000
1040 1041 3955.000000
1410 1411 3953.000000
839 840 3918.000000
840 841 3918.000000
534 535 3890.000000
535 536 3890.000000
1189 1190 3890.000000
951 952 3886.000000
933 934 3879.000000
536 537 3822.000000
1277 1278 3800.000000
184 185 3780.000000
1100 1101 3765.000000
771 772 3763.000000
934 935 3757.000000
118 119 3743.000000
953 954 3742.000000
820 821 3718.000000
1190 1191 3701.000000
2 24 3693.000000
816 817 3685.000000
841 842 3655.000000
925 926 3634.000000
926 927 3634.000000
927 928 3634.000000
928 929 3625.000000
160 161 3617.000000
1278 1279 3586.000000
866 867 3543.000000
1017 1018 3538.000000
1039 1040 3532.000000
1147 1148 3521.000000
1101 1102 3499.000000
1193 1194 3487.000000
1194 1195 3486.000000
889 890 3471.000000
249 250 3454.000000
1496 1497 3382.000000
798 799 3358.000000
1563 1564 3339.000000
903 904 3315.000000
904 905 3315.000000
905 906 3315.000000
45 46 3312.000000
1144 1165 3296.000000
664 665 3272.000000
665 666 3272.000000
1102 1103 3272.000000
707 708 3250.000000
161 162 3228.000000
1188 1209 3217.000000
1408 1409 3217.000000
1302 1303 3207.000000
845 867 3206.000000
1214 1215 3203.000000
865 866 3197.000000
819 820 3119.000000
1520 1521 3106.000000
1215 1216 3070.000000
133 134 3065.000000
954 955 3056.000000
46 68 3052.000000
666 667 3050.000000
1323 1324 3039.000000
978 979 3032.000000
1191 1192 3011.000000
996 997 2993.000000
1216 1217 2991.000000
1496 1517 2985.000000
1192 1193 2982.000000
1452 1453 2976.000000
800 801 2963.000000
1344 1345 2962.000000
906 907 2947.000000
728 729 2938.000000
185 186 2914.000000
46 47 2878.000000
67 68 2865.000000
1144 1145 2858.000000
1497 1498 2845.000000
1038 1039 2779.000000
1146 1147 2763.000000
1108 1109 2756.000000
1145 1146 2752.000000
776 777 2711.000000
1208 1209 2711.000000
1455 1456 2705.000000
1064 1086 2691.000000
155 156 2658.000000
1042 1043 2645.000000
777 778 2639.000000
1367 1368 2598.000000
250 251 2568.000000
1498 1499 2536.000000
997 998 2535.000000
1321 1322 2524.000000
142 143 2499.000000
815 816 2496.000000
733 734 2493.000000
47 48 2488.000000
1164 1165 2488.000000
1233 1234 2484.000000
821 822 2447.000000
947 948 2409.000000
948 949 2409.000000
949 950 2409.000000
1085 10917 2400.000000
1213 1214 2391.000000
838 839 2386.000000
1188 1189 2378.000000
1059 1060 2353.000000
1238 1239 2353.000000
602 603 2349.000000
794 795 2341.000000
580 581 2340.000000
581 582 2340.000000
1366 1367 2331.000000
1411 1412 2308.000000
686 687 2307.000000
687 688 2307.000000
1237 1238 2297.000000
1388 1389 2296.000000
1100 1121 2291.000000
1322 1323 2287.000000
969 970 2251.000000
970 971 2251.000000
971 972 2251.000000
162 163 2244.000000
132 133 2233.000000
69 70 2196.000000
70 71 2196.000000
71 72 2196.000000
72 73 2196.000000
73 74 2192.000000
995 996 2187.000000
1081 1082 2186.000000
24 25 2179.000000
864 865 2173.000000
1080 1081 2171.000000
538 539 2165.000000
1499 1500 2158.000000
1387 1388 2154.000000
110 111 2120.000000
946 947 2108.000000
176 177 2099.000000
142 164 2090.000000
646 647 2078.000000
1234 1235 2069.000000
23 24 2059.000000
156 157 2059.000000
711 712 2049.000000
1365 1366 2049.000000
111 112 2042.000000
1236 1237 2037.000000
1474 1475 2027.000000
1260 1261 2026.000000
558 559 2022.000000
734 735 2020.000000
955 956 2007.000000
154 155 2005.000000
1279 1280 2005.000000
1452 1473 1998.000000
1056 1057 1990.000000
1057 1058 1988.000000
1516 1517 1987.000000
998 999 1953.000000
1086 1087 1953.000000
205 206 1952.000000
97 98 1945.000000
315 316 1930.000000
1474 1495 1917.000000
1058 1059 1909.000000
119 120 1903.000000
1195 1196 1893.000000
1065 1066 1885.000000
44 45 1860.000000
663 664 1855.000000
163 164 1854.000000
933 955 1842.000000
1303 1304 1836.000000
178 179 1827.000000
1345 1346 1811.000000
48 49 1788.000000
49 50 1788.000000
50 51 1788.000000
51 52 1788.000000
1280 1281 1779.000000
1343 1344 1763.000000
1078 1079 1757.000000
1079 1080 1755.000000
143 144 1750.000000
1430 1451 1749.000000
177 178 1748.000000
120 121 1744.000000
559 560 1743.000000
270 271 1736.000000
1364 1365 1726.000000
732 733 1723.000000
902 903 1713.000000
1020 10619 1710.000000
1281 1282 1684.000000
890 891 1676.000000
685 686 1675.000000
706 707 1675.000000
1108 1130 1669.000000
1320 1321 1669.000000
647 648 1664.000000
1078 1099 1653.000000
0 21 1644.000000
20 21 1644.000000
98 99 1638.000000
881 882 1636.000000
882 883 1636.000000
883 884 1636.000000
884 885 1636.000000
208 209 1619.000000
271 272 1614.000000
1041 10577 1605.000000
889 911 1581.000000
1386 1387 1575.000000
684 685 1572.000000
560 561 1566.000000
0 1 1555.000000
712 713 1535.000000
1211 1212 1535.000000
1430 1431 1527.000000
209 210 1505.000000
154 175 1498.000000
206 207 1488.000000
198 219 1475.000000
1012 1013 1462.000000
1013 1014 1462.000000
1014 1015 1460.000000
1235 1236 1460.000000
1368 1369 1459.000000
68 90 1440.000000
1540 1561 1437.000000
1560 1561 1437.000000
1098 1099 1420.000000
1021 1022 1419.000000
1015 1016 1417.000000
1016 1017 1409.000000
756 778 1394.000000
222 223 1383.000000
223 224 1383.000000
224 225 1383.000000
225 226 1383.000000
911 912 1382.000000
1540 1541 1374.000000
121 122 1362.000000
1386 1407 1352.000000
1342 1343 1346.000000
24 46 1336.000000
144 145 1329.000000
1173 1174 1318.000000
1475 1476 1317.000000
972 973 1312.000000
493 494 1310.000000
490 491 1309.000000
491 492 1309.000000
492 493 1309.000000
624 625 1305.000000
625 626 1305.000000
555 556 1291.000000
556 557 1291.000000
557 558 1291.000000
52 74 1278.000000
200 201 1274.000000
201 202 1274.000000
202 203 1274.000000
203 204 1274.000000
1476 1477 1266.000000
860 861 1265.000000
861 862 1265.000000
862 863 1265.000000
1210 1211 1264.000000
1431 1432 1264.000000
603 604 1260.000000
885 886 1258.000000
1389 1390 1257.000000
227 228 1232.000000
891 913 1227.000000
1020 1042 1224.000000
582 583 1223.000000
621 622 1214.000000
622 623 1214.000000
1432 1433 1211.000000
44 65 1208.000000
58 59 1208.000000
59 60 1208.000000
60 61 1208.000000
61 62 1208.000000
62 63 1208.000000
63 64 1208.000000
64 65 1208.000000
1212 1213 1195.000000
1456 1457 1193.000000
994 995 1189.000000
1324 1325 1185.000000
756 757 1176.000000
1282 1283 1173.000000
494 516 1163.000000
25 47 1162.000000
19 20 1151.000000
226 227 1150.000000
626 627 1146.000000
645 646 1134.000000
1043 1044 1134.000000
912 913 1132.000000
561 562 1130.000000
604 605 1116.000000
1541 1542 1115.000000
950 951 1112.000000
229 230 1109.000000
688 689 1108.000000
207 208 1097.000000
1141 1142 1086.000000
1477 1478 1086.000000
533 534 1082.000000
1120 1121 1079.000000
447 448 1073.000000
448 449 1073.000000
1 1563 1064.000000
1185 1186 1049.000000
1056 1077 1044.000000
690 691 1029.000000
837 838 1024.000000
1232 1253 1015.000000
1251 1252 1015.000000
1252 1253 1015.000000
539 540 1000.000000
623 624 1000.000000
449 450 992.000000
516 517 987.000000
1012 1033 985.000000
1097 1098 979.000000
620 621 977.000000
968 969 970.000000
863 864 968.000000
800 822 966.000000
272 273 947.000000
274 275 943.000000
619 620 933.000000
110 132 926.000000
495 496 923.000000
712 734 922.000000
230 231 921.000000
164 165 918.000000
1 23 916.000000
713 714 912.000000
204 205 901.000000
186 187 894.000000
494 495 885.000000
689 690 884.000000
691 692 883.000000
187 188 878.000000
642 643 876.000000
643 644 876.000000
644 645 876.000000
140 162 871.000000
1021 1043 868.000000
859 860 858.000000
100 101 857.000000
228 229 851.000000
88 89 847.000000
1521 1522 847.000000
496 497 844.000000
598 599 844.000000
599 600 844.000000
600 601 844.000000
935 936 839.000000
1188 1210 839.000000
1390 1391 827.000000
802 824 825.000000
1061 10811 816.000000
1342 1363 813.000000
1408 1429 806.000000
198 199 805.000000
199 200 805.000000
1087 1088 804.000000
1325 1326 804.000000
1454 1476 798.000000
1018 10446 794.000000
74 75 791.000000
956 957 784.000000
517 518 777.000000
1543 1544 777.000000
1088 1089 775.000000
1089 1090 775.000000
515 516 768.000000
184 206 766.000000
946 967 765.000000
801 802 759.000000
668 669 748.000000
669 670 745.000000
1232 1254 739.000000
14 15 738.000000
15 16 736.000000
1494 1495 735.000000
251 252 730.000000
936 937 728.000000
188 189 727.000000
16 17 724.000000
294 295 724.000000
601 602 724.000000
576 577 722.000000
924 925 713.000000
1369 1370 710.000000
17 18 709.000000
25 26 707.000000
231 232 705.000000
273 274 701.000000
18 19 700.000000
45 67 700.000000
176 197 693.000000
1163 1164 692.000000
553 554 680.000000
727 728 677.000000
670 671 664.000000
1130 1131 664.000000
554 555 663.000000
667 668 658.000000
1562 1583 658.000000
1582 1583 658.000000
1017 10476 653.000000
102 103 651.000000
103 104 651.000000
104 105 651.000000
105 106 651.000000
106 107 651.000000
107 108 651.000000
108 109 651.000000
1195 1217 650.000000
575 576 647.000000
648 649 647.000000
122 123 639.000000
167 168 636.000000
168 169 636.000000
169 170 636.000000
170 171 636.000000
171 172 636.000000
172 173 636.000000
173 174 636.000000
174 175 636.000000
1453 1475 636.000000
1543 1565 630.000000
189 190 627.000000
190 191 627.000000
191 192 627.000000
192 193 627.000000
193 194 627.000000
194 195 627.000000
195 196 627.000000
196 197 627.000000
1022 1023 626.000000
379 380 621.000000
252 253 618.000000
1022 1044 617.000000
577 578 615.000000
578 579 615.000000
579 580 615.000000
1 10029 607.000000
1066 1067 602.000000
1067 1068 602.000000
1068 1069 602.000000
141 163 599.000000
532 533 599.000000
132 153 593.000000
358 359 592.000000
295 296 590.000000
977 999 589.000000
793 794 584.000000
186 208 581.000000
1559 1560 577.000000
1 10005 573.000000
935 957 558.000000
1109 1110 558.000000
1152 1174 555.000000
1081 10908 554.000000
78 79 552.000000
154 176 543.000000
221 222 532.000000
1 10163 529.000000
1018 10512 528.000000
1040 10953 525.000000
1012 10227 524.000000
1037 1038 522.000000
1039 10493 515.000000
52 53 514.000000
891 892 514.000000
892 893 514.000000
1 10031 513.000000
76 77 513.000000
77 78 513.000000
1080 10867 510.000000
75 76 503.000000
1518 1539 502.000000
1538 1539 502.000000
1063 10661 500.000000
292 293 497.000000
242 243 496.000000
243 244 496.000000
244 245 496.000000
245 246 496.000000
246 247 496.000000
247 248 496.000000
1518 1519 495.000000
1 10976 494.000000
468 469 493.000000
469 470 493.000000
470 471 493.000000
990 991 492.000000
991 992 492.000000
992 993 492.000000
937 938 490.000000
799 821 488.000000
1 10687 486.000000
1 10244 485.000000
1472 1473 484.000000
993 994 483.000000
22 23 474.000000
486 487 474.000000
1 10175 472.000000
22 43 471.000000
36 37 471.000000
37 38 471.000000
38 39 471.000000
39 40 471.000000
40 41 471.000000
41 42 471.000000
42 43 471.000000
275 276 469.000000
1542 1564 469.000000
165 166 468.000000
1040 10416 468.000000
583 584 467.000000
1 10188 465.000000
1 10182 464.000000
1 10202 464.000000
1 10215 464.000000
1 10383 464.000000
1 10500 463.000000
539 561 459.000000
822 823 459.000000
1 10453 457.000000
220 221 457.000000
1044 1045 457.000000
1045 1046 457.000000
1046 1047 457.000000
1040 10815 456.000000
1 10871 455.000000
641 642 455.000000
1 10776 452.000000
1062 10979 452.000000
890 912 451.000000
450 472 446.000000
823 824 446.000000
293 294 444.000000
778 779 443.000000
1144 1166 440.000000
1562 1563 440.000000
844 866 434.000000
1113 1114 429.000000
558 580 428.000000
1023 1024 427.000000
1024 1025 427.000000
145 146 424.000000
146 147 424.000000
147 148 424.000000
148 149 424.000000
149 150 424.000000
150 151 424.000000
151 152 424.000000
152 153 424.000000
110 131 421.000000
123 124 421.000000
124 125 421.000000
125 126 421.000000
126 127 421.000000
127 128 421.000000
128 129 421.000000
129 130 421.000000
130 131 421.000000
1114 1115 420.000000
1115 1116 420.000000
1116 1117 420.000000
1117 1118 420.000000
1118 1119 420.000000
316 317 418.000000
471 472 411.000000
667 689 405.000000
315 337 401.000000
450 451 399.000000
1276 1277 397.000000
1412 1413 394.000000
1433 1434 394.000000
1519 1520 392.000000
451 452 391.000000
1346 1347 391.000000
1000 1001 389.000000
1579 1580 388.000000
583 605 387.000000
1 10240 386.000000
540 541 386.000000
1001 1002 379.000000
1002 1003 379.000000
605 606 377.000000
1232 1233 375.000000
188 210 374.000000
1578 1579 373.000000
452 453 371.000000
1500 1501 366.000000
1497 1519 362.000000
1577 1578 361.000000
1576 1577 359.000000
1019 10661 356.000000
1 10303 355.000000
1151 1173 353.000000
1018 10459 351.000000
1 10337 350.000000
1 10948 350.000000
1 10438 349.000000
296 297 348.000000
903 925 348.000000
867 868 346.000000
1207 1208 346.000000
1257 1279 346.000000
1 10193 345.000000
155 177 341.000000
1042 10466 341.000000
1042 10827 341.000000
1581 1582 341.000000
1 10970 340.000000
1110 1111 340.000000
1111 1112 340.000000
1112 1113 340.000000
662 663 338.000000
1020 10917 338.000000
1493 1494 338.000000
1 10968 336.000000
275 297 336.000000
1 10864 334.000000
1065 1087 332.000000
67 89 331.000000
968 989 329.000000
1076 1077 328.000000
250 272 323.000000
894 916 320.000000
979 980 320.000000
980 981 320.000000
981 982 320.000000
1 10269 319.000000
1 10586 319.000000
1 10663 319.000000
1 10782 319.000000
317 318 318.000000
318 319 318.000000
472 473 317.000000
1410 1432 317.000000
627 649 316.000000
100 10592 314.000000
1021 10632 314.000000
1564 1565 312.000000
167 189 311.000000
183 205 311.000000
911 933 311.000000
1021 10936 311.000000
1001 10324 310.000000
185 207 308.000000
100 10635 307.000000
1 10920 306.000000
893 894 306.000000
597 598 305.000000
627 628 305.000000
1087 10931 305.000000
1 10037 304.000000
473 474 304.000000
1 10862 303.000000
1 10059 302.000000
1 10349 302.000000
1 10638 302.000000
1 10837 302.000000
1 10956 302.000000
487 488 302.000000
1191 1213 302.000000
1 10510 301.000000
1 10184 299.000000
1 10263 299.000000
1 10489 299.000000
1 10769 299.000000
957 958 299.000000
958 959 299.000000
1239 1240 299.000000
1 10865 297.000000
53 54 296.000000
54 55 296.000000
55 56 296.000000
56 57 296.000000
474 475 296.000000
1062 1084 296.000000
176 198 294.000000
164 186 293.000000
1065 10692 292.000000
1065 10987 292.000000
1 10774 290.000000
1033 10381 290.000000
1479 1480 290.000000
1480 1481 290.000000
1481 1482 290.000000
112 134 287.000000
974 996 285.000000
1 10733 284.000000
1 10940 283.000000
1 10221 282.000000
1 10351 282.000000
1017 10256 281.000000
1044 10541 280.000000
153 175 279.000000
1301 1323 276.000000
1386 1408 276.000000
1211 1233 272.000000
913 914 271.000000
914 915 271.000000
1101 1123 270.000000
1106 1128 270.000000
1210 1231 268.000000
1229 1230 268.000000
1230 1231 268.000000
1033 10592 267.000000
1018 10796 265.000000
1063 10985 265.000000
100 10030 264.000000
1044 10828 262.000000
590 591 258.000000
1042 10918 258.000000
1047 10874 258.000000
1066 10828 257.000000
1458 1459 252.000000
1459 1460 252.000000
1460 1461 252.000000
1063 10668 251.000000
1022 10927 250.000000
1025 10378 248.000000
1018 1040 247.000000
1099 1121 245.000000
1086 10899 244.000000
1255 1277 243.000000
1 10428 242.000000
1077 10882 240.000000
910 932 239.000000
1434 1435 238.000000
1081 1103 232.000000
231 253 231.000000
1450 1451 228.000000
866 888 227.000000
1042 10755 226.000000
1347 1348 226.000000
1131 1132 224.000000
1132 1133 224.000000
1133 1134 224.000000
1134 1135 224.000000
666 688 222.000000
53 75 220.000000
1020 10609 220.000000
824 846 218.000000
915 916 218.000000
144 166 217.000000
489 490 216.000000
210 211 215.000000
211 212 215.000000
212 213 215.000000
213 214 215.000000
214 215 215.000000
215 216 215.000000
216 217 215.000000
217 218 215.000000
218 219 215.000000
484 485 215.000000
484 505 215.000000
485 486 215.000000
504 505 215.000000
1066 10743 215.000000
1086 10887 215.000000
1086 10959 215.000000
623 645 214.000000
242 263 213.000000
755 777 212.000000
47 69 211.000000
1021 10770 211.000000
101 10896 210.000000
1065 10961 210.000000
1042 10770 209.000000
1086 10907 208.000000
23 45 207.000000
1018 10330 207.000000
26 27 204.000000
27 28 204.000000
28 29 204.000000
29 30 204.000000
1537 1538 203.000000
842 864 202.000000
867 889 202.000000
602 624 201.000000
711 733 201.000000
951 973 201.000000
1021 10729 201.000000
30 31 200.000000
163 185 200.000000
1 10886 198.000000
31 32 198.000000
32 33 198.000000
33 34 198.000000
34 35 198.000000
514 515 198.000000
1478 1479 197.000000
1142 1164 196.000000
1021 10625 195.000000
1021 10649 195.000000
1021 10682 195.000000
1021 10923 195.000000
511 512 194.000000
512 513 194.000000
513 514 194.000000
1021 10834 194.000000
1003 10090 193.000000
1042 10923 193.000000
930 952 192.000000
1060 10788 192.000000
1086 10876 190.000000
1086 10926 190.000000
1086 10958 190.000000
902 924 189.000000
846 868 188.000000
1047 1048 188.000000
1413 1414 188.000000
253 254 187.000000
1065 10674 185.000000
1044 10743 183.000000
36 58 182.000000
488 489 181.000000
206 228 179.000000
294 316 178.000000
1034 1035 178.000000
1035 1036 178.000000
1036 1037 178.000000
166 167 177.000000
1087 10993 177.000000
1021 10981 176.000000
220 241 175.000000
710 732 174.000000
1580 1581 174.000000
487 509 172.000000
1023 10324 172.000000
1042 10625 172.000000
1042 10649 172.000000
1042 10682 172.000000
1060 10640 172.000000
1069 1070 172.000000
1298 1320 172.000000
1364 1385 172.000000
120 142 171.000000
728 750 171.000000
1065 10787 171.000000
1065 10801 171.000000
1065 10918 171.000000
472 494 170.000000
1042 10729 170.000000
1064 10809 170.000000
1021 10503 168.000000
495 517 167.000000
584 606 167.000000
100 122 166.000000
734 756 166.000000
1021 10456 166.000000
1021 10470 165.000000
1044 10534 165.000000
337 338 164.000000
338 339 164.000000
339 340 164.000000
453 475 164.000000
605 627 164.000000
1065 10937 164.000000
510 511 163.000000
518 519 163.000000
540 562 163.000000
1040 10417 163.000000
1042 10834 163.000000
1065 10739 163.000000
1065 10795 163.000000
1065 10847 163.000000
1062 10815 162.000000
1065 10675 162.000000
1065 10802 162.000000
1430 1452 162.000000
1042 10632 161.000000
1060 10718 161.000000
1040 10459 160.000000
1076 10896 160.000000
228 250 159.000000
1169 1191 159.000000
227 249 158.000000
1042 10461 157.000000
1042 10809 156.000000
1044 10931 156.000000
57 58 155.000000
118 140 155.000000
197 219 155.000000
846 847 155.000000
1003 10085 155.000000
1016 10361 155.000000
233 234 154.000000
234 235 154.000000
235 236 154.000000
236 237 154.000000
237 238 154.000000
238 239 154.000000
1042 10793 154.000000
536 558 152.000000
1450 1472 152.000000
1500 1522 152.000000
538 560 151.000000
1063 10917 151.000000
102 10596 149.000000
859 881 149.000000
239 240 148.000000
240 241 148.000000
1064 10793 148.000000
102 10281 147.000000
467 468 146.000000
496 518 146.000000
226 248 145.000000
519 520 145.000000
520 521 145.000000
521 522 145.000000
522 523 145.000000
523 524 145.000000
931 953 145.000000
1000 10846 144.000000
1086 10983 144.000000
1090 1091 144.000000
1091 1092 144.000000
1092 1093 144.000000
1093 1094 144.000000
1094 1095 144.000000
1095 1096 144.000000
1096 1097 144.000000
689 711 143.000000
1000 10047 141.000000
1019 10199 140.000000
22 44 139.000000
772 794 139.000000
1020 10398 139.000000
1499 1521 139.000000
624 646 138.000000
1038 10568 138.000000
1321 1343 137.000000
102 10786 136.000000
843 865 136.000000
1000 10578 136.000000
1107 1129 136.000000
1217 1218 135.000000
1451 1473 135.000000
1167 1189 134.000000
440 441 133.000000
440 461 133.000000
441 442 133.000000
442 443 133.000000
443 444 133.000000
460 461 133.000000
541 542 133.000000
542 543 133.000000
543 544 133.000000
544 545 133.000000
545 546 133.000000
1043 10887 133.000000
1043 10959 132.000000
1143 1165 132.000000
403 404 131.000000
404 405 131.000000
405 406 131.000000
929 951 130.000000
1000 10778 130.000000
1018 10819 130.000000
1043 10812 130.000000
1179 1180 129.000000
1180 1181 129.000000
1181 1182 129.000000
1182 1183 129.000000
1183 1184 129.000000
1060 10726 127.000000
1061 10955 127.000000
1069 10874 127.000000
1119 1120 127.000000
101 10343 126.000000
646 668 126.000000
1043 10737 126.000000
1065 10695 125.000000
1540 1562 124.000000
161 183 123.000000
713 735 123.000000
778 800 123.000000
1000 10751 123.000000
1021 10620 123.000000
1061 10821 123.000000
1082 1104 123.000000
934 956 122.000000
1018 10901 122.000000
1043 10761 122.000000
1043 10840 122.000000
1043 10845 122.000000
1043 10899 122.000000
132 154 121.000000
506 507 121.000000
506 527 121.000000
525 526 121.000000
526 527 121.000000
1086 10937 121.000000
145 167 120.000000
754 776 120.000000
868 869 120.000000
909 931 120.000000
1366 1388 120.000000
847 848 119.000000
848 849 119.000000
849 850 119.000000
1016 10298 119.000000
1 10346 118.000000
1 10996 118.000000
198 220 117.000000
1022 10533 117.000000
1022 10961 117.000000
1061 10694 117.000000
686 708 116.000000
1043 10657 116.000000
1065 10707 116.000000
1086 10869 116.000000
551 552 115.000000
1040 10661 115.000000
1025 1047 114.000000
1082 10951 114.000000
552 553 113.000000
642 664 113.000000
1066 10931 113.000000
207 229 112.000000
982 983 112.000000
983 984 112.000000
984 985 112.000000
985 986 112.000000
986 987 112.000000
987 988 112.000000
1041 10917 112.000000
1060 10664 112.000000
1060 10831 112.000000
1060 10965 112.000000
1062 10819 112.000000
507 508 111.000000
508 509 111.000000
1019 10317 111.000000
1061 10721 111.000000
1065 10915 111.000000
1082 10969 111.000000
264 265 110.000000
265 266 110.000000
266 267 110.000000
267 268 110.000000
268 269 110.000000
269 270 110.000000
735 736 110.000000
1061 10659 110.000000
1062 10689 110.000000
1062 10850 110.000000
1214 1236 110.000000
1 10502 109.000000
1 10740 109.000000
101 10495 109.000000
1038 10725 109.000000
1061 10681 109.000000
1065 10869 109.000000
1121 1143 109.000000
175 197 108.000000
1086 10915 108.000000
1086 10990 108.000000
1086 10991 108.000000
101 10557 106.000000
1082 10946 106.000000
418 419 105.000000
418 439 105.000000
419 420 105.000000
420 421 105.000000
421 422 105.000000
438 439 105.000000
820 842 104.000000
886 908 104.000000
1065 10990 104.000000
1065 10991 104.000000
1078 1100 104.000000
187 209 103.000000
1083 10901 103.000000
119 141 102.000000
553 575 102.000000
1011 1033 102.000000
1082 10949 102.000000
1083 10982 102.000000
276 277 101.000000
277 278 101.000000
278 279 101.000000
279 280 101.000000
280 281 101.000000
281 282 101.000000
282 283 101.000000
988 989 101.000000
1026 1048 101.000000
1037 10724 101.000000
4 5 100.000000
5 6 100.000000
6 7 100.000000
7 8 100.000000
8 9 100.000000
10 11 100.000000
11 12 100.000000
12 13 100.000000
13 14 100.000000
466 467 99.000000
1038 10509 99.000000
1042 10620 99.000000
671 672 97.000000
908 930 97.000000
1037 10624 97.000000
1086 10994 97.000000
707 729 96.000000
777 799 96.000000
1048 1049 96.000000
1049 1050 96.000000
1050 1051 96.000000
1051 1052 96.000000
1052 1053 96.000000
1324 1346 95.000000
406 428 93.000000
1025 1026 93.000000
1054 1055 93.000000
1086 10881 93.000000
1086 10966 93.000000
1519 1541 93.000000
641 663 92.000000
733 755 92.000000
1016 10225 92.000000
1017 10703 92.000000
1017 10848 92.000000
1017 10883 92.000000
1017 10902 92.000000
1017 10921 92.000000
1034 1055 92.000000
1043 1065 92.000000
1135 1136 92.000000
1136 1137 92.000000
1137 1138 92.000000
1138 1139 92.000000
1139 1140 92.000000
1304 1305 92.000000
123 145 91.000000
729 751 91.000000
815 837 91.000000
869 870 91.000000
870 871 91.000000
1017 10816 91.000000
1053 1054 91.000000
1098 1120 91.000000
1010 10592 90.000000
1034 1056 90.000000
1126 1148 90.000000
546 547 89.000000
1038 10965 89.000000
1174 1175 89.000000
1175 1176 89.000000
1176 1177 89.000000
1177 1178 89.000000
1178 1179 89.000000
271 293 88.000000
1018 10627 88.000000
1065 10761 88.000000
1065 10840 88.000000
1065 10845 88.000000
1065 10899 88.000000
101 10319 87.000000
503 504 87.000000
1017 10325 87.000000
1038 10664 86.000000
162 184 85.000000
437 438 85.000000
1060 10903 85.000000
208 230 84.000000
648 670 84.000000
475 476 82.000000
476 477 82.000000
477 478 82.000000
478 479 82.000000
479 480 82.000000
585 586 82.000000
586 587 82.000000
587 588 82.000000
588 589 82.000000
589 590 82.000000
449 471 81.000000
1039 10413 81.000000
1058 1080 81.000000
1019 10613 80.000000
459 460 79.000000
1038 10522 79.000000
1043 10961 79.000000
101 10639 78.000000
584 585 78.000000
597 619 78.000000
823 845 78.000000
1065 10737 78.000000
1170 1192 78.000000
691 713 76.000000
972 994 76.000000
1017 10270 76.000000
1494 1516 76.000000
423 424 75.000000
453 454 75.000000
801 823 75.000000
865 887 75.000000
1065 10770 75.000000
1150 1172 75.000000
113 135 74.000000
1000 10927 74.000000
1016 10726 74.000000
1065 10812 74.000000
1196 1218 74.000000
75 97 73.000000
509 510 73.000000
562 563 73.000000
563 564 73.000000
564 565 73.000000
565 566 73.000000
566 567 73.000000
567 568 73.000000
1010 1011 73.000000
1059 10908 73.000000
101 10555 72.000000
640 641 72.000000
1018 10529 72.000000
1018 10542 72.000000
1018 10665 72.000000
1065 10959 72.000000
1344 1366 72.000000
133 155 71.000000
264 285 71.000000
1021 10947 71.000000
1065 10981 70.000000
1234 1256 70.000000
1250 1251 70.000000
1322 1344 70.000000
101 102 69.000000
524 525 69.000000
960 961 69.000000
961 962 69.000000
962 963 69.000000
963 964 69.000000
964 965 69.000000
965 966 69.000000
966 967 69.000000
1065 10887 69.000000
66 67 68.000000
670 692 68.000000
864 886 68.000000
1239 1261 68.000000
1476 1498 68.000000
229 251 66.000000
286 307 66.000000
305 306 66.000000
306 307 66.000000
515 537 66.000000
758 780 66.000000
780 802 66.000000
1065 10657 66.000000
750 772 65.000000
869 891 65.000000
1017 10369 65.000000
1017 10399 65.000000
1017 10951 65.000000
1017 10969 65.000000
1038 10810 65.000000
0 1562 64.000000
139 161 64.000000
254 276 64.000000
286 287 64.000000
287 288 64.000000
288 289 64.000000
289 290 64.000000
290 291 64.000000
596 597 64.000000
1016 10407 64.000000
1086 1108 64.000000
1541 1563 64.000000
14 36 63.000000
283 284 63.000000
284 285 63.000000
682 683 63.000000
682 703 63.000000
692 714 63.000000
700 701 63.000000
701 702 63.000000
702 703 63.000000
1038 10645 63.000000
1038 10777 63.000000
1326 1327 63.000000
446 447 62.000000
1039 10752 62.000000
1184 1185 62.000000
594 595 61.000000
594 615 61.000000
595 596 61.000000
613 614 61.000000
614 615 61.000000
1012 10731 61.000000
1017 10694 61.000000
1038 10380 61.000000
1038 10603 61.000000
1038 10738 61.000000
1038 10808 61.000000
1038 10841 61.000000
1038 10877 61.000000
1044 10578 61.000000
1044 10778 61.000000
1518 1540 61.000000
1038 10450 60.000000
1038 10484 60.000000
1038 10505 60.000000
1038 10506 60.000000
1038 10775 60.000000
1038 10783 60.000000
1087 1109 60.000000
1280 1302 60.000000
424 425 59.000000
425 426 59.000000
426 427 59.000000
427 428 59.000000
779 801 59.000000
1017 10401 59.000000
1020 10696 59.000000
1038 10934 59.000000
101 123 58.000000
1120 1142 58.000000
283 305 57.000000
561 583 57.000000
683 684 57.000000
645 667 56.000000
959 960 56.000000
1019 1041 56.000000
690 712 55.000000
388 410 54.000000
684 706 54.000000
1070 1071 54.000000
1071 1072 54.000000
1072 1073 54.000000
1073 1074 54.000000
1074 1075 54.000000
1457 1458 54.000000
1496 1518 54.000000
121 143 53.000000
1015 1037 52.000000
1130 1152 52.000000
66 87 51.000000
79 80 51.000000
80 81 51.000000
81 82 51.000000
82 83 51.000000
83 84 51.000000
84 85 51.000000
85 86 51.000000
86 87 51.000000
1016 10450 51.000000
1038 10681 51.000000
422 423 50.000000
620 642 50.000000
1017 10745 50.000000
1018 10392 50.000000
1413 1435 50.000000
1498 1520 50.000000
254 255 49.000000
255 256 49.000000
256 257 49.000000
257 258 49.000000
258 259 49.000000
259 260 49.000000
260 261 49.000000
938 939 49.000000
939 940 49.000000
940 941 49.000000
941 942 49.000000
942 943 49.000000
943 944 49.000000
1235 1257 49.000000
944 945 48.000000
1129 1151 48.000000
1387 1409 48.000000
836 857 47.000000
850 851 47.000000
851 852 47.000000
852 853 47.000000
853 854 47.000000
854 855 47.000000
855 856 47.000000
856 857 47.000000
1323 1345 47.000000
562 584 46.000000
1017 10331 46.000000
1017 10357 46.000000
1017 10946 46.000000
1017 10949 46.000000
1065 10827 46.000000
166 188 45.000000
1018 10554 45.000000
1018 10982 45.000000
1060 10816 45.000000
1279 1301 45.000000
249 271 44.000000
1060 10725 44.000000
1060 10775 44.000000
1060 10783 44.000000
1060 10848 44.000000
1060 10934 44.000000
1495 1517 44.000000
924 945 43.000000
952 974 43.000000
1060 10703 43.000000
1060 10902 43.000000
1060 10921 43.000000
1081 10965 43.000000
261 262 42.000000
262 263 42.000000
1061 10665 42.000000
1061 10752 42.000000
428 429 41.000000
429 430 41.000000
430 431 41.000000
821 843 41.000000
822 844 41.000000
902 923 41.000000
916 917 41.000000
916 938 41.000000
917 918 41.000000
918 919 41.000000
919 920 41.000000
920 921 41.000000
921 922 41.000000
922 923 41.000000
1060 10603 41.000000
1060 10645 41.000000
1060 10738 41.000000
1060 10777 41.000000
1060 10808 41.000000
1060 10810 41.000000
1060 10841 41.000000
1060 10877 41.000000
1299 1321 41.000000
1435 1436 41.000000
1436 1437 41.000000
1437 1438 41.000000
1438 1439 41.000000
406 407 40.000000
407 408 40.000000
408 409 40.000000
409 410 40.000000
1017 10280 40.000000
253 275 39.000000
572 593 39.000000
591 592 39.000000
592 593 39.000000
836 837 39.000000
1016 10386 39.000000
335 336 38.000000
517 539 38.000000
572 573 38.000000
573 574 38.000000
1023 10436 38.000000
1062 10953 38.000000
1081 10816 38.000000
1119 1141 38.000000
1342 1364 38.000000
497 519 37.000000
1012 10932 37.000000
1081 10848 37.000000
1103 1125 37.000000
66 88 36.000000
454 455 36.000000
455 456 36.000000
456 457 36.000000
457 458 36.000000
458 459 36.000000
474 496 36.000000
480 481 36.000000
510 532 36.000000
668 690 36.000000
837 859 36.000000
847 869 36.000000
954 976 36.000000
1081 10902 36.000000
1081 10921 36.000000
1146 1168 36.000000
336 337 35.000000
1043 10936 35.000000
1060 10811 35.000000
388 389 34.000000
389 390 34.000000
390 391 34.000000
391 392 34.000000
560 582 34.000000
1016 10842 34.000000
0 22 33.000000
511 533 33.000000
574 575 33.000000
1086 10936 33.000000
291 292 32.000000
428 450 32.000000
550 551 32.000000
568 569 32.000000
798 820 32.000000
1021 10998 32.000000
550 571 31.000000
569 570 31.000000
570 571 31.000000
1019 10985 31.000000
1021 10762 31.000000
1075 1076 31.000000
1075 1097 31.000000
1147 1169 31.000000
1407 1429 31.000000
649 650 30.000000
1018 10979 30.000000
1084 10985 30.000000
1364 1386 30.000000
1520 1542 30.000000
232 254 29.000000
1026 1027 29.000000
1027 1028 29.000000
1028 1029 29.000000
1029 1030 29.000000
1030 1031 29.000000
1363 1385 29.000000
74 96 28.000000
1016 10167 28.000000
1016 10250 28.000000
1016 10575 28.000000
1016 10640 28.000000
1018 10413 28.000000
1391 1392 28.000000
57 79 27.000000
473 495 27.000000
598 620 27.000000
955 977 27.000000
1017 10821 27.000000
529 530 26.000000
530 531 26.000000
1016 10539 26.000000
1017 10681 26.000000
1019 10668 26.000000
1031 1032 26.000000
1125 1147 26.000000
1278 1300 26.000000
1544 1566 26.000000
445 446 25.000000
528 529 25.000000
528 549 25.000000
547 548 25.000000
548 549 25.000000
1000 10607 25.000000
1016 10179 25.000000
1016 10718 25.000000
1017 10277 25.000000
1017 10659 25.000000
1017 10721 25.000000
1017 10811 25.000000
1017 10955 25.000000
1018 10487 25.000000
1042 10762 25.000000
1042 10947 25.000000
1153 1154 25.000000
1154 1155 25.000000
1155 1156 25.000000
1156 1157 25.000000
1157 1158 25.000000
1158 1159 25.000000
1159 1160 25.000000
1160 1161 25.000000
1161 1162 25.000000
1162 1163 25.000000
475 497 24.000000
580 602 24.000000
907 929 24.000000
967 989 24.000000
1016 10788 24.000000
1018 10415 24.000000
1018 10689 24.000000
1018 10850 24.000000
1042 10470 24.000000
1065 10729 24.000000
1367 1389 24.000000
516 538 23.000000
1016 10565 23.000000
1016 10831 23.000000
1018 10618 23.000000
1065 10834 23.000000
1343 1365 23.000000
1414 1415 23.000000
1415 1416 23.000000
1416 1417 23.000000
1417 1439 23.000000
232 233 22.000000
330 331 22.000000
330 351 22.000000
331 332 22.000000
332 333 22.000000
333 334 22.000000
334 335 22.000000
349 350 22.000000
350 351 22.000000
1060 10951 22.000000
1082 10821 22.000000
1515 1516 22.000000
209 231 21.000000
366 388 21.000000
1059 10724 21.000000
1060 10946 21.000000
1061 10901 21.000000
1061 10982 21.000000
1081 10841 21.000000
1081 10877 21.000000
1083 1105 21.000000
1474 1496 21.000000
363 364 20.000000
364 365 20.000000
365 366 20.000000
438 460 20.000000
452 474 20.000000
1001 10751 20.000000
1016 1038 20.000000
1043 10607 20.000000
44 66 19.000000
444 445 19.000000
692 693 19.000000
693 694 19.000000
694 695 19.000000
695 696 19.000000
696 697 19.000000
697 698 19.000000
698 699 19.000000
699 700 19.000000
735 757 19.000000
973 995 19.000000
1021 10409 19.000000
1021 10481 19.000000
1060 10949 19.000000
1060 10955 19.000000
1060 10969 19.000000
1081 10934 19.000000
518 540 18.000000
1037 10539 18.000000
1060 10745 18.000000
1087 10987 18.000000
1300 1322 18.000000
1365 1387 18.000000
604 626 17.000000
663 685 17.000000
1022 10607 17.000000
1039 10446 17.000000
1141 1163 17.000000
626 648 16.000000
868 890 16.000000
1000 10064 16.000000
1003 1004 16.000000
1004 1005 16.000000
1005 1006 16.000000
1006 1007 16.000000
1007 1008 16.000000
1008 1009 16.000000
1009 1010 16.000000
1018 10953 16.000000
1019 10577 16.000000
1021 10997 16.000000
1037 1059 16.000000
1040 10668 16.000000
1043 10503 16.000000
1043 10981 16.000000
1060 1082 16.000000
1065 10682 16.000000
1065 10923 16.000000
1388 1410 16.000000
1433 1455 16.000000
340 341 15.000000
402 403 15.000000
497 498 15.000000
498 499 15.000000
499 500 15.000000
500 501 15.000000
501 502 15.000000
502 503 15.000000
885 907 15.000000
1000 10327 15.000000
1000 10340 15.000000
1000 10553 15.000000
1000 10844 15.000000
1003 10378 15.000000
1017 10249 15.000000
1083 10953 15.000000
76 98 14.000000
205 227 14.000000
464 465 14.000000
465 466 14.000000
531 532 14.000000
872 894 14.000000
1032 1033 14.000000
1043 10456 14.000000
1475 1497 14.000000
261 283 13.000000
649 671 13.000000
881 903 13.000000
1086 10923 13.000000
117 139 12.000000
462 463 12.000000
462 483 12.000000
463 464 12.000000
481 482 12.000000
482 483 12.000000
531 553 12.000000
757 758 12.000000
924 946 12.000000
1001 10155 12.000000
1001 10436 12.000000
1016 10299 12.000000
1032 1054 12.000000
1077 1099 12.000000
1083 10979 12.000000
1210 1232 12.000000
1554 1576 12.000000
1022 10273 11.000000
1039 10627 11.000000
1042 10998 11.000000
1206 1207 11.000000
1554 1555 11.000000
1555 1556 11.000000
1556 1557 11.000000
1557 1558 11.000000
1558 1559 11.000000
297 298 10.000000
298 299 10.000000
299 300 10.000000
300 301 10.000000
301 302 10.000000
302 303 10.000000
303 304 10.000000
304 305 10.000000
437 459 10.000000
619 641 10.000000
650 651 10.000000
651 652 10.000000
652 653 10.000000
653 654 10.000000
654 655 10.000000
655 656 10.000000
956 978 10.000000
1043 10533 10.000000
1081 10831 10.000000
1081 10903 10.000000
1083 10850 10.000000
1087 10887 10.000000
401 402 9.000000
569 591 9.000000
616 617 9.000000
616 637 9.000000
617 618 9.000000
635 636 9.000000
636 637 9.000000
928 950 9.000000
950 972 9.000000
1054 10592 9.000000
1065 10936 9.000000
182 204 8.000000
204 226 8.000000
451 473 8.000000
547 569 8.000000
618 619 8.000000
814 836 8.000000
850 872 8.000000
1001 10583 8.000000
1016 10484 8.000000
1016 10505 8.000000
1016 10506 8.000000
1016 10568 8.000000
1016 10664 8.000000
1016 10775 8.000000
1016 10783 8.000000
1016 10934 8.000000
1016 10965 8.000000
1023 10578 8.000000
1038 10883 8.000000
1039 10415 8.000000
1039 10487 8.000000
1039 10618 8.000000
1039 10689 8.000000
1039 10850 8.000000
1053 1075 8.000000
1054 1076 8.000000
1473 1495 8.000000
1565 1566 8.000000
111 133 7.000000
574 596 7.000000
606 607 7.000000
607 608 7.000000
608 609 7.000000
609 610 7.000000
610 611 7.000000
611 612 7.000000
612 613 7.000000
749 750 7.000000
814 815 7.000000
1037 10788 7.000000
1038 10399 7.000000
1055 1077 7.000000
1082 10955 7.000000
1086 10918 7.000000
1174 1196 7.000000
1345 1367 7.000000
1389 1411 7.000000
143 165 6.000000
165 187 6.000000
239 261 6.000000
432 454 6.000000
628 629 6.000000
629 630 6.000000
630 631 6.000000
631 632 6.000000
632 633 6.000000
633 634 6.000000
634 635 6.000000
683 705 6.000000
685 707 6.000000
705 727 6.000000
706 728 6.000000
757 779 6.000000
1000 1022 6.000000
1039 10392 6.000000
1254 1276 6.000000
122 144 5.000000
871 872 5.000000
945 967 5.000000
1000 10049 5.000000
1016 10476 5.000000
1016 10848 5.000000
1016 10902 5.000000
1016 10921 5.000000
1023 10778 5.000000
1038 10659 5.000000
1038 10721 5.000000
1042 1064 5.000000
1059 1081 5.000000
1516 1538 5.000000
30 52 4.000000
73 95 4.000000
344 366 4.000000
410 432 4.000000
514 536 4.000000
960 982 4.000000
1000 10403 4.000000
1023 10751 4.000000
1039 10554 4.000000
1039 10901 4.000000
1039 10982 4.000000
1079 1101 4.000000
366 367 3.000000
367 368 3.000000
368 369 3.000000
369 370 3.000000
370 371 3.000000
371 393 3.000000
384 385 3.000000
385 386 3.000000
386 387 3.000000
387 388 3.000000
393 415 3.000000
415 437 3.000000
459 481 3.000000
582 604 3.000000
669 691 3.000000
946 968 3.000000
1022 10403 3.000000
1031 1053 3.000000
1037 10565 3.000000
1038 1060 3.000000
1038 10811 3.000000
1038 10946 3.000000
1038 10949 3.000000
1038 10951 3.000000
1038 10955 3.000000
1038 10969 3.000000
1164 1186 3.000000
1218 1219 3.000000
1219 1220 3.000000
1220 1221 3.000000
1221 1222 3.000000
1222 1223 3.000000
1223 1224 3.000000
1224 1225 3.000000
1225 1226 3.000000
1226 1227 3.000000
1227 1228 3.000000
1302 1324 3.000000
1390 1412 3.000000
31 53 2.000000
14 1576 2.000000
35 36 2.000000
15 1577 2.000000
69 91 2.000000
264 286 2.000000
319 320 2.000000
320 321 2.000000
321 322 2.000000
322 344 2.000000
341 342 2.000000
342 343 2.000000
343 344 2.000000
384 406 2.000000
431 432 2.000000
431 453 2.000000
445 467 2.000000
464 486 2.000000
552 574 2.000000
575 597 2.000000
576 598 2.000000
932 954 2.000000
957 979 2.000000
1014 1036 2.000000
1036 1058 2.000000
1037 10726 2.000000
1037 10831 2.000000
1039 10529 2.000000
1039 10542 2.000000
1039 10665 2.000000
1057 1079 2.000000
1100 1122 2.000000
1122 1144 2.000000
1505 1506 2.000000
1506 1507 2.000000
1507 1508 2.000000
1508 1509 2.000000
1509 1510 2.000000
381 382 1.000000
382 383 1.000000
383 384 1.000000
550 572 1.000000
618 640 1.000000
793 815 1.000000
814 835 1.000000
828 829 1.000000
828 850 1.000000
829 830 1.000000
830 831 1.000000
831 832 1.000000
832 833 1.000000
833 834 1.000000
834 835 1.000000
858 879 1.000000
872 873 1.000000
873 874 1.000000
874 875 1.000000
875 876 1.000000
876 877 1.000000
877 878 1.000000
878 879 1.000000
944 966 1.000000
966 988 1.000000
1038 10476 1.000000
1038 10703 1.000000
1038 10745 1.000000
1038 10816 1.000000
1038 10848 1.000000
1038 10902 1.000000
1038 10921 1.000000
1044 1066 1.000000
1076 1098 1.000000
1189 1211 1.000000
1196 1197 1.000000
1197 1198 1.000000
1198 1199 1.000000
1199 1200 1.000000
1200 1201 1.000000
1201 1202 1.000000
1202 1203 1.000000
1203 1204 1.000000
1204 1205 1.000000
1205 1206 1.000000
1346 1368 1.000000
1477 1499 1.000000
1478 1500 1.000000
1510 1511 1.000000
1510 1532 1.000000
1511 1512 1.000000
1512 1513 1.000000
1513 1514 1.000000
1514 1515 1.000000
1521 1543 1.000000
1532 1554 1.000000
1544 1545 1.000000
