1179 1180 14493.000000
1157 1158 14228.000000
1201 1202 12450.000000
1199 1200 12260.000000
1200 1201 12106.000000
1217 1218 11644.000000
1156 1157 11171.000000
1003 1004 11025.000000
52 53 10635.000000
1178 1179 10579.000000
1215 1216 10498.000000
1216 1217 10497.000000
186 187 10368.000000
187 188 10368.000000
188 189 10368.000000
1155 1156 10257.000000
185 186 10226.000000
938 939 9819.000000
1218 1219 9795.000000
1198 1199 9434.000000
184 185 9378.000000
981 982 9362.000000
937 938 9257.000000
229 230 9106.000000
230 231 9106.000000
231 232 9106.000000
232 233 9028.000000
982 983 8985.000000
1025 1026 8962.000000
95 96 8812.000000
189 190 8669.000000
1177 1178 8639.000000
207 208 8486.000000
208 209 8486.000000
209 210 8486.000000
210 211 8486.000000
1002 1003 8439.000000
96 97 8348.000000
1349 1350 8310.000000
142 143 8249.000000
143 144 8249.000000
144 145 8249.000000
145 146 8249.000000
1244 1245 8212.000000
1026 1027 8210.000000
1348 1349 8189.000000
1219 1220 8022.000000
1222 1223 7876.000000
141 142 7865.000000
1214 1215 7721.000000
1221 1222 7528.000000
1154 1155 7442.000000
802 803 7407.000000
803 804 7407.000000
936 937 7338.000000
1220 1221 7300.000000
233 234 7238.000000
1243 1244 7228.000000
1001 1002 7203.000000
1245 1246 7187.000000
8 9 6969.000000
1024 1025 6947.000000
867 868 6725.000000
868 869 6725.000000
206 207 6665.000000
6 7 6509.000000
1158 1159 6500.000000
273 274 6493.000000
274 275 6493.000000
275 276 6493.000000
277 278 6390.000000
1350 1351 6337.000000
251 252 6319.000000
252 253 6319.000000
253 254 6319.000000
1113 1114 6237.000000
234 235 6222.000000
939 940 6180.000000
228 229 6166.000000
190 191 6141.000000
276 277 6128.000000
1266 1267 6047.000000
823 824 6027.000000
824 825 6027.000000
825 826 6027.000000
1242 1243 5973.000000
1114 1115 5880.000000
5 6 5824.000000
1023 1024 5821.000000
849 850 5814.000000
1027 1028 5759.000000
980 981 5737.000000
869 870 5734.000000
1135 1136 5682.000000
7 8 5544.000000
1112 1113 5539.000000
162 163 5516.000000
846 847 5460.000000
847 848 5460.000000
1393 1394 5194.000000
1047 1048 5166.000000
1392 1393 5143.000000
959 960 5044.000000
889 890 5015.000000
890 891 5015.000000
891 892 5015.000000
1046 1047 4954.000000
960 961 4923.000000
866 867 4908.000000
1352 1353 4894.000000
1197 1198 4877.000000
845 846 4866.000000
342 343 4854.000000
1394 1395 4837.000000
1351 1352 4762.000000
1353 1354 4751.000000
255 256 4732.000000
1176 1177 4721.000000
163 164 4700.000000
164 165 4700.000000
165 166 4700.000000
166 167 4700.000000
167 168 4700.000000
1265 1266 4631.000000
893 894 4607.000000
4 5 4550.000000
1241 1242 4524.000000
1240 1241 4508.000000
1239 1240 4495.000000
1264 1265 4481.000000
1158 1180 4449.000000
254 255 4411.000000
235 236 4410.000000
278 279 4402.000000
1504 1505 4387.000000
1503 1504 4384.000000
804 805 4263.000000
1237 1238 4259.000000
997 998 4208.000000
998 999 4208.000000
1238 1239 4169.000000
211 212 4108.000000
1004 1005 4064.000000
53 54 4039.000000
1223 1224 3943.000000
933 934 3929.000000
934 935 3929.000000
1028 1029 3905.000000
892 893 3903.000000
140 141 3864.000000
780 781 3843.000000
781 782 3843.000000
1395 1396 3841.000000
250 251 3805.000000
10 10241 3756.000000
73 74 3756.000000
778 779 3706.000000
1045 1046 3700.000000
1070 1071 3698.000000
1019 1020 3671.000000
1020 1021 3671.000000
1021 1022 3666.000000
1022 1023 3666.000000
1111 1112 3644.000000
865 866 3638.000000
51 52 3630.000000
1090 1091 3626.000000
870 871 3612.000000
1134 1135 3599.000000
1048 1049 3549.000000
1091 1092 3522.000000
848 849 3476.000000
1132 1133 3466.000000
801 802 3417.000000
1194 1195 3411.000000
1327 1328 3402.000000
183 184 3400.000000
1308 1309 3392.000000
958 959 3387.000000
1307 1308 3369.000000
1263 1264 3342.000000
1329 1330 3336.000000
1482 1483 3336.000000
1330 1331 3325.000000
1133 1134 3321.000000
1331 1332 3300.000000
1288 1289 3286.000000
1547 1548 3283.000000
1309 1310 3281.000000
584 585 3259.000000
585 586 3259.000000
139 140 3256.000000
1195 1196 3237.000000
935 936 3232.000000
652 653 3215.000000
1305 1306 3192.000000
1068 1069 3184.000000
586 587 3176.000000
827 828 3156.000000
1069 1070 3134.000000
587 588 3132.000000
844 845 3106.000000
894 895 3106.000000
822 823 3103.000000
256 257 3094.000000
1328 1329 3089.000000
1502 1503 3073.000000
1287 1288 3061.000000
1483 1484 3057.000000
1281 1282 3051.000000
212 213 3032.000000
779 780 3022.000000
1283 1284 3022.000000
1092 1093 3021.000000
1000 1001 3008.000000
1153 1154 2997.000000
1196 1197 2981.000000
588 610 2942.000000
888 889 2942.000000
1067 1068 2936.000000
117 118 2927.000000
1481 1482 2897.000000
1546 1547 2893.000000
1193 1194 2863.000000
915 916 2849.000000
932 933 2816.000000
146 147 2804.000000
914 915 2798.000000
1259 1260 2797.000000
1417 1418 2784.000000
805 806 2777.000000
1438 1439 2748.000000
1236 1237 2743.000000
1371 1372 2689.000000
1286 1287 2669.000000
1460 1461 2664.000000
1396 1397 2659.000000
279 280 2657.000000
1136 1137 2656.000000
1261 1262 2650.000000
1548 1549 2640.000000
236 237 2638.000000
191 192 2618.000000
204 205 2618.000000
826 827 2609.000000
257 258 2596.000000
1415 1416 2593.000000
758 759 2585.000000
759 760 2585.000000
996 997 2583.000000
1284 1285 2583.000000
30 31 2561.000000
1332 1333 2556.000000
161 162 2547.000000
939 961 2546.000000
1306 1307 2524.000000
1071 1072 2522.000000
364 365 2521.000000
674 675 2516.000000
675 676 2516.000000
227 228 2488.000000
1260 1261 2476.000000
800 801 2461.000000
168 169 2460.000000
1304 1305 2460.000000
1262 1263 2443.000000
1174 1175 2429.000000
1171 1172 2428.000000
1172 1173 2428.000000
1173 1174 2427.000000
1372 1373 2422.000000
871 872 2406.000000
696 697 2401.000000
1089 1090 2390.000000
1285 1286 2388.000000
118 119 2384.000000
53 75 2365.000000
1049 1050 2358.000000
1280 1281 2356.000000
760 761 2344.000000
957 958 2338.000000
1175 1176 2310.000000
1545 1546 2301.000000
1416 1417 2270.000000
806 807 2214.000000
1088 1089 2207.000000
649 650 2200.000000
650 651 2200.000000
651 652 2200.000000
226 227 2180.000000
1180 1181 2174.000000
29 30 2161.000000
1461 1462 2136.000000
248 249 2135.000000
74 75 2118.000000
1282 1283 2096.000000
1480 1481 2089.000000
192 193 2084.000000
1258 1259 2065.000000
821 822 2046.000000
1005 1006 2045.000000
1040 1041 2025.000000
1041 1042 2025.000000
1042 1043 2025.000000
249 250 2021.000000
1043 1044 2017.000000
294 295 2005.000000
295 296 2005.000000
296 297 2005.000000
297 298 2005.000000
146 168 1990.000000
147 169 1981.000000
653 654 1971.000000
1414 1415 1960.000000
1110 1111 1947.000000
205 206 1910.000000
1479 1480 1910.000000
757 758 1905.000000
1170 1171 1881.000000
1150 1151 1875.000000
1151 1152 1874.000000
213 214 1853.000000
910 911 1853.000000
911 912 1853.000000
912 913 1853.000000
247 248 1849.000000
828 829 1849.000000
1072 1073 1814.000000
1152 1153 1812.000000
365 366 1795.000000
850 851 1792.000000
1310 1311 1785.000000
291 292 1782.000000
1504 1526 1731.000000
278 300 1730.000000
237 238 1728.000000
740 741 1710.000000
189 211 1699.000000
984 985 1691.000000
1091 10917 1679.000000
588 589 1667.000000
138 139 1666.000000
631 632 1646.000000
214 215 1644.000000
193 194 1639.000000
713 714 1639.000000
343 344 1616.000000
1192 1193 1611.000000
344 345 1594.000000
1549 1550 1579.000000
298 299 1570.000000
116 117 1546.000000
1437 1438 1522.000000
70 71 1517.000000
71 72 1517.000000
299 300 1517.000000
676 677 1508.000000
909 910 1504.000000
983 984 1473.000000
782 783 1468.000000
215 216 1422.000000
784 785 1402.000000
736 737 1396.000000
737 738 1396.000000
738 739 1396.000000
1213 1214 1386.000000
300 301 1373.000000
1001 10167 1369.000000
1505 1506 1366.000000
715 716 1362.000000
716 717 1361.000000
895 896 1353.000000
52 74 1344.000000
1006 1007 1343.000000
1373 1374 1331.000000
741 742 1328.000000
697 698 1321.000000
1115 1116 1311.000000
1137 1138 1306.000000
118 140 1303.000000
654 655 1297.000000
913 914 1294.000000
1001 10025 1292.000000
1047 10669 1291.000000
162 184 1268.000000
1062 1063 1267.000000
1063 1064 1267.000000
1064 1065 1267.000000
589 590 1266.000000
1131 1132 1261.000000
979 980 1257.000000
896 918 1255.000000
975 976 1255.000000
976 977 1255.000000
977 978 1255.000000
978 979 1255.000000
1002 10254 1254.000000
783 784 1253.000000
1023 10407 1250.000000
1462 1463 1245.000000
1289 1290 1234.000000
1354 1355 1234.000000
1418 1419 1213.000000
1106 1107 1211.000000
1107 1108 1211.000000
1108 1109 1211.000000
1024 10280 1203.000000
671 672 1200.000000
672 673 1200.000000
673 674 1200.000000
72 73 1194.000000
365 387 1188.000000
1109 1110 1188.000000
1374 1375 1187.000000
191 213 1181.000000
292 293 1181.000000
293 294 1181.000000
807 808 1180.000000
1375 1376 1174.000000
917 918 1173.000000
1439 1440 1172.000000
718 719 1170.000000
719 720 1170.000000
1003 10190 1170.000000
1159 1160 1170.000000
953 954 1165.000000
954 955 1165.000000
955 956 1165.000000
956 957 1165.000000
1436 1437 1164.000000
302 303 1159.000000
272 273 1154.000000
931 932 1150.000000
714 715 1144.000000
236 258 1142.000000
1029 1030 1141.000000
735 736 1134.000000
916 917 1134.000000
324 325 1133.000000
1419 1420 1131.000000
194 195 1124.000000
29 51 1110.000000
97 98 1109.000000
850 872 1097.000000
258 259 1093.000000
739 740 1092.000000
1202 1203 1084.000000
1003 10305 1083.000000
10 11 1082.000000
172 173 1082.000000
234 256 1080.000000
182 183 1079.000000
271 272 1077.000000
170 171 1060.000000
238 239 1053.000000
69 70 1051.000000
698 699 1045.000000
1001 10298 1045.000000
323 324 1037.000000
31 32 1029.000000
26 27 1028.000000
27 28 1028.000000
28 29 1026.000000
169 170 1020.000000
75 97 1017.000000
303 304 1016.000000
720 721 1012.000000
887 888 1007.000000
1044 1045 995.000000
1093 1094 994.000000
785 786 993.000000
562 563 989.000000
563 564 989.000000
270 271 987.000000
564 565 984.000000
610 611 970.000000
92 93 956.000000
93 94 956.000000
74 96 947.000000
1181 1182 931.000000
1050 1051 924.000000
1117 1118 924.000000
1118 1119 924.000000
1501 1502 907.000000
1045 10951 902.000000
590 591 901.000000
1397 1398 901.000000
301 302 898.000000
1116 1117 893.000000
1065 1066 891.000000
630 631 887.000000
147 148 879.000000
368 369 874.000000
670 671 874.000000
1169 1170 873.000000
148 149 867.000000
171 172 867.000000
48 49 866.000000
49 50 866.000000
1039 1040 861.000000
806 828 855.000000
1018 1019 855.000000
50 51 854.000000
94 95 853.000000
632 633 852.000000
627 628 851.000000
628 629 851.000000
629 630 851.000000
1182 1183 849.000000
1183 1184 849.000000
1025 10305 840.000000
894 916 831.000000
139 161 821.000000
1084 1085 818.000000
1085 1086 818.000000
1086 1087 818.000000
1071 1093 812.000000
132 133 807.000000
132 153 807.000000
133 134 807.000000
134 135 807.000000
135 136 807.000000
136 137 807.000000
137 138 807.000000
152 153 807.000000
1279 1280 807.000000
1435 1436 804.000000
1149 1150 803.000000
1030 1031 801.000000
91 92 798.000000
279 301 798.000000
280 281 786.000000
609 610 785.000000
1459 1460 783.000000
692 693 775.000000
693 694 775.000000
694 695 775.000000
1376 1377 765.000000
321 322 758.000000
1128 1129 747.000000
1129 1130 747.000000
1130 1131 747.000000
1305 1327 743.000000
366 367 741.000000
322 323 739.000000
386 387 735.000000
717 718 735.000000
565 566 734.000000
22 43 731.000000
42 43 731.000000
22 23 727.000000
23 24 727.000000
325 326 727.000000
1105 1106 720.000000
761 762 717.000000
140 162 715.000000
264 265 711.000000
264 285 711.000000
265 266 711.000000
266 267 711.000000
267 268 711.000000
268 269 711.000000
283 284 711.000000
284 285 711.000000
367 368 710.000000
756 757 708.000000
669 670 703.000000
1028 1050 700.000000
110 111 699.000000
110 131 699.000000
111 112 699.000000
112 113 699.000000
113 114 699.000000
114 115 699.000000
115 116 699.000000
130 131 699.000000
176 177 684.000000
176 197 684.000000
177 178 684.000000
178 179 684.000000
179 180 684.000000
180 181 684.000000
196 197 684.000000
734 735 682.000000
225 226 680.000000
181 182 678.000000
204 226 676.000000
1458 1459 670.000000
677 678 666.000000
604 605 662.000000
611 612 655.000000
1087 1088 654.000000
626 627 652.000000
429 430 648.000000
1257 1258 648.000000
430 431 644.000000
1127 1128 641.000000
1025 10487 639.000000
1440 1441 630.000000
652 674 629.000000
259 260 628.000000
235 257 624.000000
603 604 614.000000
1484 1485 614.000000
1202 1224 611.000000
281 282 609.000000
1001 10681 609.000000
1126 1127 604.000000
190 212 599.000000
149 150 598.000000
160 161 598.000000
24 25 596.000000
320 321 596.000000
1523 1524 586.000000
280 302 584.000000
1114 1136 581.000000
648 649 574.000000
762 763 573.000000
1235 1236 571.000000
108 109 565.000000
10 32 563.000000
647 648 563.000000
150 151 562.000000
1023 10386 562.000000
1116 1138 562.000000
1301 1302 560.000000
1302 1303 560.000000
1303 1304 560.000000
1000 10179 557.000000
1550 1551 550.000000
88 89 547.000000
89 90 547.000000
90 91 547.000000
345 346 545.000000
1370 1371 539.000000
695 696 532.000000
1282 1304 525.000000
316 317 516.000000
317 318 516.000000
318 319 516.000000
319 320 516.000000
117 139 511.000000
216 217 508.000000
47 48 506.000000
1031 1032 504.000000
655 656 500.000000
1019 10272 498.000000
1019 10411 498.000000
1006 10204 491.000000
1073 1074 491.000000
1074 1075 491.000000
25 26 489.000000
198 199 488.000000
198 219 488.000000
199 200 488.000000
200 201 488.000000
201 202 488.000000
202 203 488.000000
217 218 488.000000
218 219 488.000000
1245 1267 488.000000
3 4 487.000000
633 634 487.000000
1029 1051 480.000000
763 764 479.000000
225 247 474.000000
1006 10678 473.000000
1571 1572 473.000000
1569 1570 468.000000
497 498 465.000000
498 499 465.000000
499 500 465.000000
1115 1137 465.000000
691 692 464.000000
1066 1067 461.000000
203 204 459.000000
1024 10901 459.000000
276 298 451.000000
369 370 445.000000
30 52 444.000000
1024 1046 441.000000
325 347 439.000000
248 270 438.000000
1570 1571 437.000000
1524 1525 434.000000
1160 1161 433.000000
1161 1162 433.000000
1162 1163 433.000000
580 581 431.000000
1019 10711 431.000000
1024 10254 431.000000
346 347 429.000000
119 141 426.000000
1051 1052 425.000000
1052 1053 425.000000
1019 10932 423.000000
242 243 419.000000
242 263 419.000000
243 244 419.000000
244 245 419.000000
245 246 419.000000
246 247 419.000000
261 262 419.000000
262 263 419.000000
220 221 416.000000
220 241 416.000000
221 222 416.000000
222 223 416.000000
223 224 416.000000
224 225 416.000000
239 240 416.000000
240 241 416.000000
1156 1178 414.000000
238 260 413.000000
1002 10022 407.000000
1000 10167 405.000000
764 765 401.000000
1568 1569 399.000000
1050 10927 398.000000
1025 10953 397.000000
1148 1149 394.000000
1065 1087 389.000000
1018 10276 383.000000
761 783 375.000000
1027 1049 369.000000
718 740 365.000000
1046 10689 364.000000
257 279 363.000000
995 996 362.000000
1004 10432 359.000000
1522 1523 358.000000
1026 10668 351.000000
1046 10850 351.000000
1574 1575 347.000000
1575 1576 347.000000
717 739 345.000000
249 271 344.000000
1027 10488 339.000000
1027 10947 339.000000
1573 1574 339.000000
1184 1185 333.000000
282 283 330.000000
1019 10474 330.000000
1029 10846 329.000000
1061 1062 329.000000
608 609 325.000000
1163 1164 325.000000
1002 10982 324.000000
119 120 320.000000
583 584 319.000000
32 54 318.000000
1002 10249 318.000000
1141 1142 311.000000
120 121 310.000000
121 122 310.000000
122 123 310.000000
123 124 310.000000
1007 10523 310.000000
1029 10431 310.000000
1003 10796 309.000000
1007 10176 309.000000
1007 10293 309.000000
1007 10455 309.000000
1007 10643 309.000000
1138 1139 307.000000
1139 1140 307.000000
1140 1141 307.000000
1191 1192 304.000000
1267 1268 302.000000
269 270 301.000000
605 606 301.000000
606 607 301.000000
607 608 301.000000
1029 10340 300.000000
581 582 298.000000
1481 1503 297.000000
31 53 296.000000
985 986 290.000000
986 987 290.000000
1040 10731 288.000000
1289 1311 288.000000
566 567 287.000000
1028 10995 287.000000
1203 1204 287.000000
1463 1464 285.000000
1069 10953 284.000000
589 611 283.000000
161 183 282.000000
410 411 282.000000
411 412 282.000000
412 413 282.000000
1093 10961 282.000000
1039 10635 279.000000
388 389 278.000000
389 390 278.000000
1004 10279 278.000000
1004 10426 278.000000
1004 10593 278.000000
344 366 277.000000
567 568 276.000000
1004 10113 275.000000
154 155 274.000000
154 175 274.000000
155 156 274.000000
156 157 274.000000
157 158 274.000000
158 159 274.000000
159 160 274.000000
173 174 274.000000
174 175 274.000000
1026 10279 274.000000
1566 1567 274.000000
1004 10619 271.000000
1125 1126 271.000000
1506 1507 271.000000
149 171 269.000000
256 278 269.000000
1004 10372 269.000000
1004 10977 269.000000
1004 10218 268.000000
1025 1047 268.000000
1567 1568 268.000000
1004 10335 267.000000
1004 10763 267.000000
1004 10895 267.000000
124 125 266.000000
1004 10702 266.000000
1093 10936 266.000000
1147 1148 266.000000
300 322 265.000000
1326 1327 263.000000
742 743 261.000000
500 522 260.000000
1024 10982 260.000000
1023 10298 259.000000
336 337 258.000000
337 338 258.000000
338 339 258.000000
339 340 258.000000
340 341 258.000000
341 342 258.000000
387 388 257.000000
568 569 257.000000
590 612 257.000000
1005 10502 257.000000
1005 10740 257.000000
918 940 256.000000
258 280 254.000000
1027 10600 251.000000
1027 10924 251.000000
1028 10997 249.000000
849 871 248.000000
1200 1222 248.000000
633 655 246.000000
677 699 246.000000
1006 10561 246.000000
1023 10331 246.000000
1214 1236 244.000000
760 782 242.000000
1094 1095 242.000000
1004 10045 241.000000
1032 10378 241.000000
1047 10577 240.000000
1507 1508 239.000000
98 99 238.000000
100 101 238.000000
101 102 238.000000
1122 1123 238.000000
1122 1143 238.000000
1123 1124 238.000000
1124 1125 238.000000
1142 1143 238.000000
1002 10487 236.000000
1026 10985 236.000000
1095 1096 236.000000
1096 1097 236.000000
1144 1145 236.000000
1144 1165 236.000000
1145 1146 236.000000
1146 1147 236.000000
1164 1165 236.000000
1068 1090 234.000000
314 315 232.000000
315 316 232.000000
1030 10436 231.000000
66 67 230.000000
67 68 230.000000
261 283 229.000000
1025 10421 229.000000
778 800 228.000000
1217 1239 228.000000
1548 1570 228.000000
500 501 227.000000
501 502 227.000000
502 503 227.000000
503 504 227.000000
1004 10532 225.000000
1007 10844 225.000000
1019 10999 225.000000
282 304 223.000000
872 873 223.000000
452 453 222.000000
1004 10894 222.000000
1027 10894 222.000000
1049 10998 222.000000
805 827 221.000000
1073 10778 221.000000
125 126 220.000000
126 127 220.000000
127 128 220.000000
128 129 220.000000
1029 10553 220.000000
1261 1283 220.000000
1007 10327 218.000000
1392 1414 218.000000
1457 1458 218.000000
1004 10271 216.000000
1004 10414 214.000000
1004 10868 214.000000
1050 10846 214.000000
953 975 213.000000
1030 10583 213.000000
1188 1189 213.000000
1188 1209 213.000000
1189 1190 213.000000
1190 1191 213.000000
1208 1209 213.000000
66 87 212.000000
86 87 212.000000
1285 1307 212.000000
1441 1442 212.000000
130 152 211.000000
1004 10142 210.000000
1004 10121 209.000000
1004 10239 209.000000
1004 10308 209.000000
1004 10387 209.000000
1004 10475 209.000000
1004 10730 209.000000
1004 10972 209.000000
182 204 208.000000
893 915 208.000000
1004 10486 207.000000
1004 10237 206.000000
1004 10062 203.000000
1004 10180 202.000000
1004 10347 202.000000
1019 10207 202.000000
594 595 201.000000
595 596 201.000000
1004 10879 201.000000
1092 10998 201.000000
582 583 200.000000
532 533 198.000000
533 534 198.000000
534 535 198.000000
1416 1438 198.000000
68 69 197.000000
612 613 195.000000
780 802 195.000000
1027 10609 195.000000
1048 10550 195.000000
1048 10717 195.000000
10 10889 194.000000
721 722 194.000000
1004 10184 194.000000
1004 10221 194.000000
1004 10940 194.000000
1004 10364 193.000000
1005 10329 193.000000
1005 10375 193.000000
1005 10379 193.000000
1005 10863 193.000000
1005 10886 193.000000
647 669 192.000000
987 988 192.000000
1040 10944 192.000000
1040 10590 191.000000
1322 1323 191.000000
1323 1324 191.000000
1324 1325 191.000000
1325 1326 191.000000
369 391 190.000000
1083 1084 190.000000
1565 1566 190.000000
1005 10358 189.000000
1005 10818 189.000000
1051 10751 189.000000
594 615 186.000000
613 614 186.000000
614 615 186.000000
1050 10607 186.000000
1075 1076 186.000000
1547 1569 186.000000
1062 10852 185.000000
1171 1193 185.000000
124 146 184.000000
783 805 183.000000
1048 10702 183.000000
1048 10977 183.000000
1023 1045 181.000000
1572 1573 181.000000
535 536 180.000000
536 537 180.000000
537 538 180.000000
1004 10789 180.000000
1195 1217 180.000000
1048 10600 179.000000
1048 10924 179.000000
192 214 178.000000
270 292 178.000000
1246 1268 178.000000
540 541 175.000000
541 542 175.000000
542 543 175.000000
543 544 175.000000
1008 1009 175.000000
1009 1010 175.000000
1027 10363 174.000000
1003 10925 173.000000
1007 1008 173.000000
1333 1334 170.000000
1024 10554 169.000000
1048 10818 169.000000
260 261 168.000000
1002 10618 168.000000
1480 1502 168.000000
1005 10244 167.000000
1026 10426 167.000000
1062 10835 167.000000
632 654 165.000000
1525 1526 165.000000
1027 10310 164.000000
1048 10863 163.000000
1048 10886 163.000000
185 207 162.000000
938 960 162.000000
1002 10922 162.000000
1220 1242 162.000000
1025 10469 161.000000
1039 10856 161.000000
1048 10609 160.000000
10 10262 159.000000
1026 10593 159.000000
151 152 158.000000
1026 10717 158.000000
1373 1395 158.000000
1544 1545 156.000000
1001 10325 155.000000
1026 10619 155.000000
909 931 154.000000
1204 1205 154.000000
1205 1206 154.000000
1206 1207 154.000000
1207 1208 154.000000
1027 10398 153.000000
1072 10981 153.000000
10 10345 152.000000
1049 10995 152.000000
696 718 151.000000
1026 10550 151.000000
1029 10523 150.000000
1017 1018 149.000000
1084 10932 149.000000
286 287 148.000000
286 307 148.000000
287 288 148.000000
288 289 148.000000
289 290 148.000000
290 291 148.000000
304 305 148.000000
305 306 148.000000
306 307 148.000000
699 700 147.000000
1069 1091 147.000000
212 234 146.000000
899 921 146.000000
1002 1024 146.000000
1004 10717 146.000000
1029 10293 145.000000
1029 10455 145.000000
1029 10643 145.000000
1050 10844 144.000000
214 236 143.000000
765 766 143.000000
1026 10372 143.000000
1026 10977 143.000000
762 784 142.000000
1026 10335 142.000000
1026 10702 142.000000
1026 10763 142.000000
1026 10895 142.000000
1071 10997 142.000000
1112 1134 142.000000
918 919 141.000000
919 920 141.000000
920 921 141.000000
1023 10357 141.000000
1024 10277 141.000000
1048 10763 141.000000
1048 10895 141.000000
102 124 140.000000
1176 1198 139.000000
1004 10246 138.000000
1004 10550 138.000000
1069 10985 137.000000
550 551 136.000000
551 552 136.000000
561 562 136.000000
597 598 136.000000
598 599 136.000000
599 600 136.000000
600 601 136.000000
601 602 136.000000
602 603 136.000000
823 845 136.000000
896 897 136.000000
897 898 136.000000
898 899 136.000000
804 826 135.000000
1026 10532 135.000000
1093 10981 135.000000
269 291 133.000000
581 603 133.000000
914 936 133.000000
1001 10821 133.000000
1004 1026 132.000000
1048 10996 132.000000
634 635 131.000000
1001 10509 131.000000
1088 10903 131.000000
550 571 130.000000
569 570 130.000000
570 571 130.000000
596 597 129.000000
828 850 129.000000
1001 10136 129.000000
1521 1522 129.000000
321 343 128.000000
1215 1237 128.000000
215 237 127.000000
1023 10565 126.000000
1046 10982 126.000000
1002 10979 125.000000
194 216 124.000000
623 624 124.000000
624 625 124.000000
1005 10346 124.000000
1005 10996 124.000000
1044 10476 124.000000
390 391 123.000000
544 566 123.000000
827 849 123.000000
160 182 122.000000
739 761 122.000000
1001 10640 122.000000
1024 10821 122.000000
1029 10844 122.000000
1241 1263 122.000000
678 700 121.000000
1256 1257 121.000000
1349 1371 121.000000
713 735 120.000000
619 620 119.000000
620 621 119.000000
621 622 119.000000
622 623 119.000000
1023 10842 119.000000
75 76 118.000000
1328 1350 118.000000
1523 1545 118.000000
1180 1202 117.000000
872 894 116.000000
51 73 115.000000
655 677 115.000000
1001 10277 115.000000
1051 10583 115.000000
1093 1115 115.000000
260 282 114.000000
1026 10271 114.000000
255 277 113.000000
895 917 113.000000
917 939 113.000000
1017 10635 113.000000
1027 10502 113.000000
1027 10740 113.000000
764 786 110.000000
1049 10762 110.000000
1049 10997 110.000000
1170 1192 110.000000
195 196 109.000000
1024 10811 109.000000
1091 10977 109.000000
1508 1509 109.000000
1509 1510 109.000000
1510 1511 109.000000
1511 1533 109.000000
630 652 108.000000
1027 10346 107.000000
1027 10996 107.000000
1264 1286 107.000000
129 130 106.000000
141 163 106.000000
958 980 106.000000
1050 10553 106.000000
1128 1150 106.000000
560 561 105.000000
1012 1013 105.000000
1012 1033 105.000000
1013 1014 105.000000
1014 1015 105.000000
1015 1016 105.000000
1016 1017 105.000000
1029 10327 105.000000
1032 1033 105.000000
1522 1544 105.000000
1001 10179 104.000000
1001 10268 104.000000
1001 10568 104.000000
1026 10347 104.000000
1027 10696 104.000000
1529 1530 104.000000
1530 1531 104.000000
1531 1532 104.000000
1532 1533 104.000000
1001 10250 103.000000
1001 10718 103.000000
699 721 102.000000
763 785 102.000000
1001 10664 102.000000
1001 10965 102.000000
1026 10857 102.000000
1027 10510 102.000000
313 314 101.000000
347 348 101.000000
1023 10831 101.000000
1001 10028 100.000000
1001 10484 100.000000
1001 10645 100.000000
959 981 99.000000
1024 10955 99.000000
1071 10998 99.000000
1351 1373 99.000000
1479 1501 99.000000
102 103 98.000000
892 914 98.000000
1001 10506 98.000000
1001 10783 98.000000
1040 10449 98.000000
1307 1329 98.000000
1025 10618 97.000000
1090 10979 97.000000
1025 10669 95.000000
736 758 94.000000
1001 10603 94.000000
1001 10877 94.000000
1002 10148 94.000000
1003 10964 94.000000
1026 10613 94.000000
1068 10689 94.000000
1119 1120 94.000000
544 545 93.000000
1048 10696 93.000000
195 217 92.000000
510 511 92.000000
511 512 92.000000
512 513 92.000000
513 514 92.000000
514 515 92.000000
515 516 92.000000
1066 1088 92.000000
1083 1105 92.000000
1238 1260 92.000000
545 546 91.000000
566 588 91.000000
1025 10713 91.000000
431 432 90.000000
432 433 90.000000
433 434 90.000000
720 742 90.000000
1326 1348 90.000000
1023 10575 89.000000
1023 10788 89.000000
1024 10659 89.000000
1024 10721 89.000000
1068 10901 89.000000
103 104 88.000000
104 105 88.000000
105 106 88.000000
106 107 88.000000
335 336 88.000000
586 608 88.000000
358 359 87.000000
359 360 87.000000
360 361 87.000000
361 362 87.000000
362 363 87.000000
363 364 87.000000
1001 10808 87.000000
1001 10934 87.000000
1091 1113 87.000000
217 239 86.000000
254 276 86.000000
575 576 86.000000
576 577 86.000000
577 578 86.000000
578 579 86.000000
579 580 86.000000
670 692 86.000000
990 991 86.000000
991 992 86.000000
992 993 86.000000
993 994 86.000000
994 995 86.000000
1010 1011 86.000000
1068 10850 86.000000
1073 10751 86.000000
616 637 85.000000
635 636 85.000000
636 637 85.000000
714 736 84.000000
740 762 84.000000
1046 10953 84.000000
1088 1110 84.000000
539 540 83.000000
546 547 83.000000
1027 10782 83.000000
138 160 82.000000
173 195 81.000000
330 331 81.000000
331 332 81.000000
332 333 81.000000
1025 10796 81.000000
1071 10762 81.000000
333 334 80.000000
1001 10225 80.000000
1001 10450 80.000000
1001 10505 80.000000
1001 10775 80.000000
1025 10979 80.000000
1263 1285 80.000000
330 351 79.000000
348 349 79.000000
349 350 79.000000
350 351 79.000000
409 410 79.000000
1002 10694 79.000000
232 254 78.000000
952 953 78.000000
1067 10934 78.000000
1027 10329 77.000000
1027 10375 77.000000
1027 10379 77.000000
1067 10783 77.000000
742 764 76.000000
1002 10681 76.000000
1027 10863 76.000000
1027 10886 76.000000
213 235 75.000000
851 873 75.000000
1045 10946 75.000000
1045 10949 75.000000
1045 10969 75.000000
1056 1057 75.000000
1056 1077 75.000000
1057 1058 75.000000
1058 1059 75.000000
1059 1060 75.000000
1060 1061 75.000000
1076 1077 75.000000
916 938 74.000000
1027 10358 74.000000
1027 10818 74.000000
377 378 73.000000
378 379 73.000000
379 380 73.000000
380 381 73.000000
381 382 73.000000
382 383 73.000000
383 384 73.000000
384 385 73.000000
1045 10883 73.000000
707 708 72.000000
708 709 72.000000
709 710 72.000000
710 711 72.000000
711 712 72.000000
829 830 72.000000
1201 1223 72.000000
1045 10745 71.000000
1062 10944 71.000000
1175 1197 71.000000
616 617 70.000000
617 618 70.000000
848 870 70.000000
961 962 70.000000
1046 10627 70.000000
348 370 69.000000
1026 10910 69.000000
866 888 68.000000
1001 10270 68.000000
1024 10446 68.000000
1034 1035 68.000000
1034 1055 68.000000
1035 1036 68.000000
1036 1037 68.000000
1037 1038 68.000000
1038 1039 68.000000
1054 1055 68.000000
1067 10777 68.000000
1067 10810 68.000000
1067 10841 68.000000
1131 1153 68.000000
1374 1396 68.000000
239 261 67.000000
509 510 66.000000
915 937 66.000000
618 619 65.000000
757 779 65.000000
1333 1355 65.000000
691 713 64.000000
822 844 64.000000
1046 10529 64.000000
1046 10542 64.000000
1046 10554 64.000000
1046 10665 64.000000
1047 10985 64.000000
352 373 63.000000
370 371 63.000000
371 372 63.000000
372 373 63.000000
496 497 63.000000
619 641 63.000000
1045 10493 63.000000
1224 1225 63.000000
1225 1226 63.000000
1226 1227 63.000000
1227 1228 63.000000
1228 1229 63.000000
1420 1421 63.000000
1026 10435 62.000000
1152 1174 62.000000
1246 1247 62.000000
1247 1248 62.000000
1248 1249 62.000000
1249 1250 62.000000
1250 1251 62.000000
1311 1312 62.000000
1418 1440 62.000000
107 108 61.000000
107 129 61.000000
323 345 61.000000
352 353 61.000000
353 354 61.000000
354 355 61.000000
610 632 61.000000
843 844 61.000000
1137 1159 61.000000
552 553 60.000000
1004 10081 60.000000
1027 10769 60.000000
357 358 59.000000
1047 10668 59.000000
960 982 58.000000
1025 10964 58.000000
1045 1067 58.000000
1053 1054 58.000000
1100 1101 58.000000
1100 1121 58.000000
1101 1102 58.000000
1102 1103 58.000000
1120 1121 58.000000
1348 1370 58.000000
1415 1437 58.000000
473 474 57.000000
1090 1112 57.000000
1127 1149 57.000000
125 147 56.000000
233 255 56.000000
322 344 56.000000
634 656 56.000000
1223 1245 56.000000
1393 1415 55.000000
1003 1025 53.000000
1019 10898 53.000000
1192 1214 53.000000
1526 1527 53.000000
170 192 52.000000
1027 10619 52.000000
1027 10663 52.000000
1023 10268 51.000000
1068 10694 51.000000
482 504 50.000000
871 893 50.000000
1193 1215 50.000000
355 377 49.000000
743 744 49.000000
1005 10489 49.000000
1005 10774 49.000000
1005 10865 49.000000
1005 10956 49.000000
1067 10808 49.000000
1067 10877 49.000000
1068 10752 49.000000
1067 10775 48.000000
1067 10816 48.000000
1242 1264 48.000000
1551 1552 48.000000
1552 1553 48.000000
1553 1554 48.000000
1554 1555 48.000000
692 714 47.000000
963 985 47.000000
1027 10920 47.000000
1067 10703 47.000000
1067 10848 47.000000
1067 10902 47.000000
1067 10921 47.000000
1113 1135 47.000000
50 72 46.000000
150 172 46.000000
205 227 46.000000
522 544 46.000000
1398 1399 46.000000
226 248 45.000000
531 532 45.000000
572 593 45.000000
591 592 45.000000
592 593 45.000000
1254 1255 45.000000
1254 1275 45.000000
1255 1256 45.000000
1268 1269 45.000000
1269 1270 45.000000
1270 1271 45.000000
1271 1272 45.000000
1272 1273 45.000000
1273 1274 45.000000
1274 1275 45.000000
1329 1351 45.000000
1436 1458 45.000000
516 517 44.000000
1395 1417 44.000000
638 639 43.000000
639 640 43.000000
940 941 43.000000
1023 10250 43.000000
1023 10568 43.000000
1023 10640 43.000000
1023 10664 43.000000
1023 10718 43.000000
1023 10965 43.000000
1027 10593 43.000000
1091 10985 43.000000
638 659 42.000000
656 657 42.000000
657 658 42.000000
658 659 42.000000
829 851 42.000000
1024 10681 42.000000
1027 10879 42.000000
1181 1203 42.000000
326 348 41.000000
547 569 41.000000
641 642 41.000000
642 643 41.000000
643 644 41.000000
644 645 41.000000
645 646 41.000000
646 647 41.000000
851 852 41.000000
1003 10040 41.000000
1023 10811 41.000000
1027 10349 41.000000
1027 10586 41.000000
1027 10837 41.000000
1027 10862 41.000000
1103 1125 41.000000
460 482 40.000000
517 518 40.000000
844 866 40.000000
941 963 40.000000
385 386 39.000000
572 573 39.000000
573 574 39.000000
574 575 39.000000
698 720 39.000000
1027 10414 39.000000
1027 10428 39.000000
1027 10432 39.000000
1027 10868 39.000000
44 45 38.000000
44 65 38.000000
45 46 38.000000
46 47 38.000000
64 65 38.000000
172 194 38.000000
347 369 38.000000
462 463 38.000000
463 464 38.000000
874 896 38.000000
1027 10308 38.000000
1027 10387 38.000000
1027 10475 38.000000
1027 10486 38.000000
1027 10730 38.000000
1027 10940 38.000000
1027 10972 38.000000
1097 1119 38.000000
1219 1241 38.000000
1372 1394 38.000000
1023 10509 37.000000
1147 1169 37.000000
207 229 36.000000
604 626 36.000000
852 874 36.000000
1120 1142 36.000000
1210 1211 36.000000
1210 1231 36.000000
1211 1212 36.000000
1229 1230 36.000000
1230 1231 36.000000
0 1 35.000000
1 2 35.000000
2 3 35.000000
748 749 35.000000
749 750 35.000000
1004 10435 35.000000
1005 10303 35.000000
1005 10349 35.000000
1005 10510 35.000000
1005 10586 35.000000
1005 10837 35.000000
1005 10862 35.000000
1049 10947 35.000000
1240 1262 35.000000
20 42 34.000000
334 335 34.000000
553 554 34.000000
554 555 34.000000
555 556 34.000000
556 557 34.000000
748 769 34.000000
766 767 34.000000
767 768 34.000000
768 769 34.000000
962 963 34.000000
1005 10175 34.000000
1005 10182 34.000000
1005 10193 34.000000
1005 10202 34.000000
1005 10215 34.000000
1005 10383 34.000000
1005 10438 34.000000
1005 10453 34.000000
1005 10500 34.000000
1005 10687 34.000000
1005 10776 34.000000
1005 10871 34.000000
1005 10948 34.000000
1005 10976 34.000000
1027 10351 34.000000
1048 10532 34.000000
1482 1504 34.000000
163 185 33.000000
1027 10733 33.000000
1061 10635 33.000000
1024 10249 32.000000
1149 1171 32.000000
1417 1439 32.000000
1435 1457 32.000000
1507 1529 32.000000
0 21 31.000000
20 21 31.000000
457 458 31.000000
458 459 31.000000
459 460 31.000000
484 505 31.000000
504 505 31.000000
522 523 31.000000
523 524 31.000000
524 525 31.000000
1005 10428 31.000000
1023 10603 31.000000
1023 10808 31.000000
1023 10877 31.000000
1023 10934 31.000000
1049 10502 31.000000
1049 10740 31.000000
1078 1079 31.000000
1078 1099 31.000000
1079 1080 31.000000
1080 1081 31.000000
1097 1098 31.000000
1098 1099 31.000000
76 98 30.000000
259 281 30.000000
495 496 30.000000
538 539 30.000000
612 634 30.000000
656 678 30.000000
712 713 30.000000
902 903 30.000000
902 923 30.000000
903 904 30.000000
904 905 30.000000
905 906 30.000000
906 907 30.000000
907 908 30.000000
921 922 30.000000
922 923 30.000000
937 959 30.000000
1004 10824 30.000000
1005 10351 30.000000
1010 1032 30.000000
1024 10694 30.000000
1039 1061 30.000000
1061 10856 30.000000
1071 10924 30.000000
303 325 29.000000
936 958 29.000000
1004 10301 29.000000
1005 10163 29.000000
1023 10380 29.000000
1023 10816 29.000000
1024 10330 29.000000
1071 10818 29.000000
1071 10863 29.000000
1071 10886 29.000000
1081 1082 29.000000
11 1573 28.000000
557 558 28.000000
558 559 28.000000
559 560 28.000000
1018 10835 28.000000
1018 10852 28.000000
1023 10450 28.000000
1023 10484 28.000000
1023 10505 28.000000
1023 10506 28.000000
1023 10703 28.000000
1023 10775 28.000000
1023 10783 28.000000
1023 10902 28.000000
1024 10493 28.000000
1024 10752 28.000000
1088 10965 28.000000
1166 1167 28.000000
1166 1187 28.000000
1167 1168 28.000000
1168 1169 28.000000
1185 1186 28.000000
1186 1187 28.000000
1197 1219 28.000000
568 590 27.000000
676 698 27.000000
784 806 27.000000
963 964 27.000000
964 965 27.000000
1003 10143 27.000000
1003 10971 27.000000
1177 1199 27.000000
343 365 26.000000
510 532 26.000000
654 676 26.000000
1002 10627 26.000000
1023 10476 26.000000
1023 10848 26.000000
1023 10921 26.000000
1092 10947 26.000000
1191 1213 26.000000
108 130 25.000000
462 484 25.000000
625 626 25.000000
1003 10253 25.000000
1005 10269 25.000000
1005 10663 25.000000
1005 10782 25.000000
1005 10920 25.000000
786 808 24.000000
865 887 24.000000
1018 10286 24.000000
1051 10643 24.000000
1017 10856 23.000000
1109 1131 23.000000
1501 1523 23.000000
1527 1528 23.000000
1528 1529 23.000000
28 50 22.000000
120 142 22.000000
237 259 22.000000
453 454 22.000000
454 455 22.000000
455 456 22.000000
478 500 22.000000
611 633 22.000000
750 751 22.000000
751 752 22.000000
752 753 22.000000
753 754 22.000000
754 755 22.000000
755 756 22.000000
1000 10250 22.000000
1000 10568 22.000000
1000 10640 22.000000
1000 10664 22.000000
1000 10718 22.000000
1000 10788 22.000000
1000 10965 22.000000
1073 10927 22.000000
211 233 21.000000
355 356 21.000000
356 357 21.000000
388 410 21.000000
528 529 21.000000
528 549 21.000000
529 530 21.000000
530 531 21.000000
548 549 21.000000
640 641 21.000000
674 696 21.000000
1000 10386 21.000000
1000 10407 21.000000
1000 10575 21.000000
1000 10842 21.000000
1001 10280 21.000000
1001 10659 21.000000
1001 10721 21.000000
1001 10745 21.000000
1004 10265 21.000000
1005 10733 21.000000
1050 10561 21.000000
1213 1235 21.000000
227 249 20.000000
569 591 20.000000
648 670 20.000000
785 807 20.000000
924 925 20.000000
924 945 20.000000
925 926 20.000000
926 927 20.000000
927 928 20.000000
928 929 20.000000
929 930 20.000000
944 945 20.000000
1001 1023 20.000000
1308 1330 20.000000
54 76 19.000000
281 303 19.000000
456 478 19.000000
735 757 19.000000
930 931 19.000000
1001 10777 19.000000
1001 10810 19.000000
1001 10841 19.000000
1070 10730 19.000000
1070 10879 19.000000
1070 10972 19.000000
1103 1104 19.000000
55 56 18.000000
56 57 18.000000
57 58 18.000000
58 59 18.000000
59 60 18.000000
60 61 18.000000
61 62 18.000000
62 63 18.000000
63 64 18.000000
66 88 18.000000
73 95 18.000000
169 191 18.000000
535 557 18.000000
873 895 18.000000
931 953 18.000000
1029 10561 18.000000
1039 10944 18.000000
1047 10613 18.000000
1048 10733 18.000000
1148 1170 18.000000
171 193 17.000000
660 681 17.000000
678 679 17.000000
679 680 17.000000
680 681 17.000000
682 683 17.000000
682 703 17.000000
683 684 17.000000
700 701 17.000000
701 702 17.000000
702 703 17.000000
1002 10446 17.000000
1046 10469 17.000000
1046 10796 17.000000
1050 10678 17.000000
1070 10717 17.000000
54 55 16.000000
660 661 16.000000
661 662 16.000000
662 663 16.000000
807 829 16.000000
1003 10260 16.000000
1003 10393 16.000000
1003 10669 16.000000
1024 10529 16.000000
1024 10542 16.000000
1024 10665 16.000000
1067 10883 16.000000
1067 10951 16.000000
567 589 15.000000
594 616 15.000000
1005 10221 15.000000
1023 10256 15.000000
1023 10369 15.000000
1023 10883 15.000000
1023 10946 15.000000
1023 10949 15.000000
1023 10969 15.000000
1040 10711 15.000000
1070 10702 15.000000
1070 10763 15.000000
1070 10895 15.000000
1070 10977 15.000000
1089 10901 15.000000
1222 1244 15.000000
1396 1418 15.000000
1460 1482 15.000000
1502 1524 15.000000
1001 10114 14.000000
1023 10951 14.000000
1023 10955 14.000000
1072 10995 14.000000
1088 10883 14.000000
1089 10982 14.000000
1125 1147 14.000000
301 323 13.000000
421 422 13.000000
422 423 13.000000
423 424 13.000000
424 425 13.000000
425 426 13.000000
426 427 13.000000
427 428 13.000000
428 429 13.000000
462 483 13.000000
482 483 13.000000
726 727 13.000000
726 747 13.000000
727 728 13.000000
744 745 13.000000
745 746 13.000000
746 747 13.000000
801 823 13.000000
1001 10811 13.000000
1001 10955 13.000000
1005 1027 13.000000
1043 1065 13.000000
1048 10868 13.000000
1048 10940 13.000000
1062 10711 13.000000
1092 10924 13.000000
1093 10995 13.000000
1485 1486 13.000000
148 170 12.000000
151 173 12.000000
413 414 12.000000
414 415 12.000000
415 416 12.000000
779 801 12.000000
962 984 12.000000
1002 10330 12.000000
1002 10529 12.000000
1002 10542 12.000000
1002 10554 12.000000
1002 10665 12.000000
1002 10752 12.000000
1003 10713 12.000000
1004 10857 12.000000
1004 10910 12.000000
1048 10894 12.000000
1104 1105 12.000000
438 460 11.000000
940 962 11.000000
1029 10678 11.000000
1039 10852 11.000000
1048 10486 11.000000
1048 10730 11.000000
1048 10879 11.000000
1048 10972 11.000000
11 12 10.000000
103 125 10.000000
299 321 10.000000
308 309 10.000000
308 329 10.000000
309 310 10.000000
310 311 10.000000
326 327 10.000000
327 328 10.000000
328 329 10.000000
547 548 10.000000
877 899 10.000000
1001 10256 10.000000
1001 10331 10.000000
1001 10357 10.000000
1001 10369 10.000000
1001 10380 10.000000
1001 10816 10.000000
1001 10883 10.000000
1001 10946 10.000000
1001 10949 10.000000
1001 10969 10.000000
1018 10391 10.000000
1018 10590 10.000000
1018 10944 10.000000
1044 10565 10.000000
1044 10703 10.000000
1044 10902 10.000000
1044 10951 10.000000
1046 10979 10.000000
1048 10593 10.000000
1048 10619 10.000000
1054 1076 10.000000
1062 10731 10.000000
1093 10997 10.000000
1136 1158 10.000000
1525 1547 10.000000
247 269 9.000000
409 431 9.000000
721 743 9.000000
743 765 9.000000
855 877 9.000000
1039 10835 9.000000
1045 10694 9.000000
1046 10487 9.000000
1046 10618 9.000000
1071 10947 9.000000
1126 1148 9.000000
1526 1548 9.000000
12 1574 8.000000
193 215 8.000000
311 312 8.000000
312 313 8.000000
546 568 8.000000
625 647 8.000000
852 853 8.000000
853 854 8.000000
854 855 8.000000
966 988 8.000000
1018 10234 8.000000
1044 10450 8.000000
1044 10484 8.000000
1044 10505 8.000000
1044 10506 8.000000
1044 10775 8.000000
1044 10783 8.000000
1044 10831 8.000000
1044 10848 8.000000
1044 10921 8.000000
1049 1071 8.000000
1068 10979 8.000000
1092 1114 8.000000
1459 1481 8.000000
277 299 7.000000
416 438 7.000000
434 435 7.000000
518 519 7.000000
519 520 7.000000
520 521 7.000000
521 522 7.000000
663 664 7.000000
664 665 7.000000
665 666 7.000000
666 667 7.000000
667 668 7.000000
668 669 7.000000
1002 10493 7.000000
1018 10449 7.000000
1061 1083 7.000000
1067 10681 7.000000
1075 1097 7.000000
1088 10946 7.000000
1088 10949 7.000000
1088 10955 7.000000
1090 10953 7.000000
1104 1126 7.000000
1394 1416 7.000000
85 86 6.000000
181 203 6.000000
203 225 6.000000
435 436 6.000000
436 437 6.000000
437 438 6.000000
484 485 6.000000
485 486 6.000000
486 487 6.000000
550 572 6.000000
649 671 6.000000
908 909 6.000000
974 975 6.000000
975 997 6.000000
1040 10411 6.000000
1062 10932 6.000000
1067 10745 6.000000
1067 10811 6.000000
1067 10946 6.000000
1067 10949 6.000000
1067 10955 6.000000
1068 10982 6.000000
1503 1525 6.000000
1549 1571 6.000000
216 238 5.000000
374 375 5.000000
374 395 5.000000
375 376 5.000000
376 377 5.000000
391 392 5.000000
392 393 5.000000
393 394 5.000000
394 395 5.000000
396 397 5.000000
396 417 5.000000
397 398 5.000000
398 399 5.000000
416 417 5.000000
564 586 5.000000
1001 10476 5.000000
1001 10703 5.000000
1001 10848 5.000000
1001 10902 5.000000
1001 10921 5.000000
1001 10951 5.000000
1021 1043 5.000000
1067 10969 5.000000
1071 10740 5.000000
1073 10846 5.000000
1089 1111 5.000000
1232 1233 5.000000
1232 1253 5.000000
1233 1234 5.000000
1234 1235 5.000000
1251 1252 5.000000
1252 1253 5.000000
1283 1305 5.000000
0 22 4.000000
32 33 4.000000
33 34 4.000000
34 35 4.000000
35 36 4.000000
36 37 4.000000
37 38 4.000000
38 39 4.000000
39 40 4.000000
40 41 4.000000
41 42 4.000000
64 86 4.000000
183 205 4.000000
443 465 4.000000
465 487 4.000000
935 957 4.000000
946 947 4.000000
946 967 4.000000
947 948 4.000000
948 949 4.000000
949 950 4.000000
950 951 4.000000
951 952 4.000000
966 967 4.000000
968 969 4.000000
968 989 4.000000
969 970 4.000000
970 971 4.000000
971 972 4.000000
972 973 4.000000
988 989 4.000000
1017 1039 4.000000
1040 10932 4.000000
1045 10659 4.000000
1045 10681 4.000000
1045 10721 4.000000
1045 10821 4.000000
1111 1133 4.000000
1153 1175 4.000000
1154 1176 4.000000
1457 1479 4.000000
17 18 3.000000
18 19 3.000000
19 20 3.000000
333 355 3.000000
408 409 3.000000
456 457 3.000000
478 479 3.000000
479 480 3.000000
480 481 3.000000
481 482 3.000000
509 531 3.000000
712 734 3.000000
756 778 3.000000
873 874 3.000000
941 942 3.000000
942 943 3.000000
943 944 3.000000
944 966 3.000000
973 974 3.000000
1018 1040 3.000000
1044 10568 3.000000
1044 10575 3.000000
1044 10640 3.000000
1044 10664 3.000000
1044 10718 3.000000
1044 10788 3.000000
1044 10842 3.000000
1044 10965 3.000000
1050 1072 3.000000
1066 10831 3.000000
1066 10842 3.000000
1132 1154 3.000000
10 1572 2.000000
12 13 2.000000
13 14 2.000000
14 15 2.000000
15 16 2.000000
16 17 2.000000
116 138 2.000000
168 190 2.000000
311 333 2.000000
330 352 2.000000
418 419 2.000000
418 439 2.000000
419 420 2.000000
420 421 2.000000
421 443 2.000000
438 439 2.000000
440 441 2.000000
440 461 2.000000
441 442 2.000000
442 443 2.000000
460 461 2.000000
531 553 2.000000
545 567 2.000000
575 597 2.000000
597 619 2.000000
800 822 2.000000
1008 1030 2.000000
1040 10474 2.000000
1040 10999 2.000000
1045 10811 2.000000
1045 10955 2.000000
1047 1069 2.000000
1051 1073 2.000000
1066 10718 2.000000
1067 10721 2.000000
1067 10821 2.000000
1081 1103 2.000000
1088 10969 2.000000
1173 1195 2.000000
1216 1238 2.000000
1298 1299 2.000000
1298 1319 2.000000
1299 1300 2.000000
1312 1313 2.000000
1313 1314 2.000000
1314 1315 2.000000
1315 1316 2.000000
1316 1317 2.000000
1317 1318 2.000000
1318 1319 2.000000
1458 1480 2.000000
487 488 1.000000
488 489 1.000000
489 490 1.000000
490 491 1.000000
491 492 1.000000
492 493 1.000000
493 494 1.000000
494 495 1.000000
506 507 1.000000
506 527 1.000000
507 508 1.000000
508 509 1.000000
525 526 1.000000
526 527 1.000000
638 660 1.000000
716 738 1.000000
738 760 1.000000
748 770 1.000000
770 791 1.000000
786 787 1.000000
787 788 1.000000
788 789 1.000000
789 790 1.000000
790 791 1.000000
830 831 1.000000
831 832 1.000000
832 833 1.000000
833 855 1.000000
874 875 1.000000
875 876 1.000000
876 877 1.000000
930 952 1.000000
961 983 1.000000
965 966 1.000000
973 995 1.000000
974 996 1.000000
1044 1066 1.000000
1066 10664 1.000000
1066 10788 1.000000
1066 10965 1.000000
1082 1083 1.000000
1088 10902 1.000000
1088 10921 1.000000
1088 10934 1.000000
1088 10951 1.000000
1151 1173 1.000000
1194 1216 1.000000
1543 1544 1.000000
1550 1572 1.000000
1555 1556 1.000000
1556 1557 1.000000
1557 1579 1.000000
