150 151 16369.000000
151 152 16369.000000
152 153 16369.000000
1100 1121 15888.000000
16 17 15168.000000
149 150 14926.000000
193 194 13398.000000
194 195 13398.000000
195 196 13398.000000
196 197 13398.000000
924 925 12293.000000
132 153 12000.000000
1120 1121 11554.000000
1144 1165 11117.000000
60 61 11055.000000
1100 1101 10949.000000
924 945 10377.000000
968 989 10341.000000
880 881 10282.000000
171 172 10281.000000
172 173 10281.000000
173 174 10281.000000
174 175 10281.000000
1164 1165 10151.000000
810 811 10100.000000
811 812 10100.000000
1122 1143 9612.000000
1181 1182 9479.000000
968 969 9390.000000
176 197 9328.000000
1186 1187 9324.000000
1163 1164 9261.000000
946 967 9175.000000
1188 1209 8923.000000
1179 1180 8776.000000
1180 1181 8776.000000
1182 1183 8644.000000
59 60 8617.000000
192 193 8243.000000
880 901 8237.000000
176 177 8096.000000
1162 1163 8054.000000
966 967 7901.000000
881 882 7848.000000
132 133 7688.000000
1185 1186 7672.000000
1207 1208 7660.000000
170 171 7653.000000
1230 1231 7617.000000
1208 1209 7525.000000
988 989 7438.000000
1166 1187 7331.000000
1078 1099 7315.000000
812 813 7287.000000
1119 1120 7277.000000
1141 1142 7270.000000
148 149 7248.000000
1225 1226 7228.000000
1223 1224 7122.000000
1183 1184 7086.000000
809 810 7082.000000
1229 1230 6964.000000
900 901 6952.000000
1142 1143 6941.000000
1184 1185 6861.000000
965 966 6836.000000
1012 1013 6736.000000
264 285 6639.000000
944 945 6629.000000
1226 1227 6533.000000
15 16 6463.000000
792 813 6463.000000
1291 1292 6190.000000
1224 1225 6150.000000
1178 1179 6066.000000
1228 1229 5909.000000
808 809 5880.000000
1012 1033 5777.000000
1222 1223 5655.000000
1292 1293 5586.000000
1227 1228 5387.000000
766 767 5342.000000
767 768 5342.000000
768 769 5278.000000
1206 1207 5190.000000
1140 1141 5185.000000
1161 1162 5125.000000
177 178 5113.000000
1512 1513 5084.000000
1158 1159 5062.000000
787 788 5053.000000
788 789 5053.000000
789 790 5053.000000
126 127 5051.000000
1357 1358 5050.000000
1356 1357 5011.000000
1511 1512 4968.000000
37 38 4964.000000
1013 1014 4912.000000
1098 1099 4897.000000
1118 1119 4875.000000
154 175 4859.000000
946 947 4844.000000
573 574 4725.000000
831 832 4723.000000
832 833 4723.000000
833 834 4723.000000
1076 1077 4692.000000
1313 1314 4686.000000
1056 1077 4680.000000
969 970 4662.000000
237 238 4650.000000
238 239 4650.000000
239 240 4650.000000
240 241 4650.000000
786 787 4615.000000
1159 1160 4571.000000
1056 1057 4568.000000
1312 1313 4546.000000
1009 1010 4535.000000
1314 1315 4533.000000
1097 1098 4483.000000
1293 1294 4436.000000
153 175 4374.000000
1160 1161 4334.000000
875 876 4273.000000
876 877 4273.000000
1359 1360 4230.000000
1315 1316 4136.000000
17 18 4122.000000
983 984 4091.000000
984 985 4091.000000
985 986 4091.000000
986 987 4080.000000
1010 1011 4076.000000
127 128 4052.000000
128 129 4052.000000
129 130 4052.000000
130 131 4052.000000
110 131 4049.000000
220 241 3995.000000
154 155 3956.000000
836 857 3940.000000
572 593 3939.000000
592 593 3939.000000
372 373 3900.000000
987 988 3887.000000
572 573 3846.000000
1295 1296 3823.000000
878 879 3795.000000
1096 1097 3778.000000
902 903 3771.000000
897 898 3755.000000
898 899 3755.000000
899 900 3755.000000
1075 1076 3712.000000
1467 1468 3695.000000
38 39 3615.000000
1296 1297 3601.000000
1032 1033 3600.000000
1031 1032 3580.000000
215 216 3563.000000
216 217 3563.000000
217 218 3563.000000
218 219 3563.000000
133 134 3558.000000
1294 1295 3557.000000
13 14 3535.000000
874 875 3534.000000
925 926 3529.000000
970 971 3506.000000
1402 1403 3492.000000
14 15 3478.000000
1144 1145 3459.000000
765 766 3431.000000
1335 1336 3362.000000
1510 1511 3349.000000
1381 1382 3294.000000
1251 1252 3245.000000
1316 1317 3240.000000
858 879 3230.000000
1272 1273 3217.000000
1317 1318 3210.000000
125 126 3194.000000
1252 1253 3192.000000
1358 1359 3168.000000
1273 1274 3163.000000
61 62 3151.000000
877 878 3144.000000
770 791 3143.000000
168 169 3133.000000
147 148 3128.000000
722 723 3125.000000
723 724 3125.000000
1274 1275 3117.000000
724 725 3086.000000
1336 1337 3069.000000
1078 1079 3068.000000
744 745 3064.000000
745 746 3064.000000
1360 1361 3060.000000
990 991 3047.000000
1014 1015 3043.000000
1446 1447 3043.000000
220 221 3039.000000
853 854 3033.000000
854 855 3033.000000
855 856 3033.000000
1247 1248 3033.000000
1248 1249 3033.000000
961 962 3032.000000
962 963 3032.000000
963 964 3032.000000
198 219 3019.000000
902 923 3017.000000
1117 1118 2989.000000
1205 1206 2972.000000
1157 1158 2948.000000
106 107 2940.000000
107 108 2940.000000
108 109 2940.000000
1468 1469 2939.000000
1513 1514 2932.000000
61 83 2907.000000
178 179 2890.000000
1100 1122 2886.000000
748 769 2841.000000
1250 1251 2835.000000
1425 1426 2804.000000
1139 1140 2785.000000
924 946 2775.000000
105 106 2750.000000
1466 1467 2716.000000
264 265 2715.000000
60 82 2700.000000
836 837 2684.000000
1249 1250 2658.000000
964 965 2624.000000
1054 1055 2582.000000
1554 1555 2517.000000
242 263 2503.000000
1269 1270 2490.000000
1379 1380 2482.000000
169 170 2472.000000
830 831 2469.000000
856 857 2461.000000
198 199 2440.000000
881 903 2432.000000
1204 1205 2429.000000
616 617 2421.000000
617 618 2421.000000
1424 1425 2411.000000
17 39 2408.000000
574 575 2370.000000
925 947 2365.000000
1556 1557 2360.000000
265 266 2348.000000
594 595 2348.000000
1271 1272 2340.000000
1203 1204 2338.000000
1423 1424 2329.000000
12 13 2307.000000
743 744 2306.000000
1555 1556 2298.000000
922 923 2292.000000
834 835 2289.000000
638 639 2261.000000
991 992 2252.000000
1380 1381 2248.000000
1114 1115 2207.000000
770 771 2206.000000
1115 1116 2205.000000
1553 1554 2201.000000
1116 1117 2198.000000
814 835 2192.000000
104 105 2183.000000
1245 1246 2178.000000
940 941 2168.000000
941 942 2168.000000
942 943 2168.000000
873 874 2163.000000
191 192 2138.000000
221 222 2127.000000
1027 1028 2123.000000
1028 1029 2123.000000
1029 1030 2123.000000
103 104 2112.000000
1034 1055 2103.000000
926 927 2087.000000
1136 1137 2081.000000
1137 1138 2079.000000
1403 1404 2068.000000
1138 1139 2067.000000
199 200 2063.000000
742 743 2061.000000
1005 1006 2057.000000
1006 1007 2057.000000
1007 1008 2057.000000
155 156 2040.000000
212 213 2040.000000
1101 1102 2020.000000
134 135 2005.000000
234 235 1994.000000
1422 1423 1986.000000
792 814 1973.000000
1270 1271 1955.000000
790 791 1954.000000
721 722 1944.000000
242 243 1938.000000
1557 1558 1913.000000
595 596 1901.000000
896 897 1899.000000
1232 1253 1894.000000
1487 1488 1871.000000
1135 1136 1868.000000
1053 1054 1853.000000
1488 1489 1845.000000
1201 1202 1840.000000
1202 1203 1840.000000
1337 1338 1837.000000
1445 1446 1816.000000
1401 1402 1813.000000
1122 1123 1811.000000
352 373 1801.000000
156 157 1799.000000
748 749 1790.000000
1426 1427 1772.000000
213 214 1770.000000
1004 1005 1770.000000
179 180 1769.000000
1057 1079 1765.000000
135 136 1761.000000
1361 1362 1760.000000
1489 1490 1756.000000
1244 1245 1728.000000
190 191 1718.000000
960 961 1718.000000
939 940 1698.000000
1447 1448 1692.000000
126 148 1686.000000
1490 1491 1665.000000
1134 1135 1641.000000
235 236 1635.000000
927 949 1627.000000
1318 1319 1627.000000
682 683 1606.000000
1246 1247 1597.000000
596 597 1591.000000
852 853 1582.000000
1378 1379 1579.000000
82 83 1578.000000
618 619 1557.000000
110 111 1541.000000
133 155 1541.000000
1200 1201 1541.000000
104 126 1520.000000
947 948 1517.000000
943 944 1512.000000
243 244 1509.000000
180 181 1495.000000
236 237 1494.000000
178 200 1486.000000
764 765 1473.000000
244 245 1469.000000
211 212 1468.000000
1338 1339 1455.000000
484 485 1440.000000
484 505 1440.000000
485 486 1440.000000
1578 1579 1435.000000
1057 1058 1433.000000
746 747 1408.000000
157 158 1403.000000
1079 1080 1389.000000
1469 1470 1386.000000
792 793 1380.000000
530 552 1378.000000
1034 1035 1372.000000
1530 1531 1369.000000
1074 1075 1367.000000
328 329 1352.000000
700 701 1348.000000
701 702 1348.000000
702 703 1348.000000
683 684 1336.000000
308 329 1335.000000
1070 1071 1322.000000
1071 1072 1322.000000
1072 1073 1321.000000
575 576 1305.000000
705 706 1303.000000
1009 10225 1301.000000
1339 1340 1297.000000
286 287 1295.000000
748 770 1295.000000
1509 1510 1293.000000
948 949 1278.000000
1113 1114 1255.000000
1073 1074 1250.000000
1531 1532 1246.000000
786 808 1222.000000
838 860 1219.000000
971 972 1205.000000
1030 10361 1198.000000
245 246 1189.000000
1177 1178 1177.000000
1156 1157 1172.000000
749 750 1171.000000
102 103 1162.000000
704 705 1162.000000
597 598 1160.000000
264 286 1156.000000
1552 1553 1156.000000
136 137 1148.000000
1400 1401 1134.000000
1210 1231 1130.000000
1269 1291 1124.000000
837 838 1117.000000
39 61 1112.000000
678 679 1110.000000
1010 10953 1104.000000
214 215 1101.000000
704 725 1096.000000
1030 1031 1091.000000
616 637 1088.000000
635 636 1088.000000
636 637 1088.000000
1221 1222 1076.000000
1444 1445 1071.000000
1532 1533 1063.000000
634 635 1054.000000
677 678 1054.000000
1382 1383 1052.000000
992 993 1051.000000
530 531 1045.000000
1514 1515 1037.000000
81 82 1036.000000
88 89 1031.000000
859 860 1027.000000
531 532 1024.000000
829 830 1023.000000
706 707 999.000000
858 859 998.000000
679 680 997.000000
680 681 997.000000
308 309 989.000000
1383 1384 983.000000
1008 1009 978.000000
594 615 975.000000
613 614 975.000000
614 615 975.000000
310 311 974.000000
660 661 967.000000
28 29 966.000000
29 30 966.000000
30 31 966.000000
31 32 966.000000
661 662 965.000000
1448 1449 965.000000
223 224 964.000000
1340 1341 964.000000
11 12 954.000000
528 549 949.000000
548 549 949.000000
528 529 947.000000
639 640 947.000000
726 727 940.000000
529 530 938.000000
1123 1124 923.000000
591 592 919.000000
657 658 919.000000
658 659 919.000000
222 223 914.000000
1052 1053 913.000000
918 919 904.000000
919 920 904.000000
920 921 904.000000
1512 1534 902.000000
1095 1096 901.000000
1124 1125 896.000000
1125 1126 896.000000
224 225 891.000000
39 40 890.000000
220 242 878.000000
640 641 874.000000
114 115 873.000000
33 34 865.000000
255 256 863.000000
56 57 855.000000
57 58 855.000000
58 59 855.000000
177 199 855.000000
1069 1070 849.000000
662 663 838.000000
1058 1080 836.000000
682 703 834.000000
34 35 832.000000
35 36 832.000000
895 896 830.000000
982 983 827.000000
1133 1134 826.000000
1013 1035 802.000000
836 858 796.000000
112 113 791.000000
113 114 791.000000
266 267 789.000000
146 147 783.000000
660 681 783.000000
258 259 781.000000
259 260 781.000000
260 261 781.000000
261 262 781.000000
94 95 777.000000
95 96 777.000000
96 97 777.000000
97 98 777.000000
98 99 777.000000
100 101 777.000000
101 102 777.000000
200 201 777.000000
285 307 774.000000
638 659 773.000000
176 198 772.000000
972 973 771.000000
104 10409 761.000000
726 747 755.000000
309 310 753.000000
1268 1269 752.000000
280 281 751.000000
281 282 751.000000
282 283 751.000000
283 284 751.000000
111 112 747.000000
437 438 741.000000
1026 1027 739.000000
921 922 737.000000
1012 10199 724.000000
1465 1466 722.000000
83 84 721.000000
203 204 718.000000
204 205 718.000000
205 206 718.000000
206 207 718.000000
207 208 718.000000
208 209 718.000000
209 210 718.000000
210 211 718.000000
55 56 717.000000
611 612 712.000000
287 288 709.000000
532 533 699.000000
619 620 694.000000
612 613 693.000000
1058 1059 691.000000
59 81 690.000000
814 815 688.000000
1579 1580 676.000000
1035 1036 670.000000
1144 1166 669.000000
158 159 667.000000
149 171 664.000000
105 127 658.000000
727 728 653.000000
970 992 652.000000
1003 1004 648.000000
279 280 647.000000
36 37 642.000000
1533 1534 641.000000
284 285 636.000000
1056 1078 633.000000
32 33 629.000000
416 417 627.000000
699 700 622.000000
138 139 620.000000
139 140 620.000000
140 141 620.000000
141 142 620.000000
142 143 620.000000
143 144 620.000000
144 145 620.000000
145 146 620.000000
288 289 616.000000
486 487 612.000000
1013 10409 609.000000
917 918 607.000000
1443 1444 602.000000
1102 1103 597.000000
1103 1104 597.000000
1104 1105 597.000000
256 257 595.000000
257 258 595.000000
311 312 593.000000
286 307 592.000000
1246 1268 581.000000
103 125 579.000000
969 991 579.000000
72 73 576.000000
73 74 576.000000
74 75 576.000000
75 76 576.000000
76 77 576.000000
77 78 576.000000
78 79 576.000000
79 80 576.000000
1427 1428 575.000000
1013 10130 570.000000
104 10998 568.000000
1145 1146 558.000000
1080 1081 556.000000
1081 1082 556.000000
1082 1083 556.000000
225 226 555.000000
226 227 555.000000
227 228 555.000000
228 229 555.000000
229 230 555.000000
230 231 555.000000
231 232 555.000000
232 233 555.000000
553 554 552.000000
212 234 551.000000
927 928 544.000000
928 929 544.000000
168 190 543.000000
544 545 540.000000
487 488 536.000000
1265 1266 528.000000
1266 1267 528.000000
1267 1268 528.000000
488 489 527.000000
1491 1492 524.000000
1404 1405 520.000000
486 508 519.000000
1276 1297 515.000000
1034 10432 514.000000
926 948 513.000000
1056 10917 512.000000
552 553 511.000000
1159 1181 495.000000
973 974 490.000000
725 747 483.000000
633 634 477.000000
352 353 469.000000
509 510 469.000000
510 511 468.000000
508 509 466.000000
262 263 464.000000
1012 10317 464.000000
1225 1247 461.000000
203 225 458.000000
1032 10493 457.000000
267 268 454.000000
286 308 451.000000
1253 1275 443.000000
656 657 440.000000
132 154 438.000000
222 244 437.000000
1033 10668 435.000000
489 511 431.000000
1149 1150 428.000000
1011 10577 427.000000
278 279 426.000000
201 202 425.000000
50 51 421.000000
51 52 421.000000
52 53 421.000000
53 54 421.000000
54 55 421.000000
1009 10380 421.000000
1199 1200 419.000000
1059 1060 418.000000
1060 1061 418.000000
590 591 417.000000
306 307 415.000000
880 902 414.000000
1027 10731 412.000000
350 351 409.000000
1015 10778 407.000000
785 786 406.000000
1054 10819 405.000000
331 332 404.000000
1010 10392 402.000000
1382 1404 401.000000
641 642 399.000000
189 190 398.000000
134 156 397.000000
373 395 392.000000
1150 1151 392.000000
1151 1152 392.000000
1152 1153 392.000000
1153 1154 392.000000
1154 1155 392.000000
576 577 386.000000
89 90 385.000000
159 160 382.000000
160 161 382.000000
161 162 382.000000
162 163 382.000000
163 164 382.000000
164 165 382.000000
165 166 382.000000
166 167 382.000000
167 168 382.000000
213 235 382.000000
221 243 381.000000
1188 1210 381.000000
1470 1471 380.000000
1496 1497 379.000000
1496 1517 379.000000
1516 1517 379.000000
903 904 377.000000
90 91 374.000000
91 92 374.000000
1010 10901 374.000000
330 331 373.000000
930 952 373.000000
1048 1049 373.000000
1049 1050 373.000000
1050 1051 373.000000
1051 1052 363.000000
1015 10578 355.000000
506 507 354.000000
1003 10635 354.000000
663 664 353.000000
1405 1406 353.000000
506 527 352.000000
526 527 352.000000
684 685 352.000000
1057 10936 351.000000
929 930 350.000000
1035 10533 347.000000
851 852 346.000000
300 301 344.000000
301 302 344.000000
302 303 344.000000
303 304 344.000000
304 305 344.000000
305 306 344.000000
720 721 335.000000
793 815 335.000000
1032 1054 335.000000
1078 10918 335.000000
1080 10828 330.000000
1092 1093 327.000000
1093 1094 327.000000
1094 1095 327.000000
576 598 326.000000
1015 10927 324.000000
289 290 323.000000
105 10580 322.000000
105 10584 322.000000
1031 10568 322.000000
1492 1493 322.000000
105 10766 321.000000
105 10906 320.000000
104 10761 319.000000
1032 10689 319.000000
507 508 318.000000
1146 1147 318.000000
1147 1148 318.000000
1148 1149 318.000000
882 883 317.000000
136 158 315.000000
105 10693 314.000000
105 10746 314.000000
105 10799 314.000000
105 10891 312.000000
105 10973 312.000000
105 10974 312.000000
105 10992 312.000000
1036 1037 312.000000
946 968 311.000000
1010 10415 310.000000
547 548 309.000000
857 879 306.000000
92 93 300.000000
267 289 300.000000
1032 10681 300.000000
1399 1400 300.000000
545 546 297.000000
72 94 295.000000
105 10851 295.000000
531 553 295.000000
1052 10539 294.000000
540 541 292.000000
541 542 292.000000
542 543 292.000000
543 544 292.000000
1557 1579 292.000000
1016 1017 290.000000
1017 1018 290.000000
1005 10183 289.000000
1315 1337 289.000000
181 182 288.000000
182 183 288.000000
183 184 288.000000
184 185 288.000000
185 186 288.000000
186 187 288.000000
187 188 288.000000
188 189 288.000000
1400 1422 288.000000
105 10571 287.000000
105 10797 286.000000
619 641 286.000000
105 10501 285.000000
1003 10030 285.000000
332 333 283.000000
1015 1016 282.000000
1027 10711 282.000000
1243 1244 282.000000
105 10666 281.000000
105 10803 281.000000
233 234 281.000000
575 597 281.000000
66 67 279.000000
1027 10932 279.000000
105 10712 276.000000
551 552 276.000000
104 10657 274.000000
66 87 273.000000
84 85 273.000000
85 86 273.000000
86 87 273.000000
1014 10503 273.000000
1508 1509 273.000000
1034 10998 272.000000
1015 10436 270.000000
67 68 269.000000
68 69 269.000000
69 70 269.000000
70 71 269.000000
105 10601 269.000000
574 596 269.000000
1015 10155 269.000000
199 221 267.000000
1015 10583 267.000000
1574 1575 267.000000
1575 1576 267.000000
993 994 266.000000
994 995 266.000000
311 333 265.000000
135 157 264.000000
1090 1091 264.000000
594 616 262.000000
747 769 262.000000
18 40 260.000000
1122 1144 258.000000
125 147 257.000000
1035 10456 257.000000
105 10915 256.000000
1037 1038 256.000000
1038 1039 256.000000
102 10337 254.000000
1013 10481 254.000000
16 38 253.000000
749 771 253.000000
190 212 252.000000
105 10621 251.000000
105 10723 251.000000
1014 10678 250.000000
102 10240 247.000000
1091 1092 247.000000
1076 1098 246.000000
1576 1577 245.000000
1444 1466 244.000000
545 567 243.000000
1012 10432 243.000000
1012 10486 243.000000
1128 1129 243.000000
1129 1130 243.000000
1130 1131 243.000000
1131 1132 243.000000
1132 1133 243.000000
105 10564 242.000000
28 50 241.000000
105 10876 241.000000
104 10471 239.000000
105 10764 238.000000
105 10907 238.000000
198 220 236.000000
440 441 236.000000
440 461 236.000000
441 442 236.000000
950 951 236.000000
1529 1530 234.000000
949 950 233.000000
620 642 231.000000
105 10546 229.000000
1015 10293 227.000000
1012 10668 225.000000
105 10676 223.000000
124 125 222.000000
951 952 222.000000
1247 1269 221.000000
1486 1487 221.000000
1555 1577 221.000000
1013 10947 220.000000
1015 1037 220.000000
1015 10751 220.000000
93 94 219.000000
224 246 219.000000
1078 10923 219.000000
105 10728 218.000000
1123 1145 218.000000
1126 1127 217.000000
1127 1128 217.000000
1488 1510 217.000000
104 10801 216.000000
189 211 216.000000
105 10930 215.000000
1014 10403 215.000000
104 10936 214.000000
681 703 214.000000
971 993 214.000000
105 10685 213.000000
105 10983 213.000000
1136 1158 213.000000
105 10610 212.000000
80 81 211.000000
242 264 211.000000
1379 1401 211.000000
104 10456 209.000000
353 354 208.000000
354 355 208.000000
525 526 207.000000
1112 1113 207.000000
1424 1446 207.000000
1033 10796 206.000000
1135 1157 206.000000
105 10514 205.000000
116 117 204.000000
117 118 204.000000
118 119 204.000000
119 120 204.000000
120 121 204.000000
121 122 204.000000
122 123 204.000000
123 124 204.000000
156 178 204.000000
1014 10607 204.000000
682 704 203.000000
1078 10834 201.000000
1009 10148 200.000000
1078 10827 200.000000
105 10754 199.000000
1014 10981 199.000000
1057 10834 199.000000
1057 10620 198.000000
1057 10649 198.000000
1057 10729 198.000000
1010 10148 197.000000
961 983 196.000000
1057 10827 195.000000
1254 1275 195.000000
1487 1509 195.000000
105 10881 194.000000
105 10966 194.000000
1032 10392 194.000000
1078 10793 194.000000
1080 10931 194.000000
638 660 192.000000
1013 10470 192.000000
1013 10762 192.000000
1055 10763 192.000000
154 176 191.000000
1057 10770 191.000000
1057 10981 191.000000
38 60 189.000000
299 300 189.000000
1228 1250 188.000000
1004 10098 184.000000
1057 10632 184.000000
1079 10840 184.000000
15 37 182.000000
1004 10166 182.000000
1004 10835 182.000000
1004 10852 182.000000
1014 10273 182.000000
967 989 179.000000
1057 10625 178.000000
1083 1084 178.000000
1057 10682 177.000000
1164 1186 177.000000
1079 10959 176.000000
1359 1381 176.000000
770 792 175.000000
18 19 174.000000
269 270 174.000000
270 271 174.000000
271 272 174.000000
272 273 174.000000
273 274 174.000000
274 275 174.000000
1004 10944 174.000000
1079 10887 174.000000
1356 1378 174.000000
550 551 173.000000
146 168 172.000000
1014 10259 172.000000
1014 10995 172.000000
504 505 171.000000
532 554 171.000000
1010 10421 171.000000
1015 10846 171.000000
1468 1490 171.000000
813 835 170.000000
1249 1271 170.000000
1402 1424 170.000000
104 10501 169.000000
604 605 169.000000
960 982 169.000000
546 547 168.000000
903 925 168.000000
103 10502 167.000000
275 276 167.000000
276 277 167.000000
1013 10998 167.000000
1471 1472 167.000000
103 10488 166.000000
554 555 166.000000
62 84 165.000000
200 222 165.000000
1338 1360 164.000000
103 10740 163.000000
1012 10475 161.000000
1079 1101 161.000000
105 10695 160.000000
1057 10947 160.000000
1292 1314 160.000000
1380 1402 160.000000
1013 10924 159.000000
105 10988 158.000000
1558 1559 158.000000
102 10715 157.000000
330 352 157.000000
727 749 157.000000
1334 1335 157.000000
769 791 155.000000
550 571 153.000000
569 570 153.000000
570 571 153.000000
1286 1287 152.000000
1287 1288 152.000000
1288 1289 152.000000
1289 1290 152.000000
102 10970 151.000000
202 203 151.000000
791 813 151.000000
1031 10738 151.000000
1105 1106 151.000000
882 904 150.000000
917 939 149.000000
1076 10819 149.000000
37 59 148.000000
787 809 148.000000
1036 10578 146.000000
1290 1291 146.000000
966 988 144.000000
1012 10577 144.000000
1034 10470 144.000000
1034 10762 144.000000
1057 10809 144.000000
105 10508 143.000000
105 10629 143.000000
105 10653 143.000000
105 10926 143.000000
105 10958 143.000000
511 512 143.000000
512 513 143.000000
513 514 143.000000
514 515 143.000000
515 516 143.000000
830 852 143.000000
277 278 142.000000
1061 1062 142.000000
1167 1168 142.000000
1168 1169 142.000000
1169 1170 142.000000
1170 1171 142.000000
105 10504 141.000000
106 10952 141.000000
572 594 141.000000
883 884 141.000000
884 885 141.000000
885 886 141.000000
102 10968 140.000000
660 682 140.000000
771 772 140.000000
1083 10874 140.000000
1166 1167 140.000000
1313 1335 140.000000
568 569 139.000000
1035 10923 139.000000
1209 1231 139.000000
105 10614 138.000000
567 568 138.000000
1010 10413 138.000000
609 610 137.000000
610 611 137.000000
105 10905 136.000000
744 766 136.000000
1034 1056 136.000000
105 10642 135.000000
105 10686 135.000000
618 640 135.000000
655 656 133.000000
1034 10947 133.000000
1155 1156 133.000000
1009 10509 132.000000
1009 10883 132.000000
1013 10488 132.000000
1293 1315 131.000000
1062 1084 130.000000
246 247 129.000000
247 248 129.000000
248 249 129.000000
249 250 129.000000
250 251 129.000000
251 252 129.000000
252 253 129.000000
253 254 129.000000
254 255 129.000000
105 10994 128.000000
181 203 128.000000
442 464 128.000000
726 748 127.000000
860 882 127.000000
904 905 127.000000
1421 1422 127.000000
1009 10775 126.000000
1009 10848 126.000000
1009 10921 126.000000
1032 10850 126.000000
44 45 125.000000
44 65 125.000000
62 63 125.000000
63 64 125.000000
64 65 125.000000
561 562 125.000000
562 563 125.000000
563 564 125.000000
564 565 125.000000
1009 10450 125.000000
1009 10476 125.000000
1009 10505 125.000000
1009 10902 125.000000
137 138 124.000000
1057 10762 124.000000
555 556 123.000000
556 557 123.000000
557 558 123.000000
558 559 123.000000
559 560 123.000000
1009 1031 123.000000
1577 1578 123.000000
707 708 122.000000
901 923 122.000000
1009 10951 122.000000
1009 10969 122.000000
944 966 121.000000
1009 10506 121.000000
1009 10783 121.000000
1178 1200 121.000000
1227 1249 121.000000
1453 1475 121.000000
1013 10142 120.000000
1011 10613 119.000000
1011 10985 118.000000
1452 1453 118.000000
1452 1473 118.000000
1472 1473 118.000000
700 722 115.000000
1034 10488 115.000000
1384 1385 115.000000
1032 10901 114.000000
1120 1142 114.000000
706 728 113.000000
1079 10845 113.000000
223 245 112.000000
1033 10979 112.000000
45 46 111.000000
46 47 111.000000
47 48 111.000000
48 49 111.000000
49 50 111.000000
565 566 111.000000
566 567 111.000000
905 906 111.000000
906 907 111.000000
1011 10199 111.000000
1035 10995 111.000000
1054 10796 110.000000
15 1577 109.000000
1032 10821 109.000000
106 10911 108.000000
442 443 108.000000
1009 10256 108.000000
1134 1156 108.000000
1184 1206 108.000000
330 351 107.000000
1047 1048 107.000000
180 202 106.000000
1181 1203 106.000000
1101 1123 105.000000
1034 10924 104.000000
1362 1363 104.000000
14 36 103.000000
663 685 103.000000
816 838 102.000000
1096 10965 102.000000
244 266 101.000000
539 540 101.000000
1004 10731 101.000000
1012 10613 101.000000
1013 10363 101.000000
1052 10903 101.000000
1009 10401 100.000000
1025 1026 99.000000
598 599 98.000000
599 600 98.000000
600 601 98.000000
601 602 98.000000
602 603 98.000000
603 604 98.000000
858 880 98.000000
1079 10899 98.000000
1381 1403 98.000000
159 181 97.000000
234 256 97.000000
489 490 96.000000
551 573 96.000000
1052 10522 96.000000
443 444 95.000000
444 445 95.000000
445 446 95.000000
1008 10565 95.000000
1036 10927 95.000000
1079 10812 95.000000
794 816 94.000000
900 922 94.000000
105 10521 93.000000
105 10528 93.000000
105 10644 93.000000
105 10652 93.000000
105 10699 93.000000
105 10736 93.000000
105 10804 93.000000
105 10909 93.000000
105 10913 93.000000
105 10952 93.000000
112 134 93.000000
902 924 93.000000
1157 1179 93.000000
104 10770 92.000000
105 10597 92.000000
105 10836 92.000000
1030 10407 92.000000
1034 10486 92.000000
1075 10883 92.000000
793 794 91.000000
974 975 91.000000
975 976 91.000000
976 977 91.000000
977 978 91.000000
978 979 91.000000
979 980 91.000000
1032 10618 91.000000
1036 10846 91.000000
980 981 90.000000
105 10641 89.000000
105 10734 89.000000
256 278 89.000000
577 578 89.000000
578 579 89.000000
579 580 89.000000
580 581 89.000000
581 582 89.000000
582 583 89.000000
641 663 89.000000
105 10720 88.000000
219 241 87.000000
1057 10923 87.000000
1166 1188 86.000000
1208 1230 86.000000
808 830 85.000000
1092 1114 85.000000
1232 1254 85.000000
137 159 84.000000
905 927 84.000000
1010 10982 84.000000
1031 10645 84.000000
1078 10809 84.000000
1030 1052 83.000000
516 517 82.000000
981 982 82.000000
1046 10592 82.000000
1084 1085 82.000000
1085 1086 82.000000
1086 1087 82.000000
1087 1088 82.000000
1088 1089 82.000000
233 255 81.000000
1009 10816 81.000000
1011 10143 81.000000
1053 10901 81.000000
1073 1095 81.000000
1075 10775 81.000000
1089 1090 81.000000
1215 1216 81.000000
1216 1217 81.000000
1217 1218 81.000000
1218 1219 81.000000
1219 1220 81.000000
105 10747 80.000000
155 177 80.000000
812 834 80.000000
1009 10703 80.000000
1075 10848 80.000000
1075 10921 80.000000
1556 1578 80.000000
1026 10590 79.000000
40 62 78.000000
268 290 78.000000
683 705 78.000000
1009 10745 78.000000
1026 10474 78.000000
1156 1178 78.000000
105 10511 77.000000
105 10727 77.000000
191 213 77.000000
1009 10777 77.000000
1013 10428 77.000000
1048 1070 77.000000
105 10873 76.000000
1026 10835 76.000000
1026 10852 76.000000
1026 10944 76.000000
1140 1162 76.000000
312 313 75.000000
313 314 75.000000
314 315 75.000000
315 316 75.000000
316 317 75.000000
317 318 75.000000
318 319 75.000000
1033 10953 75.000000
157 179 74.000000
524 525 74.000000
1010 10689 74.000000
1010 10850 74.000000
1018 1019 74.000000
1019 1020 74.000000
1020 1021 74.000000
1021 1022 74.000000
1022 1023 74.000000
1023 1024 74.000000
1403 1425 74.000000
290 291 73.000000
291 292 73.000000
292 293 73.000000
293 294 73.000000
294 295 73.000000
295 296 73.000000
296 297 73.000000
1026 10391 73.000000
1031 10603 73.000000
1031 10808 73.000000
1031 10877 73.000000
1515 1516 73.000000
1035 1057 72.000000
1061 1083 72.000000
1079 10961 72.000000
522 523 71.000000
523 524 71.000000
1272 1294 71.000000
1012 10985 70.000000
297 298 69.000000
298 299 69.000000
873 895 69.000000
1474 1475 69.000000
1474 1495 69.000000
1493 1494 69.000000
1494 1495 69.000000
496 497 68.000000
497 498 68.000000
498 499 68.000000
499 500 68.000000
500 501 68.000000
501 502 68.000000
883 905 68.000000
1558 1580 68.000000
464 486 67.000000
517 518 67.000000
518 519 67.000000
519 520 67.000000
520 521 67.000000
521 522 67.000000
814 836 67.000000
1058 10961 67.000000
1357 1379 67.000000
583 605 66.000000
952 953 66.000000
953 954 66.000000
954 955 66.000000
955 956 66.000000
956 957 66.000000
957 958 66.000000
958 959 66.000000
959 960 66.000000
1031 10386 66.000000
105 10984 65.000000
736 737 65.000000
737 738 65.000000
738 739 65.000000
739 740 65.000000
740 741 65.000000
1031 10841 65.000000
105 10673 64.000000
243 265 64.000000
495 496 64.000000
768 790 64.000000
322 323 63.000000
323 324 63.000000
324 325 63.000000
325 326 63.000000
326 327 63.000000
327 328 63.000000
1010 10330 63.000000
1035 10503 63.000000
1035 10981 63.000000
1075 10777 63.000000
1075 10810 63.000000
263 285 62.000000
741 742 62.000000
1009 10331 62.000000
1009 10810 62.000000
1070 10731 62.000000
1443 1465 62.000000
474 475 61.000000
475 476 61.000000
476 477 61.000000
477 478 61.000000
478 479 61.000000
479 480 61.000000
684 706 61.000000
1075 10902 61.000000
1075 10951 61.000000
1075 10969 61.000000
703 725 60.000000
996 997 60.000000
997 998 60.000000
998 999 60.000000
1000 1001 60.000000
1001 1002 60.000000
1002 1003 60.000000
1024 1025 60.000000
1031 10575 60.000000
1031 10640 60.000000
1046 1047 60.000000
1054 1076 60.000000
1075 10816 60.000000
1075 10946 60.000000
1075 10949 60.000000
1076 10901 60.000000
1076 10982 60.000000
923 945 59.000000
1010 10529 59.000000
1010 10665 59.000000
1010 10752 59.000000
1013 10346 59.000000
1210 1211 59.000000
1211 1212 59.000000
1212 1213 59.000000
1213 1214 59.000000
1214 1215 59.000000
197 219 58.000000
1010 10554 58.000000
1031 10664 58.000000
1031 10718 58.000000
1031 10788 58.000000
1031 10965 58.000000
1078 1100 58.000000
115 116 57.000000
856 878 57.000000
1031 10934 57.000000
1052 1074 57.000000
105 10756 56.000000
105 10820 56.000000
105 10853 56.000000
105 10980 56.000000
105 10989 56.000000
597 619 55.000000
1031 10484 55.000000
111 133 54.000000
319 341 54.000000
642 664 54.000000
1011 10669 54.000000
1573 1574 54.000000
290 312 53.000000
560 561 53.000000
1011 10668 53.000000
1165 1187 53.000000
859 881 52.000000
1290 1312 52.000000
616 638 51.000000
1013 10609 51.000000
1205 1227 51.000000
124 146 50.000000
170 192 50.000000
678 700 50.000000
1188 1189 50.000000
1220 1221 50.000000
1530 1552 50.000000
50 72 49.000000
114 136 49.000000
473 474 49.000000
895 917 49.000000
1025 10635 49.000000
1032 10694 49.000000
1161 1183 49.000000
104 10620 48.000000
341 342 48.000000
342 343 48.000000
343 344 48.000000
344 345 48.000000
345 346 48.000000
346 347 48.000000
347 348 48.000000
348 349 48.000000
649 650 48.000000
650 651 48.000000
651 652 48.000000
652 653 48.000000
653 654 48.000000
1534 1556 48.000000
104 10625 47.000000
148 170 47.000000
698 699 47.000000
879 901 47.000000
886 887 47.000000
887 888 47.000000
888 889 47.000000
889 890 47.000000
890 891 47.000000
891 892 47.000000
892 893 47.000000
893 894 47.000000
894 895 47.000000
1010 10446 47.000000
1047 1069 47.000000
14 1576 46.000000
1486 1508 46.000000
104 10923 45.000000
321 322 45.000000
509 531 45.000000
621 622 45.000000
622 623 45.000000
623 624 45.000000
624 625 45.000000
625 626 45.000000
1053 10982 45.000000
1076 10979 45.000000
106 10870 44.000000
1033 10669 44.000000
1337 1359 44.000000
503 504 43.000000
620 621 43.000000
605 606 42.000000
606 607 42.000000
607 608 42.000000
608 609 42.000000
952 974 42.000000
1014 10204 42.000000
1422 1444 42.000000
815 837 41.000000
1012 10308 41.000000
1012 10717 41.000000
1015 10176 41.000000
1015 10643 41.000000
1106 1107 41.000000
1107 1108 41.000000
1108 1109 41.000000
1109 1110 41.000000
1110 1111 41.000000
1203 1225 41.000000
481 482 40.000000
878 900 40.000000
1013 10398 40.000000
1095 1117 40.000000
1423 1445 40.000000
699 721 39.000000
724 746 39.000000
1012 10279 39.000000
1012 10426 39.000000
1012 10532 39.000000
1012 10593 39.000000
1012 10619 39.000000
1032 10627 39.000000
1171 1172 39.000000
1172 1173 39.000000
1173 1174 39.000000
1174 1175 39.000000
1175 1176 39.000000
106 10800 38.000000
106 10988 38.000000
319 320 38.000000
320 321 38.000000
374 375 38.000000
374 395 38.000000
375 376 38.000000
376 377 38.000000
533 555 38.000000
1012 10879 38.000000
1057 10997 38.000000
1271 1293 38.000000
1010 10796 37.000000
1012 10972 37.000000
1074 10842 37.000000
1155 1177 37.000000
1531 1553 37.000000
364 365 36.000000
365 366 36.000000
366 367 36.000000
367 368 36.000000
368 369 36.000000
369 370 36.000000
370 371 36.000000
371 372 36.000000
995 996 36.000000
1052 10842 36.000000
1055 1077 36.000000
1053 10542 35.000000
1059 10751 35.000000
104 10869 33.000000
202 224 33.000000
245 267 33.000000
102 124 32.000000
480 481 32.000000
1053 10811 32.000000
1053 10955 32.000000
1057 10998 32.000000
922 944 31.000000
1025 10856 31.000000
1052 10565 31.000000
1053 10721 31.000000
1079 10936 31.000000
104 10793 30.000000
462 463 30.000000
462 483 30.000000
463 464 30.000000
482 483 30.000000
490 491 30.000000
491 492 30.000000
492 493 30.000000
493 494 30.000000
494 495 30.000000
508 530 30.000000
626 627 30.000000
1013 10203 30.000000
1013 10696 30.000000
1032 10446 30.000000
1052 10831 30.000000
1445 1467 30.000000
1534 1535 30.000000
104 10632 29.000000
104 10755 29.000000
104 10827 29.000000
104 10918 29.000000
106 10806 29.000000
106 10875 29.000000
424 446 29.000000
552 574 29.000000
743 765 29.000000
837 859 29.000000
1012 10550 29.000000
1053 10659 29.000000
1054 10689 29.000000
1054 10850 29.000000
1059 10778 29.000000
1062 1063 29.000000
1063 1064 29.000000
1064 1065 29.000000
1065 1066 29.000000
1066 1067 29.000000
1067 1068 29.000000
1077 10985 29.000000
1449 1450 29.000000
104 10466 28.000000
553 575 28.000000
554 576 28.000000
598 620 28.000000
1035 10409 28.000000
1054 10618 28.000000
402 424 27.000000
1008 10225 27.000000
1013 10310 27.000000
1535 1536 27.000000
1536 1537 27.000000
104 10649 26.000000
104 10729 26.000000
104 10809 26.000000
104 10834 26.000000
685 686 26.000000
1012 10246 26.000000
104 10461 25.000000
399 400 25.000000
400 401 25.000000
401 402 25.000000
1075 10811 25.000000
1075 10955 25.000000
67 89 24.000000
104 10682 24.000000
533 534 24.000000
534 535 24.000000
535 536 24.000000
536 537 24.000000
537 538 24.000000
538 539 24.000000
611 633 24.000000
728 750 24.000000
765 787 24.000000
1031 10325 24.000000
1076 10850 24.000000
1297 1319 24.000000
1554 1576 24.000000
908 930 23.000000
1013 10600 23.000000
1013 10818 23.000000
1018 10378 23.000000
1031 10509 23.000000
1039 1040 23.000000
1040 1041 23.000000
1041 1042 23.000000
1042 1043 23.000000
1043 1044 23.000000
1044 1045 23.000000
1045 1046 23.000000
1074 10831 23.000000
1111 1112 23.000000
1471 1493 23.000000
1540 1541 23.000000
1540 1561 23.000000
1559 1560 23.000000
1560 1561 23.000000
241 263 22.000000
307 329 22.000000
728 729 22.000000
729 730 22.000000
730 731 22.000000
731 732 22.000000
732 733 22.000000
733 734 22.000000
734 735 22.000000
735 736 22.000000
1014 10997 22.000000
1031 10745 22.000000
268 269 21.000000
289 311 21.000000
1012 10180 21.000000
1012 10271 21.000000
1012 10335 21.000000
1012 10347 21.000000
1012 10702 21.000000
106 10767 20.000000
106 10794 20.000000
106 10826 20.000000
106 10963 20.000000
510 532 20.000000
550 572 20.000000
627 628 20.000000
628 629 20.000000
629 630 20.000000
630 631 20.000000
631 632 20.000000
632 633 20.000000
1012 10218 20.000000
1012 10372 20.000000
1012 10895 20.000000
1012 10977 20.000000
1036 10553 20.000000
1053 10554 20.000000
1189 1190 20.000000
1190 1191 20.000000
1191 1192 20.000000
1192 1193 20.000000
1193 1194 20.000000
1194 1195 20.000000
1195 1196 20.000000
1196 1197 20.000000
1197 1198 20.000000
1198 1199 20.000000
704 726 19.000000
742 764 19.000000
1012 10763 19.000000
1111 1133 19.000000
103 10481 18.000000
487 509 18.000000
587 588 18.000000
588 589 18.000000
655 677 18.000000
1068 1090 18.000000
1466 1488 18.000000
583 584 17.000000
584 585 17.000000
585 586 17.000000
586 587 17.000000
904 926 17.000000
1058 10607 17.000000
1079 10981 17.000000
1401 1423 17.000000
127 149 16.000000
349 350 16.000000
465 487 16.000000
886 908 16.000000
1010 10979 16.000000
1013 10329 16.000000
1013 10358 16.000000
1013 10375 16.000000
1013 10379 16.000000
1013 10863 16.000000
1013 10886 16.000000
1013 10996 16.000000
1031 10883 16.000000
1032 10752 16.000000
1036 1058 16.000000
1037 10778 16.000000
1117 1139 16.000000
1447 1469 16.000000
103 10997 15.000000
246 268 15.000000
1024 1046 15.000000
1031 10505 15.000000
1031 10506 15.000000
1031 10783 15.000000
1032 10982 15.000000
1037 10583 15.000000
1336 1358 15.000000
1399 1421 15.000000
1518 1519 15.000000
1518 1539 15.000000
1537 1538 15.000000
1538 1539 15.000000
6 7 14.000000
7 8 14.000000
8 9 14.000000
10 11 14.000000
45 67 14.000000
110 132 14.000000
569 591 14.000000
662 684 14.000000
835 857 14.000000
1015 10455 14.000000
1034 10358 14.000000
1034 10375 14.000000
1034 10379 14.000000
1034 10600 14.000000
1034 10609 14.000000
1034 10818 14.000000
1034 10863 14.000000
1034 10886 14.000000
1078 10998 14.000000
333 334 13.000000
334 335 13.000000
335 336 13.000000
336 337 13.000000
337 338 13.000000
338 339 13.000000
339 340 13.000000
340 341 13.000000
443 465 13.000000
460 461 13.000000
464 465 13.000000
1032 10542 13.000000
1075 10821 13.000000
171 193 12.000000
465 466 12.000000
466 467 12.000000
474 496 12.000000
568 590 12.000000
656 678 12.000000
1004 10150 12.000000
1031 10331 12.000000
1031 10777 12.000000
1031 10810 12.000000
1210 1232 12.000000
1250 1272 12.000000
1335 1357 12.000000
297 319 11.000000
686 687 11.000000
687 688 11.000000
688 689 11.000000
689 690 11.000000
690 691 11.000000
691 692 11.000000
939 961 11.000000
1008 1030 11.000000
1031 10949 11.000000
1034 10363 11.000000
1037 10751 11.000000
1068 1069 11.000000
1076 10953 11.000000
1113 1135 11.000000
1143 1165 11.000000
201 223 10.000000
589 590 10.000000
596 618 10.000000
671 672 10.000000
672 673 10.000000
673 674 10.000000
674 675 10.000000
675 676 10.000000
1008 10167 10.000000
1008 10179 10.000000
1008 10250 10.000000
1008 10386 10.000000
1008 10484 10.000000
1008 10505 10.000000
1008 10506 10.000000
1008 10568 10.000000
1008 10575 10.000000
1008 10640 10.000000
1008 10664 10.000000
1008 10718 10.000000
1008 10783 10.000000
1008 10788 10.000000
1008 10831 10.000000
1008 10842 10.000000
1008 10965 10.000000
1009 10249 10.000000
1009 10399 10.000000
1009 10681 10.000000
1009 10821 10.000000
1013 10502 10.000000
1013 10740 10.000000
1035 10481 10.000000
1037 10436 10.000000
1051 1073 10.000000
1054 10979 10.000000
22 23 9.000000
22 43 9.000000
23 24 9.000000
24 25 9.000000
25 26 9.000000
26 27 9.000000
27 28 9.000000
40 41 9.000000
41 42 9.000000
42 43 9.000000
211 233 9.000000
488 510 9.000000
654 655 9.000000
676 677 9.000000
685 707 9.000000
771 793 9.000000
1003 10161 9.000000
1003 10276 9.000000
1009 10280 9.000000
1015 10340 9.000000
1015 10553 9.000000
1032 10487 9.000000
1032 10529 9.000000
1032 10554 9.000000
1032 10665 9.000000
1034 10696 9.000000
1037 10578 9.000000
1074 10965 9.000000
1099 1121 9.000000
1187 1209 9.000000
589 611 8.000000
612 634 8.000000
815 816 8.000000
943 965 8.000000
1015 10327 8.000000
1016 10436 8.000000
1031 10369 8.000000
1031 10380 8.000000
1031 10450 8.000000
1031 10476 8.000000
1031 10775 8.000000
1031 10848 8.000000
1031 10921 8.000000
1031 10946 8.000000
1031 10951 8.000000
1031 10969 8.000000
1032 10330 8.000000
1036 10403 8.000000
1036 10607 8.000000
1074 10934 8.000000
1116 1138 8.000000
147 169 7.000000
169 191 7.000000
275 297 7.000000
459 460 7.000000
705 727 7.000000
1003 10856 7.000000
1015 10523 7.000000
1031 10703 7.000000
1031 10816 7.000000
1031 10902 7.000000
1034 10398 7.000000
1035 10997 7.000000
1054 10953 7.000000
1055 10613 7.000000
1074 10783 7.000000
1074 10788 7.000000
66 88 6.000000
71 72 6.000000
179 201 6.000000
947 969 6.000000
1004 10272 6.000000
1004 10411 6.000000
1004 10711 6.000000
1004 10932 6.000000
1031 10357 6.000000
1031 10659 6.000000
1031 10721 6.000000
1031 10811 6.000000
1031 10955 6.000000
1052 10949 6.000000
1055 10577 6.000000
1055 10985 6.000000
1096 10969 6.000000
1097 10982 6.000000
1200 1222 6.000000
131 153 5.000000
502 503 5.000000
642 643 5.000000
643 644 5.000000
644 645 5.000000
645 646 5.000000
646 647 5.000000
647 648 5.000000
648 649 5.000000
721 743 5.000000
722 744 5.000000
1010 10487 5.000000
1010 10542 5.000000
1010 10618 5.000000
1010 10627 5.000000
1015 10844 5.000000
1074 1096 5.000000
1074 10775 5.000000
1118 1140 5.000000
356 357 4.000000
357 358 4.000000
358 380 4.000000
380 402 4.000000
402 403 4.000000
403 404 4.000000
404 405 4.000000
405 406 4.000000
406 407 4.000000
495 517 4.000000
522 544 4.000000
661 683 4.000000
664 665 4.000000
665 666 4.000000
666 667 4.000000
667 668 4.000000
668 669 4.000000
669 670 4.000000
670 671 4.000000
864 886 4.000000
908 909 4.000000
909 910 4.000000
910 911 4.000000
911 912 4.000000
912 913 4.000000
913 914 4.000000
914 915 4.000000
915 916 4.000000
945 967 4.000000
1052 10603 4.000000
1052 10738 4.000000
1052 10808 4.000000
1052 10841 4.000000
1052 10877 4.000000
1052 10946 4.000000
1052 10951 4.000000
1052 10969 4.000000
1053 10665 4.000000
1137 1159 4.000000
1552 1574 4.000000
158 180 3.000000
407 429 3.000000
429 451 3.000000
451 473 3.000000
503 525 3.000000
657 679 3.000000
741 763 3.000000
763 785 3.000000
864 865 3.000000
865 866 3.000000
866 867 3.000000
867 868 3.000000
868 869 3.000000
869 870 3.000000
870 871 3.000000
871 872 3.000000
872 873 3.000000
907 908 3.000000
950 972 3.000000
1004 10207 3.000000
1004 10474 3.000000
1008 10407 3.000000
1052 10703 3.000000
1052 10848 3.000000
1052 10902 3.000000
1052 10921 3.000000
1053 1075 3.000000
1053 10752 3.000000
1090 1112 3.000000
1091 1113 3.000000
1185 1207 3.000000
1430 1431 3.000000
1430 1451 3.000000
1431 1453 3.000000
1450 1451 3.000000
12 1574 2.000000
109 131 2.000000
355 356 2.000000
418 419 2.000000
418 439 2.000000
419 420 2.000000
420 421 2.000000
421 422 2.000000
422 423 2.000000
423 424 2.000000
473 495 2.000000
506 528 2.000000
634 656 2.000000
764 786 2.000000
949 971 2.000000
1004 10234 2.000000
1004 10449 2.000000
1004 10999 2.000000
1009 10114 2.000000
1009 10270 2.000000
1009 10277 2.000000
1009 10325 2.000000
1009 10357 2.000000
1009 10369 2.000000
1009 10659 2.000000
1009 10721 2.000000
1009 10811 2.000000
1009 10946 2.000000
1009 10949 2.000000
1009 10955 2.000000
1048 10711 2.000000
1048 10932 2.000000
1052 10816 2.000000
1053 10821 2.000000
1055 10668 2.000000
1097 1119 2.000000
1112 1134 2.000000
1115 1137 2.000000
1167 1189 2.000000
1511 1533 2.000000
1532 1554 2.000000
1533 1555 2.000000
1551 1552 2.000000
3 4 1.000000
4 5 1.000000
5 6 1.000000
11 1573 1.000000
633 655 1.000000
676 698 1.000000
677 699 1.000000
860 861 1.000000
861 862 1.000000
862 863 1.000000
863 864 1.000000
965 987 1.000000
1002 1024 1.000000
1004 10391 1.000000
1004 10590 1.000000
1053 10681 1.000000
1070 1092 1.000000
1072 1094 1.000000
1080 1102 1.000000
1089 1111 1.000000
1094 1116 1.000000
1276 1277 1.000000
1277 1278 1.000000
1278 1279 1.000000
1279 1280 1.000000
1280 1281 1.000000
1281 1282 1.000000
1282 1283 1.000000
1283 1284 1.000000
1284 1285 1.000000
1285 1286 1.000000
1378 1400 1.000000
1446 1468 1.000000
1519 1520 1.000000
1520 1521 1.000000
1521 1522 1.000000
1522 1523 1.000000
1523 1524 1.000000
1524 1525 1.000000
1525 1526 1.000000
1526 1527 1.000000
1527 1528 1.000000
1528 1529 1.000000
1541 1542 1.000000
1542 1543 1.000000
1543 1565 1.000000
