95 96 21249.000000
96 97 21249.000000
97 98 21249.000000
98 99 21249.000000
891 892 15599.000000
94 95 14438.000000
5 6 13653.000000
1111 1112 12961.000000
1023 1024 12138.000000
1109 1110 11891.000000
1258 1259 11841.000000
1110 1111 11732.000000
1259 1260 11149.000000
1067 1068 11025.000000
1088 1089 10746.000000
1066 1067 10621.000000
935 936 10448.000000
892 893 10156.000000
1260 1261 9790.000000
1132 1133 9441.000000
6 7 9430.000000
1065 1066 9377.000000
890 891 9289.000000
100 101 9057.000000
936 937 8888.000000
1108 1109 8686.000000
848 849 8635.000000
733 734 8564.000000
734 735 8564.000000
1022 1023 8446.000000
847 848 8374.000000
52 53 8229.000000
53 54 8229.000000
54 55 8229.000000
55 56 8179.000000
934 935 8092.000000
1261 1262 8053.000000
1130 1131 7991.000000
1131 1132 7932.000000
933 934 7675.000000
1024 1025 7509.000000
1147 1148 7446.000000
869 870 7445.000000
139 140 7420.000000
140 141 7420.000000
141 142 7420.000000
51 52 7396.000000
1045 1046 7394.000000
142 143 7357.000000
1148 1149 7225.000000
1064 1065 7012.000000
1105 1106 6824.000000
799 800 6720.000000
800 801 6720.000000
1103 1104 6705.000000
1104 1105 6705.000000
4 5 6702.000000
1149 1150 6689.000000
802 803 6671.000000
1129 1130 6652.000000
138 139 6635.000000
1087 1088 6596.000000
913 914 6544.000000
1089 1090 6507.000000
1150 1151 6276.000000
1107 1108 6230.000000
735 736 6184.000000
1106 1107 6159.000000
50 51 6133.000000
1262 1263 6111.000000
1086 1087 6022.000000
801 802 5988.000000
73 74 5937.000000
74 75 5937.000000
75 76 5937.000000
76 77 5937.000000
1154 1155 5937.000000
1021 1022 5896.000000
912 913 5886.000000
846 847 5850.000000
712 713 5822.000000
713 714 5822.000000
803 804 5791.000000
868 869 5766.000000
870 871 5663.000000
1153 1154 5638.000000
1146 1147 5623.000000
72 73 5618.000000
1044 1045 5542.000000
1128 1129 5538.000000
732 733 5537.000000
956 957 5460.000000
1125 1126 5407.000000
274 275 5379.000000
1523 1524 5377.000000
143 144 5330.000000
1085 1086 5300.000000
1043 1044 5284.000000
117 118 5281.000000
118 119 5281.000000
119 120 5281.000000
120 121 5281.000000
1127 1128 5274.000000
1084 1085 5245.000000
755 756 5221.000000
756 757 5221.000000
757 758 5221.000000
182 183 5193.000000
183 184 5193.000000
184 185 5193.000000
185 186 5193.000000
711 712 5054.000000
1151 1152 5029.000000
937 938 4985.000000
144 145 4979.000000
116 117 4909.000000
1126 1127 4900.000000
759 760 4886.000000
1152 1153 4871.000000
1083 1084 4777.000000
798 799 4753.000000
1081 1082 4736.000000
1082 1083 4736.000000
49 50 4642.000000
867 868 4634.000000
1502 1503 4634.000000
889 890 4633.000000
1020 1021 4603.000000
1102 1103 4576.000000
1214 1215 4551.000000
731 732 4532.000000
907 908 4461.000000
908 909 4461.000000
909 910 4461.000000
1215 1216 4461.000000
911 912 4451.000000
1414 1415 4436.000000
186 187 4422.000000
957 958 4397.000000
1219 1220 4243.000000
1218 1219 4198.000000
27 28 4196.000000
689 690 4196.000000
690 691 4196.000000
691 692 4196.000000
145 146 4194.000000
187 188 4189.000000
1198 1199 4055.000000
777 778 4022.000000
778 779 4022.000000
1042 1043 4006.000000
1216 1217 3998.000000
93 94 3967.000000
906 907 3957.000000
955 956 3920.000000
1174 1175 3885.000000
780 781 3856.000000
1263 1264 3769.000000
758 759 3765.000000
1175 1176 3764.000000
71 72 3733.000000
1217 1218 3692.000000
849 850 3638.000000
668 669 3616.000000
669 670 3616.000000
1413 1414 3597.000000
1370 1371 3573.000000
776 777 3519.000000
666 667 3489.000000
562 563 3443.000000
1173 1174 3437.000000
1124 1125 3418.000000
1545 1546 3415.000000
1176 1177 3390.000000
121 122 3358.000000
1197 1198 3329.000000
115 116 3317.000000
710 711 3313.000000
978 979 3286.000000
77 78 3219.000000
893 894 3217.000000
1024 1046 3158.000000
979 980 3127.000000
1196 1197 3123.000000
775 776 3119.000000
1348 1349 3098.000000
231 232 3096.000000
208 209 3085.000000
1390 1391 3084.000000
954 955 3079.000000
101 102 3076.000000
797 798 3058.000000
670 671 3038.000000
1391 1392 3026.000000
667 668 3024.000000
1546 1547 3024.000000
209 210 3014.000000
736 737 3010.000000
518 519 2991.000000
1392 1393 2978.000000
980 981 2904.000000
515 516 2890.000000
516 517 2890.000000
517 518 2890.000000
1434 1435 2865.000000
1001 1002 2864.000000
938 939 2838.000000
188 189 2833.000000
915 916 2760.000000
1327 1328 2756.000000
1025 1026 2747.000000
1281 1282 2741.000000
1369 1370 2702.000000
914 915 2681.000000
754 755 2680.000000
714 715 2672.000000
1171 1172 2670.000000
1080 1081 2652.000000
49 71 2650.000000
804 805 2634.000000
958 959 2631.000000
1237 1238 2624.000000
497 498 2619.000000
1172 1173 2603.000000
1063 1064 2592.000000
1433 1434 2570.000000
950 951 2558.000000
951 952 2558.000000
952 953 2558.000000
953 954 2558.000000
210 211 2546.000000
26 27 2538.000000
102 103 2536.000000
158 159 2437.000000
805 827 2429.000000
114 115 2405.000000
779 780 2393.000000
1195 1196 2378.000000
715 716 2364.000000
136 137 2362.000000
78 79 2357.000000
1000 1001 2354.000000
1155 1156 2341.000000
1456 1457 2329.000000
1499 1500 2314.000000
894 895 2308.000000
1238 1239 2292.000000
1170 1171 2283.000000
137 138 2266.000000
1037 1038 2259.000000
1038 1039 2259.000000
1039 1040 2259.000000
584 585 2254.000000
1345 1346 2249.000000
998 999 2247.000000
1346 1347 2239.000000
977 978 2225.000000
1500 1501 2212.000000
1368 1369 2210.000000
1415 1416 2184.000000
561 562 2183.000000
1068 1090 2167.000000
863 864 2148.000000
864 865 2148.000000
865 866 2148.000000
910 911 2130.000000
929 930 2129.000000
930 931 2129.000000
931 932 2129.000000
824 825 2097.000000
1435 1436 2089.000000
1041 1042 2085.000000
1239 1240 2075.000000
160 161 2074.000000
161 162 2074.000000
162 163 2074.000000
163 164 2074.000000
494 495 2073.000000
495 496 2073.000000
1282 1283 2059.000000
1325 1326 2047.000000
1480 1481 2043.000000
496 497 2031.000000
1389 1390 2024.000000
189 190 2022.000000
737 738 2018.000000
959 960 2003.000000
1040 1041 2003.000000
1412 1413 1994.000000
1326 1327 1990.000000
164 165 1981.000000
1090 1091 1972.000000
1193 1194 1968.000000
1455 1456 1953.000000
842 843 1947.000000
843 844 1947.000000
844 845 1947.000000
1283 1284 1945.000000
92 93 1940.000000
157 158 1913.000000
159 160 1911.000000
1240 1241 1907.000000
650 651 1906.000000
3 4 1902.000000
2 3 1897.000000
519 520 1890.000000
1068 1069 1881.000000
7 8 1861.000000
1524 1525 1859.000000
892 914 1851.000000
1520 1521 1847.000000
1521 1522 1847.000000
56 57 1840.000000
781 782 1837.000000
103 104 1836.000000
1457 1458 1834.000000
1567 1568 1831.000000
1328 1329 1821.000000
1241 1242 1813.000000
885 886 1801.000000
886 887 1801.000000
887 888 1801.000000
888 889 1801.000000
651 652 1795.000000
1002 1003 1784.000000
1347 1348 1779.000000
1194 1195 1751.000000
1304 1305 1747.000000
624 625 1727.000000
625 626 1727.000000
626 627 1727.000000
50 72 1723.000000
845 846 1713.000000
1501 1502 1708.000000
1522 1523 1700.000000
542 543 1671.000000
1284 1285 1669.000000
113 114 1667.000000
498 499 1657.000000
147 148 1650.000000
866 867 1649.000000
928 929 1632.000000
649 650 1627.000000
48 49 1621.000000
541 542 1620.000000
1280 1281 1608.000000
1036 1037 1607.000000
1371 1372 1575.000000
520 521 1574.000000
28 29 1557.000000
180 181 1547.000000
585 586 1546.000000
122 123 1538.000000
693 694 1529.000000
1285 1286 1524.000000
563 564 1515.000000
146 147 1509.000000
1519 1520 1505.000000
165 166 1482.000000
760 761 1482.000000
820 821 1479.000000
821 822 1479.000000
822 823 1479.000000
932 933 1475.000000
521 522 1471.000000
28 50 1468.000000
275 297 1466.000000
688 689 1462.000000
841 842 1454.000000
1324 1325 1453.000000
671 672 1439.000000
1023 10668 1439.000000
694 695 1431.000000
692 693 1427.000000
1477 1478 1426.000000
1478 1479 1424.000000
623 624 1413.000000
232 233 1407.000000
1045 10917 1397.000000
168 169 1389.000000
981 982 1388.000000
1242 1243 1388.000000
1479 1480 1388.000000
166 167 1378.000000
1498 1499 1376.000000
849 871 1345.000000
1367 1368 1343.000000
80 81 1341.000000
27 49 1338.000000
1432 1433 1333.000000
672 673 1331.000000
1046 1047 1329.000000
1411 1412 1323.000000
537 538 1322.000000
538 539 1322.000000
79 80 1316.000000
1542 1543 1310.000000
1454 1455 1308.000000
1543 1544 1302.000000
586 587 1295.000000
1190 1191 1289.000000
1191 1192 1289.000000
1058 1059 1286.000000
1503 1504 1284.000000
539 540 1277.000000
123 124 1274.000000
1022 10979 1271.000000
848 870 1270.000000
826 827 1261.000000
540 541 1257.000000
1436 1437 1244.000000
916 917 1240.000000
646 647 1231.000000
647 648 1231.000000
1541 1542 1230.000000
81 82 1229.000000
543 544 1219.000000
825 826 1218.000000
1059 1060 1215.000000
1060 1061 1215.000000
644 645 1193.000000
1061 1062 1188.000000
101 123 1179.000000
1476 1477 1179.000000
823 824 1172.000000
716 717 1169.000000
231 253 1158.000000
230 231 1154.000000
1349 1350 1154.000000
1043 10487 1150.000000
558 559 1147.000000
559 560 1147.000000
560 561 1147.000000
1062 1063 1147.000000
1393 1394 1139.000000
190 191 1128.000000
0 21 1121.000000
18 19 1121.000000
19 20 1121.000000
20 21 1121.000000
628 629 1119.000000
601 602 1097.000000
602 603 1095.000000
603 604 1095.000000
604 605 1095.000000
179 180 1087.000000
181 182 1080.000000
972 973 1080.000000
973 974 1080.000000
974 975 1080.000000
1145 1146 1048.000000
581 582 1047.000000
582 583 1047.000000
1002 10358 1047.000000
862 863 1045.000000
100 10611 1035.000000
0 1 1034.000000
1 2 1033.000000
167 168 1025.000000
1458 1459 1024.000000
1236 1237 1022.000000
997 998 1017.000000
1481 1482 1016.000000
1544 1545 1016.000000
191 192 1013.000000
894 916 1009.000000
606 607 1004.000000
1437 1438 1001.000000
583 584 995.000000
645 646 990.000000
753 754 982.000000
648 649 971.000000
1302 1303 969.000000
605 606 966.000000
297 298 959.000000
234 235 956.000000
57 79 947.000000
104 105 947.000000
1101 1102 942.000000
1003 1004 935.000000
937 959 931.000000
884 885 927.000000
146 168 921.000000
564 565 910.000000
607 608 903.000000
1123 1124 896.000000
514 515 892.000000
169 170 891.000000
760 782 886.000000
993 994 876.000000
994 995 876.000000
995 996 876.000000
996 997 876.000000
557 558 873.000000
1066 10953 865.000000
1303 1304 846.000000
498 520 841.000000
253 254 837.000000
135 136 836.000000
275 276 836.000000
536 537 834.000000
211 212 820.000000
124 125 817.000000
233 234 813.000000
1001 10118 812.000000
450 451 805.000000
451 452 805.000000
452 453 805.000000
667 689 805.000000
277 278 804.000000
278 279 804.000000
1220 1221 799.000000
1091 1092 797.000000
1092 1093 797.000000
1093 1094 797.000000
939 940 787.000000
940 941 787.000000
1192 1193 782.000000
70 71 779.000000
1350 1351 779.000000
1079 1080 778.000000
144 166 773.000000
895 917 760.000000
629 630 759.000000
202 203 757.000000
203 204 757.000000
204 205 757.000000
205 206 757.000000
206 207 757.000000
207 208 757.000000
235 236 753.000000
254 255 751.000000
318 319 748.000000
1023 10613 747.000000
56 78 738.000000
1022 10413 737.000000
1020 10407 736.000000
627 628 733.000000
819 820 731.000000
22 43 727.000000
40 41 727.000000
41 42 727.000000
42 43 727.000000
535 536 722.000000
212 213 718.000000
499 500 718.000000
148 170 717.000000
513 514 716.000000
1372 1373 713.000000
22 23 708.000000
23 24 708.000000
24 25 708.000000
992 993 707.000000
145 167 706.000000
982 983 703.000000
1547 1548 703.000000
1566 1567 697.000000
57 58 688.000000
58 59 688.000000
44 65 684.000000
62 63 684.000000
63 64 684.000000
64 65 684.000000
44 45 682.000000
45 46 682.000000
46 47 682.000000
47 48 682.000000
1155 1177 672.000000
905 906 670.000000
39 40 669.000000
1002 10100 667.000000
110 111 659.000000
111 112 659.000000
112 113 659.000000
500 501 658.000000
453 454 652.000000
1189 1190 652.000000
100 10341 651.000000
110 131 651.000000
127 128 651.000000
128 129 651.000000
129 130 651.000000
130 131 651.000000
673 674 650.000000
1027 1028 636.000000
1028 1029 636.000000
1073 1074 636.000000
738 739 633.000000
1048 1049 629.000000
1049 1050 629.000000
1167 1168 622.000000
1168 1169 613.000000
1169 1170 613.000000
1026 1027 610.000000
276 277 608.000000
8 9 603.000000
10 11 603.000000
11 12 603.000000
148 149 596.000000
1067 10917 593.000000
189 211 591.000000
600 601 591.000000
1459 1460 591.000000
1111 1133 586.000000
1047 1048 585.000000
132 153 580.000000
149 150 580.000000
150 151 580.000000
151 152 580.000000
152 153 580.000000
670 692 578.000000
132 133 572.000000
133 134 572.000000
134 135 572.000000
255 256 568.000000
917 918 566.000000
1035 1036 566.000000
1503 1525 566.000000
1022 10618 565.000000
1217 1239 551.000000
100 122 547.000000
975 976 546.000000
1416 1417 544.000000
975 997 534.000000
1024 10356 533.000000
1199 1200 531.000000
1306 1307 519.000000
70 92 515.000000
1329 1330 514.000000
971 972 513.000000
72 94 512.000000
715 737 510.000000
976 977 509.000000
580 581 506.000000
1000 10953 506.000000
587 588 504.000000
59 60 496.000000
298 299 495.000000
299 300 495.000000
60 61 493.000000
125 126 490.000000
1210 1211 488.000000
1211 1212 488.000000
1212 1213 488.000000
1232 1233 484.000000
1233 1234 484.000000
1234 1235 484.000000
1235 1236 484.000000
1305 1306 484.000000
135 157 483.000000
1041 1063 483.000000
1084 10867 477.000000
1192 1214 476.000000
652 653 474.000000
186 208 470.000000
1022 10512 470.000000
716 738 463.000000
622 623 459.000000
188 210 456.000000
256 257 455.000000
775 797 447.000000
927 928 447.000000
804 826 442.000000
1546 1568 440.000000
579 580 439.000000
1540 1541 437.000000
25 26 435.000000
714 736 434.000000
1056 1057 434.000000
1056 1077 434.000000
1069 1070 434.000000
1074 1075 434.000000
1075 1076 434.000000
1076 1077 434.000000
630 631 433.000000
12 13 431.000000
1088 10957 431.000000
13 14 426.000000
14 15 426.000000
15 16 426.000000
16 17 426.000000
895 896 424.000000
896 897 424.000000
673 695 421.000000
1501 1523 421.000000
1057 1058 420.000000
100 10572 419.000000
476 477 419.000000
1540 1561 414.000000
1558 1559 414.000000
1559 1560 414.000000
1560 1561 414.000000
1002 10620 413.000000
201 202 412.000000
1094 1095 405.000000
1002 10923 400.000000
870 892 399.000000
1002 10625 399.000000
1171 1193 398.000000
101 10480 393.000000
101 10570 393.000000
101 10688 393.000000
891 913 393.000000
17 18 389.000000
588 610 387.000000
1323 1324 386.000000
1090 1112 384.000000
1026 10743 383.000000
1026 10294 382.000000
1026 10828 382.000000
1213 1214 378.000000
101 10422 375.000000
1261 1283 374.000000
166 188 373.000000
224 225 372.000000
225 226 372.000000
226 227 372.000000
227 228 372.000000
228 229 372.000000
229 230 372.000000
100 10197 370.000000
1022 10815 369.000000
1568 1569 367.000000
104 10592 359.000000
983 984 357.000000
984 985 357.000000
136 158 356.000000
1063 10700 354.000000
960 961 351.000000
114 136 350.000000
493 494 350.000000
871 893 349.000000
1460 1461 349.000000
803 825 346.000000
1070 1071 346.000000
1071 1072 346.000000
1072 1073 346.000000
88 89 344.000000
89 90 344.000000
90 91 344.000000
105 106 344.000000
106 107 344.000000
107 108 344.000000
108 109 344.000000
100 10247 343.000000
101 10548 342.000000
198 199 342.000000
199 200 342.000000
252 253 342.000000
101 10962 340.000000
1439 1440 333.000000
1440 1441 333.000000
1441 1442 333.000000
1457 1479 333.000000
17 39 332.000000
1022 10344 332.000000
198 219 330.000000
214 215 330.000000
215 216 330.000000
216 217 330.000000
217 218 330.000000
218 219 330.000000
467 468 329.000000
468 469 329.000000
102 124 328.000000
1022 10417 328.000000
1024 10809 327.000000
1080 10882 324.000000
961 962 323.000000
962 963 323.000000
672 694 322.000000
1057 10616 322.000000
827 849 320.000000
1002 10682 318.000000
897 898 313.000000
1067 1089 313.000000
1001 10180 311.000000
91 92 310.000000
1124 1146 310.000000
187 209 307.000000
1080 1102 304.000000
1414 1436 301.000000
1043 10554 300.000000
454 455 292.000000
1047 10541 292.000000
1301 1302 289.000000
210 232 288.000000
542 564 287.000000
1544 1566 286.000000
918 919 285.000000
1431 1432 284.000000
34 56 283.000000
1497 1498 283.000000
1066 10668 281.000000
101 10543 278.000000
652 674 278.000000
1394 1395 277.000000
101 10353 276.000000
101 10978 276.000000
1058 10896 276.000000
1547 1569 276.000000
475 476 275.000000
1004 10324 272.000000
29 30 271.000000
30 31 271.000000
31 32 271.000000
32 33 271.000000
33 34 271.000000
213 214 271.000000
168 190 270.000000
1001 10317 270.000000
1151 1173 270.000000
1000 10661 269.000000
101 10579 267.000000
101 10588 267.000000
1026 10578 267.000000
1046 10622 265.000000
1046 10795 265.000000
1063 10908 265.000000
1046 10847 264.000000
66 67 263.000000
66 87 263.000000
67 68 263.000000
68 69 263.000000
69 70 263.000000
83 84 263.000000
84 85 263.000000
85 86 263.000000
86 87 263.000000
608 609 263.000000
1002 10997 263.000000
1264 1265 263.000000
105 10786 261.000000
1112 1113 261.000000
511 512 260.000000
512 513 260.000000
949 950 260.000000
1026 10778 260.000000
82 83 259.000000
176 197 259.000000
193 194 259.000000
194 195 259.000000
195 196 259.000000
196 197 259.000000
407 408 258.000000
408 409 258.000000
158 180 257.000000
1418 1419 257.000000
1419 1420 257.000000
1420 1421 257.000000
1046 10633 256.000000
1046 10739 256.000000
695 696 255.000000
1026 10534 255.000000
1026 10931 255.000000
1046 10675 255.000000
1046 10802 255.000000
850 851 254.000000
1475 1476 253.000000
176 177 252.000000
177 178 252.000000
178 179 252.000000
1413 1435 252.000000
1003 10533 251.000000
223 224 249.000000
1068 10983 248.000000
167 189 243.000000
235 257 243.000000
1047 10534 243.000000
192 214 242.000000
1066 10815 242.000000
1236 1258 242.000000
1068 10764 241.000000
1001 10917 237.000000
122 144 236.000000
477 478 234.000000
1003 10403 231.000000
100 10630 229.000000
124 146 229.000000
100 10124 228.000000
631 632 228.000000
428 429 225.000000
429 430 225.000000
430 431 225.000000
1021 10659 225.000000
1068 10926 225.000000
1282 1304 225.000000
102 10444 224.000000
154 155 224.000000
155 156 224.000000
156 157 224.000000
1068 10723 223.000000
1307 1308 222.000000
29 51 221.000000
1148 1170 221.000000
463 464 219.000000
464 465 219.000000
465 466 219.000000
466 467 219.000000
1025 10533 219.000000
1036 10882 219.000000
1019 1020 218.000000
1047 10931 218.000000
154 175 217.000000
170 171 217.000000
171 172 217.000000
172 173 217.000000
173 174 217.000000
174 175 217.000000
1029 10874 217.000000
100 10093 214.000000
100 10552 214.000000
1020 10386 214.000000
1215 1237 213.000000
938 960 212.000000
802 824 211.000000
1286 1287 211.000000
59 81 210.000000
1021 10401 210.000000
671 693 209.000000
941 963 209.000000
1562 1583 209.000000
1579 1580 209.000000
1580 1581 209.000000
1581 1582 209.000000
1582 1583 209.000000
126 127 207.000000
1024 10770 207.000000
1025 10607 207.000000
1065 10752 206.000000
1042 10883 205.000000
1545 1567 204.000000
1113 1114 203.000000
1114 1115 203.000000
1115 1116 203.000000
1116 1117 203.000000
192 193 202.000000
1004 10541 202.000000
1036 10381 201.000000
1025 10845 200.000000
1068 10793 200.000000
101 10562 199.000000
101 10768 199.000000
454 476 199.000000
1025 10657 199.000000
1025 10674 199.000000
1025 10737 199.000000
1025 10761 199.000000
157 179 197.000000
1078 1099 194.000000
1095 1096 194.000000
1096 1097 194.000000
1097 1098 194.000000
1098 1099 194.000000
1046 10494 193.000000
1003 10251 192.000000
1046 10615 192.000000
1046 10990 191.000000
941 942 190.000000
1046 1068 190.000000
1025 10304 189.000000
1025 10309 189.000000
1089 10918 189.000000
1025 10420 188.000000
1046 10524 188.000000
1046 10526 188.000000
1046 10695 188.000000
1046 10707 188.000000
1046 10907 188.000000
1046 10915 188.000000
1046 10991 188.000000
1133 1134 188.000000
1001 10577 187.000000
1025 10812 187.000000
100 10708 186.000000
104 10896 186.000000
1025 10840 186.000000
1025 10887 186.000000
1025 10899 186.000000
1025 10959 186.000000
1023 10985 184.000000
101 10214 183.000000
101 10261 183.000000
101 10370 183.000000
101 10549 183.000000
101 10773 183.000000
1025 1047 183.000000
1046 10801 183.000000
100 10537 182.000000
484 505 182.000000
501 502 182.000000
502 503 182.000000
503 504 182.000000
504 505 182.000000
104 126 181.000000
1020 10299 181.000000
100 10275 180.000000
100 10780 180.000000
317 318 180.000000
1025 10936 180.000000
1046 10869 180.000000
455 477 179.000000
717 718 179.000000
71 93 178.000000
101 10144 178.000000
101 10507 178.000000
101 10945 178.000000
1046 10936 178.000000
1064 10783 177.000000
1068 10754 176.000000
890 912 174.000000
1122 1143 173.000000
1139 1140 173.000000
1140 1141 173.000000
1141 1142 173.000000
1142 1143 173.000000
12 34 172.000000
776 798 172.000000
1003 10108 172.000000
1046 10503 172.000000
1523 1545 171.000000
103 10635 170.000000
492 493 170.000000
1003 10456 170.000000
1000 10577 169.000000
1003 10961 169.000000
649 671 168.000000
1373 1374 168.000000
1041 10624 167.000000
1002 10409 166.000000
1020 10565 166.000000
1046 10812 166.000000
1046 10840 166.000000
1046 10887 166.000000
1046 10899 166.000000
1046 10959 166.000000
1432 1454 166.000000
738 760 165.000000
1046 10649 164.000000
851 852 162.000000
852 853 162.000000
1035 10557 162.000000
101 10854 161.000000
34 35 160.000000
409 410 160.000000
1090 10993 160.000000
1258 1280 160.000000
562 584 159.000000
1042 10745 159.000000
587 609 157.000000
1050 10874 157.000000
1090 10974 157.000000
565 587 155.000000
1417 1418 155.000000
935 957 154.000000
1002 10481 154.000000
805 806 152.000000
1024 10620 152.000000
1090 10973 152.000000
1134 1135 152.000000
1135 1136 152.000000
1136 1137 152.000000
1137 1138 152.000000
1138 1139 152.000000
35 36 151.000000
36 37 151.000000
37 38 151.000000
38 39 151.000000
889 911 150.000000
758 780 149.000000
1019 10724 149.000000
846 868 147.000000
1022 10661 147.000000
1001 10218 146.000000
1021 10277 146.000000
1046 10961 145.000000
470 471 144.000000
1064 10934 144.000000
1068 10869 144.000000
103 10856 142.000000
115 137 142.000000
1068 10930 142.000000
1368 1390 142.000000
100 10209 141.000000
113 135 141.000000
1000 10985 141.000000
1063 10724 141.000000
873 895 140.000000
1020 10522 140.000000
1064 10848 140.000000
1064 10902 140.000000
1064 10921 140.000000
257 279 139.000000
1020 10903 139.000000
1023 10917 139.000000
1066 1088 139.000000
1068 10787 139.000000
105 10555 137.000000
1021 10618 137.000000
1090 10929 137.000000
1525 1526 137.000000
1001 10347 135.000000
1058 10592 135.000000
1238 1260 135.000000
1064 10951 134.000000
1002 10770 133.000000
1002 10818 133.000000
1069 10993 133.000000
431 432 132.000000
687 688 132.000000
827 828 132.000000
1090 10937 130.000000
500 522 129.000000
1026 10541 129.000000
1064 10775 129.000000
1089 10966 129.000000
1003 10047 128.000000
1003 1025 127.000000
1025 10296 126.000000
1043 10512 126.000000
1004 10155 125.000000
1025 10471 125.000000
1150 1172 125.000000
455 456 124.000000
456 457 124.000000
1025 10787 124.000000
1064 10725 124.000000
1068 10685 124.000000
1438 1439 124.000000
105 10896 123.000000
585 607 123.000000
1002 10600 123.000000
1003 10607 123.000000
1110 1132 123.000000
441 442 122.000000
442 443 122.000000
443 444 122.000000
444 445 122.000000
1068 10990 122.000000
1068 10729 121.000000
1068 10966 121.000000
170 192 120.000000
1004 10778 120.000000
1020 10842 120.000000
1035 10495 120.000000
445 446 119.000000
446 447 119.000000
447 448 119.000000
912 934 119.000000
1004 10578 119.000000
1064 10810 119.000000
1065 10665 119.000000
1068 10801 119.000000
1042 10946 118.000000
1091 10931 118.000000
100 10838 117.000000
100 10135 116.000000
1000 1022 116.000000
369 391 115.000000
476 498 114.000000
1029 1030 114.000000
1042 10969 114.000000
100 10021 113.000000
1085 10903 113.000000
1046 10657 112.000000
1046 10761 112.000000
1058 10602 112.000000
1064 10645 112.000000
1064 10738 112.000000
1500 1522 112.000000
1025 10961 111.000000
1064 10703 111.000000
1064 10777 111.000000
1064 10808 111.000000
1064 10816 111.000000
1064 10841 111.000000
1064 10877 111.000000
1046 10674 110.000000
1046 10737 110.000000
1065 10953 110.000000
1068 10728 110.000000
1068 10834 110.000000
1068 10881 110.000000
1081 1103 110.000000
453 475 109.000000
630 652 109.000000
911 933 109.000000
1025 10251 109.000000
1046 10845 109.000000
1064 10883 109.000000
0 1562 108.000000
100 10235 108.000000
543 565 108.000000
565 566 108.000000
586 608 108.000000
602 624 108.000000
410 411 107.000000
1046 10610 107.000000
121 143 106.000000
297 319 106.000000
1025 10456 106.000000
1068 10755 106.000000
1068 10918 106.000000
254 276 105.000000
1041 10726 105.000000
1068 10827 105.000000
1480 1502 105.000000
51 73 104.000000
469 470 104.000000
499 521 104.000000
818 819 104.000000
1024 10609 104.000000
100 10843 103.000000
693 715 103.000000
781 803 103.000000
101 10655 102.000000
411 412 102.000000
412 413 102.000000
1012 1033 102.000000
1030 1031 102.000000
1031 1032 102.000000
1032 1033 102.000000
485 486 101.000000
486 487 101.000000
487 488 101.000000
488 489 101.000000
489 490 100.000000
490 491 100.000000
956 978 100.000000
1020 10539 100.000000
1025 10632 100.000000
1174 1196 100.000000
105 10596 99.000000
1012 1013 99.000000
409 431 98.000000
916 938 98.000000
40 62 97.000000
906 928 97.000000
1389 1411 97.000000
646 668 96.000000
862 884 96.000000
1021 10493 96.000000
1021 10721 96.000000
826 848 95.000000
933 955 94.000000
939 961 94.000000
1020 10640 93.000000
1042 10949 93.000000
1325 1347 93.000000
851 873 92.000000
1021 10392 92.000000
1046 10729 92.000000
1046 10834 92.000000
1090 10986 92.000000
1090 10987 92.000000
1390 1412 92.000000
915 937 91.000000
1020 10831 91.000000
1046 10755 91.000000
1046 10918 91.000000
1090 10906 91.000000
1090 10958 91.000000
200 201 90.000000
491 513 90.000000
629 651 90.000000
845 867 90.000000
1043 10901 90.000000
809 831 89.000000
934 956 89.000000
1022 10415 89.000000
1090 10992 89.000000
688 710 88.000000
946 947 88.000000
946 967 88.000000
947 948 88.000000
963 964 88.000000
964 965 88.000000
965 966 88.000000
966 967 88.000000
1021 10821 88.000000
1022 10819 88.000000
484 485 87.000000
880 881 87.000000
880 901 87.000000
881 882 87.000000
882 883 87.000000
898 899 87.000000
899 900 87.000000
900 901 87.000000
1020 10575 87.000000
1020 10725 87.000000
1020 10788 87.000000
1069 10692 87.000000
783 805 86.000000
863 885 86.000000
1020 10250 86.000000
1046 10461 86.000000
1046 10466 86.000000
1046 10827 86.000000
123 145 85.000000
462 483 85.000000
479 480 85.000000
480 481 85.000000
481 482 85.000000
482 483 85.000000
1021 10681 85.000000
1022 10459 85.000000
1043 10982 85.000000
1069 10986 85.000000
1069 10987 85.000000
1090 10936 85.000000
478 479 84.000000
1020 10298 84.000000
1020 10664 84.000000
1020 10718 84.000000
1020 10965 84.000000
1022 10689 84.000000
1022 10850 84.000000
1035 10896 84.000000
1044 10661 84.000000
1089 10930 84.000000
871 872 83.000000
1021 10694 83.000000
1047 1069 83.000000
1068 10695 83.000000
1068 10707 83.000000
1068 10907 83.000000
1068 10915 83.000000
1068 10991 83.000000
1129 1151 83.000000
396 417 82.000000
414 415 82.000000
415 416 82.000000
416 417 82.000000
541 563 82.000000
806 828 82.000000
1020 10568 82.000000
220 241 81.000000
236 237 81.000000
237 238 81.000000
238 239 81.000000
239 240 81.000000
240 241 81.000000
528 549 81.000000
544 545 81.000000
545 546 81.000000
546 547 81.000000
547 548 81.000000
548 549 81.000000
924 925 81.000000
924 945 81.000000
925 926 81.000000
926 927 81.000000
942 943 81.000000
943 944 81.000000
944 945 81.000000
1035 10555 81.000000
1064 10946 81.000000
100 10823 80.000000
287 288 80.000000
288 289 80.000000
289 290 80.000000
290 291 80.000000
291 292 80.000000
292 293 80.000000
293 294 80.000000
294 295 80.000000
1042 10811 80.000000
1042 10955 80.000000
127 149 79.000000
432 433 79.000000
761 783 79.000000
806 807 79.000000
807 808 79.000000
808 809 79.000000
883 884 79.000000
1088 1110 79.000000
692 714 78.000000
1565 1566 78.000000
905 927 76.000000
1001 10593 76.000000
61 62 75.000000
190 212 75.000000
513 535 75.000000
1001 10879 75.000000
1041 10640 75.000000
1046 10787 75.000000
1564 1565 75.000000
1046 10471 74.000000
433 434 73.000000
434 435 73.000000
782 804 73.000000
1004 1026 73.000000
1059 1081 73.000000
406 407 72.000000
449 450 72.000000
583 605 72.000000
1023 10317 72.000000
1000 10199 71.000000
694 716 70.000000
759 781 70.000000
1046 10632 70.000000
1064 10969 70.000000
1436 1458 70.000000
220 221 69.000000
1122 1123 69.000000
1127 1149 69.000000
1083 1105 68.000000
48 70 67.000000
209 231 67.000000
427 428 67.000000
689 711 67.000000
1021 10249 67.000000
1370 1392 66.000000
471 472 65.000000
472 473 65.000000
473 474 65.000000
474 475 65.000000
893 915 65.000000
1070 10743 65.000000
300 301 64.000000
323 324 64.000000
324 325 64.000000
363 364 64.000000
364 365 64.000000
365 366 64.000000
142 164 63.000000
164 186 63.000000
1023 10577 63.000000
1562 1563 63.000000
100 10478 62.000000
627 649 62.000000
1024 10924 62.000000
1479 1501 62.000000
410 432 61.000000
506 507 61.000000
507 508 61.000000
508 509 61.000000
509 510 61.000000
510 511 61.000000
77 99 60.000000
105 10639 60.000000
506 527 60.000000
522 523 60.000000
523 524 60.000000
524 525 60.000000
525 526 60.000000
526 527 60.000000
533 534 60.000000
534 535 60.000000
1348 1370 60.000000
101 10884 59.000000
397 398 59.000000
398 399 59.000000
399 400 59.000000
400 401 59.000000
401 402 59.000000
402 403 59.000000
403 404 59.000000
539 561 59.000000
650 672 59.000000
872 873 59.000000
366 367 58.000000
367 368 58.000000
368 369 58.000000
1001 10279 58.000000
1001 10372 58.000000
1001 10426 58.000000
1001 10532 58.000000
1001 10763 58.000000
1002 10609 58.000000
1063 10831 58.000000
221 222 57.000000
222 223 57.000000
243 244 57.000000
325 347 57.000000
347 369 57.000000
825 847 57.000000
1058 1080 57.000000
1001 10335 55.000000
1001 10619 55.000000
1001 10895 55.000000
1132 1154 55.000000
1411 1433 55.000000
242 243 54.000000
253 275 54.000000
296 297 54.000000
522 544 54.000000
828 829 54.000000
829 830 54.000000
830 831 54.000000
1013 1014 54.000000
1344 1345 54.000000
448 449 53.000000
573 574 53.000000
574 575 53.000000
575 576 53.000000
576 577 53.000000
577 578 53.000000
1004 10751 53.000000
179 201 52.000000
518 540 52.000000
660 661 52.000000
661 662 52.000000
662 663 52.000000
663 664 52.000000
664 665 52.000000
948 949 52.000000
1004 1005 52.000000
1005 1006 52.000000
1006 1007 52.000000
1086 1108 52.000000
1460 1482 52.000000
55 77 50.000000
73 95 50.000000
605 627 50.000000
214 236 49.000000
1073 10874 49.000000
780 802 48.000000
1020 10645 48.000000
1020 10738 48.000000
1021 10446 48.000000
1042 10529 48.000000
1042 10752 48.000000
295 296 47.000000
814 815 47.000000
814 835 47.000000
815 816 47.000000
816 817 47.000000
817 818 47.000000
831 832 47.000000
832 833 47.000000
833 834 47.000000
834 835 47.000000
1070 10828 47.000000
496 518 46.000000
1014 1015 46.000000
1020 10777 46.000000
1020 10810 46.000000
1022 10953 46.000000
1025 10259 46.000000
397 419 45.000000
578 579 45.000000
1013 1035 45.000000
1326 1348 45.000000
374 396 44.000000
497 519 44.000000
520 542 44.000000
990 991 44.000000
991 992 44.000000
1015 1016 44.000000
1016 1017 44.000000
1017 1018 44.000000
1018 1019 44.000000
1020 10225 44.000000
1020 10331 44.000000
1020 10450 44.000000
1020 10476 44.000000
1020 10484 44.000000
1020 10505 44.000000
1020 10506 44.000000
1020 10703 44.000000
1020 10775 44.000000
1020 10783 44.000000
1020 10816 44.000000
1020 10848 44.000000
1020 10902 44.000000
1020 10921 44.000000
1020 10951 44.000000
1021 10330 44.000000
1021 10529 44.000000
1021 10542 44.000000
1021 10665 44.000000
1021 10752 44.000000
1063 1085 44.000000
1085 10955 44.000000
319 320 43.000000
320 321 43.000000
321 322 43.000000
322 323 43.000000
872 894 43.000000
1020 10268 43.000000
1020 10380 43.000000
1020 10603 43.000000
1020 10808 43.000000
1020 10841 43.000000
1020 10877 43.000000
1020 10934 43.000000
1042 10493 43.000000
1504 1526 43.000000
1563 1564 43.000000
606 628 42.000000
528 529 41.000000
1007 1008 41.000000
1008 1009 41.000000
1009 1010 41.000000
1010 1011 41.000000
1062 1084 41.000000
126 148 40.000000
280 281 40.000000
426 427 40.000000
868 890 40.000000
1064 10659 40.000000
1064 10821 40.000000
18 40 39.000000
169 191 39.000000
557 579 39.000000
1007 10090 39.000000
1064 10811 39.000000
1064 10949 39.000000
1064 10955 39.000000
1065 10979 39.000000
1302 1324 39.000000
39 61 38.000000
396 397 38.000000
628 650 38.000000
645 667 38.000000
733 755 38.000000
1064 10721 38.000000
1065 10901 38.000000
242 263 37.000000
257 258 37.000000
258 259 37.000000
259 260 37.000000
260 261 37.000000
261 262 37.000000
262 263 37.000000
566 588 37.000000
638 639 37.000000
639 640 37.000000
640 641 37.000000
641 642 37.000000
642 643 37.000000
824 846 37.000000
1043 1065 37.000000
1066 10661 37.000000
213 235 36.000000
267 268 36.000000
268 269 36.000000
269 270 36.000000
270 271 36.000000
271 272 36.000000
272 273 36.000000
273 274 36.000000
341 342 36.000000
342 343 36.000000
343 344 36.000000
413 414 36.000000
665 666 36.000000
731 753 36.000000
1057 1079 36.000000
1064 10745 36.000000
1065 10982 36.000000
1106 1128 36.000000
1280 1302 36.000000
1347 1369 36.000000
1367 1389 35.000000
419 420 34.000000
420 421 34.000000
421 422 34.000000
422 423 34.000000
423 424 34.000000
424 425 34.000000
425 426 34.000000
737 759 34.000000
867 889 34.000000
1068 10682 34.000000
374 395 33.000000
392 393 33.000000
393 394 33.000000
394 395 33.000000
902 903 33.000000
902 923 33.000000
903 904 33.000000
904 905 33.000000
920 921 33.000000
921 922 33.000000
922 923 33.000000
1173 1195 33.000000
1199 1221 33.000000
1301 1323 33.000000
264 285 32.000000
281 282 32.000000
282 283 32.000000
283 284 32.000000
284 285 32.000000
1063 10726 32.000000
551 573 31.000000
572 573 31.000000
572 593 31.000000
588 589 31.000000
589 590 31.000000
590 591 31.000000
591 592 31.000000
592 593 31.000000
695 717 31.000000
959 981 31.000000
1026 10927 31.000000
1090 10983 31.000000
1188 1189 31.000000
265 287 30.000000
544 566 30.000000
1007 10085 30.000000
1024 10762 30.000000
1024 10947 30.000000
1048 10828 30.000000
1090 10926 30.000000
1090 10959 30.000000
1100 1121 30.000000
1117 1118 30.000000
1118 1119 30.000000
1119 1120 30.000000
1120 1121 30.000000
1177 1199 30.000000
391 392 29.000000
609 631 29.000000
1022 1044 29.000000
1068 10809 29.000000
191 213 28.000000
616 637 28.000000
632 633 28.000000
633 634 28.000000
634 635 28.000000
635 636 28.000000
636 637 28.000000
710 732 28.000000
968 969 28.000000
968 989 28.000000
969 970 28.000000
976 998 28.000000
985 986 28.000000
986 987 28.000000
987 988 28.000000
988 989 28.000000
1058 10882 28.000000
1085 10949 28.000000
623 645 27.000000
823 845 27.000000
919 920 27.000000
1003 10036 27.000000
1041 10969 27.000000
1043 10953 27.000000
1061 1083 27.000000
1068 10770 27.000000
1085 1107 27.000000
279 280 26.000000
375 397 26.000000
1027 10324 26.000000
1085 10946 26.000000
1156 1157 26.000000
1157 1158 26.000000
1158 1159 26.000000
1159 1160 26.000000
1160 1161 26.000000
1327 1349 26.000000
1351 1352 26.000000
212 234 25.000000
477 499 25.000000
558 580 25.000000
1002 1024 25.000000
1014 10592 25.000000
1024 10470 25.000000
1024 10998 25.000000
1065 10819 25.000000
1100 1101 25.000000
384 385 24.000000
385 386 24.000000
386 387 24.000000
387 388 24.000000
388 389 24.000000
389 390 24.000000
390 391 24.000000
609 610 24.000000
1041 10450 24.000000
1041 10848 24.000000
1041 10902 24.000000
1041 10921 24.000000
1041 10951 24.000000
1043 10459 24.000000
1064 10681 24.000000
1088 10917 24.000000
1346 1368 24.000000
353 375 23.000000
432 454 23.000000
529 530 23.000000
530 531 23.000000
531 532 23.000000
532 533 23.000000
801 823 23.000000
970 992 23.000000
1482 1483 23.000000
1483 1484 23.000000
1484 1485 23.000000
1485 1486 23.000000
457 479 22.000000
462 463 22.000000
564 586 22.000000
1025 10273 22.000000
1065 10689 22.000000
1065 10850 22.000000
1170 1192 22.000000
1453 1454 22.000000
0 22 21.000000
147 169 21.000000
286 287 21.000000
286 307 21.000000
301 302 21.000000
302 303 21.000000
303 304 21.000000
304 305 21.000000
305 306 21.000000
306 307 21.000000
440 461 21.000000
457 458 21.000000
458 459 21.000000
459 460 21.000000
460 461 21.000000
616 617 21.000000
617 618 21.000000
618 619 21.000000
619 620 21.000000
620 621 21.000000
621 622 21.000000
666 688 21.000000
960 982 21.000000
1041 10476 21.000000
1041 10816 21.000000
1079 1101 21.000000
1086 10901 21.000000
1392 1414 21.000000
1410 1411 21.000000
1518 1539 21.000000
1536 1537 21.000000
1536 1558 21.000000
1537 1538 21.000000
1538 1539 21.000000
244 245 20.000000
392 414 20.000000
418 439 20.000000
435 436 20.000000
436 437 20.000000
437 438 20.000000
438 439 20.000000
529 551 20.000000
660 681 20.000000
674 675 20.000000
675 676 20.000000
676 677 20.000000
677 678 20.000000
678 679 20.000000
679 680 20.000000
680 681 20.000000
1002 10924 20.000000
1046 10809 20.000000
1086 10982 20.000000
1188 1209 20.000000
1200 1201 20.000000
1201 1202 20.000000
1202 1203 20.000000
1203 1204 20.000000
1204 1205 20.000000
1205 1206 20.000000
1206 1207 20.000000
1207 1208 20.000000
1208 1209 20.000000
1518 1519 20.000000
440 441 19.000000
797 819 19.000000
850 872 19.000000
1025 10625 19.000000
1041 10703 19.000000
1041 10777 19.000000
1041 10841 19.000000
1085 10902 19.000000
1085 10921 19.000000
1085 10951 19.000000
1090 10990 19.000000
405 406 18.000000
479 501 18.000000
761 762 18.000000
884 906 18.000000
1002 10083 18.000000
1002 10488 18.000000
1025 10503 18.000000
1025 10981 18.000000
1025 10995 18.000000
1041 10645 18.000000
1041 10725 18.000000
1085 10969 18.000000
1195 1217 18.000000
242 264 17.000000
928 950 17.000000
1000 10668 17.000000
1034 1035 17.000000
1034 1055 17.000000
1041 10505 17.000000
1041 10506 17.000000
1041 10783 17.000000
1052 1053 17.000000
1053 1054 17.000000
1054 1055 17.000000
1144 1145 17.000000
1303 1325 17.000000
665 687 16.000000
858 859 16.000000
858 879 16.000000
859 860 16.000000
860 861 16.000000
861 862 16.000000
876 877 16.000000
877 878 16.000000
878 879 16.000000
1025 10770 16.000000
1025 10923 16.000000
1041 10484 16.000000
1041 10775 16.000000
243 265 15.000000
264 265 15.000000
325 326 15.000000
540 562 15.000000
579 601 15.000000
601 623 15.000000
643 644 15.000000
1042 10694 15.000000
1052 1074 15.000000
35 57 14.000000
326 348 14.000000
348 370 14.000000
370 392 14.000000
521 543 14.000000
651 673 14.000000
739 761 14.000000
1004 10846 14.000000
1041 10575 14.000000
1041 10664 14.000000
1041 10718 14.000000
1041 10788 14.000000
1041 10842 14.000000
1041 10965 14.000000
1046 10682 14.000000
1050 1051 14.000000
1051 1052 14.000000
1063 10903 14.000000
1068 10923 14.000000
1090 10907 14.000000
1090 10915 14.000000
1090 10991 14.000000
1330 1331 14.000000
644 666 13.000000
1002 10762 13.000000
1002 10947 13.000000
1002 10998 13.000000
1014 10258 13.000000
1014 10381 13.000000
1036 1058 13.000000
1084 10908 13.000000
1085 10877 13.000000
1085 10934 13.000000
1107 1129 13.000000
1304 1326 13.000000
198 220 12.000000
221 243 12.000000
404 405 12.000000
506 528 12.000000
875 876 12.000000
1003 10981 12.000000
1030 1052 12.000000
1035 1057 12.000000
1041 10522 12.000000
1046 10620 12.000000
1345 1367 12.000000
433 455 11.000000
873 874 11.000000
874 875 11.000000
1002 10470 11.000000
1003 10259 11.000000
1003 10995 11.000000
1021 10901 11.000000
1041 10603 11.000000
1041 10738 11.000000
1041 10808 11.000000
1041 10877 11.000000
1041 10934 11.000000
1112 1134 11.000000
1349 1371 11.000000
418 419 10.000000
491 492 10.000000
765 787 10.000000
787 809 10.000000
955 977 10.000000
971 993 10.000000
1003 10273 10.000000
1004 10927 10.000000
1021 10554 10.000000
1021 10982 10.000000
1041 10903 10.000000
1069 10787 10.000000
1239 1261 10.000000
1243 1265 10.000000
1478 1500 10.000000
462 484 9.000000
551 552 9.000000
552 553 9.000000
553 554 9.000000
554 555 9.000000
555 556 9.000000
762 763 9.000000
762 784 9.000000
763 764 9.000000
764 765 9.000000
784 806 9.000000
876 898 9.000000
1020 10270 9.000000
1020 10745 9.000000
1041 10539 9.000000
1043 10819 9.000000
1044 10577 9.000000
1044 10668 9.000000
1044 10985 9.000000
1070 10931 9.000000
1498 1520 9.000000
110 132 8.000000
281 303 8.000000
303 325 8.000000
388 410 8.000000
431 453 8.000000
578 600 8.000000
608 630 8.000000
819 841 8.000000
883 905 8.000000
961 983 8.000000
1003 10503 8.000000
1041 10568 8.000000
1042 10681 8.000000
1042 10821 8.000000
1043 10689 8.000000
1043 10850 8.000000
1043 10979 8.000000
1069 10739 8.000000
1089 1111 8.000000
1456 1478 8.000000
1524 1546 8.000000
1543 1565 8.000000
26 48 7.000000
154 176 7.000000
165 187 7.000000
383 384 7.000000
782 783 7.000000
1014 1036 7.000000
1015 10227 7.000000
1020 10256 7.000000
1020 10369 7.000000
1020 10883 7.000000
1020 10946 7.000000
1020 10969 7.000000
1046 10625 7.000000
1046 10923 7.000000
1069 10802 7.000000
1101 1123 7.000000
1144 1165 7.000000
1161 1162 7.000000
1162 1163 7.000000
1163 1164 7.000000
1164 1165 7.000000
1262 1284 7.000000
340 341 6.000000
366 388 6.000000
563 585 6.000000
917 939 6.000000
920 942 6.000000
1019 10361 6.000000
1020 10357 6.000000
1020 10811 6.000000
1020 10949 6.000000
1020 10955 6.000000
1041 10565 6.000000
1041 10831 6.000000
1046 10770 6.000000
1087 10953 6.000000
1102 1124 6.000000
1305 1327 6.000000
13 35 5.000000
362 363 5.000000
411 433 5.000000
594 615 5.000000
610 611 5.000000
611 612 5.000000
612 613 5.000000
613 614 5.000000
614 615 5.000000
840 841 5.000000
847 869 5.000000
869 891 5.000000
932 954 5.000000
970 971 5.000000
1015 1037 5.000000
1078 1079 5.000000
1454 1476 5.000000
105 127 4.000000
535 557 4.000000
584 606 4.000000
607 629 4.000000
638 659 4.000000
653 654 4.000000
654 655 4.000000
655 656 4.000000
656 657 4.000000
657 658 4.000000
658 659 4.000000
717 739 4.000000
1020 10721 4.000000
1042 10659 4.000000
1042 10721 4.000000
1043 10618 4.000000
1069 10737 4.000000
1069 10761 4.000000
1069 10812 4.000000
1069 10840 4.000000
1069 10845 4.000000
1069 10887 4.000000
1069 10899 4.000000
1069 10936 4.000000
1069 10959 4.000000
1069 10961 4.000000
1306 1328 4.000000
1393 1415 4.000000
60 82 3.000000
232 254 3.000000
309 310 3.000000
310 311 3.000000
311 312 3.000000
312 313 3.000000
313 314 3.000000
314 315 3.000000
315 316 3.000000
316 317 3.000000
361 362 3.000000
375 376 3.000000
376 377 3.000000
377 378 3.000000
378 379 3.000000
379 380 3.000000
380 381 3.000000
381 382 3.000000
382 383 3.000000
445 467 3.000000
709 710 3.000000
853 854 3.000000
854 876 3.000000
1525 1547 3.000000
22 44 2.000000
418 440 2.000000
519 541 2.000000
550 551 2.000000
550 571 2.000000
556 557 2.000000
566 567 2.000000
567 568 2.000000
568 569 2.000000
569 570 2.000000
570 571 2.000000
580 602 2.000000
913 935 2.000000
957 979 2.000000
1007 1029 2.000000
1019 1041 2.000000
1260 1282 2.000000
1409 1410 2.000000
1409 1431 2.000000
1439 1461 2.000000
1518 1540 2.000000
1 1563 1.000000
308 309 1.000000
308 329 1.000000
326 327 1.000000
327 328 1.000000
328 329 1.000000
475 497 1.000000
492 514 1.000000
718 719 1.000000
719 720 1.000000
720 721 1.000000
721 743 1.000000
743 765 1.000000
753 775 1.000000
954 976 1.000000
1166 1187 1.000000
1178 1179 1.000000
1179 1180 1.000000
1180 1181 1.000000
1181 1182 1.000000
1182 1183 1.000000
1183 1184 1.000000
1184 1185 1.000000
1185 1186 1.000000
1186 1187 1.000000
1323 1345 1.000000
1350 1372 1.000000
1395 1396 1.000000
1396 1397 1.000000
1397 1398 1.000000
1398 1399 1.000000
1399 1421 1.000000
1452 1453 1.000000
1452 1473 1.000000
1459 1481 1.000000
1465 1466 1.000000
1466 1467 1.000000
1467 1468 1.000000
1468 1469 1.000000
1469 1470 1.000000
1470 1471 1.000000
1471 1472 1.000000
1472 1473 1.000000
1481 1503 1.000000
1540 1562 1.000000
