1181 1182 15967.000000
1159 1160 15901.000000
1203 1204 12697.000000
1202 1203 12479.000000
1158 1159 12467.000000
1201 1202 12272.000000
188 189 12160.000000
189 190 12160.000000
190 191 12160.000000
187 188 11921.000000
1157 1158 11609.000000
984 985 11429.000000
191 192 11365.000000
144 145 11287.000000
145 146 11287.000000
146 147 11287.000000
147 148 11287.000000
1219 1220 10724.000000
1005 1006 10603.000000
54 55 10502.000000
1180 1181 10092.000000
1027 1028 10021.000000
143 144 9812.000000
209 210 9812.000000
210 211 9812.000000
211 212 9812.000000
212 213 9812.000000
1179 1180 9542.000000
1220 1221 9528.000000
983 984 9413.000000
1217 1218 9389.000000
1218 1219 9388.000000
940 941 9039.000000
1200 1201 8993.000000
1156 1157 8712.000000
186 187 8705.000000
804 805 8503.000000
805 806 8503.000000
1004 1005 7886.000000
10 11 7741.000000
939 940 7740.000000
1003 1004 7550.000000
98 99 7519.000000
165 166 7505.000000
166 167 7505.000000
167 168 7505.000000
168 169 7505.000000
192 193 7422.000000
208 209 7361.000000
1028 1029 7306.000000
1026 1027 7110.000000
1160 1161 6958.000000
97 98 6779.000000
1221 1222 6733.000000
1224 1225 6556.000000
1137 1138 6458.000000
1216 1217 6444.000000
279 280 6438.000000
1223 1224 6420.000000
275 276 6408.000000
276 277 6408.000000
277 278 6408.000000
278 279 6408.000000
7 8 6249.000000
8 9 6231.000000
982 983 6205.000000
848 849 6191.000000
849 850 6191.000000
11 12 6181.000000
1116 1117 6150.000000
1115 1116 6129.000000
938 939 6071.000000
941 942 6058.000000
869 870 6057.000000
870 871 6057.000000
1351 1352 6054.000000
961 962 5918.000000
851 852 5912.000000
1350 1351 5898.000000
1178 1179 5896.000000
164 165 5863.000000
1222 1223 5836.000000
236 237 5788.000000
1160 1182 5765.000000
782 783 5723.000000
783 784 5723.000000
1331 1332 5716.000000
847 848 5696.000000
1246 1247 5692.000000
1245 1246 5667.000000
1199 1200 5648.000000
1025 1026 5635.000000
1114 1115 5619.000000
231 232 5587.000000
232 233 5587.000000
233 234 5587.000000
234 235 5587.000000
825 826 5558.000000
826 827 5558.000000
827 828 5558.000000
1329 1330 5546.000000
1268 1269 5375.000000
1196 1197 5362.000000
1197 1198 5267.000000
962 963 5251.000000
871 872 5219.000000
806 807 5170.000000
1352 1353 5139.000000
1332 1333 5046.000000
1049 1050 5038.000000
1244 1245 5025.000000
1330 1331 4948.000000
169 170 4878.000000
1198 1199 4823.000000
780 781 4799.000000
1307 1308 4765.000000
6 7 4731.000000
1247 1248 4724.000000
1029 1030 4719.000000
781 782 4701.000000
237 238 4699.000000
148 149 4606.000000
1155 1156 4602.000000
53 54 4560.000000
850 851 4526.000000
1354 1355 4526.000000
1072 1073 4494.000000
1353 1354 4464.000000
235 236 4463.000000
868 869 4413.000000
1333 1334 4402.000000
1136 1137 4361.000000
960 961 4350.000000
1048 1049 4342.000000
1355 1356 4252.000000
1195 1196 4209.000000
803 804 4200.000000
895 896 4151.000000
1000 1001 4072.000000
1001 1002 4072.000000
119 120 4047.000000
280 281 4020.000000
1463 1464 4005.000000
1006 1007 4003.000000
1093 1094 3967.000000
1113 1114 3896.000000
1419 1420 3887.000000
230 231 3849.000000
142 143 3841.000000
55 56 3807.000000
1092 1093 3801.000000
213 214 3743.000000
1239 1240 3737.000000
1135 1136 3726.000000
846 847 3706.000000
872 873 3695.000000
1240 1241 3682.000000
1021 1022 3677.000000
1022 1023 3677.000000
1023 1024 3673.000000
1395 1396 3670.000000
1308 1309 3642.000000
586 587 3618.000000
587 588 3618.000000
1394 1395 3617.000000
891 892 3609.000000
892 893 3609.000000
893 894 3609.000000
590 591 3599.000000
1243 1244 3582.000000
1267 1268 3558.000000
1505 1506 3503.000000
589 590 3499.000000
1134 1135 3490.000000
807 808 3470.000000
588 589 3465.000000
1024 1025 3453.000000
1334 1335 3453.000000
1462 1463 3447.000000
916 917 3446.000000
1242 1243 3407.000000
1241 1242 3378.000000
654 655 3362.000000
1047 1048 3329.000000
1266 1267 3311.000000
1050 1051 3309.000000
257 258 3298.000000
1417 1418 3296.000000
170 171 3253.000000
193 194 3245.000000
896 897 3226.000000
185 186 3200.000000
1094 1095 3185.000000
1309 1310 3180.000000
1175 1176 3168.000000
206 207 3164.000000
1225 1226 3164.000000
1548 1549 3155.000000
1030 1031 3154.000000
1070 1071 3151.000000
986 987 3150.000000
1174 1175 3144.000000
1418 1419 3122.000000
1071 1072 3119.000000
917 918 3109.000000
301 302 3085.000000
1484 1485 3081.000000
1069 1070 3065.000000
1506 1507 3044.000000
894 895 3043.000000
55 77 3037.000000
1396 1397 3019.000000
120 121 3016.000000
1549 1550 3015.000000
1173 1174 2986.000000
808 809 2979.000000
238 239 2971.000000
75 76 2952.000000
985 986 2952.000000
281 282 2935.000000
1002 1003 2917.000000
1310 1311 2914.000000
1397 1398 2904.000000
1152 1153 2871.000000
1416 1417 2870.000000
1153 1154 2868.000000
1154 1155 2868.000000
1172 1173 2838.000000
1138 1139 2830.000000
1440 1441 2823.000000
1311 1312 2752.000000
867 868 2726.000000
32 33 2717.000000
715 716 2704.000000
1547 1548 2666.000000
918 919 2662.000000
852 853 2643.000000
1373 1374 2636.000000
1290 1291 2628.000000
1177 1178 2612.000000
760 761 2611.000000
761 762 2611.000000
1461 1462 2603.000000
1176 1177 2600.000000
802 803 2597.000000
149 171 2595.000000
1306 1307 2584.000000
873 874 2576.000000
323 324 2574.000000
1485 1486 2564.000000
998 999 2558.000000
959 960 2542.000000
1073 1074 2542.000000
829 830 2533.000000
1439 1440 2527.000000
258 259 2507.000000
1289 1290 2500.000000
1287 1288 2499.000000
762 763 2494.000000
31 32 2489.000000
824 825 2441.000000
118 119 2429.000000
1238 1239 2418.000000
1312 1313 2404.000000
1483 1484 2402.000000
1460 1461 2394.000000
784 785 2377.000000
655 656 2373.000000
1550 1551 2370.000000
1285 1286 2369.000000
214 215 2359.000000
1007 1008 2353.000000
977 978 2336.000000
978 979 2336.000000
979 980 2336.000000
980 981 2336.000000
1194 1195 2319.000000
633 634 2298.000000
1374 1375 2293.000000
1091 1092 2280.000000
194 195 2228.000000
54 76 2218.000000
1288 1289 2215.000000
1265 1266 2210.000000
1263 1264 2203.000000
1438 1439 2181.000000
163 164 2179.000000
717 718 2179.000000
718 719 2177.000000
207 208 2175.000000
1051 1052 2162.000000
259 260 2149.000000
1074 1075 2127.000000
1286 1287 2118.000000
934 935 2079.000000
935 936 2079.000000
936 937 2079.000000
1112 1113 2054.000000
239 240 2041.000000
252 253 2041.000000
253 254 2041.000000
254 255 2041.000000
255 256 2041.000000
941 963 2034.000000
1090 1091 2026.000000
228 229 2005.000000
1073 1095 1978.000000
1504 1505 1968.000000
698 699 1967.000000
1260 1261 1942.000000
1261 1262 1942.000000
937 938 1934.000000
897 898 1921.000000
919 920 1914.000000
229 230 1913.000000
1027 10421 1904.000000
141 142 1902.000000
1264 1265 1902.000000
828 829 1889.000000
76 77 1883.000000
890 891 1880.000000
1420 1421 1879.000000
1262 1263 1863.000000
656 657 1849.000000
1398 1399 1848.000000
981 982 1841.000000
1108 1109 1839.000000
1109 1110 1838.000000
1110 1111 1838.000000
10 32 1808.000000
898 920 1790.000000
302 303 1783.000000
716 717 1776.000000
1421 1422 1774.000000
148 170 1765.000000
1551 1552 1759.000000
367 368 1728.000000
651 652 1714.000000
652 653 1714.000000
653 654 1714.000000
1182 1183 1654.000000
912 913 1652.000000
913 914 1652.000000
914 915 1652.000000
1282 1283 1632.000000
1283 1284 1632.000000
1506 1528 1625.000000
195 196 1624.000000
1111 1112 1618.000000
250 251 1540.000000
280 302 1539.000000
10 10398 1538.000000
590 612 1537.000000
238 260 1504.000000
120 142 1502.000000
149 150 1500.000000
366 367 1464.000000
1025 10407 1460.000000
738 739 1454.000000
739 740 1454.000000
740 741 1454.000000
1005 10190 1443.000000
830 831 1442.000000
591 592 1432.000000
1050 10600 1429.000000
742 743 1427.000000
823 824 1427.000000
564 565 1423.000000
565 566 1423.000000
566 567 1423.000000
215 216 1415.000000
1095 1096 1404.000000
240 241 1403.000000
676 677 1402.000000
677 678 1402.000000
274 275 1395.000000
1441 1442 1391.000000
1117 1118 1390.000000
256 257 1382.000000
326 327 1378.000000
699 700 1377.000000
911 912 1372.000000
10 10012 1371.000000
1161 1162 1362.000000
720 721 1358.000000
1008 1009 1358.000000
719 720 1340.000000
251 252 1339.000000
808 830 1333.000000
150 151 1328.000000
273 274 1312.000000
955 956 1286.000000
956 957 1286.000000
957 958 1286.000000
958 959 1286.000000
809 810 1273.000000
293 294 1271.000000
1151 1152 1268.000000
721 722 1261.000000
785 786 1261.000000
260 261 1235.000000
325 326 1221.000000
344 345 1215.000000
31 53 1212.000000
567 568 1211.000000
1133 1134 1206.000000
1464 1465 1201.000000
33 34 1197.000000
196 197 1197.000000
897 919 1195.000000
1107 1108 1192.000000
915 916 1187.000000
759 760 1169.000000
1215 1216 1165.000000
12 13 1141.000000
786 787 1135.000000
1437 1438 1132.000000
327 328 1130.000000
171 172 1128.000000
172 173 1124.000000
304 305 1122.000000
184 185 1116.000000
722 723 1108.000000
272 273 1087.000000
77 99 1086.000000
694 695 1079.000000
695 696 1079.000000
696 697 1079.000000
1072 10917 1077.000000
1026 10280 1064.000000
632 633 1058.000000
743 744 1055.000000
1171 1172 1050.000000
1042 1043 1048.000000
1043 1044 1048.000000
1044 1045 1048.000000
249 250 1046.000000
1045 1046 1045.000000
634 635 1043.000000
303 304 1040.000000
368 369 1037.000000
324 325 1033.000000
852 874 1031.000000
1375 1376 1031.000000
1284 1285 1030.000000
629 630 1027.000000
630 631 1027.000000
631 632 1027.000000
933 934 1023.000000
1139 1140 1021.000000
151 152 1017.000000
1204 1226 1007.000000
1003 10298 1006.000000
121 122 998.000000
678 679 994.000000
296 297 982.000000
297 298 982.000000
298 299 982.000000
299 300 982.000000
1064 1065 975.000000
1065 1066 975.000000
1066 1067 975.000000
1482 1483 975.000000
216 217 974.000000
763 764 968.000000
217 218 964.000000
1281 1282 963.000000
1486 1487 961.000000
741 742 960.000000
140 141 954.000000
737 738 953.000000
612 613 950.000000
236 258 940.000000
592 593 921.000000
174 175 915.000000
305 306 905.000000
173 174 900.000000
1526 1527 897.000000
76 98 892.000000
110 111 891.000000
111 112 891.000000
112 113 891.000000
113 114 891.000000
114 115 891.000000
115 116 891.000000
116 117 891.000000
117 118 891.000000
606 607 891.000000
261 262 890.000000
370 371 884.000000
206 228 881.000000
700 701 878.000000
673 674 861.000000
674 675 861.000000
675 676 861.000000
672 673 859.000000
1005 10796 840.000000
671 672 837.000000
693 694 832.000000
568 569 831.000000
162 163 828.000000
94 95 823.000000
95 96 823.000000
294 295 823.000000
295 296 823.000000
1075 1076 823.000000
1076 1077 823.000000
1307 1329 815.000000
191 213 813.000000
132 133 809.000000
133 134 809.000000
134 135 809.000000
135 136 809.000000
136 137 809.000000
137 138 809.000000
138 139 809.000000
139 140 809.000000
152 153 808.000000
605 606 808.000000
657 658 808.000000
11 33 800.000000
1004 10850 800.000000
1130 1131 797.000000
1131 1132 797.000000
1132 1133 797.000000
764 765 776.000000
369 370 775.000000
96 97 774.000000
1047 10951 770.000000
1067 1068 755.000000
1041 1042 754.000000
628 629 753.000000
1116 1138 752.000000
72 73 750.000000
73 74 750.000000
889 890 747.000000
12 34 744.000000
1525 1526 744.000000
1020 1021 727.000000
1183 1184 726.000000
1184 1185 726.000000
1185 1186 726.000000
987 988 723.000000
988 989 723.000000
1399 1400 723.000000
613 614 722.000000
1481 1482 709.000000
32 54 702.000000
164 186 701.000000
697 698 699.000000
1356 1357 698.000000
1552 1553 697.000000
33 55 692.000000
1052 1053 690.000000
1046 1047 689.000000
1503 1504 689.000000
1129 1130 688.000000
1128 1129 687.000000
591 613 668.000000
282 283 667.000000
570 571 667.000000
346 347 660.000000
569 570 657.000000
1442 1443 657.000000
198 199 645.000000
198 219 645.000000
199 200 645.000000
200 201 645.000000
201 202 645.000000
202 203 645.000000
203 204 645.000000
204 205 645.000000
1029 1051 645.000000
1073 10770 645.000000
765 766 644.000000
1291 1292 638.000000
1025 10386 635.000000
719 741 634.000000
176 177 627.000000
177 178 627.000000
178 179 627.000000
179 180 627.000000
180 181 627.000000
181 182 627.000000
182 183 627.000000
388 389 627.000000
1377 1378 624.000000
183 184 623.000000
1118 1119 622.000000
787 788 620.000000
1068 1069 619.000000
874 875 617.000000
1376 1377 616.000000
205 206 613.000000
5 6 601.000000
940 962 596.000000
283 284 593.000000
22 23 592.000000
23 24 592.000000
24 25 592.000000
25 26 592.000000
635 636 588.000000
1117 1139 584.000000
1127 1128 584.000000
758 759 582.000000
264 265 578.000000
264 285 578.000000
265 266 578.000000
266 267 578.000000
267 268 578.000000
268 269 578.000000
269 270 578.000000
270 271 578.000000
300 301 575.000000
1527 1528 560.000000
227 228 557.000000
10 10435 555.000000
1004 10681 554.000000
896 918 551.000000
1029 10894 546.000000
1150 1151 546.000000
1162 1163 540.000000
1163 1164 540.000000
1164 1165 540.000000
1046 10539 535.000000
26 27 523.000000
1021 10711 521.000000
1158 1180 513.000000
1049 10669 512.000000
1027 10487 509.000000
237 259 505.000000
1507 1508 505.000000
766 767 497.000000
968 989 496.000000
499 500 492.000000
500 501 492.000000
1119 1120 485.000000
1120 1121 485.000000
1021 10731 482.000000
1028 10577 476.000000
1086 1087 474.000000
1087 1088 474.000000
1088 1089 474.000000
650 651 469.000000
1002 10179 465.000000
997 998 458.000000
1021 10932 458.000000
10 10180 456.000000
10 10769 455.000000
1465 1466 455.000000
10 10039 454.000000
121 143 454.000000
88 89 453.000000
89 90 453.000000
90 91 453.000000
91 92 453.000000
92 93 453.000000
93 94 453.000000
1524 1525 453.000000
282 304 450.000000
192 214 449.000000
10 10045 448.000000
220 221 448.000000
220 241 448.000000
221 222 448.000000
222 223 448.000000
223 224 448.000000
224 225 448.000000
225 226 448.000000
226 227 448.000000
763 785 447.000000
955 977 446.000000
1009 10155 445.000000
1009 10583 445.000000
1002 10167 443.000000
27 28 441.000000
34 56 441.000000
780 802 439.000000
1573 1574 438.000000
1004 10392 436.000000
1004 10901 436.000000
1008 10678 433.000000
10 10364 430.000000
1096 1097 430.000000
1097 1098 430.000000
1098 1099 430.000000
1089 1090 429.000000
346 368 424.000000
1005 10713 424.000000
1378 1379 422.000000
10 10265 421.000000
1572 1573 421.000000
194 216 419.000000
218 219 418.000000
10 10062 417.000000
610 611 417.000000
10 10263 416.000000
10 10638 415.000000
316 317 413.000000
317 318 413.000000
318 319 413.000000
319 320 413.000000
320 321 413.000000
321 322 413.000000
1027 10413 412.000000
74 75 410.000000
251 273 408.000000
1048 10819 408.000000
281 303 407.000000
367 389 407.000000
649 650 406.000000
143 165 403.000000
1528 1529 403.000000
371 372 402.000000
193 215 396.000000
10 10002 395.000000
10 10857 394.000000
10 10910 394.000000
1372 1373 388.000000
10 10246 382.000000
1051 10981 382.000000
10 10550 381.000000
66 88 381.000000
716 738 380.000000
1004 10982 380.000000
501 502 379.000000
66 67 378.000000
67 68 378.000000
68 69 378.000000
69 70 378.000000
324 346 378.000000
240 262 377.000000
1284 1306 377.000000
1122 1143 373.000000
1140 1141 368.000000
1141 1142 368.000000
1142 1143 368.000000
607 608 365.000000
608 609 365.000000
609 610 365.000000
10 10237 364.000000
50 51 363.000000
51 52 363.000000
10 10301 362.000000
10 10789 362.000000
10 10824 361.000000
1247 1269 359.000000
28 29 358.000000
29 30 358.000000
30 31 358.000000
49 50 358.000000
1004 10922 357.000000
322 323 356.000000
1030 1052 356.000000
1144 1165 355.000000
611 612 354.000000
895 917 353.000000
976 977 353.000000
122 123 351.000000
123 124 351.000000
124 125 351.000000
125 126 351.000000
1031 1032 351.000000
1568 1569 351.000000
1248 1270 345.000000
1021 10272 344.000000
1021 10411 344.000000
1071 10953 340.000000
1263 1285 340.000000
744 745 338.000000
1029 10762 338.000000
1029 10947 338.000000
110 132 336.000000
1027 10953 336.000000
538 539 334.000000
539 540 334.000000
679 680 332.000000
1027 10689 331.000000
1074 1096 331.000000
1570 1571 329.000000
1077 1099 328.000000
782 804 327.000000
1569 1570 325.000000
259 281 324.000000
260 282 317.000000
52 53 313.000000
345 346 313.000000
1237 1238 313.000000
1009 10455 312.000000
151 173 311.000000
1009 10176 309.000000
1009 10293 309.000000
1009 10523 309.000000
1009 10643 309.000000
141 163 308.000000
250 272 307.000000
242 243 306.000000
242 263 306.000000
243 244 306.000000
244 245 306.000000
245 246 306.000000
246 247 306.000000
247 248 306.000000
248 249 306.000000
1186 1187 305.000000
1028 10426 298.000000
284 285 297.000000
1031 1053 296.000000
853 875 294.000000
119 141 293.000000
348 349 293.000000
142 164 292.000000
1028 10985 292.000000
1030 10995 292.000000
1031 10340 291.000000
1031 10553 291.000000
502 524 289.000000
1063 1064 287.000000
1118 1140 287.000000
77 78 286.000000
271 272 286.000000
10 10349 284.000000
1031 10846 284.000000
100 101 283.000000
101 102 283.000000
102 103 283.000000
103 104 283.000000
1053 1054 279.000000
1054 1055 279.000000
10 10121 277.000000
163 185 276.000000
1029 10470 276.000000
1028 10668 272.000000
698 720 271.000000
542 543 270.000000
543 544 270.000000
544 545 270.000000
545 546 270.000000
635 657 270.000000
1122 1123 270.000000
1123 1124 270.000000
1124 1125 270.000000
1125 1126 270.000000
1126 1127 270.000000
1031 10927 269.000000
1026 1048 267.000000
679 701 265.000000
1028 10550 265.000000
1095 10961 264.000000
1219 1241 264.000000
227 249 263.000000
764 786 261.000000
1510 1511 261.000000
1511 1512 261.000000
1512 1513 261.000000
546 568 258.000000
672 694 258.000000
347 348 256.000000
10 10310 253.000000
10 10414 253.000000
1222 1244 253.000000
1269 1270 253.000000
736 737 251.000000
1007 10502 249.000000
1007 10740 249.000000
1324 1325 249.000000
1325 1326 249.000000
1326 1327 249.000000
1327 1328 249.000000
1012 1033 247.000000
1032 1033 247.000000
126 148 245.000000
585 586 244.000000
1259 1260 244.000000
1335 1336 244.000000
70 71 243.000000
71 72 243.000000
1069 10934 243.000000
1144 1145 242.000000
1145 1146 242.000000
1146 1147 242.000000
1147 1148 242.000000
1148 1149 242.000000
1007 10488 241.000000
1006 10081 240.000000
1006 10763 239.000000
1006 10895 239.000000
10 10717 238.000000
720 742 238.000000
1006 10335 238.000000
126 127 236.000000
358 359 236.000000
592 614 234.000000
654 676 234.000000
10 10894 233.000000
1021 10474 232.000000
1443 1444 232.000000
279 301 231.000000
1004 10148 231.000000
1067 1089 227.000000
128 129 226.000000
129 130 226.000000
130 131 226.000000
258 280 226.000000
263 285 225.000000
1309 1331 223.000000
100 10806 221.000000
1020 10276 221.000000
302 324 220.000000
1024 1046 220.000000
100 10870 219.000000
546 547 219.000000
1546 1547 218.000000
127 128 217.000000
1008 10561 216.000000
1009 10844 216.000000
1029 10414 216.000000
412 413 214.000000
413 414 214.000000
414 415 214.000000
963 985 214.000000
1006 10121 214.000000
1009 10327 214.000000
1008 10431 213.000000
1029 10924 213.000000
1006 10868 212.000000
1025 10331 212.000000
152 174 211.000000
1006 10142 211.000000
1006 10387 211.000000
196 218 209.000000
582 583 209.000000
1006 10130 206.000000
1006 10239 206.000000
1006 10730 206.000000
1006 10308 205.000000
1006 10475 205.000000
1006 10879 205.000000
1006 10972 205.000000
1050 10818 205.000000
1026 10554 204.000000
1050 10924 204.000000
10 10163 203.000000
741 763 203.000000
1006 10940 202.000000
1052 10846 202.000000
1006 10184 201.000000
1006 10221 201.000000
327 349 199.000000
1026 10982 199.000000
257 279 198.000000
1006 10894 197.000000
851 873 196.000000
1006 10364 196.000000
1005 1027 194.000000
1006 10237 194.000000
1050 10609 194.000000
1095 1117 193.000000
10 10696 192.000000
1050 10717 191.000000
1006 10414 189.000000
1006 10432 189.000000
1550 1572 189.000000
1006 10486 188.000000
1007 10375 187.000000
1007 10886 187.000000
1028 10619 186.000000
1050 10863 186.000000
1073 10997 186.000000
1188 1189 186.000000
1189 1190 186.000000
1190 1191 186.000000
1191 1192 186.000000
1192 1193 186.000000
1003 10681 185.000000
154 155 183.000000
154 175 183.000000
155 156 183.000000
156 157 183.000000
157 158 183.000000
158 159 183.000000
159 160 183.000000
160 161 183.000000
161 162 183.000000
680 702 183.000000
534 535 182.000000
535 536 182.000000
536 537 182.000000
537 538 182.000000
1056 1077 182.000000
1030 10997 181.000000
1328 1329 181.000000
550 551 180.000000
551 552 180.000000
552 553 180.000000
553 554 180.000000
1053 10751 180.000000
184 206 179.000000
1093 10985 179.000000
239 261 178.000000
1007 10203 178.000000
1027 10469 178.000000
1438 1460 178.000000
10 10363 177.000000
715 737 177.000000
1007 10358 177.000000
1007 10379 177.000000
1007 10863 177.000000
1010 1011 177.000000
1052 10607 177.000000
1006 10347 176.000000
1025 1047 176.000000
1029 10696 176.000000
1050 10886 176.000000
1193 1194 176.000000
550 571 175.000000
785 807 175.000000
1006 10271 175.000000
1009 1010 175.000000
1051 10995 175.000000
547 548 174.000000
1031 10455 174.000000
1029 10609 173.000000
10 10113 172.000000
10 10702 172.000000
10 10996 172.000000
1006 1028 172.000000
1028 10593 172.000000
1031 10643 172.000000
1071 10985 172.000000
10 10184 171.000000
219 241 171.000000
10 10940 170.000000
1041 10635 170.000000
625 626 169.000000
626 627 169.000000
1028 10532 169.000000
1053 10778 169.000000
1085 1086 169.000000
1028 10717 168.000000
1094 10998 168.000000
1488 1489 168.000000
1489 1490 168.000000
1490 1491 168.000000
1007 10329 167.000000
1026 10277 167.000000
1029 10398 167.000000
1483 1505 167.000000
1032 10436 166.000000
1041 10856 166.000000
1064 10944 166.000000
162 184 165.000000
701 702 165.000000
1007 10818 165.000000
1027 1049 165.000000
1028 10372 165.000000
1028 10702 165.000000
1028 10977 165.000000
807 829 164.000000
1006 10180 164.000000
1052 10844 164.000000
1070 1092 164.000000
104 105 163.000000
920 921 163.000000
921 922 163.000000
922 923 163.000000
10 10733 162.000000
10 10837 162.000000
541 542 162.000000
1031 10523 162.000000
1050 10702 162.000000
548 549 161.000000
1007 10600 161.000000
1375 1397 161.000000
262 263 160.000000
723 724 160.000000
1052 10553 160.000000
1525 1547 160.000000
1003 10325 158.000000
1004 10979 158.000000
1174 1196 158.000000
588 610 157.000000
1004 10249 157.000000
1351 1373 156.000000
911 933 154.000000
1459 1460 154.000000
110 131 153.000000
1291 1313 153.000000
1524 1546 153.000000
10 10347 152.000000
632 654 152.000000
1047 10745 152.000000
455 456 151.000000
456 457 151.000000
457 458 151.000000
1052 10927 151.000000
10 10271 149.000000
431 432 149.000000
432 433 149.000000
516 517 149.000000
517 518 149.000000
512 513 148.000000
513 514 148.000000
514 515 148.000000
515 516 148.000000
10 10335 147.000000
10 10763 147.000000
10 10895 147.000000
1420 1442 147.000000
1005 10964 146.000000
10 10142 145.000000
10 10387 145.000000
10 10428 145.000000
10 10868 145.000000
176 197 145.000000
621 622 145.000000
622 623 145.000000
623 624 145.000000
624 625 145.000000
649 671 145.000000
1008 10204 145.000000
765 787 144.000000
1006 10593 144.000000
1003 10136 143.000000
1003 10821 143.000000
1029 10502 143.000000
1029 10740 143.000000
1549 1571 143.000000
880 901 142.000000
898 899 142.000000
899 900 142.000000
900 901 142.000000
1028 10335 142.000000
1028 10763 142.000000
1028 10895 142.000000
1086 10932 140.000000
1027 10669 139.000000
10 10130 138.000000
10 10351 138.000000
1287 1309 138.000000
1523 1524 138.000000
10 10346 137.000000
197 219 137.000000
563 564 137.000000
916 938 137.000000
1007 10244 137.000000
1006 10717 136.000000
1029 10488 136.000000
100 122 134.000000
1031 10844 134.000000
100 10911 133.000000
965 987 133.000000
1006 10426 133.000000
1006 10532 133.000000
1394 1416 133.000000
10 10221 132.000000
10 10239 132.000000
10 10475 132.000000
10 10730 132.000000
10 10879 132.000000
10 10972 132.000000
1006 10218 132.000000
1006 10279 132.000000
1006 10372 132.000000
1182 1204 132.000000
636 658 131.000000
1006 10113 131.000000
1006 10619 131.000000
1006 10702 131.000000
1006 10977 131.000000
1090 10903 131.000000
1204 1205 131.000000
10 10308 130.000000
1031 10327 129.000000
10 10593 128.000000
10 10619 128.000000
1178 1200 128.000000
440 461 127.000000
458 459 127.000000
459 460 127.000000
460 461 127.000000
1025 10565 127.000000
1050 10532 127.000000
1050 10977 127.000000
241 263 126.000000
454 455 126.000000
1003 10509 126.000000
10 10432 125.000000
10 10486 125.000000
1003 10640 125.000000
1050 10763 125.000000
1050 10895 125.000000
315 316 124.000000
1114 1136 124.000000
10 1572 123.000000
10 10218 123.000000
10 10279 123.000000
10 10372 123.000000
10 10532 123.000000
1042 10999 123.000000
1071 1093 123.000000
1188 1209 123.000000
1205 1206 123.000000
1206 1207 123.000000
1207 1208 123.000000
1208 1209 123.000000
511 512 122.000000
540 541 122.000000
1003 10268 122.000000
1085 1107 122.000000
1571 1572 122.000000
1027 10713 121.000000
10 10977 120.000000
104 126 120.000000
228 250 120.000000
614 615 120.000000
829 851 120.000000
1004 10618 120.000000
1007 10349 120.000000
1042 10590 120.000000
1133 1155 120.000000
1328 1350 120.000000
1567 1568 120.000000
762 784 119.000000
1051 10997 119.000000
271 293 118.000000
1003 10167 118.000000
1003 10250 118.000000
1025 10298 116.000000
1026 10811 116.000000
1028 10347 116.000000
1482 1504 116.000000
634 656 115.000000
502 503 114.000000
825 847 114.000000
968 990 114.000000
105 106 113.000000
501 523 113.000000
583 584 113.000000
738 760 113.000000
1466 1467 113.000000
1467 1468 113.000000
1468 1469 113.000000
1469 1491 113.000000
371 393 112.000000
106 107 111.000000
107 108 111.000000
108 109 111.000000
830 852 111.000000
132 153 110.000000
1005 10393 110.000000
1048 10982 109.000000
1090 1112 109.000000
1130 1152 109.000000
418 440 108.000000
594 595 108.000000
595 596 108.000000
596 597 108.000000
597 598 108.000000
1025 10357 108.000000
1075 10751 108.000000
100 10904 107.000000
1202 1224 107.000000
1331 1353 107.000000
396 418 106.000000
594 615 106.000000
1003 10645 106.000000
1003 10841 106.000000
1026 10821 106.000000
1048 10850 106.000000
1050 10696 106.000000
100 10614 105.000000
1029 10375 105.000000
1029 10886 105.000000
1172 1194 105.000000
657 679 104.000000
766 788 104.000000
1026 10901 104.000000
1026 10955 104.000000
1029 10310 104.000000
498 499 103.000000
1025 10842 103.000000
1265 1287 103.000000
990 991 102.000000
991 992 102.000000
992 993 102.000000
993 994 102.000000
994 995 102.000000
995 996 102.000000
996 997 102.000000
1027 10618 102.000000
1075 10778 102.000000
721 743 100.000000
942 943 100.000000
1003 10603 100.000000
1003 10783 100.000000
1003 10808 100.000000
1003 10877 100.000000
1051 10998 100.000000
1072 10763 100.000000
1072 10895 100.000000
1072 10977 100.000000
1129 1151 100.000000
562 563 99.000000
963 964 99.000000
1149 1150 99.000000
217 239 98.000000
390 391 98.000000
391 392 98.000000
1007 10310 98.000000
1003 10568 97.000000
1003 10965 97.000000
1529 1530 97.000000
583 605 96.000000
1003 10179 96.000000
1003 10664 96.000000
1003 10718 96.000000
584 585 95.000000
1025 10831 95.000000
396 417 94.000000
415 416 94.000000
416 417 94.000000
524 546 94.000000
1028 10613 94.000000
235 257 93.000000
943 965 93.000000
1073 10998 93.000000
1226 1227 93.000000
1227 1228 93.000000
1228 1229 93.000000
1229 1230 93.000000
1230 1231 93.000000
767 768 92.000000
781 803 92.000000
484 505 91.000000
503 504 91.000000
504 505 91.000000
1003 10380 91.000000
1393 1394 91.000000
10 10426 90.000000
389 390 90.000000
894 916 90.000000
1028 10857 90.000000
1029 10358 90.000000
1029 10379 90.000000
1029 10863 90.000000
824 846 89.000000
1003 10934 89.000000
1029 10349 88.000000
1508 1509 88.000000
314 315 87.000000
1003 10225 87.000000
1003 10450 87.000000
1003 10484 87.000000
1003 10505 87.000000
1003 10506 87.000000
1003 10775 87.000000
1012 1013 87.000000
1013 1014 87.000000
1014 1015 87.000000
1015 1016 87.000000
1016 1017 87.000000
1017 1018 87.000000
1018 1019 87.000000
1029 10329 87.000000
1376 1398 87.000000
1004 10694 86.000000
1100 1121 86.000000
308 309 85.000000
308 329 85.000000
309 310 85.000000
310 311 85.000000
311 312 85.000000
312 313 85.000000
313 314 85.000000
328 329 85.000000
1221 1243 85.000000
286 287 84.000000
286 307 84.000000
287 288 84.000000
288 289 84.000000
289 290 84.000000
290 291 84.000000
291 292 84.000000
292 293 84.000000
306 307 84.000000
845 846 84.000000
1487 1488 84.000000
1025 10575 83.000000
1025 10788 83.000000
1026 10659 83.000000
1026 10721 83.000000
1078 1079 83.000000
1078 1099 83.000000
1079 1080 83.000000
1080 1081 83.000000
1081 1082 83.000000
1082 1083 83.000000
100 10566 82.000000
214 236 82.000000
960 982 82.000000
127 149 81.000000
520 521 81.000000
521 522 81.000000
522 523 81.000000
171 193 80.000000
572 593 80.000000
1002 10568 80.000000
1027 10796 80.000000
1029 10818 80.000000
1243 1265 80.000000
1481 1503 80.000000
620 621 79.000000
621 643 79.000000
809 831 79.000000
350 372 78.000000
359 360 78.000000
360 361 78.000000
361 362 78.000000
362 363 78.000000
363 364 78.000000
364 365 78.000000
365 366 78.000000
475 476 78.000000
636 637 78.000000
1027 10979 78.000000
1422 1423 78.000000
215 237 77.000000
722 744 77.000000
919 941 77.000000
1083 1084 77.000000
172 194 76.000000
547 569 75.000000
572 573 75.000000
573 574 75.000000
574 575 75.000000
575 576 75.000000
576 577 75.000000
709 710 75.000000
710 711 75.000000
711 712 75.000000
712 713 75.000000
713 714 75.000000
1003 10277 75.000000
1004 1026 75.000000
1027 10964 75.000000
1073 10886 75.000000
131 153 74.000000
1028 10435 74.000000
1029 10600 74.000000
1509 1510 73.000000
1049 1071 72.000000
140 162 71.000000
336 337 71.000000
599 600 71.000000
600 601 71.000000
601 602 71.000000
602 603 71.000000
603 604 71.000000
604 605 71.000000
787 809 71.000000
1313 1314 71.000000
336 358 70.000000
352 373 70.000000
372 373 70.000000
1056 1057 70.000000
1057 1058 70.000000
1058 1059 70.000000
1059 1060 70.000000
1060 1061 70.000000
1069 10841 69.000000
1096 1118 69.000000
616 637 68.000000
1069 10783 68.000000
523 524 67.000000
742 764 67.000000
964 965 67.000000
1061 1062 67.000000
1576 1577 67.000000
1577 1578 67.000000
616 617 66.000000
617 618 66.000000
618 619 66.000000
619 620 66.000000
874 896 66.000000
1064 10711 66.000000
1049 10985 65.000000
1069 10777 65.000000
1069 10810 65.000000
1395 1417 65.000000
52 74 64.000000
328 350 64.000000
554 555 64.000000
569 591 64.000000
1047 1069 64.000000
1048 10953 64.000000
1047 10883 63.000000
1418 1440 63.000000
78 79 62.000000
79 80 62.000000
80 81 62.000000
81 82 62.000000
82 83 62.000000
83 84 62.000000
84 85 62.000000
85 86 62.000000
86 87 62.000000
1028 10910 62.000000
1047 10946 62.000000
1047 10969 62.000000
1048 10554 62.000000
1049 10668 62.000000
1575 1576 62.000000
411 412 61.000000
1026 10446 61.000000
109 131 60.000000
846 868 60.000000
1004 10493 60.000000
1007 10510 60.000000
392 393 59.000000
831 853 59.000000
1025 10811 59.000000
1048 10627 59.000000
53 75 58.000000
638 639 58.000000
638 659 58.000000
639 640 58.000000
640 641 58.000000
641 642 58.000000
658 659 58.000000
918 940 58.000000
1004 10487 58.000000
1012 10378 58.000000
1084 1085 58.000000
100 10069 57.000000
338 339 57.000000
339 340 57.000000
340 341 57.000000
341 342 57.000000
342 343 57.000000
343 344 57.000000
1047 10949 57.000000
1048 10529 57.000000
1048 10542 57.000000
1048 10665 57.000000
100 10875 56.000000
262 284 56.000000
1007 10163 56.000000
1240 1262 56.000000
352 353 55.000000
353 354 55.000000
354 355 55.000000
355 356 55.000000
356 357 55.000000
357 358 55.000000
643 644 55.000000
644 645 55.000000
645 646 55.000000
646 647 55.000000
647 648 55.000000
648 649 55.000000
693 715 55.000000
1025 10268 55.000000
1285 1307 55.000000
272 294 54.000000
549 571 54.000000
954 955 54.000000
56 78 53.000000
1049 10577 53.000000
445 467 52.000000
954 976 52.000000
1007 10862 52.000000
1019 1020 52.000000
1417 1439 52.000000
1068 1090 51.000000
1194 1216 51.000000
105 127 50.000000
1173 1195 50.000000
1419 1441 50.000000
518 519 49.000000
207 229 48.000000
306 328 48.000000
497 498 48.000000
519 520 48.000000
606 628 48.000000
1072 10730 48.000000
1195 1217 48.000000
598 599 47.000000
1020 10835 47.000000
1020 10852 47.000000
1029 10663 47.000000
1092 10979 47.000000
1374 1396 47.000000
613 635 46.000000
759 781 46.000000
1007 10363 46.000000
1048 10689 46.000000
1069 10808 46.000000
1069 10877 46.000000
1072 10879 46.000000
1072 10972 46.000000
1150 1172 46.000000
1353 1375 46.000000
44 45 45.000000
45 46 45.000000
46 47 45.000000
47 48 45.000000
48 49 45.000000
440 441 45.000000
441 442 45.000000
442 443 45.000000
443 444 45.000000
444 445 45.000000
627 628 45.000000
678 700 45.000000
1069 10775 45.000000
1092 1114 45.000000
850 872 44.000000
917 939 44.000000
1062 1063 44.000000
1069 10816 44.000000
1070 10752 44.000000
1100 1122 44.000000
1203 1225 44.000000
1225 1247 44.000000
100 10767 43.000000
577 578 43.000000
578 579 43.000000
579 580 43.000000
580 581 43.000000
581 582 43.000000
745 746 43.000000
1051 10740 43.000000
1069 10703 43.000000
1069 10848 43.000000
1069 10902 43.000000
1069 10921 43.000000
1397 1419 43.000000
1021 10898 42.000000
1025 10640 42.000000
1100 1101 42.000000
1101 1102 42.000000
1102 1103 42.000000
1103 1104 42.000000
1104 1105 42.000000
1105 1127 42.000000
1210 1211 42.000000
1210 1231 42.000000
1211 1212 42.000000
1212 1213 42.000000
1213 1214 42.000000
0 22 41.000000
614 636 41.000000
786 808 41.000000
968 969 41.000000
969 970 41.000000
970 971 41.000000
971 972 41.000000
972 973 41.000000
973 974 41.000000
974 975 41.000000
1026 10694 41.000000
100 10591 40.000000
100 10794 40.000000
100 10826 40.000000
100 10963 40.000000
524 525 40.000000
525 526 40.000000
526 527 40.000000
1070 10901 40.000000
0 1 39.000000
1 2 39.000000
2 3 39.000000
3 4 39.000000
4 5 39.000000
806 828 39.000000
975 976 39.000000
1007 10438 39.000000
1007 10500 39.000000
1007 10687 39.000000
1007 10871 39.000000
1007 10948 39.000000
1007 10976 39.000000
1007 10996 39.000000
1029 10363 38.000000
1226 1248 38.000000
1310 1332 38.000000
1400 1401 38.000000
1439 1461 38.000000
1530 1531 38.000000
349 350 37.000000
962 984 37.000000
1006 10301 37.000000
1006 10789 37.000000
1006 10824 37.000000
1025 10509 37.000000
1029 10351 37.000000
1025 10250 36.000000
1025 10568 36.000000
1025 10664 36.000000
1025 10718 36.000000
1025 10965 36.000000
1029 10619 36.000000
1029 10940 36.000000
1051 10762 36.000000
1051 10947 36.000000
165 187 35.000000
880 881 35.000000
881 882 35.000000
882 883 35.000000
883 884 35.000000
884 885 35.000000
885 886 35.000000
886 887 35.000000
887 888 35.000000
888 889 35.000000
1007 10733 35.000000
1007 10837 35.000000
1009 10561 35.000000
1026 10681 35.000000
1029 10387 35.000000
1029 10593 35.000000
1029 10868 35.000000
1034 1035 35.000000
1035 1036 35.000000
1036 1037 35.000000
1037 1038 35.000000
1038 1039 35.000000
1039 1040 35.000000
1040 1041 35.000000
1197 1219 35.000000
1350 1372 35.000000
650 672 34.000000
1003 10270 34.000000
1025 10603 34.000000
1029 10586 34.000000
1046 1068 34.000000
1046 10476 34.000000
1193 1215 34.000000
1461 1483 34.000000
13 1575 33.000000
301 323 33.000000
961 983 33.000000
1007 10428 33.000000
1029 10308 33.000000
1029 10475 33.000000
1029 10486 33.000000
1029 10879 33.000000
1029 10972 33.000000
349 371 32.000000
933 955 32.000000
1026 10493 32.000000
1029 10432 32.000000
1029 10730 32.000000
1029 10996 32.000000
1063 10856 32.000000
1094 10947 32.000000
1128 1150 32.000000
1244 1266 32.000000
1462 1484 32.000000
216 238 31.000000
337 338 31.000000
467 468 31.000000
468 469 31.000000
469 470 31.000000
470 471 31.000000
471 472 31.000000
472 473 31.000000
473 474 31.000000
1025 10380 31.000000
1025 10808 31.000000
1025 10877 31.000000
1025 10934 31.000000
1029 10346 31.000000
1029 10428 31.000000
1029 10733 31.000000
1029 10837 31.000000
1073 10863 31.000000
1090 10965 31.000000
1254 1255 31.000000
1254 1275 31.000000
1255 1256 31.000000
1256 1257 31.000000
1257 1258 31.000000
1266 1288 31.000000
1270 1271 31.000000
1271 1272 31.000000
1272 1273 31.000000
1273 1274 31.000000
1274 1275 31.000000
75 97 30.000000
1005 10143 30.000000
1330 1352 30.000000
525 547 29.000000
1020 10944 29.000000
1025 10703 29.000000
1025 10816 29.000000
1025 10902 29.000000
1041 1063 29.000000
1073 10818 29.000000
1574 1575 29.000000
150 172 28.000000
1007 10346 28.000000
1007 10351 28.000000
1026 10752 28.000000
1073 10762 28.000000
1073 10947 28.000000
1175 1197 28.000000
1396 1418 28.000000
1504 1526 28.000000
229 251 27.000000
965 966 27.000000
966 967 27.000000
1004 10446 27.000000
1025 10450 27.000000
1025 10484 27.000000
1025 10505 27.000000
1025 10506 27.000000
1025 10775 27.000000
1025 10783 27.000000
1051 10924 27.000000
1111 1133 27.000000
1485 1507 27.000000
305 327 26.000000
512 534 26.000000
938 960 26.000000
1003 1025 26.000000
1020 10286 26.000000
1086 1108 26.000000
170 192 25.000000
174 196 25.000000
503 525 25.000000
528 529 25.000000
529 530 25.000000
530 531 25.000000
531 532 25.000000
532 533 25.000000
726 727 25.000000
727 728 25.000000
728 729 25.000000
729 730 25.000000
1019 10856 25.000000
1020 10449 25.000000
1025 10476 25.000000
1025 10848 25.000000
1025 10921 25.000000
1034 1055 25.000000
1063 10635 25.000000
1074 10981 25.000000
330 351 24.000000
350 351 24.000000
458 480 24.000000
480 502 24.000000
642 643 24.000000
694 716 24.000000
1004 10627 24.000000
1019 10635 24.000000
1069 10951 24.000000
1073 10740 24.000000
1095 10997 24.000000
1335 1357 24.000000
304 326 23.000000
570 592 23.000000
714 715 23.000000
920 942 23.000000
1006 10265 23.000000
1062 1084 23.000000
44 65 22.000000
57 58 22.000000
58 59 22.000000
59 60 22.000000
60 61 22.000000
61 62 22.000000
62 63 22.000000
63 64 22.000000
64 65 22.000000
726 747 22.000000
746 747 22.000000
1007 10782 22.000000
1007 10920 22.000000
1199 1221 22.000000
56 57 21.000000
330 331 21.000000
331 332 21.000000
332 333 21.000000
333 334 21.000000
334 335 21.000000
335 336 21.000000
939 961 21.000000
946 968 21.000000
1026 10330 21.000000
1042 1064 21.000000
1051 10600 21.000000
1149 1171 21.000000
682 683 20.000000
682 703 20.000000
683 684 20.000000
684 685 20.000000
685 686 20.000000
702 703 20.000000
744 766 20.000000
1007 10269 20.000000
1007 10586 20.000000
1007 10663 20.000000
1139 1161 20.000000
1398 1420 20.000000
1509 1531 20.000000
533 534 19.000000
568 590 19.000000
1002 10250 19.000000
1002 10664 19.000000
1002 10718 19.000000
1002 10788 19.000000
1002 10965 19.000000
1007 10221 19.000000
1073 10924 19.000000
100 10318 18.000000
169 191 18.000000
173 195 18.000000
352 374 18.000000
374 396 18.000000
528 549 18.000000
656 678 18.000000
964 986 18.000000
1002 10386 18.000000
1002 10407 18.000000
1002 10575 18.000000
1002 10842 18.000000
1003 10280 18.000000
1003 10659 18.000000
1003 10721 18.000000
1003 10745 18.000000
1005 10669 18.000000
1042 10731 18.000000
1095 10995 18.000000
1166 1167 18.000000
1166 1187 18.000000
1167 1168 18.000000
1168 1169 18.000000
1169 1170 18.000000
1170 1171 18.000000
11 1573 17.000000
100 10295 17.000000
100 10307 17.000000
100 10800 17.000000
100 10988 17.000000
128 150 17.000000
555 556 17.000000
556 557 17.000000
557 558 17.000000
558 559 17.000000
100 10485 16.000000
100 10641 16.000000
100 10734 16.000000
1003 10777 16.000000
1003 10810 16.000000
1005 10260 16.000000
1047 10694 16.000000
1052 10561 16.000000
1155 1177 16.000000
1416 1438 16.000000
1551 1573 16.000000
474 475 15.000000
1025 10955 15.000000
1026 10529 15.000000
1026 10542 15.000000
1026 10665 15.000000
1032 10583 15.000000
1053 10583 15.000000
1528 1550 15.000000
30 52 14.000000
284 306 14.000000
314 336 14.000000
736 758 14.000000
977 999 14.000000
1004 10330 14.000000
1004 10529 14.000000
1004 10542 14.000000
1004 10554 14.000000
1004 10665 14.000000
1004 10752 14.000000
1006 10246 14.000000
1006 10550 14.000000
1006 10857 14.000000
1006 10910 14.000000
1025 10256 14.000000
1025 10369 14.000000
1025 10883 14.000000
1025 10946 14.000000
1025 10949 14.000000
1025 10951 14.000000
1025 10969 14.000000
1050 10996 14.000000
1074 10995 14.000000
1091 10982 14.000000
1137 1159 14.000000
548 570 13.000000
1031 10678 13.000000
1050 1072 13.000000
1053 10643 13.000000
1075 10927 13.000000
1151 1173 13.000000
283 305 12.000000
612 634 12.000000
676 698 12.000000
853 854 12.000000
858 880 12.000000
873 895 12.000000
1003 10811 12.000000
1003 10955 12.000000
1006 10435 12.000000
1007 1029 12.000000
1049 10613 12.000000
1069 10883 12.000000
100 10054 11.000000
100 10362 11.000000
100 10458 11.000000
100 10642 11.000000
100 10686 11.000000
745 767 11.000000
854 876 11.000000
858 859 11.000000
859 860 11.000000
860 861 11.000000
861 862 11.000000
862 863 11.000000
863 864 11.000000
864 865 11.000000
865 866 11.000000
866 867 11.000000
876 898 11.000000
1048 10796 11.000000
1069 10745 11.000000
1069 10811 11.000000
1069 10946 11.000000
1069 10949 11.000000
1069 10955 11.000000
1070 10982 11.000000
345 367 10.000000
411 433 10.000000
559 560 10.000000
560 561 10.000000
561 562 10.000000
660 661 10.000000
660 681 10.000000
661 662 10.000000
662 663 10.000000
663 664 10.000000
664 665 10.000000
680 681 10.000000
701 723 10.000000
924 925 10.000000
925 926 10.000000
926 927 10.000000
927 928 10.000000
928 929 10.000000
929 930 10.000000
930 931 10.000000
931 932 10.000000
932 933 10.000000
942 964 10.000000
976 998 10.000000
1034 1056 10.000000
100 10328 9.000000
700 722 9.000000
803 825 9.000000
946 947 9.000000
947 948 9.000000
948 949 9.000000
949 950 9.000000
950 951 9.000000
951 952 9.000000
952 953 9.000000
953 954 9.000000
1003 10114 9.000000
1003 10256 9.000000
1003 10331 9.000000
1003 10357 9.000000
1003 10369 9.000000
1003 10816 9.000000
1003 10883 9.000000
1003 10946 9.000000
1003 10949 9.000000
1003 10969 9.000000
1008 1030 9.000000
1031 10431 9.000000
1052 10678 9.000000
1064 10731 9.000000
1083 1105 9.000000
1105 1106 9.000000
100 10101 8.000000
100 10836 8.000000
100 10952 8.000000
175 197 8.000000
390 412 8.000000
665 666 8.000000
666 667 8.000000
667 668 8.000000
668 669 8.000000
669 670 8.000000
670 671 8.000000
723 745 8.000000
737 759 8.000000
868 890 8.000000
1020 10391 8.000000
1020 10590 8.000000
1050 10894 8.000000
1064 10932 8.000000
1069 10969 8.000000
1091 1113 8.000000
1095 10981 8.000000
1156 1178 8.000000
1373 1395 8.000000
571 593 7.000000
610 632 7.000000
924 946 7.000000
924 945 7.000000
943 944 7.000000
944 945 7.000000
1003 10476 7.000000
1003 10703 7.000000
1003 10848 7.000000
1003 10902 7.000000
1003 10921 7.000000
1003 10951 7.000000
1045 1067 7.000000
1050 10868 7.000000
1051 1073 7.000000
1069 10821 7.000000
1090 10949 7.000000
1090 10955 7.000000
1134 1156 7.000000
1183 1205 7.000000
13 14 6.000000
185 207 6.000000
323 345 6.000000
374 375 6.000000
374 395 6.000000
375 376 6.000000
376 377 6.000000
377 378 6.000000
378 379 6.000000
393 394 6.000000
394 395 6.000000
396 397 6.000000
397 398 6.000000
398 399 6.000000
399 400 6.000000
400 401 6.000000
1009 1031 6.000000
1019 1041 6.000000
1031 10561 6.000000
1042 10711 6.000000
1042 10932 6.000000
1046 10565 6.000000
1046 10703 6.000000
1046 10902 6.000000
1046 10934 6.000000
1046 10951 6.000000
1068 10831 6.000000
1070 10979 6.000000
1075 10846 6.000000
1553 1554 6.000000
1554 1555 6.000000
1555 1556 6.000000
1556 1557 6.000000
22 43 5.000000
34 35 5.000000
14 1576 5.000000
35 36 5.000000
36 37 5.000000
37 38 5.000000
38 39 5.000000
39 40 5.000000
40 41 5.000000
41 42 5.000000
42 43 5.000000
401 423 5.000000
423 445 5.000000
550 572 5.000000
605 627 5.000000
946 967 5.000000
1048 10487 5.000000
1048 10618 5.000000
1048 10979 5.000000
1050 10593 5.000000
1050 10619 5.000000
1050 10730 5.000000
1050 10879 5.000000
1050 10972 5.000000
1068 10842 5.000000
1069 10721 5.000000
1070 10850 5.000000
1092 10953 5.000000
1097 1119 5.000000
1106 1107 5.000000
1503 1525 5.000000
12 1574 4.000000
44 66 4.000000
118 140 4.000000
183 205 4.000000
205 227 4.000000
218 240 4.000000
484 485 4.000000
485 486 4.000000
486 487 4.000000
487 488 4.000000
488 489 4.000000
1023 1045 4.000000
1068 10718 4.000000
1068 10788 4.000000
1068 10965 4.000000
1090 10946 4.000000
1106 1128 4.000000
1113 1135 4.000000
1138 1160 4.000000
1153 1175 4.000000
1440 1462 4.000000
249 271 3.000000
330 352 3.000000
453 454 3.000000
533 555 3.000000
627 649 3.000000
699 721 3.000000
726 748 3.000000
788 810 3.000000
937 959 3.000000
1042 10474 3.000000
1046 10484 3.000000
1046 10505 3.000000
1046 10506 3.000000
1046 10640 3.000000
1046 10775 3.000000
1046 10783 3.000000
1046 10831 3.000000
1046 10848 3.000000
1046 10921 3.000000
1047 10821 3.000000
1061 1083 3.000000
1094 1116 3.000000
1505 1527 3.000000
1527 1549 3.000000
1552 1574 3.000000
0 21 2.000000
106 128 2.000000
415 437 2.000000
418 439 2.000000
423 424 2.000000
424 425 2.000000
425 426 2.000000
426 427 2.000000
427 428 2.000000
428 429 2.000000
429 430 2.000000
430 431 2.000000
433 434 2.000000
434 435 2.000000
435 436 2.000000
436 437 2.000000
437 438 2.000000
437 459 2.000000
438 439 2.000000
459 481 2.000000
481 503 2.000000
489 490 2.000000
490 491 2.000000
491 492 2.000000
492 493 2.000000
493 494 2.000000
494 495 2.000000
495 496 2.000000
496 497 2.000000
506 507 2.000000
506 527 2.000000
507 508 2.000000
508 509 2.000000
509 510 2.000000
510 511 2.000000
594 616 2.000000
599 621 2.000000
651 673 2.000000
714 736 2.000000
718 740 2.000000
740 762 2.000000
748 770 2.000000
770 791 2.000000
788 789 2.000000
789 790 2.000000
790 791 2.000000
975 997 2.000000
1010 1032 2.000000
1047 10659 2.000000
1047 10681 2.000000
1047 10721 2.000000
1047 10811 2.000000
1047 10955 2.000000
1545 1546 2.000000
14 15 1.000000
15 16 1.000000
16 17 1.000000
17 18 1.000000
18 19 1.000000
19 20 1.000000
20 21 1.000000
66 87 1.000000
153 175 1.000000
195 217 1.000000
410 411 1.000000
516 538 1.000000
577 599 1.000000
748 769 1.000000
768 769 1.000000
802 824 1.000000
836 858 1.000000
836 857 1.000000
854 855 1.000000
855 856 1.000000
856 857 1.000000
1046 10568 1.000000
1046 10575 1.000000
1046 10664 1.000000
1046 10718 1.000000
1046 10788 1.000000
1046 10842 1.000000
1046 10965 1.000000
1052 1074 1.000000
1053 1075 1.000000
1090 10902 1.000000
1090 10921 1.000000
1090 10951 1.000000
1090 10969 1.000000
1109 1131 1.000000
1131 1153 1.000000
1218 1240 1.000000
1484 1506 1.000000
1531 1532 1.000000
1532 1533 1.000000
1533 1534 1.000000
1534 1535 1.000000
1557 1558 1.000000
1558 1559 1.000000
1559 1560 1.000000
1560 1561 1.000000
1561 1583 1.000000
