149 150 18205.000000
150 151 18205.000000
151 152 18205.000000
148 149 14931.000000
1164 1165 13973.000000
1186 1187 13527.000000
924 945 13437.000000
170 171 13322.000000
171 172 13322.000000
172 173 13322.000000
173 174 13322.000000
968 989 12998.000000
152 153 12273.000000
1163 1164 11268.000000
1144 1165 10875.000000
1184 1185 10576.000000
1208 1209 10479.000000
132 153 10308.000000
1334 1335 10239.000000
1335 1336 10239.000000
1100 1121 10233.000000
1185 1186 10004.000000
1142 1143 9921.000000
1120 1121 9755.000000
988 989 9710.000000
1162 1163 9269.000000
944 945 9191.000000
1056 1077 9147.000000
1119 1120 9028.000000
15 16 8974.000000
1207 1208 8829.000000
1201 1202 8643.000000
169 170 8587.000000
924 925 8207.000000
809 810 8164.000000
810 811 8164.000000
811 812 8164.000000
1206 1207 8112.000000
853 854 8111.000000
854 855 8111.000000
968 969 7939.000000
1183 1184 7810.000000
987 988 7800.000000
787 788 7767.000000
788 789 7767.000000
856 857 7766.000000
1336 1337 7730.000000
1203 1204 7610.000000
1202 1203 7554.000000
132 133 7222.000000
880 881 7156.000000
1141 1142 7109.000000
1205 1206 7064.000000
37 38 7062.000000
1161 1162 7058.000000
1204 1205 7054.000000
1032 1033 7028.000000
59 60 7007.000000
1010 1011 6935.000000
880 901 6893.000000
16 17 6706.000000
855 856 6706.000000
174 175 6652.000000
103 104 6648.000000
193 194 6642.000000
194 195 6642.000000
195 196 6642.000000
196 197 6637.000000
1076 1077 6526.000000
969 970 6330.000000
943 944 6206.000000
902 923 6078.000000
1180 1181 6078.000000
852 853 6070.000000
922 923 6048.000000
154 175 6035.000000
1200 1201 5972.000000
1140 1141 5965.000000
152 174 5955.000000
1009 1010 5848.000000
1179 1180 5817.000000
1337 1338 5767.000000
1118 1119 5624.000000
1181 1182 5592.000000
1075 1076 5529.000000
176 197 5497.000000
1178 1179 5495.000000
127 128 5450.000000
128 129 5450.000000
129 130 5450.000000
130 131 5450.000000
1012 1033 5345.000000
1182 1183 5329.000000
786 787 5263.000000
900 901 5235.000000
1312 1313 5147.000000
192 193 5098.000000
126 127 5087.000000
1056 1057 5070.000000
808 809 4984.000000
1139 1140 4948.000000
1031 1032 4937.000000
1074 1075 4878.000000
1160 1161 4816.000000
966 967 4779.000000
921 922 4678.000000
983 984 4664.000000
984 985 4664.000000
985 986 4664.000000
36 37 4640.000000
1224 1225 4627.000000
1338 1339 4622.000000
1290 1291 4591.000000
1291 1292 4591.000000
1008 1009 4520.000000
1098 1099 4495.000000
765 766 4491.000000
766 767 4491.000000
767 768 4491.000000
1313 1314 4469.000000
147 148 4422.000000
1159 1160 4399.000000
1157 1158 4353.000000
220 241 4317.000000
12 13 4310.000000
13 14 4303.000000
1229 1230 4266.000000
1122 1143 4231.000000
1056 1078 4226.000000
349 350 4225.000000
1251 1252 4216.000000
1445 1446 4206.000000
1250 1251 4204.000000
1252 1253 4169.000000
851 852 4121.000000
1225 1226 4105.000000
262 263 4093.000000
1158 1159 4091.000000
785 786 4071.000000
236 237 4059.000000
237 238 4059.000000
238 239 4059.000000
239 240 4059.000000
1228 1229 4042.000000
812 813 4039.000000
836 857 4037.000000
1292 1293 4011.000000
14 15 4007.000000
1444 1445 3948.000000
965 966 3910.000000
1078 1099 3908.000000
1227 1228 3884.000000
176 177 3844.000000
168 169 3842.000000
789 790 3827.000000
81 82 3782.000000
982 983 3709.000000
240 241 3689.000000
104 105 3629.000000
60 82 3600.000000
1489 1490 3597.000000
616 617 3582.000000
284 285 3567.000000
902 903 3546.000000
1138 1139 3545.000000
1097 1098 3518.000000
1177 1178 3496.000000
214 215 3487.000000
215 216 3487.000000
216 217 3487.000000
217 218 3487.000000
807 808 3454.000000
1339 1340 3433.000000
125 126 3412.000000
1293 1294 3390.000000
946 967 3382.000000
1402 1403 3310.000000
1488 1489 3264.000000
211 212 3262.000000
1273 1274 3250.000000
38 39 3242.000000
11 12 3236.000000
1294 1295 3235.000000
1268 1269 3221.000000
242 263 3220.000000
177 178 3210.000000
1249 1250 3192.000000
1272 1273 3176.000000
1295 1296 3176.000000
213 214 3117.000000
1012 1013 3110.000000
550 551 3102.000000
220 221 3069.000000
105 106 3056.000000
106 107 3056.000000
107 108 3056.000000
1226 1227 3055.000000
108 109 3033.000000
1222 1223 3030.000000
1223 1224 3030.000000
1137 1138 3025.000000
550 571 3003.000000
569 570 3003.000000
570 571 3003.000000
1135 1136 3003.000000
1136 1137 3003.000000
877 878 2994.000000
1034 1055 2985.000000
1314 1315 2972.000000
1446 1447 2968.000000
986 987 2957.000000
58 59 2925.000000
1156 1157 2907.000000
1443 1444 2897.000000
874 875 2875.000000
875 876 2875.000000
876 877 2875.000000
970 971 2873.000000
1424 1425 2859.000000
1553 1554 2847.000000
102 103 2839.000000
80 81 2837.000000
960 961 2824.000000
961 962 2824.000000
962 963 2824.000000
963 964 2824.000000
720 721 2805.000000
103 125 2804.000000
573 574 2785.000000
1467 1468 2783.000000
1554 1555 2780.000000
792 813 2770.000000
1230 1231 2752.000000
242 243 2745.000000
878 879 2690.000000
1468 1469 2679.000000
1315 1316 2675.000000
280 281 2657.000000
281 282 2657.000000
282 283 2657.000000
283 284 2657.000000
830 831 2622.000000
831 832 2622.000000
832 833 2622.000000
1577 1578 2601.000000
1400 1401 2598.000000
264 285 2585.000000
1271 1272 2552.000000
899 900 2542.000000
743 744 2516.000000
744 745 2516.000000
745 746 2516.000000
834 835 2508.000000
990 991 2500.000000
191 192 2495.000000
1117 1118 2465.000000
764 765 2464.000000
1358 1359 2453.000000
748 769 2451.000000
1401 1402 2440.000000
1269 1270 2408.000000
1403 1404 2396.000000
790 791 2383.000000
1316 1317 2380.000000
60 61 2358.000000
1555 1556 2280.000000
616 637 2249.000000
896 897 2233.000000
897 898 2233.000000
898 899 2233.000000
1004 1005 2206.000000
1005 1006 2206.000000
1006 1007 2206.000000
1487 1488 2203.000000
1053 1054 2169.000000
635 636 2165.000000
636 637 2165.000000
221 222 2140.000000
133 134 2122.000000
873 874 2118.000000
1510 1511 2113.000000
1054 1055 2092.000000
222 223 2087.000000
1052 1053 2082.000000
591 592 2077.000000
592 593 2077.000000
881 903 2073.000000
154 155 2070.000000
306 307 2070.000000
212 213 2057.000000
572 573 2055.000000
924 946 2043.000000
1556 1557 2026.000000
1134 1135 2025.000000
233 234 2017.000000
572 593 2017.000000
617 618 2005.000000
1317 1318 2000.000000
1490 1491 1990.000000
1399 1400 1969.000000
1013 1014 1961.000000
264 265 1956.000000
350 351 1935.000000
167 168 1925.000000
574 575 1924.000000
1421 1422 1924.000000
1030 1031 1898.000000
235 236 1887.000000
234 235 1886.000000
768 769 1865.000000
16 38 1858.000000
939 940 1853.000000
940 941 1853.000000
941 942 1853.000000
1221 1222 1846.000000
594 595 1842.000000
1096 1097 1837.000000
917 918 1808.000000
918 919 1808.000000
919 920 1808.000000
1007 1008 1806.000000
1026 1027 1779.000000
1027 1028 1779.000000
1028 1029 1779.000000
1422 1423 1765.000000
223 224 1755.000000
1530 1531 1728.000000
748 749 1719.000000
1270 1271 1719.000000
704 705 1718.000000
134 135 1717.000000
964 965 1714.000000
155 156 1696.000000
722 723 1690.000000
723 724 1690.000000
198 219 1671.000000
968 990 1671.000000
1057 1058 1660.000000
942 943 1654.000000
1511 1512 1653.000000
991 992 1649.000000
218 219 1639.000000
678 679 1624.000000
679 680 1624.000000
17 39 1598.000000
1265 1266 1547.000000
1266 1267 1547.000000
1552 1553 1544.000000
721 722 1539.000000
551 552 1521.000000
638 639 1515.000000
178 179 1503.000000
1423 1424 1496.000000
660 661 1490.000000
1113 1114 1490.000000
1356 1357 1490.000000
1114 1115 1486.000000
198 199 1484.000000
1115 1116 1483.000000
415 416 1479.000000
704 725 1478.000000
1009 10681 1476.000000
15 37 1475.000000
680 681 1467.000000
770 791 1461.000000
1466 1467 1459.000000
881 882 1417.000000
211 233 1413.000000
618 619 1407.000000
1556 1578 1405.000000
1199 1200 1401.000000
1116 1117 1394.000000
1034 1035 1391.000000
916 917 1385.000000
1029 1030 1383.000000
920 921 1374.000000
1491 1492 1368.000000
638 659 1359.000000
1100 1101 1353.000000
1465 1466 1352.000000
372 373 1342.000000
829 830 1342.000000
1244 1245 1342.000000
1245 1246 1342.000000
179 180 1328.000000
1122 1123 1328.000000
925 926 1327.000000
109 131 1326.000000
1112 1113 1326.000000
371 372 1323.000000
1209 1231 1310.000000
724 725 1309.000000
1531 1532 1307.000000
661 662 1302.000000
132 154 1287.000000
286 307 1287.000000
1248 1249 1266.000000
575 576 1263.000000
1296 1297 1254.000000
880 902 1252.000000
146 147 1235.000000
872 873 1221.000000
1509 1510 1221.000000
135 136 1218.000000
1155 1156 1218.000000
1357 1358 1215.000000
255 256 1212.000000
1246 1247 1210.000000
1247 1248 1210.000000
742 743 1209.000000
1144 1145 1208.000000
1055 10917 1206.000000
156 157 1205.000000
926 948 1203.000000
1486 1487 1199.000000
594 615 1197.000000
857 879 1191.000000
1378 1379 1191.000000
82 83 1172.000000
113 114 1171.000000
814 835 1171.000000
1076 10953 1169.000000
677 678 1168.000000
77 78 1166.000000
78 79 1166.000000
124 125 1151.000000
110 131 1148.000000
133 155 1147.000000
945 967 1147.000000
1312 1334 1147.000000
256 257 1139.000000
1121 1143 1133.000000
1359 1360 1130.000000
59 81 1129.000000
705 706 1126.000000
833 834 1122.000000
1573 1574 1122.000000
969 991 1119.000000
1404 1405 1119.000000
1575 1576 1116.000000
1032 10446 1115.000000
1574 1575 1105.000000
699 700 1094.000000
700 701 1094.000000
701 702 1094.000000
660 681 1090.000000
1165 1187 1083.000000
639 640 1078.000000
111 112 1072.000000
112 113 1072.000000
200 201 1060.000000
10 11 1053.000000
595 596 1051.000000
895 896 1051.000000
1360 1361 1051.000000
1268 1290 1042.000000
1447 1448 1038.000000
1101 1102 1037.000000
1100 1122 1034.000000
1095 1096 1033.000000
1008 10167 1031.000000
1078 1079 1030.000000
190 191 1026.000000
278 279 1016.000000
279 280 1016.000000
199 200 1008.000000
1267 1268 1008.000000
6 7 997.000000
1035 1036 991.000000
285 307 984.000000
7 8 983.000000
243 244 983.000000
1576 1577 973.000000
1188 1209 972.000000
1077 10985 963.000000
8 9 961.000000
1012 10470 950.000000
1379 1380 947.000000
153 175 944.000000
1057 1079 940.000000
813 835 937.000000
1511 1533 927.000000
17 18 922.000000
265 266 910.000000
244 245 906.000000
552 553 886.000000
14 36 884.000000
38 60 882.000000
286 287 879.000000
1529 1530 878.000000
682 683 877.000000
590 591 874.000000
1532 1533 871.000000
157 158 870.000000
241 263 870.000000
189 190 869.000000
1051 1052 868.000000
655 656 867.000000
553 554 858.000000
287 288 854.000000
654 655 849.000000
220 242 842.000000
181 182 839.000000
182 183 839.000000
183 184 839.000000
184 185 839.000000
185 186 839.000000
186 187 839.000000
187 188 839.000000
188 189 835.000000
611 612 835.000000
309 310 832.000000
1286 1287 825.000000
1287 1288 825.000000
1288 1289 825.000000
1289 1290 825.000000
971 972 823.000000
568 569 818.000000
1425 1426 813.000000
1557 1558 812.000000
682 703 811.000000
1047 1048 811.000000
1048 1049 811.000000
1049 1050 811.000000
1050 1051 811.000000
221 243 810.000000
104 10747 805.000000
656 657 797.000000
657 658 797.000000
658 659 797.000000
1133 1134 793.000000
277 278 785.000000
1010 10796 776.000000
288 289 774.000000
856 878 772.000000
1202 1224 772.000000
257 258 770.000000
258 259 770.000000
259 260 770.000000
260 261 770.000000
110 111 769.000000
959 960 762.000000
612 613 756.000000
613 614 756.000000
614 615 756.000000
721 743 753.000000
1102 1103 750.000000
1103 1104 750.000000
792 814 745.000000
858 879 742.000000
589 590 737.000000
266 267 717.000000
484 485 717.000000
484 505 717.000000
504 505 717.000000
71 72 711.000000
72 73 711.000000
73 74 711.000000
74 75 711.000000
75 76 711.000000
76 77 711.000000
1469 1470 711.000000
634 635 710.000000
746 747 703.000000
529 530 694.000000
202 203 688.000000
203 204 688.000000
204 205 688.000000
205 206 688.000000
206 207 688.000000
207 208 688.000000
208 209 688.000000
209 210 688.000000
210 211 687.000000
79 80 686.000000
1578 1579 676.000000
177 199 673.000000
115 116 666.000000
116 117 666.000000
117 118 666.000000
118 119 666.000000
119 120 666.000000
120 121 666.000000
121 122 666.000000
122 123 666.000000
308 309 664.000000
310 311 660.000000
970 992 659.000000
197 219 658.000000
770 771 656.000000
148 170 654.000000
683 684 651.000000
594 616 647.000000
1426 1427 647.000000
104 126 645.000000
1243 1244 635.000000
1533 1534 632.000000
1035 10533 629.000000
1176 1177 626.000000
1014 1015 624.000000
596 597 612.000000
1025 1026 612.000000
136 137 609.000000
726 727 606.000000
201 202 602.000000
1123 1124 602.000000
1124 1125 602.000000
1125 1126 602.000000
1026 10731 597.000000
769 791 595.000000
938 939 592.000000
662 663 581.000000
946 947 580.000000
123 124 579.000000
726 747 579.000000
88 89 575.000000
328 329 560.000000
1145 1146 557.000000
1146 1147 557.000000
1147 1148 557.000000
1004 10932 552.000000
1381 1382 548.000000
180 202 547.000000
1178 1200 546.000000
698 699 539.000000
1380 1381 538.000000
1355 1356 535.000000
1442 1443 535.000000
54 55 532.000000
55 56 532.000000
56 57 532.000000
57 58 532.000000
261 262 532.000000
947 948 531.000000
61 83 517.000000
530 531 509.000000
1058 1059 505.000000
1059 1060 505.000000
1060 1061 505.000000
1032 10421 504.000000
1073 1074 504.000000
126 148 501.000000
972 973 500.000000
308 329 498.000000
1053 10819 497.000000
981 982 496.000000
1008 10268 496.000000
633 634 495.000000
330 351 491.000000
1046 1047 491.000000
1012 1034 487.000000
1010 10953 486.000000
792 793 484.000000
89 90 480.000000
90 91 480.000000
741 742 474.000000
1336 1358 471.000000
1382 1383 471.000000
125 147 467.000000
147 169 459.000000
32 33 456.000000
619 620 456.000000
727 728 454.000000
1508 1509 454.000000
575 597 452.000000
1075 1097 451.000000
50 51 447.000000
51 52 447.000000
52 53 447.000000
53 54 447.000000
351 373 446.000000
1032 10459 444.000000
1091 1092 441.000000
1092 1093 441.000000
1093 1094 441.000000
352 373 437.000000
1012 10121 432.000000
480 481 431.000000
1009 10901 431.000000
1079 1080 425.000000
1004 10711 424.000000
1080 1081 419.000000
1081 1082 419.000000
1551 1552 419.000000
180 181 417.000000
1094 1095 414.000000
1474 1495 414.000000
1493 1494 414.000000
1494 1495 414.000000
705 727 412.000000
33 34 410.000000
34 35 410.000000
35 36 410.000000
618 640 409.000000
1030 10565 408.000000
104 10739 407.000000
91 92 405.000000
134 156 405.000000
836 837 400.000000
1007 10407 400.000000
393 394 399.000000
267 268 398.000000
1029 1051 396.000000
1274 1275 396.000000
104 10452 395.000000
104 10494 395.000000
104 10615 395.000000
104 10622 395.000000
104 10795 395.000000
104 10847 395.000000
104 10991 395.000000
103 10481 393.000000
724 746 389.000000
1056 10729 387.000000
567 568 385.000000
1148 1149 385.000000
1011 10199 383.000000
1015 1016 381.000000
1016 1017 381.000000
1448 1449 381.000000
706 707 380.000000
1056 10620 379.000000
1056 10682 379.000000
485 486 378.000000
1111 1112 378.000000
39 61 374.000000
104 10695 373.000000
104 10907 373.000000
104 10915 373.000000
1126 1127 372.000000
104 10803 370.000000
352 353 369.000000
353 354 369.000000
28 29 365.000000
29 30 365.000000
30 31 365.000000
31 32 365.000000
15 1577 365.000000
104 10797 364.000000
103 10997 362.000000
104 10526 362.000000
104 10580 361.000000
104 10764 359.000000
104 10666 358.000000
104 10749 358.000000
10 10106 356.000000
104 10707 356.000000
104 10464 355.000000
104 10799 355.000000
104 10851 355.000000
530 552 354.000000
104 10571 353.000000
104 10801 350.000000
104 10990 350.000000
94 95 348.000000
95 96 348.000000
96 97 348.000000
97 98 348.000000
98 99 348.000000
100 101 348.000000
101 102 348.000000
1003 1004 348.000000
1036 1037 348.000000
1037 1038 348.000000
836 858 346.000000
104 10766 345.000000
104 10906 345.000000
1055 10977 345.000000
137 138 343.000000
138 139 343.000000
139 140 343.000000
140 141 343.000000
141 142 343.000000
142 143 343.000000
143 144 343.000000
144 145 343.000000
145 146 334.000000
198 220 332.000000
330 331 330.000000
331 332 330.000000
1166 1187 324.000000
104 10524 323.000000
1179 1201 322.000000
702 703 319.000000
1032 10415 319.000000
224 225 318.000000
225 226 318.000000
226 227 318.000000
227 228 318.000000
228 229 318.000000
229 230 318.000000
230 231 318.000000
231 232 318.000000
1004 10150 318.000000
1004 10411 318.000000
92 93 317.000000
1014 10523 312.000000
1033 10577 312.000000
102 10715 311.000000
1078 10887 311.000000
104 10869 310.000000
1271 1293 310.000000
1079 10931 309.000000
521 522 307.000000
522 523 307.000000
1053 10627 307.000000
517 518 306.000000
518 519 306.000000
519 520 306.000000
520 521 306.000000
246 247 304.000000
247 248 304.000000
248 249 304.000000
249 250 304.000000
250 251 304.000000
251 252 304.000000
252 253 304.000000
253 254 304.000000
1012 10279 304.000000
232 233 303.000000
587 588 303.000000
212 234 299.000000
676 677 299.000000
1054 10661 296.000000
1046 10592 292.000000
960 982 290.000000
1377 1378 288.000000
1035 10927 286.000000
1069 1070 286.000000
1070 1071 286.000000
1071 1072 286.000000
1072 1073 286.000000
111 133 283.000000
240 262 283.000000
768 790 283.000000
1383 1384 279.000000
1031 10401 278.000000
1013 10503 277.000000
102 10303 271.000000
588 589 270.000000
1470 1471 269.000000
102 10500 268.000000
1158 1180 266.000000
640 641 265.000000
1068 1069 265.000000
1010 10979 263.000000
102 10438 262.000000
284 306 262.000000
103 10503 261.000000
401 423 260.000000
1340 1341 260.000000
27 28 259.000000
1104 1105 259.000000
1014 1036 258.000000
1011 10432 257.000000
859 881 254.000000
1361 1362 254.000000
1512 1513 254.000000
506 527 253.000000
525 526 253.000000
526 527 253.000000
1127 1128 249.000000
1128 1129 249.000000
1129 1130 249.000000
1130 1131 249.000000
1131 1132 249.000000
1264 1265 249.000000
103 10981 248.000000
1058 10778 247.000000
103 10488 246.000000
829 851 246.000000
103 10924 245.000000
103 10600 244.000000
684 685 244.000000
1034 10770 244.000000
102 124 240.000000
104 10632 240.000000
267 289 239.000000
1036 10578 237.000000
1036 10778 237.000000
102 10244 236.000000
529 551 235.000000
1009 10392 234.000000
1057 10961 234.000000
1032 10413 233.000000
812 834 232.000000
1013 10981 228.000000
1105 1106 228.000000
1106 1107 228.000000
1107 1108 228.000000
1108 1109 228.000000
1109 1110 228.000000
1122 1144 228.000000
973 974 227.000000
1078 10812 227.000000
1253 1275 227.000000
71 93 226.000000
1246 1268 226.000000
1025 10635 225.000000
1078 10845 224.000000
1057 10959 222.000000
1097 10979 222.000000
104 10827 221.000000
1220 1221 221.000000
104 10466 220.000000
104 10649 220.000000
104 10834 220.000000
1034 10923 220.000000
903 904 219.000000
104 10755 218.000000
104 10918 218.000000
506 507 218.000000
1008 10277 218.000000
1061 10874 218.000000
1036 10436 217.000000
1078 10787 217.000000
1078 10802 217.000000
1056 10770 216.000000
1056 10923 216.000000
104 10729 215.000000
200 222 215.000000
904 905 215.000000
905 906 215.000000
1004 10272 215.000000
485 507 214.000000
104 10620 213.000000
104 10682 213.000000
1012 10221 213.000000
1033 10335 213.000000
1033 10372 213.000000
1033 10763 213.000000
1033 10895 213.000000
901 923 212.000000
178 200 211.000000
242 264 210.000000
1002 1003 210.000000
105 10519 209.000000
105 10536 209.000000
105 10574 209.000000
105 10650 209.000000
105 10735 209.000000
105 10860 209.000000
748 770 208.000000
104 10461 207.000000
104 10809 207.000000
354 355 207.000000
105 10904 206.000000
1057 10607 206.000000
1002 10030 201.000000
617 639 200.000000
1012 10947 200.000000
398 399 198.000000
399 400 198.000000
400 401 198.000000
1031 10325 198.000000
1078 10801 198.000000
1078 10990 198.000000
1292 1314 198.000000
1134 1156 197.000000
1555 1577 197.000000
202 224 196.000000
1012 10426 196.000000
1012 10619 196.000000
1025 10856 196.000000
1012 10239 195.000000
1012 10308 195.000000
1012 10475 195.000000
1012 10593 195.000000
1012 10730 195.000000
1012 10762 195.000000
1012 10879 195.000000
1012 10972 195.000000
1011 10121 194.000000
159 160 193.000000
160 161 193.000000
161 162 193.000000
162 163 193.000000
163 164 193.000000
164 165 193.000000
165 166 193.000000
166 167 193.000000
531 532 192.000000
1012 10998 192.000000
1110 1111 192.000000
900 922 191.000000
1034 10997 191.000000
552 574 190.000000
882 883 190.000000
883 884 190.000000
884 885 190.000000
1003 10276 190.000000
1009 10618 190.000000
124 146 189.000000
543 544 189.000000
544 545 189.000000
785 807 189.000000
1013 10409 189.000000
1051 10726 189.000000
1534 1535 188.000000
1012 10488 187.000000
1012 10600 187.000000
1012 10924 187.000000
104 10804 186.000000
948 949 186.000000
949 950 186.000000
155 177 185.000000
1011 10387 185.000000
929 951 183.000000
1011 10279 183.000000
1011 10426 183.000000
1011 10532 183.000000
1011 10619 183.000000
1015 10436 183.000000
256 278 182.000000
1011 10239 182.000000
1011 10308 182.000000
1011 10475 182.000000
233 255 181.000000
926 927 181.000000
927 928 181.000000
928 929 181.000000
1011 10730 181.000000
1011 10972 181.000000
1011 10593 180.000000
1011 10879 180.000000
1422 1444 179.000000
1033 10668 178.000000
1057 10657 178.000000
1057 10761 178.000000
1057 10936 178.000000
1290 1312 177.000000
254 255 176.000000
610 611 176.000000
1008 10136 176.000000
1011 10486 175.000000
93 94 174.000000
1090 1091 174.000000
1034 10503 172.000000
307 329 171.000000
1031 1053 171.000000
1314 1336 171.000000
105 10911 170.000000
573 595 169.000000
1013 10481 169.000000
223 245 168.000000
1015 10324 168.000000
1057 10899 168.000000
946 968 167.000000
1034 10981 166.000000
1057 10840 166.000000
902 924 165.000000
105 10747 164.000000
1009 10249 163.000000
1014 10403 163.000000
1014 10607 163.000000
167 189 160.000000
1014 10846 160.000000
1055 10609 160.000000
1033 10977 159.000000
1149 1150 159.000000
1150 1151 159.000000
1151 1152 159.000000
1152 1153 159.000000
1153 1154 159.000000
680 702 157.000000
1012 10818 157.000000
62 63 156.000000
63 64 156.000000
64 65 156.000000
638 660 156.000000
746 768 156.000000
858 859 156.000000
1012 10358 156.000000
1492 1493 156.000000
158 159 153.000000
245 246 153.000000
770 792 152.000000
1513 1514 152.000000
416 417 151.000000
1078 10961 151.000000
837 859 150.000000
10 10402 149.000000
1010 10143 149.000000
1105 1127 148.000000
1507 1508 148.000000
329 351 147.000000
1089 10896 147.000000
993 994 145.000000
994 995 145.000000
1030 10539 145.000000
189 211 144.000000
894 895 143.000000
1009 10821 143.000000
44 65 142.000000
199 221 141.000000
1132 1133 141.000000
1142 1164 141.000000
1452 1453 141.000000
1452 1473 141.000000
1471 1472 141.000000
1472 1473 141.000000
179 201 139.000000
992 993 139.000000
1089 1090 138.000000
1011 10985 137.000000
637 659 136.000000
1379 1401 136.000000
37 59 135.000000
156 178 135.000000
1399 1421 134.000000
725 747 133.000000
103 10470 132.000000
966 988 131.000000
1055 10763 131.000000
1055 10895 131.000000
44 45 130.000000
45 46 130.000000
46 47 130.000000
47 48 130.000000
48 49 130.000000
102 10269 130.000000
102 10663 130.000000
102 10782 130.000000
102 10948 130.000000
102 10976 130.000000
1012 10502 130.000000
1012 10740 130.000000
554 555 129.000000
555 556 129.000000
556 557 129.000000
557 558 129.000000
558 559 129.000000
559 560 129.000000
1030 10831 129.000000
508 530 128.000000
1026 10474 128.000000
1232 1253 128.000000
243 265 127.000000
1012 10863 127.000000
1557 1579 127.000000
102 10687 126.000000
1012 10329 126.000000
1012 10379 126.000000
1012 10375 125.000000
1078 10869 125.000000
1053 10796 124.000000
266 288 123.000000
899 921 123.000000
61 62 121.000000
289 290 121.000000
290 291 121.000000
291 292 121.000000
292 293 121.000000
293 294 121.000000
294 295 121.000000
295 296 121.000000
296 297 121.000000
297 298 121.000000
321 322 120.000000
322 323 120.000000
323 324 120.000000
324 325 120.000000
325 326 120.000000
326 327 120.000000
539 540 120.000000
540 541 120.000000
541 542 120.000000
542 543 120.000000
104 10508 119.000000
104 10564 119.000000
104 10601 119.000000
104 10629 119.000000
104 10653 119.000000
104 10723 119.000000
104 10876 119.000000
104 10926 119.000000
104 10958 119.000000
503 504 119.000000
450 451 118.000000
1078 10959 118.000000
1188 1189 117.000000
1189 1190 117.000000
1190 1191 117.000000
1191 1192 117.000000
1192 1193 117.000000
532 554 116.000000
1171 1172 116.000000
1172 1173 116.000000
1173 1174 116.000000
1174 1175 116.000000
1175 1176 116.000000
1012 10609 115.000000
1315 1337 115.000000
1013 10259 114.000000
1013 10995 114.000000
103 10762 113.000000
103 10998 113.000000
550 572 113.000000
289 311 112.000000
1056 10818 112.000000
1156 1178 112.000000
1193 1194 112.000000
1194 1195 112.000000
1195 1196 112.000000
1196 1197 112.000000
1197 1198 112.000000
1227 1249 112.000000
103 10409 111.000000
103 10947 111.000000
104 10442 111.000000
104 10463 111.000000
104 10465 111.000000
104 10483 111.000000
104 10514 111.000000
104 10528 111.000000
104 10546 111.000000
104 10621 111.000000
104 10712 111.000000
104 10905 111.000000
1013 10997 111.000000
1468 1490 111.000000
576 577 110.000000
577 578 110.000000
578 579 110.000000
579 580 110.000000
580 581 110.000000
581 582 110.000000
1077 1099 110.000000
104 10504 109.000000
104 10676 109.000000
104 10685 109.000000
104 10881 109.000000
110 132 109.000000
531 553 109.000000
104 10492 108.000000
104 10610 108.000000
104 10983 108.000000
146 168 108.000000
1032 10689 108.000000
1035 10403 108.000000
1035 10607 108.000000
1077 10895 108.000000
28 50 107.000000
451 473 107.000000
533 534 107.000000
534 535 107.000000
535 536 107.000000
536 537 107.000000
537 538 107.000000
860 882 107.000000
104 10424 106.000000
104 10644 106.000000
104 10652 106.000000
104 10699 106.000000
104 10756 106.000000
104 10909 106.000000
104 10984 106.000000
104 10994 106.000000
1337 1359 106.000000
310 332 105.000000
1034 10481 105.000000
1053 10901 105.000000
1077 10917 105.000000
1008 10270 104.000000
1010 1032 104.000000
814 836 103.000000
355 356 102.000000
356 357 102.000000
1011 10613 102.000000
1032 10850 102.000000
1186 1208 101.000000
1056 10609 100.000000
1074 10788 100.000000
1075 10850 100.000000
1183 1205 100.000000
105 10870 99.000000
268 269 99.000000
269 270 99.000000
270 271 99.000000
271 272 99.000000
272 273 99.000000
273 274 99.000000
274 275 99.000000
1535 1536 99.000000
104 10980 98.000000
104 10989 98.000000
104 10439 97.000000
104 10820 97.000000
374 375 97.000000
374 395 97.000000
375 376 97.000000
509 510 97.000000
855 877 97.000000
1082 10874 97.000000
104 10521 96.000000
104 10673 96.000000
104 10736 96.000000
104 10853 96.000000
104 10913 96.000000
105 10566 96.000000
1210 1211 96.000000
1211 1212 96.000000
1212 1213 96.000000
1213 1214 96.000000
105 10963 95.000000
275 276 95.000000
440 441 95.000000
440 461 95.000000
460 461 95.000000
1074 10965 95.000000
105 10767 94.000000
105 10826 94.000000
502 503 94.000000
145 167 93.000000
974 975 93.000000
975 976 93.000000
976 977 93.000000
977 978 93.000000
978 979 93.000000
979 980 93.000000
1012 10203 93.000000
1014 10927 93.000000
692 693 92.000000
693 694 92.000000
694 695 92.000000
695 696 92.000000
696 697 92.000000
1031 10357 92.000000
1031 10949 92.000000
1038 1039 92.000000
1356 1378 92.000000
104 10930 91.000000
462 463 91.000000
462 483 91.000000
482 483 91.000000
1012 10398 91.000000
1075 10821 91.000000
1078 10834 91.000000
298 299 90.000000
1011 10218 90.000000
486 487 89.000000
663 664 89.000000
1008 10808 89.000000
1008 10877 89.000000
1031 10811 89.000000
1031 10955 89.000000
1116 1138 89.000000
1053 10752 88.000000
1155 1177 88.000000
1210 1231 88.000000
114 136 87.000000
508 509 87.000000
950 951 87.000000
1011 10372 87.000000
1095 1117 87.000000
1296 1318 87.000000
980 981 86.000000
948 970 85.000000
105 10875 84.000000
597 598 84.000000
1054 10577 84.000000
1318 1319 84.000000
1398 1399 84.000000
1514 1515 84.000000
105 10806 83.000000
451 452 83.000000
452 453 83.000000
453 454 83.000000
454 455 83.000000
455 456 83.000000
456 457 83.000000
457 458 83.000000
1011 10335 83.000000
1011 10763 83.000000
1011 10895 83.000000
332 333 82.000000
103 10620 81.000000
104 10501 81.000000
104 10754 81.000000
917 939 81.000000
1135 1157 81.000000
104 10511 80.000000
246 268 80.000000
276 277 80.000000
486 508 80.000000
851 873 80.000000
1032 10953 80.000000
1026 10932 79.000000
1205 1227 79.000000
1381 1403 79.000000
1401 1423 79.000000
1008 10934 78.000000
1009 10694 78.000000
1031 10542 78.000000
749 750 77.000000
1008 10298 77.000000
363 364 76.000000
364 365 76.000000
365 366 76.000000
366 367 76.000000
367 368 76.000000
368 369 76.000000
369 370 76.000000
370 371 76.000000
532 533 76.000000
1154 1155 76.000000
1164 1186 76.000000
104 10793 75.000000
507 508 75.000000
524 525 75.000000
1026 10711 75.000000
1061 1062 75.000000
1062 1063 75.000000
1063 1064 75.000000
1064 1065 75.000000
1065 1066 75.000000
1066 1067 75.000000
1078 1100 75.000000
922 944 74.000000
1035 10553 74.000000
1074 10841 74.000000
114 115 73.000000
244 266 73.000000
396 397 73.000000
396 417 73.000000
397 398 73.000000
567 589 73.000000
873 895 73.000000
1013 1035 72.000000
104 10728 71.000000
104 10873 71.000000
327 328 71.000000
1008 10179 71.000000
1008 10250 71.000000
1008 10386 71.000000
1008 10568 71.000000
1008 10575 71.000000
1008 10640 71.000000
1008 10664 71.000000
1008 10718 71.000000
1008 10788 71.000000
1008 10842 71.000000
1008 10965 71.000000
1423 1445 71.000000
1554 1576 71.000000
1008 10484 70.000000
1074 10808 70.000000
1074 10877 70.000000
1074 10934 70.000000
1138 1160 70.000000
487 488 69.000000
488 489 69.000000
560 561 69.000000
561 562 69.000000
562 563 69.000000
563 564 69.000000
1008 10325 69.000000
1030 10407 69.000000
1485 1486 69.000000
1485 1507 69.000000
103 10625 68.000000
154 176 68.000000
330 352 68.000000
528 549 68.000000
546 547 68.000000
547 548 68.000000
548 549 68.000000
593 615 68.000000
1031 10721 68.000000
1034 10409 68.000000
1053 10953 68.000000
528 529 67.000000
791 813 67.000000
1052 10883 67.000000
1177 1199 67.000000
104 10727 66.000000
105 10794 66.000000
682 704 66.000000
1017 1039 66.000000
1074 10783 66.000000
263 285 65.000000
726 748 65.000000
1208 1230 65.000000
611 633 64.000000
1034 1056 63.000000
1052 10902 63.000000
1052 10921 63.000000
1052 10951 63.000000
1052 10969 63.000000
1078 10936 63.000000
1166 1167 63.000000
1167 1168 63.000000
1168 1169 63.000000
1169 1170 63.000000
1170 1171 63.000000
1224 1246 63.000000
1572 1573 63.000000
357 379 62.000000
379 401 62.000000
1009 10446 62.000000
1054 1076 62.000000
1067 1068 62.000000
1078 10840 62.000000
1078 10899 62.000000
245 267 61.000000
459 460 61.000000
1052 10775 61.000000
1052 10848 61.000000
105 10641 60.000000
441 442 60.000000
516 517 60.000000
598 599 60.000000
599 600 60.000000
600 601 60.000000
601 602 60.000000
602 603 60.000000
727 749 60.000000
1026 10411 60.000000
1031 10982 60.000000
1571 1572 60.000000
837 838 59.000000
1032 10487 59.000000
1032 10618 59.000000
1052 1074 59.000000
105 10720 58.000000
564 565 58.000000
565 566 58.000000
566 567 58.000000
838 860 58.000000
1031 10659 58.000000
1486 1508 58.000000
22 23 57.000000
22 43 57.000000
23 24 57.000000
24 25 57.000000
25 26 57.000000
26 27 57.000000
39 40 57.000000
40 41 57.000000
41 42 57.000000
42 43 57.000000
105 10836 57.000000
596 618 57.000000
1010 10669 57.000000
1031 10554 57.000000
1034 10818 57.000000
104 10966 56.000000
105 10591 56.000000
201 223 56.000000
597 619 56.000000
952 953 56.000000
953 954 56.000000
954 955 56.000000
955 956 56.000000
956 957 56.000000
957 958 56.000000
958 959 56.000000
1034 10358 56.000000
1052 10703 56.000000
299 300 55.000000
300 301 55.000000
301 302 55.000000
302 303 55.000000
303 304 55.000000
304 305 55.000000
1033 10702 55.000000
1139 1161 55.000000
113 135 54.000000
626 648 54.000000
1004 1026 54.000000
1032 1054 54.000000
1034 10609 54.000000
1035 1057 54.000000
1058 10751 54.000000
1402 1424 53.000000
641 663 52.000000
662 684 52.000000
859 860 52.000000
942 964 52.000000
995 996 52.000000
996 997 52.000000
997 998 52.000000
998 999 52.000000
1000 1001 52.000000
1001 1002 52.000000
1017 10378 52.000000
105 10988 51.000000
1039 1040 51.000000
1040 1041 51.000000
1041 1042 51.000000
1042 1043 51.000000
1043 1044 51.000000
1044 1045 51.000000
1045 1046 51.000000
1198 1199 51.000000
1242 1243 51.000000
1529 1551 51.000000
105 10800 50.000000
494 495 50.000000
1017 1018 50.000000
1018 1019 50.000000
1019 1020 50.000000
1020 1021 50.000000
1021 1022 50.000000
1022 1023 50.000000
1023 1024 50.000000
1026 10272 50.000000
1056 10600 50.000000
1056 10924 50.000000
1074 10775 50.000000
1075 10752 50.000000
1090 1112 50.000000
103 10682 49.000000
262 284 49.000000
545 546 49.000000
830 852 49.000000
1405 1406 49.000000
858 880 48.000000
959 981 48.000000
1009 10493 48.000000
1010 10190 48.000000
507 529 47.000000
1009 1031 47.000000
224 246 46.000000
574 596 46.000000
728 729 46.000000
729 730 46.000000
730 731 46.000000
731 732 46.000000
732 733 46.000000
733 734 46.000000
734 735 46.000000
1055 10730 46.000000
1055 10972 46.000000
222 244 45.000000
697 698 45.000000
5 6 44.000000
1011 1033 44.000000
1055 10593 44.000000
1055 10619 44.000000
1055 10879 44.000000
1074 10777 44.000000
1184 1206 44.000000
553 575 43.000000
1055 1077 43.000000
1111 1133 43.000000
442 443 42.000000
443 444 42.000000
444 445 42.000000
965 987 42.000000
1204 1226 42.000000
190 212 41.000000
357 358 41.000000
358 359 41.000000
359 360 41.000000
360 361 41.000000
361 362 41.000000
362 363 41.000000
786 808 41.000000
105 10614 40.000000
159 181 40.000000
743 765 40.000000
1570 1571 40.000000
158 180 39.000000
703 725 39.000000
807 829 39.000000
1074 10883 39.000000
1490 1512 39.000000
255 277 38.000000
677 699 38.000000
704 726 38.000000
747 769 38.000000
879 901 38.000000
923 945 38.000000
103 10770 37.000000
103 10923 37.000000
423 424 37.000000
424 425 37.000000
425 426 37.000000
426 427 37.000000
427 428 37.000000
441 463 37.000000
538 539 37.000000
554 576 37.000000
619 641 37.000000
1110 1132 37.000000
1427 1428 37.000000
36 58 36.000000
305 306 36.000000
921 943 36.000000
1024 1025 36.000000
1033 10613 36.000000
1036 10583 36.000000
1052 10745 36.000000
1074 10745 36.000000
1378 1400 36.000000
136 158 35.000000
1540 1561 35.000000
1558 1559 35.000000
1559 1560 35.000000
1560 1561 35.000000
83 84 34.000000
84 85 34.000000
85 86 34.000000
86 87 34.000000
509 531 34.000000
620 621 34.000000
621 622 34.000000
622 623 34.000000
623 624 34.000000
624 625 34.000000
625 626 34.000000
648 649 34.000000
649 650 34.000000
650 651 34.000000
651 652 34.000000
652 653 34.000000
653 654 34.000000
878 900 34.000000
1355 1377 34.000000
588 610 33.000000
1012 10432 33.000000
1012 10486 33.000000
1052 10816 33.000000
1053 10542 33.000000
1053 10554 33.000000
1053 10665 33.000000
1053 10982 33.000000
1249 1271 33.000000
58 80 32.000000
105 10642 32.000000
105 10686 32.000000
105 10734 32.000000
951 952 32.000000
1014 10327 32.000000
1051 1073 32.000000
1052 10810 32.000000
1052 10946 32.000000
1487 1509 32.000000
105 10952 31.000000
834 856 31.000000
904 926 31.000000
1033 10347 31.000000
1075 10901 31.000000
1464 1465 31.000000
218 240 30.000000
286 308 30.000000
1012 10346 30.000000
1012 10886 30.000000
1082 1083 30.000000
1012 10428 29.000000
1074 10951 29.000000
1075 10982 29.000000
1425 1447 29.000000
66 87 28.000000
463 464 28.000000
464 465 28.000000
465 466 28.000000
466 467 28.000000
467 468 28.000000
468 469 28.000000
469 470 28.000000
470 471 28.000000
471 472 28.000000
489 490 28.000000
490 491 28.000000
491 492 28.000000
492 493 28.000000
493 494 28.000000
742 764 28.000000
1011 10364 28.000000
1011 10894 28.000000
1054 10613 28.000000
1074 10816 28.000000
1074 10902 28.000000
1074 10921 28.000000
1074 10969 28.000000
1083 1084 28.000000
1084 1085 28.000000
1085 1086 28.000000
1086 1087 28.000000
1087 1088 28.000000
333 355 27.000000
394 395 27.000000
582 583 27.000000
583 584 27.000000
584 585 27.000000
585 586 27.000000
586 587 27.000000
714 715 27.000000
715 716 27.000000
716 717 27.000000
717 718 27.000000
718 719 27.000000
763 764 27.000000
882 904 27.000000
1088 1089 27.000000
2 3 26.000000
3 4 26.000000
4 5 26.000000
49 50 26.000000
234 256 26.000000
312 313 26.000000
320 321 26.000000
341 363 26.000000
885 886 26.000000
886 887 26.000000
887 888 26.000000
888 889 26.000000
889 890 26.000000
890 891 26.000000
891 892 26.000000
892 893 26.000000
893 894 26.000000
916 938 26.000000
1074 10810 26.000000
1421 1443 26.000000
1424 1446 26.000000
1488 1510 26.000000
66 67 25.000000
67 68 25.000000
68 69 25.000000
69 70 25.000000
70 71 25.000000
313 314 25.000000
314 315 25.000000
315 316 25.000000
316 317 25.000000
317 318 25.000000
318 319 25.000000
458 459 25.000000
598 620 25.000000
684 706 25.000000
952 974 25.000000
1012 10387 25.000000
1025 10276 25.000000
1025 10835 25.000000
1025 10852 25.000000
1032 10796 25.000000
1033 1055 25.000000
1074 10848 25.000000
1074 10946 25.000000
1074 10949 25.000000
1137 1159 25.000000
1333 1334 25.000000
176 198 24.000000
311 333 24.000000
418 419 24.000000
418 439 24.000000
419 420 24.000000
420 421 24.000000
421 422 24.000000
422 423 24.000000
438 439 24.000000
442 464 24.000000
464 486 24.000000
681 703 24.000000
967 989 24.000000
1025 10944 24.000000
0 1 23.000000
0 21 23.000000
1 2 23.000000
18 19 23.000000
19 20 23.000000
20 21 23.000000
108 130 23.000000
130 152 23.000000
319 320 23.000000
473 495 23.000000
523 524 23.000000
659 681 23.000000
683 705 23.000000
719 720 23.000000
790 812 23.000000
930 931 23.000000
931 932 23.000000
932 933 23.000000
933 934 23.000000
934 935 23.000000
935 936 23.000000
936 937 23.000000
1008 10114 23.000000
1055 10696 23.000000
1133 1155 23.000000
1160 1182 23.000000
1514 1536 23.000000
341 342 22.000000
495 496 22.000000
496 497 22.000000
497 498 22.000000
498 499 22.000000
499 500 22.000000
500 501 22.000000
501 502 22.000000
698 720 22.000000
764 786 22.000000
929 930 22.000000
1011 10717 22.000000
1030 10386 22.000000
1030 10842 22.000000
1032 10979 22.000000
1039 1061 22.000000
1154 1176 22.000000
615 637 21.000000
835 857 21.000000
1034 10470 21.000000
1034 10600 21.000000
1034 10762 21.000000
1034 10924 21.000000
1034 10947 21.000000
1034 10998 21.000000
1056 10762 21.000000
1056 10947 21.000000
1056 10998 21.000000
1058 10846 21.000000
49 71 20.000000
131 153 20.000000
232 254 20.000000
487 509 20.000000
604 626 20.000000
699 721 20.000000
863 885 20.000000
1012 10351 20.000000
1012 10868 20.000000
1254 1255 20.000000
1254 1275 20.000000
1255 1256 20.000000
1256 1257 20.000000
1257 1258 20.000000
1258 1259 20.000000
1259 1260 20.000000
1260 1261 20.000000
1261 1262 20.000000
1262 1263 20.000000
1465 1487 20.000000
1012 10142 19.000000
1012 10310 19.000000
1012 10363 19.000000
1012 10696 19.000000
1014 10204 19.000000
1015 10751 19.000000
1112 1134 19.000000
1161 1183 19.000000
311 312 18.000000
445 467 18.000000
576 598 18.000000
582 604 18.000000
947 969 18.000000
1012 10130 18.000000
1012 10996 18.000000
1047 10731 18.000000
1569 1570 18.000000
1003 10999 17.000000
1008 1030 17.000000
1011 10246 17.000000
1011 10435 17.000000
1011 10550 17.000000
1011 10857 17.000000
1011 10910 17.000000
1034 10488 17.000000
1035 10995 17.000000
1089 1111 17.000000
1380 1402 17.000000
127 149 16.000000
473 474 16.000000
474 475 16.000000
475 476 16.000000
476 477 16.000000
477 478 16.000000
478 479 16.000000
479 480 16.000000
551 573 16.000000
661 683 16.000000
863 864 16.000000
864 865 16.000000
865 866 16.000000
866 867 16.000000
867 868 16.000000
868 869 16.000000
869 870 16.000000
870 871 16.000000
871 872 16.000000
937 938 16.000000
1057 10995 16.000000
13 1575 15.000000
66 88 15.000000
395 417 15.000000
463 485 15.000000
481 482 15.000000
641 642 15.000000
720 742 15.000000
1011 10977 15.000000
1014 10340 15.000000
1014 10553 15.000000
1030 10808 15.000000
1030 10877 15.000000
1117 1139 15.000000
65 87 14.000000
642 643 14.000000
643 644 14.000000
644 645 14.000000
645 646 14.000000
646 647 14.000000
647 648 14.000000
656 678 14.000000
1002 10161 14.000000
1014 10431 14.000000
1014 10561 14.000000
1113 1135 14.000000
1009 10487 13.000000
1014 10844 13.000000
1031 10694 13.000000
1054 10985 13.000000
1067 1089 13.000000
1083 1105 13.000000
1358 1380 13.000000
1518 1539 13.000000
1536 1537 13.000000
1537 1538 13.000000
1538 1539 13.000000
44 66 12.000000
219 241 12.000000
342 343 12.000000
343 344 12.000000
344 345 12.000000
345 346 12.000000
346 347 12.000000
347 348 12.000000
348 349 12.000000
1030 10934 12.000000
1031 10493 12.000000
1033 10985 12.000000
1036 10751 12.000000
1057 10981 12.000000
1231 1253 12.000000
157 179 11.000000
877 899 11.000000
944 966 11.000000
1008 10509 11.000000
1011 10271 11.000000
1011 10702 11.000000
1015 10583 11.000000
1047 10932 11.000000
1061 1083 11.000000
1098 1120 11.000000
511 512 10.000000
512 513 10.000000
513 514 10.000000
514 515 10.000000
515 516 10.000000
632 633 10.000000
640 662 10.000000
808 830 10.000000
1003 10272 10.000000
1009 10627 10.000000
1011 10113 10.000000
1011 10180 10.000000
1011 10347 10.000000
1014 10678 10.000000
1015 10155 10.000000
1015 10293 10.000000
1030 10505 10.000000
1030 10783 10.000000
1031 10821 10.000000
1078 10981 10.000000
1079 1101 10.000000
1359 1381 10.000000
1471 1493 10.000000
510 511 9.000000
569 591 9.000000
664 665 9.000000
665 666 9.000000
666 667 9.000000
667 668 9.000000
668 669 9.000000
669 670 9.000000
903 925 9.000000
1003 10411 9.000000
1009 10542 9.000000
1009 10554 9.000000
1009 10982 9.000000
1030 10484 9.000000
1030 10568 9.000000
1030 10575 9.000000
1030 10640 9.000000
1030 10664 9.000000
1030 10718 9.000000
1030 10788 9.000000
1030 10965 9.000000
1031 10681 9.000000
1035 10678 9.000000
1036 10846 9.000000
1052 10821 9.000000
1053 10689 9.000000
1053 10850 9.000000
1054 10668 9.000000
1069 1091 9.000000
1078 10923 9.000000
1096 10982 9.000000
1533 1555 9.000000
135 157 8.000000
319 341 8.000000
472 473 8.000000
1008 10357 8.000000
1008 10603 8.000000
1008 10659 8.000000
1008 10721 8.000000
1008 10777 8.000000
1008 10810 8.000000
1008 10811 8.000000
1008 10841 8.000000
1008 10883 8.000000
1008 10955 8.000000
1047 10711 8.000000
1074 10811 8.000000
1074 10955 8.000000
1080 1102 8.000000
1098 10985 8.000000
1210 1232 8.000000
1403 1425 8.000000
175 197 7.000000
937 959 7.000000
1008 10331 7.000000
1008 10946 7.000000
1008 10949 7.000000
1024 1046 7.000000
1030 10331 7.000000
1030 10946 7.000000
1046 10635 7.000000
1051 10640 7.000000
1051 10842 7.000000
1053 10979 7.000000
1162 1184 7.000000
1446 1468 7.000000
1467 1489 7.000000
1489 1511 7.000000
445 446 6.000000
446 447 6.000000
447 448 6.000000
448 449 6.000000
449 450 6.000000
1002 10635 6.000000
1002 10856 6.000000
1003 10033 6.000000
1004 10898 6.000000
1009 10330 6.000000
1009 10529 6.000000
1009 10665 6.000000
1009 10752 6.000000
1030 1052 6.000000
1030 10949 6.000000
1031 10330 6.000000
1031 10529 6.000000
1031 10665 6.000000
1031 10752 6.000000
1046 1068 6.000000
1073 10831 6.000000
1232 1233 6.000000
1233 1234 6.000000
1234 1235 6.000000
1235 1236 6.000000
1236 1237 6.000000
1237 1238 6.000000
1238 1239 6.000000
1239 1240 6.000000
1240 1241 6.000000
1241 1242 6.000000
1334 1356 6.000000
1444 1466 6.000000
11 1573 5.000000
14 1576 5.000000
196 218 5.000000
210 232 5.000000
436 437 5.000000
655 677 5.000000
943 965 5.000000
1008 10256 5.000000
1008 10369 5.000000
1008 10380 5.000000
1008 10476 5.000000
1008 10703 5.000000
1008 10816 5.000000
1008 10848 5.000000
1008 10902 5.000000
1008 10921 5.000000
1008 10951 5.000000
1008 10969 5.000000
1009 10148 5.000000
1025 1047 5.000000
1046 10856 5.000000
1047 10474 5.000000
1053 10618 5.000000
1095 10951 5.000000
1095 10969 5.000000
1408 1409 5.000000
1408 1429 5.000000
1409 1431 5.000000
1428 1429 5.000000
1431 1453 5.000000
1474 1496 5.000000
1496 1517 5.000000
1515 1516 5.000000
1516 1517 5.000000
12 1574 4.000000
123 145 4.000000
188 210 4.000000
275 297 4.000000
288 310 4.000000
297 319 4.000000
333 334 4.000000
334 335 4.000000
335 336 4.000000
336 337 4.000000
337 338 4.000000
338 339 4.000000
339 340 4.000000
340 341 4.000000
429 430 4.000000
430 431 4.000000
431 432 4.000000
432 433 4.000000
433 434 4.000000
434 435 4.000000
435 436 4.000000
437 438 4.000000
545 567 4.000000
595 617 4.000000
719 741 4.000000
925 947 4.000000
938 960 4.000000
1008 10225 4.000000
1008 10450 4.000000
1008 10505 4.000000
1008 10506 4.000000
1008 10775 4.000000
1008 10783 4.000000
1030 10369 4.000000
1030 10380 4.000000
1030 10450 4.000000
1030 10476 4.000000
1030 10506 4.000000
1030 10703 4.000000
1030 10775 4.000000
1030 10816 4.000000
1030 10848 4.000000
1030 10902 4.000000
1030 10921 4.000000
1030 10951 4.000000
1030 10969 4.000000
1051 10775 4.000000
1051 10783 4.000000
1052 10681 4.000000
1114 1136 4.000000
1136 1158 4.000000
1214 1215 4.000000
1215 1216 4.000000
1216 1217 4.000000
1217 1218 4.000000
1218 1219 4.000000
1510 1532 4.000000
1532 1554 4.000000
1553 1575 4.000000
1568 1569 4.000000
10 1572 3.000000
376 377 3.000000
377 378 3.000000
378 379 3.000000
379 380 3.000000
380 381 3.000000
381 382 3.000000
382 383 3.000000
383 384 3.000000
429 451 3.000000
494 516 3.000000
707 708 3.000000
708 709 3.000000
709 710 3.000000
710 711 3.000000
711 712 3.000000
712 713 3.000000
713 714 3.000000
860 861 3.000000
861 862 3.000000
862 863 3.000000
1003 10207 3.000000
1051 10539 3.000000
1051 10565 3.000000
1051 10568 3.000000
1051 10575 3.000000
1051 10664 3.000000
1051 10718 3.000000
1051 10788 3.000000
1051 10831 3.000000
1051 10965 3.000000
1052 10659 3.000000
1052 10721 3.000000
1052 10811 3.000000
1052 10955 3.000000
1058 10927 3.000000
1073 1095 3.000000
1115 1137 3.000000
1118 1140 3.000000
1404 1426 3.000000
1540 1541 3.000000
1541 1542 3.000000
1542 1564 3.000000
572 594 2.000000
642 664 2.000000
654 676 2.000000
670 671 2.000000
671 672 2.000000
672 673 2.000000
673 674 2.000000
674 675 2.000000
675 676 2.000000
833 855 2.000000
1003 10234 2.000000
1036 10927 2.000000
1052 10949 2.000000
1095 10965 2.000000
1096 1118 2.000000
27 49 1.000000
313 335 1.000000
335 357 1.000000
428 429 1.000000
503 525 1.000000
506 528 1.000000
511 533 1.000000
521 543 1.000000
603 604 1.000000
604 605 1.000000
605 606 1.000000
606 607 1.000000
607 608 1.000000
620 642 1.000000
685 686 1.000000
686 687 1.000000
687 688 1.000000
688 689 1.000000
689 690 1.000000
690 691 1.000000
691 692 1.000000
838 839 1.000000
839 840 1.000000
840 841 1.000000
841 863 1.000000
850 851 1.000000
930 952 1.000000
1003 10391 1.000000
1003 10449 1.000000
1003 10474 1.000000
1003 10590 1.000000
1003 10944 1.000000
1004 10183 1.000000
1036 1058 1.000000
1053 1075 1.000000
1088 1110 1.000000
1143 1165 1.000000
1226 1248 1.000000
1443 1465 1.000000
1497 1498 1.000000
1498 1499 1.000000
1499 1500 1.000000
1500 1501 1.000000
1501 1502 1.000000
1502 1503 1.000000
1503 1504 1.000000
1504 1505 1.000000
1505 1506 1.000000
1506 1507 1.000000
