189 190 15525.000000
190 191 15525.000000
191 192 15525.000000
192 193 15441.000000
985 986 15295.000000
12 13 14054.000000
167 168 13220.000000
168 169 13220.000000
169 170 13220.000000
170 171 13220.000000
188 189 12896.000000
1182 1183 11765.000000
1117 1118 11461.000000
1161 1162 11350.000000
1204 1205 10977.000000
166 167 10909.000000
1160 1161 10796.000000
1203 1204 10703.000000
1139 1140 10463.000000
986 987 10376.000000
1159 1160 10113.000000
984 985 9916.000000
1138 1139 9807.000000
145 146 9720.000000
146 147 9720.000000
147 148 9720.000000
148 149 9720.000000
149 150 9643.000000
1205 1206 9146.000000
193 194 8858.000000
1116 1117 8543.000000
210 211 8428.000000
211 212 8428.000000
212 213 8428.000000
213 214 8428.000000
1181 1182 8418.000000
963 964 7998.000000
1202 1203 7860.000000
897 898 7693.000000
194 195 7595.000000
1180 1181 7553.000000
1241 1242 7540.000000
1199 1200 7471.000000
1197 1198 7411.000000
896 897 7408.000000
1158 1159 7297.000000
1248 1249 7225.000000
1198 1199 7221.000000
1115 1116 7220.000000
144 145 7201.000000
55 56 7174.000000
1308 1309 7119.000000
1137 1138 7104.000000
1200 1201 7065.000000
1352 1353 7012.000000
983 984 6915.000000
1226 1227 6910.000000
941 942 6889.000000
1201 1202 6878.000000
1247 1248 6867.000000
1309 1310 6810.000000
893 894 6753.000000
894 895 6753.000000
1353 1354 6679.000000
1179 1180 6672.000000
1006 1007 6618.000000
1243 1244 6525.000000
827 828 6449.000000
828 829 6449.000000
1246 1247 6449.000000
1178 1179 6447.000000
56 57 6227.000000
962 963 6200.000000
1114 1115 6129.000000
1242 1243 6127.000000
33 34 6108.000000
1177 1178 6011.000000
1030 1031 5999.000000
1028 1029 5981.000000
942 943 5970.000000
849 850 5969.000000
850 851 5969.000000
851 852 5968.000000
11 12 5939.000000
1244 1245 5878.000000
1224 1225 5817.000000
806 807 5788.000000
807 808 5788.000000
895 896 5768.000000
826 827 5722.000000
1050 1051 5670.000000
1225 1226 5594.000000
1029 1030 5574.000000
1310 1311 5559.000000
1118 1119 5533.000000
1007 1008 5526.000000
77 78 5480.000000
1240 1241 5474.000000
1175 1176 5464.000000
1176 1177 5464.000000
762 763 5457.000000
763 764 5457.000000
1051 1052 5450.000000
898 899 5419.000000
805 806 5411.000000
1196 1197 5379.000000
825 826 5155.000000
1245 1246 5143.000000
1183 1184 5135.000000
165 166 5094.000000
987 988 5075.000000
961 962 5026.000000
214 215 5018.000000
209 210 4891.000000
892 893 4828.000000
1027 1028 4704.000000
783 784 4693.000000
784 785 4693.000000
785 786 4693.000000
1223 1224 4685.000000
612 613 4669.000000
171 172 4653.000000
195 196 4625.000000
1005 1006 4589.000000
215 216 4532.000000
233 234 4506.000000
234 235 4506.000000
235 236 4506.000000
1313 1314 4499.000000
1031 1032 4469.000000
1464 1465 4434.000000
940 941 4426.000000
1312 1313 4425.000000
919 920 4406.000000
809 810 4383.000000
829 830 4339.000000
8 9 4274.000000
920 921 4266.000000
1311 1312 4265.000000
1136 1137 4238.000000
13 14 4184.000000
236 237 4180.000000
1331 1332 4125.000000
853 854 4072.000000
852 853 4068.000000
918 919 4048.000000
302 303 4032.000000
1000 1001 4024.000000
1001 1002 4024.000000
1002 1003 4024.000000
1003 1004 4024.000000
10 11 3985.000000
237 238 3965.000000
609 610 3921.000000
610 611 3921.000000
611 612 3921.000000
1292 1293 3896.000000
1442 1443 3896.000000
1354 1355 3880.000000
988 989 3879.000000
1291 1292 3855.000000
1290 1291 3792.000000
1332 1333 3776.000000
761 762 3758.000000
1507 1508 3757.000000
143 144 3627.000000
760 761 3564.000000
1073 1074 3553.000000
281 282 3548.000000
1052 1053 3536.000000
1072 1073 3526.000000
917 918 3524.000000
1355 1356 3519.000000
150 151 3485.000000
98 99 3479.000000
100 101 3478.000000
804 805 3452.000000
1048 1049 3409.000000
957 958 3395.000000
958 959 3395.000000
959 960 3395.000000
1221 1222 3365.000000
1222 1223 3343.000000
76 77 3312.000000
238 239 3309.000000
1220 1221 3304.000000
1174 1175 3274.000000
848 849 3236.000000
100 122 3227.000000
1049 1050 3224.000000
1463 1464 3201.000000
1528 1529 3200.000000
187 188 3121.000000
1420 1421 3113.000000
1265 1266 3103.000000
1356 1357 3066.000000
239 240 3033.000000
808 809 3006.000000
259 260 3004.000000
172 173 2978.000000
1268 1269 2948.000000
1264 1265 2945.000000
738 739 2922.000000
1269 1270 2921.000000
1093 1094 2907.000000
1527 1528 2907.000000
1441 1442 2903.000000
1266 1267 2878.000000
1219 1220 2851.000000
1508 1509 2846.000000
32 33 2837.000000
830 831 2833.000000
899 921 2814.000000
899 900 2760.000000
656 657 2735.000000
891 892 2732.000000
1443 1444 2729.000000
1330 1331 2701.000000
303 304 2679.000000
1095 1096 2662.000000
874 875 2658.000000
1485 1486 2638.000000
960 961 2608.000000
1092 1093 2597.000000
1094 1095 2578.000000
186 187 2567.000000
1374 1375 2538.000000
964 965 2533.000000
1529 1530 2494.000000
78 79 2479.000000
1267 1268 2470.000000
7 8 2464.000000
1375 1376 2461.000000
1023 1024 2451.000000
1024 1025 2451.000000
764 765 2445.000000
1053 1054 2444.000000
1134 1135 2442.000000
1484 1485 2435.000000
1218 1219 2431.000000
1118 1140 2418.000000
1140 1141 2411.000000
324 325 2410.000000
282 283 2401.000000
782 783 2398.000000
1135 1136 2398.000000
942 964 2386.000000
1440 1441 2384.000000
34 35 2376.000000
740 741 2365.000000
741 742 2365.000000
1157 1158 2363.000000
196 197 2349.000000
304 305 2333.000000
1462 1463 2333.000000
1004 1005 2327.000000
276 277 2324.000000
277 278 2324.000000
278 279 2324.000000
279 280 2324.000000
1377 1378 2324.000000
613 614 2322.000000
1071 1072 2315.000000
1270 1271 2312.000000
1022 1023 2300.000000
1506 1507 2286.000000
678 679 2240.000000
216 217 2203.000000
208 209 2196.000000
914 915 2194.000000
915 916 2194.000000
916 917 2194.000000
655 656 2178.000000
870 871 2177.000000
871 872 2177.000000
872 873 2177.000000
252 253 2172.000000
1398 1399 2168.000000
1008 1009 2110.000000
739 740 2106.000000
1119 1120 2089.000000
1289 1290 2080.000000
254 255 2078.000000
255 256 2078.000000
256 257 2078.000000
257 258 2078.000000
164 165 2058.000000
231 232 2046.000000
232 233 2041.000000
280 281 2035.000000
1131 1132 2017.000000
1132 1133 2017.000000
1133 1134 2017.000000
1074 1075 2015.000000
230 231 2007.000000
786 787 1981.000000
121 122 1969.000000
810 811 1955.000000
13 35 1954.000000
56 78 1947.000000
1357 1358 1945.000000
1439 1440 1937.000000
1032 1033 1936.000000
122 123 1931.000000
283 284 1930.000000
260 261 1927.000000
389 390 1927.000000
1333 1334 1910.000000
1486 1487 1884.000000
869 870 1867.000000
1009 1010 1856.000000
979 980 1844.000000
980 981 1844.000000
981 982 1844.000000
1483 1484 1841.000000
1378 1379 1831.000000
1044 1045 1829.000000
1045 1046 1829.000000
1046 1047 1829.000000
1550 1551 1821.000000
217 218 1813.000000
956 957 1806.000000
1249 1250 1795.000000
982 983 1793.000000
176 197 1782.000000
1130 1131 1779.000000
1549 1550 1773.000000
143 165 1762.000000
1162 1163 1760.000000
636 637 1745.000000
1505 1506 1730.000000
1379 1380 1727.000000
679 680 1726.000000
635 636 1702.000000
1287 1288 1699.000000
765 766 1697.000000
634 635 1681.000000
854 855 1681.000000
847 848 1675.000000
258 259 1667.000000
30 31 1664.000000
31 32 1664.000000
251 252 1639.000000
718 719 1636.000000
719 720 1636.000000
1396 1397 1624.000000
1025 1026 1605.000000
1288 1289 1597.000000
1376 1377 1597.000000
766 767 1585.000000
253 254 1562.000000
1074 1096 1557.000000
1334 1335 1538.000000
544 545 1532.000000
545 546 1532.000000
546 547 1532.000000
978 979 1511.000000
720 721 1506.000000
193 215 1504.000000
207 208 1495.000000
1088 1089 1493.000000
1089 1090 1493.000000
1090 1091 1489.000000
1548 1549 1485.000000
591 592 1482.000000
831 832 1474.000000
1461 1462 1470.000000
1335 1336 1463.000000
196 218 1453.000000
325 326 1445.000000
1087 1088 1445.000000
174 175 1437.000000
875 876 1436.000000
173 174 1435.000000
547 548 1425.000000
1551 1552 1410.000000
1047 1048 1402.000000
700 701 1397.000000
680 681 1390.000000
787 788 1384.000000
1336 1337 1373.000000
616 637 1370.000000
390 391 1356.000000
154 175 1352.000000
325 347 1346.000000
218 219 1345.000000
614 615 1335.000000
57 79 1318.000000
1418 1419 1295.000000
1419 1420 1289.000000
1397 1398 1285.000000
744 745 1282.000000
11 33 1275.000000
873 874 1258.000000
1283 1284 1257.000000
1284 1285 1257.000000
1285 1286 1257.000000
284 285 1244.000000
1465 1466 1234.000000
745 746 1232.000000
240 241 1219.000000
1239 1240 1211.000000
1153 1154 1208.000000
1154 1155 1202.000000
281 303 1196.000000
1526 1527 1193.000000
1152 1153 1187.000000
717 718 1181.000000
592 593 1179.000000
220 241 1164.000000
1091 1092 1157.000000
939 940 1150.000000
548 549 1143.000000
122 144 1137.000000
229 230 1134.000000
1005 10114 1128.000000
264 285 1119.000000
1184 1185 1116.000000
1155 1156 1115.000000
328 329 1112.000000
151 173 1098.000000
151 152 1094.000000
675 676 1091.000000
676 677 1091.000000
657 658 1090.000000
29 30 1088.000000
1096 1097 1086.000000
699 700 1083.000000
652 653 1080.000000
653 654 1080.000000
654 655 1080.000000
743 744 1080.000000
701 702 1064.000000
152 153 1061.000000
651 652 1055.000000
788 789 1054.000000
1026 1027 1052.000000
722 723 1051.000000
943 944 1049.000000
1156 1157 1048.000000
1162 1184 1045.000000
1552 1553 1044.000000
326 327 1043.000000
1113 1114 1040.000000
1530 1531 1039.000000
742 743 1036.000000
913 914 1033.000000
57 58 1030.000000
1444 1445 1026.000000
101 102 1021.000000
1070 1071 1019.000000
1086 1087 1015.000000
144 166 1012.000000
1173 1174 1007.000000
150 172 1002.000000
1421 1422 967.000000
1205 1227 959.000000
194 216 956.000000
630 631 954.000000
767 768 953.000000
1262 1263 945.000000
1263 1264 945.000000
631 632 943.000000
632 633 943.000000
1195 1196 939.000000
262 263 938.000000
629 630 938.000000
327 328 935.000000
132 153 923.000000
1399 1400 922.000000
198 219 911.000000
633 634 905.000000
1466 1467 904.000000
1030 10910 895.000000
1144 1165 888.000000
1164 1165 888.000000
1314 1315 886.000000
68 69 883.000000
69 70 883.000000
70 71 883.000000
71 72 883.000000
898 920 881.000000
1400 1401 871.000000
90 91 860.000000
91 92 860.000000
92 93 860.000000
93 94 860.000000
94 95 860.000000
95 96 860.000000
96 97 860.000000
97 98 860.000000
528 549 860.000000
164 186 850.000000
528 529 848.000000
1395 1396 847.000000
1025 1047 846.000000
677 678 845.000000
1075 1076 830.000000
121 143 828.000000
101 10328 825.000000
221 222 824.000000
222 223 824.000000
223 224 824.000000
224 225 824.000000
225 226 824.000000
226 227 824.000000
227 228 824.000000
228 229 824.000000
1163 1164 820.000000
608 609 819.000000
723 724 818.000000
1553 1575 816.000000
781 782 812.000000
1509 1510 811.000000
1174 1196 788.000000
1110 1111 785.000000
1111 1112 784.000000
238 260 781.000000
766 788 770.000000
1531 1532 770.000000
936 937 768.000000
937 938 768.000000
938 939 768.000000
347 348 767.000000
391 392 758.000000
587 588 755.000000
588 589 755.000000
589 590 755.000000
594 615 754.000000
1217 1218 754.000000
55 77 753.000000
590 591 751.000000
35 57 750.000000
1007 10985 748.000000
1129 1130 748.000000
52 53 747.000000
53 54 747.000000
1010 1011 745.000000
132 133 743.000000
1097 1098 743.000000
176 177 732.000000
261 262 723.000000
1422 1423 721.000000
1112 1113 715.000000
696 697 710.000000
697 698 710.000000
698 699 710.000000
695 696 705.000000
72 73 702.000000
54 55 698.000000
968 989 697.000000
305 306 694.000000
242 263 688.000000
721 722 688.000000
1008 10246 687.000000
1005 10330 686.000000
1012 1033 675.000000
1006 10330 673.000000
1006 10529 671.000000
869 891 670.000000
220 242 665.000000
522 523 658.000000
523 524 658.000000
524 525 658.000000
1005 10401 655.000000
1100 1101 650.000000
1100 1121 650.000000
1120 1121 650.000000
123 124 647.000000
124 125 647.000000
125 126 647.000000
126 127 647.000000
127 128 647.000000
1286 1287 646.000000
1028 10493 641.000000
101 10241 636.000000
1464 1486 633.000000
969 970 626.000000
220 221 625.000000
764 786 619.000000
274 275 617.000000
275 276 617.000000
1122 1143 613.000000
1142 1143 613.000000
306 307 604.000000
51 52 600.000000
273 274 597.000000
1286 1308 588.000000
943 965 585.000000
694 695 582.000000
809 831 579.000000
102 103 574.000000
103 104 574.000000
104 105 574.000000
105 106 574.000000
968 969 569.000000
1012 1013 568.000000
674 675 564.000000
67 68 560.000000
101 10318 558.000000
658 659 553.000000
1242 1264 550.000000
155 156 549.000000
156 157 549.000000
157 158 549.000000
158 159 549.000000
159 160 549.000000
160 161 549.000000
161 162 549.000000
162 163 549.000000
163 164 549.000000
1487 1488 547.000000
111 112 544.000000
112 113 544.000000
113 114 544.000000
114 115 544.000000
115 116 544.000000
116 117 544.000000
117 118 544.000000
118 119 544.000000
73 74 542.000000
74 75 542.000000
75 76 542.000000
1004 10298 542.000000
1141 1142 531.000000
1008 10203 528.000000
308 329 527.000000
1050 10796 524.000000
1551 1573 517.000000
134 135 516.000000
135 136 516.000000
136 137 516.000000
137 138 516.000000
138 139 516.000000
139 140 516.000000
140 141 516.000000
141 142 516.000000
1326 1327 516.000000
1327 1328 516.000000
1328 1329 516.000000
1329 1330 516.000000
570 571 511.000000
142 143 508.000000
348 349 508.000000
724 725 508.000000
433 434 506.000000
296 297 498.000000
297 298 498.000000
298 299 498.000000
299 300 498.000000
300 301 498.000000
301 302 498.000000
572 593 494.000000
935 936 494.000000
1161 1183 492.000000
1008 10398 485.000000
1005 10270 484.000000
349 350 483.000000
207 229 481.000000
854 876 481.000000
1261 1262 481.000000
1006 10413 478.000000
612 634 477.000000
10 32 466.000000
1005 10074 458.000000
230 252 457.000000
392 393 457.000000
393 394 457.000000
761 783 457.000000
1004 10256 456.000000
673 674 453.000000
195 217 451.000000
208 230 448.000000
1007 10199 446.000000
1032 1054 441.000000
1006 10953 439.000000
282 304 436.000000
1028 10901 430.000000
33 55 428.000000
660 681 427.000000
185 186 425.000000
236 258 424.000000
100 10100 423.000000
1054 10778 414.000000
100 10160 413.000000
1054 10578 412.000000
1004 10565 411.000000
990 991 407.000000
593 615 406.000000
1013 10378 406.000000
1311 1333 402.000000
1249 1271 400.000000
607 608 398.000000
1140 1162 398.000000
177 178 397.000000
178 179 397.000000
179 180 397.000000
180 181 397.000000
181 182 397.000000
182 183 397.000000
183 184 397.000000
184 185 397.000000
1000 10474 397.000000
329 351 395.000000
1021 1022 394.000000
239 261 393.000000
1570 1571 393.000000
853 875 392.000000
1028 10415 392.000000
106 107 391.000000
1030 10310 391.000000
1072 10819 390.000000
1166 1187 390.000000
1185 1186 390.000000
1186 1187 390.000000
1293 1294 389.000000
944 945 388.000000
318 319 387.000000
319 320 387.000000
320 321 387.000000
321 322 387.000000
322 323 387.000000
323 324 387.000000
550 571 386.000000
1423 1424 386.000000
237 259 385.000000
1044 10731 385.000000
46 47 383.000000
47 48 383.000000
48 49 383.000000
49 50 383.000000
50 51 383.000000
1007 10668 381.000000
1028 10392 380.000000
716 717 378.000000
1000 10207 375.000000
101 10162 373.000000
101 10536 373.000000
101 10574 373.000000
101 10650 373.000000
101 10860 373.000000
218 240 371.000000
1533 1534 370.000000
1534 1535 370.000000
1535 1536 370.000000
1572 1573 370.000000
1166 1167 369.000000
1571 1572 369.000000
346 347 368.000000
650 651 367.000000
350 351 360.000000
371 372 359.000000
1051 10577 359.000000
1010 10204 357.000000
548 570 353.000000
1510 1511 352.000000
561 562 349.000000
562 563 349.000000
34 56 346.000000
1031 10409 344.000000
767 789 343.000000
88 89 341.000000
107 108 341.000000
108 109 341.000000
1031 10481 337.000000
1109 1110 334.000000
1011 10436 333.000000
370 371 328.000000
1175 1197 327.000000
1028 10627 325.000000
1508 1530 325.000000
68 90 323.000000
622 623 319.000000
1054 10583 318.000000
283 305 316.000000
1010 10553 316.000000
1010 10340 314.000000
803 804 312.000000
1009 10997 310.000000
1053 10981 310.000000
1076 1077 307.000000
209 231 306.000000
372 373 306.000000
569 570 305.000000
1167 1168 304.000000
1168 1169 304.000000
1169 1170 304.000000
1170 1171 304.000000
1171 1172 304.000000
1008 10550 303.000000
1101 1102 303.000000
1048 10831 302.000000
1072 10796 302.000000
1000 10391 301.000000
1000 10590 301.000000
636 658 299.000000
549 571 297.000000
810 832 295.000000
1151 1152 293.000000
12 34 290.000000
119 120 290.000000
1573 1574 290.000000
286 287 289.000000
287 288 289.000000
288 289 289.000000
289 290 289.000000
290 291 289.000000
291 292 289.000000
292 293 289.000000
293 294 289.000000
1006 10689 288.000000
1006 10850 288.000000
101 10295 286.000000
572 573 286.000000
154 155 285.000000
1008 10702 284.000000
1465 1487 283.000000
229 251 282.000000
1054 1055 280.000000
101 10219 278.000000
101 10597 277.000000
808 830 276.000000
1488 1489 273.000000
627 628 272.000000
368 369 271.000000
543 544 271.000000
1008 10486 270.000000
1044 10711 266.000000
1044 10932 266.000000
242 243 265.000000
243 244 265.000000
244 245 265.000000
245 246 265.000000
246 247 265.000000
247 248 265.000000
248 249 265.000000
249 250 265.000000
250 251 265.000000
1008 10432 262.000000
1352 1374 262.000000
702 703 261.000000
1030 10398 261.000000
1008 10475 260.000000
656 678 255.000000
659 681 253.000000
1007 10669 253.000000
1056 1057 253.000000
1056 1077 253.000000
77 99 251.000000
110 111 251.000000
1005 10256 250.000000
100 10524 248.000000
101 10248 248.000000
317 318 247.000000
101 10442 246.000000
101 10463 246.000000
100 10869 245.000000
101 10621 245.000000
101 10804 245.000000
832 833 245.000000
1022 10835 244.000000
1022 10852 244.000000
1022 10944 244.000000
1053 10678 244.000000
1033 10751 243.000000
1006 10305 242.000000
100 10707 240.000000
100 10374 239.000000
1032 10844 238.000000
1000 10150 237.000000
1049 10681 237.000000
897 919 236.000000
1146 1147 236.000000
1147 1148 236.000000
1148 1149 236.000000
1149 1150 236.000000
1150 1151 236.000000
128 129 234.000000
1008 10301 234.000000
1008 10824 234.000000
100 10770 232.000000
525 526 232.000000
628 629 232.000000
1000 10411 231.000000
1000 10711 231.000000
1000 10932 231.000000
295 296 230.000000
120 121 229.000000
1000 10272 229.000000
1184 1206 229.000000
1050 1072 228.000000
1216 1217 227.000000
260 282 226.000000
557 558 226.000000
558 559 226.000000
559 560 226.000000
560 561 226.000000
967 989 223.000000
110 131 222.000000
129 130 222.000000
130 131 222.000000
912 913 222.000000
1066 1067 222.000000
1067 1068 222.000000
1068 1069 222.000000
101 10187 220.000000
101 10208 220.000000
101 10342 220.000000
101 10388 219.000000
101 10483 219.000000
101 10521 219.000000
101 10528 219.000000
101 10644 219.000000
101 10652 219.000000
101 10712 219.000000
1051 10593 219.000000
1051 10619 219.000000
1051 10879 219.000000
1054 10751 219.000000
1211 1212 219.000000
1212 1213 219.000000
1213 1214 219.000000
1214 1215 219.000000
1215 1216 219.000000
101 10736 218.000000
101 10756 218.000000
101 10913 218.000000
500 501 218.000000
501 502 218.000000
502 503 218.000000
1076 1098 218.000000
101 10282 217.000000
101 10699 217.000000
101 10909 217.000000
1049 10618 217.000000
280 302 216.000000
1031 10998 216.000000
1011 10583 215.000000
1033 10846 214.000000
1052 10998 214.000000
1108 1109 214.000000
746 747 211.000000
945 967 211.000000
100 10923 210.000000
1005 10325 210.000000
1011 10293 210.000000
721 743 209.000000
1011 10155 209.000000
1144 1145 208.000000
1145 1146 208.000000
1227 1228 207.000000
35 36 205.000000
1007 10113 204.000000
1053 10607 204.000000
586 587 202.000000
1006 10190 202.000000
637 659 201.000000
199 200 200.000000
200 201 200.000000
201 202 200.000000
202 203 200.000000
203 204 200.000000
204 205 200.000000
205 206 200.000000
206 207 200.000000
1033 10436 200.000000
1032 10403 199.000000
1010 10678 197.000000
1525 1526 197.000000
1198 1220 196.000000
1032 10607 195.000000
100 10153 194.000000
100 10632 194.000000
176 198 191.000000
1006 1028 191.000000
1031 1053 191.000000
1034 1035 191.000000
1034 1055 191.000000
1419 1441 191.000000
965 966 190.000000
966 967 190.000000
1031 10947 189.000000
956 978 188.000000
262 284 187.000000
1511 1512 186.000000
1512 1513 186.000000
1513 1514 186.000000
1514 1515 186.000000
89 90 185.000000
1000 10999 185.000000
1005 10883 185.000000
1069 1070 185.000000
106 128 183.000000
964 986 183.000000
607 629 181.000000
1000 10449 181.000000
1031 10488 181.000000
1000 10234 180.000000
441 463 179.000000
1008 10586 179.000000
946 967 178.000000
1007 10435 178.000000
924 925 177.000000
924 945 177.000000
521 522 176.000000
1122 1123 176.000000
101 10905 175.000000
503 504 175.000000
1376 1398 175.000000
573 574 173.000000
574 575 173.000000
575 576 173.000000
576 577 173.000000
577 578 173.000000
1010 10327 173.000000
1010 10523 173.000000
1417 1418 172.000000
1030 10351 170.000000
1033 10927 169.000000
185 207 166.000000
1032 10561 166.000000
1074 10762 166.000000
1031 10470 165.000000
1033 10583 165.000000
1031 10762 162.000000
1052 10947 161.000000
1221 1243 160.000000
100 10649 159.000000
100 10682 159.000000
1008 10502 159.000000
304 326 158.000000
1007 10081 158.000000
1008 10740 158.000000
1008 10886 158.000000
1182 1204 158.000000
1265 1287 158.000000
286 307 157.000000
1008 10346 157.000000
1008 10428 157.000000
1008 10996 157.000000
1053 10995 156.000000
101 10676 155.000000
101 10728 155.000000
592 614 155.000000
1032 10995 155.000000
1076 10846 155.000000
1076 10927 155.000000
14 36 154.000000
1074 10947 154.000000
10 1572 152.000000
1008 10329 152.000000
1008 10358 152.000000
1008 10375 152.000000
1008 10379 152.000000
1008 10818 152.000000
1008 10863 152.000000
1097 1119 152.000000
681 703 151.000000
1005 10369 151.000000
1550 1572 151.000000
101 10119 150.000000
101 10727 150.000000
1054 10846 150.000000
1054 10927 150.000000
1075 1097 149.000000
101 10262 148.000000
457 458 148.000000
458 459 148.000000
459 460 148.000000
1008 10308 148.000000
1008 10593 148.000000
1008 10619 148.000000
1008 10879 148.000000
1029 10613 148.000000
1009 10244 147.000000
1032 10431 147.000000
100 10625 146.000000
153 175 146.000000
216 238 146.000000
101 10873 145.000000
154 176 145.000000
1005 10969 145.000000
1007 10246 144.000000
1052 10762 143.000000
1098 1120 143.000000
101 10314 141.000000
765 787 141.000000
264 265 140.000000
265 266 140.000000
266 267 140.000000
267 268 140.000000
268 269 140.000000
269 270 140.000000
270 271 140.000000
303 325 140.000000
875 897 140.000000
1013 1035 140.000000
1030 10363 140.000000
1030 10696 140.000000
1075 10995 140.000000
1008 10163 139.000000
1028 10796 139.000000
1049 10901 139.000000
1532 1533 139.000000
746 768 138.000000
1031 10600 138.000000
1309 1331 138.000000
1032 10340 137.000000
1032 10553 137.000000
100 10313 136.000000
142 164 136.000000
832 854 136.000000
1050 10669 136.000000
1075 10981 136.000000
271 272 135.000000
272 273 135.000000
788 810 135.000000
921 922 135.000000
1007 10938 135.000000
1030 10730 135.000000
1030 10868 135.000000
1401 1402 135.000000
369 370 134.000000
1007 10271 134.000000
440 441 133.000000
440 461 133.000000
460 461 133.000000
1030 10475 133.000000
564 565 132.000000
1029 10985 132.000000
591 613 131.000000
1031 10924 131.000000
616 617 130.000000
617 618 130.000000
618 619 130.000000
619 620 130.000000
620 621 130.000000
621 622 130.000000
720 742 130.000000
1007 10702 130.000000
946 968 128.000000
1030 10486 128.000000
1005 10254 127.000000
1094 1116 127.000000
1007 10180 126.000000
1007 10347 126.000000
1482 1483 126.000000
583 584 125.000000
680 702 125.000000
1007 10335 125.000000
1030 10432 125.000000
1031 10997 125.000000
584 585 123.000000
504 526 122.000000
1052 10924 122.000000
166 188 121.000000
878 900 121.000000
1553 1554 121.000000
1032 10678 120.000000
1052 10600 120.000000
167 189 119.000000
1022 10474 119.000000
1052 10609 119.000000
1442 1464 119.000000
563 564 118.000000
579 580 118.000000
580 581 118.000000
581 582 118.000000
582 583 118.000000
1005 10399 117.000000
1008 10351 117.000000
1332 1354 117.000000
198 199 116.000000
1033 1055 116.000000
1245 1267 116.000000
240 262 115.000000
1043 1044 115.000000
526 527 114.000000
1029 10668 114.000000
1048 10645 114.000000
412 413 113.000000
1027 10777 113.000000
1027 10810 113.000000
1048 10738 113.000000
411 412 112.000000
506 507 112.000000
506 527 112.000000
1074 10924 112.000000
307 329 111.000000
1005 10529 111.000000
1075 10770 111.000000
1210 1211 110.000000
1210 1231 110.000000
1228 1229 110.000000
1229 1230 110.000000
1230 1231 110.000000
1380 1381 110.000000
171 193 109.000000
1004 10225 109.000000
1396 1418 109.000000
133 134 108.000000
242 264 108.000000
920 942 108.000000
261 283 107.000000
547 569 106.000000
1007 10143 106.000000
1027 10808 106.000000
1177 1199 106.000000
174 196 105.000000
1006 10618 105.000000
1102 1103 105.000000
1103 1104 105.000000
1104 1105 105.000000
1105 1106 105.000000
1106 1107 105.000000
24 46 104.000000
970 971 104.000000
971 972 104.000000
972 973 104.000000
973 974 104.000000
974 975 104.000000
975 976 104.000000
976 977 104.000000
1028 10413 104.000000
101 10875 103.000000
100 10302 102.000000
1005 10357 102.000000
1005 10946 102.000000
1005 10949 102.000000
1075 10923 102.000000
743 765 101.000000
1355 1377 101.000000
101 10904 100.000000
542 543 100.000000
1008 10130 100.000000
1031 10609 100.000000
45 67 99.000000
198 220 99.000000
199 221 99.000000
369 391 99.000000
855 856 99.000000
977 978 99.000000
1005 10955 99.000000
1006 10469 99.000000
1022 10731 99.000000
36 58 98.000000
101 10800 98.000000
101 10988 98.000000
214 236 98.000000
825 847 98.000000
11 1573 97.000000
66 67 97.000000
66 87 97.000000
80 81 97.000000
81 82 97.000000
82 83 97.000000
83 84 97.000000
84 85 97.000000
85 86 97.000000
86 87 97.000000
1008 10142 97.000000
1008 10730 97.000000
1008 10868 97.000000
895 917 96.000000
1010 10844 96.000000
856 878 95.000000
852 874 94.000000
1010 10561 94.000000
1188 1189 94.000000
1188 1209 94.000000
1206 1207 94.000000
1207 1208 94.000000
1208 1209 94.000000
101 10629 93.000000
217 239 93.000000
847 869 93.000000
1006 10554 93.000000
1173 1195 93.000000
1441 1463 93.000000
264 286 92.000000
1054 10643 92.000000
1201 1223 92.000000
1358 1359 92.000000
100 10356 91.000000
101 10820 91.000000
1093 10953 91.000000
826 848 90.000000
940 962 90.000000
1179 1201 90.000000
101 10591 89.000000
79 80 88.000000
101 10126 88.000000
120 142 88.000000
732 733 88.000000
733 734 88.000000
734 735 88.000000
735 736 88.000000
736 737 88.000000
1005 10745 88.000000
1006 10964 88.000000
1007 10613 88.000000
1051 10985 88.000000
1155 1177 88.000000
877 899 87.000000
921 943 87.000000
1051 10668 87.000000
570 592 86.000000
811 812 86.000000
1028 10850 86.000000
1050 10953 86.000000
1074 10879 86.000000
24 25 85.000000
25 26 85.000000
26 27 85.000000
27 28 85.000000
101 10307 85.000000
101 10362 85.000000
101 10458 85.000000
101 10485 85.000000
101 10642 85.000000
101 10686 85.000000
101 10734 85.000000
101 10984 85.000000
939 961 85.000000
1010 10431 85.000000
192 214 84.000000
251 273 83.000000
337 338 83.000000
572 594 83.000000
948 970 83.000000
1030 10593 83.000000
1030 10619 83.000000
1030 10879 83.000000
1282 1283 83.000000
1547 1548 83.000000
101 10154 82.000000
101 10614 82.000000
173 195 82.000000
520 521 82.000000
1030 10308 82.000000
1130 1152 82.000000
1569 1570 82.000000
101 10101 81.000000
101 10952 81.000000
535 536 81.000000
536 537 81.000000
537 538 81.000000
538 539 81.000000
1028 10689 81.000000
539 540 80.000000
540 541 80.000000
541 542 80.000000
1070 10903 80.000000
1135 1157 80.000000
101 10853 79.000000
101 10980 79.000000
578 579 79.000000
491 492 78.000000
492 493 78.000000
493 494 78.000000
494 495 78.000000
495 496 78.000000
496 497 78.000000
497 498 78.000000
1026 10831 78.000000
1027 10509 78.000000
1030 10335 78.000000
1030 10347 78.000000
1204 1226 78.000000
1226 1248 78.000000
1574 1575 78.000000
101 10508 77.000000
101 10685 77.000000
101 10881 77.000000
149 171 77.000000
1008 10363 77.000000
1008 10696 77.000000
1051 10613 77.000000
1375 1397 77.000000
638 659 76.000000
1006 10421 76.000000
12 1574 75.000000
337 359 75.000000
724 746 75.000000
1027 10331 75.000000
1027 10380 75.000000
1027 10603 75.000000
1027 10816 75.000000
1027 10841 75.000000
1027 10877 75.000000
1005 10811 74.000000
1006 10627 74.000000
1027 10484 74.000000
1006 10446 73.000000
1006 10542 73.000000
1006 10665 73.000000
1112 1134 73.000000
1308 1330 73.000000
1554 1576 73.000000
101 10439 72.000000
744 766 72.000000
991 992 72.000000
992 993 72.000000
993 994 72.000000
994 995 72.000000
995 996 72.000000
996 997 72.000000
997 998 72.000000
998 999 72.000000
1008 10310 72.000000
1053 1075 72.000000
1009 10502 71.000000
1575 1576 71.000000
529 530 70.000000
530 531 70.000000
531 532 70.000000
532 533 70.000000
533 534 70.000000
534 535 70.000000
1022 10590 70.000000
1035 1036 70.000000
1036 1037 70.000000
1037 1038 70.000000
1038 1039 70.000000
1039 1040 70.000000
1040 1041 70.000000
1041 1042 70.000000
550 551 69.000000
783 805 69.000000
831 853 69.000000
925 926 69.000000
926 948 69.000000
1022 10391 69.000000
1027 10450 69.000000
1027 10476 69.000000
1027 10505 69.000000
1027 10506 69.000000
1027 10703 69.000000
1027 10775 69.000000
1027 10783 69.000000
1027 10848 69.000000
1027 10902 69.000000
1027 10921 69.000000
1027 10951 69.000000
1028 10752 69.000000
1244 1266 69.000000
45 46 68.000000
101 10989 68.000000
187 209 68.000000
551 552 68.000000
552 553 68.000000
553 554 68.000000
554 555 68.000000
555 556 68.000000
1005 10148 68.000000
1008 10113 68.000000
1107 1108 68.000000
101 10292 67.000000
101 10424 67.000000
101 10673 67.000000
101 10994 67.000000
723 745 67.000000
944 966 67.000000
966 988 67.000000
1374 1396 67.000000
550 572 66.000000
1008 10510 66.000000
1008 10862 66.000000
1048 10842 65.000000
1122 1144 65.000000
101 10434 64.000000
789 790 64.000000
1022 10234 64.000000
1049 10821 64.000000
1096 1118 64.000000
102 10767 63.000000
285 307 63.000000
565 566 63.000000
566 567 63.000000
567 568 63.000000
568 569 63.000000
896 918 63.000000
900 922 63.000000
902 903 63.000000
902 923 63.000000
922 923 63.000000
1048 10575 63.000000
1048 10640 63.000000
129 151 62.000000
677 699 62.000000
1014 1015 62.000000
1015 1016 62.000000
1016 1017 62.000000
1017 1018 62.000000
1018 1019 62.000000
1019 1020 62.000000
1020 1021 62.000000
1022 10449 62.000000
101 10477 61.000000
101 10641 61.000000
101 10720 61.000000
101 10836 61.000000
738 760 61.000000
1028 10982 61.000000
1048 10788 61.000000
100 10056 60.000000
504 505 60.000000
740 762 60.000000
1116 1138 60.000000
1172 1173 60.000000
1200 1222 60.000000
700 722 59.000000
100 10930 58.000000
128 150 58.000000
145 167 58.000000
782 804 58.000000
874 896 58.000000
1129 1151 58.000000
1141 1163 58.000000
658 680 57.000000
855 877 57.000000
876 877 57.000000
1049 10627 57.000000
1072 10982 57.000000
14 15 56.000000
623 624 56.000000
624 625 56.000000
625 626 56.000000
626 627 56.000000
717 739 56.000000
1022 10999 56.000000
1075 10998 56.000000
1092 10921 56.000000
1438 1439 56.000000
111 133 55.000000
338 339 55.000000
601 602 55.000000
602 603 55.000000
603 604 55.000000
1000 10183 55.000000
1048 10659 55.000000
1526 1548 55.000000
1021 10635 54.000000
1021 10856 54.000000
1048 10934 54.000000
1071 10946 54.000000
44 45 53.000000
44 65 53.000000
58 59 53.000000
59 60 53.000000
60 61 53.000000
61 62 53.000000
62 63 53.000000
63 64 53.000000
64 65 53.000000
308 309 53.000000
309 310 53.000000
310 311 53.000000
311 312 53.000000
312 313 53.000000
313 314 53.000000
314 315 53.000000
600 601 53.000000
876 898 53.000000
934 935 53.000000
633 655 52.000000
696 718 52.000000
571 593 51.000000
100 10016 50.000000
101 10491 50.000000
101 10747 50.000000
107 129 50.000000
286 308 50.000000
652 674 50.000000
903 904 50.000000
904 905 50.000000
905 906 50.000000
906 907 50.000000
907 908 50.000000
908 909 50.000000
909 910 50.000000
910 911 50.000000
911 912 50.000000
1048 10568 50.000000
1048 10664 50.000000
1048 10718 50.000000
1048 10965 50.000000
754 755 49.000000
755 756 49.000000
756 757 49.000000
757 758 49.000000
758 759 49.000000
881 903 49.000000
1096 10997 49.000000
1461 1483 49.000000
101 10158 48.000000
484 485 48.000000
484 505 48.000000
1088 1110 48.000000
1530 1552 48.000000
54 76 47.000000
294 295 47.000000
381 382 47.000000
382 383 47.000000
383 384 47.000000
384 385 47.000000
385 386 47.000000
386 387 47.000000
387 388 47.000000
388 389 47.000000
1000 10146 47.000000
1107 1129 47.000000
419 441 46.000000
614 636 46.000000
919 941 46.000000
1071 10949 46.000000
1071 10955 46.000000
394 395 45.000000
397 419 45.000000
737 738 45.000000
1008 10426 45.000000
1008 10763 45.000000
1008 10895 45.000000
1028 10330 45.000000
1071 10811 45.000000
1136 1158 45.000000
28 29 44.000000
880 881 44.000000
880 901 44.000000
900 901 44.000000
1005 1027 44.000000
1078 1079 44.000000
1078 1099 44.000000
1091 1113 44.000000
1098 1099 44.000000
1554 1555 44.000000
503 525 43.000000
604 605 43.000000
605 606 43.000000
606 607 43.000000
704 725 43.000000
1008 10717 43.000000
1008 10837 43.000000
1049 10694 43.000000
1071 10721 43.000000
1577 1578 43.000000
1578 1579 43.000000
1579 1580 43.000000
628 650 42.000000
787 809 42.000000
1008 10364 42.000000
1072 10850 42.000000
1330 1352 42.000000
786 808 41.000000
1029 1051 41.000000
1050 10979 41.000000
1057 1058 41.000000
1058 1059 41.000000
1059 1060 41.000000
1060 1061 41.000000
1061 1062 41.000000
1062 1063 41.000000
32 54 40.000000
100 10501 40.000000
175 197 40.000000
215 237 40.000000
507 508 40.000000
508 509 40.000000
509 510 40.000000
510 511 40.000000
511 512 40.000000
667 668 40.000000
668 669 40.000000
669 670 40.000000
670 671 40.000000
671 672 40.000000
962 984 40.000000
1008 10733 40.000000
1042 1043 40.000000
1072 1094 40.000000
1289 1311 40.000000
396 397 39.000000
396 417 39.000000
526 548 39.000000
918 940 39.000000
1028 1050 39.000000
1440 1462 39.000000
263 285 38.000000
273 295 38.000000
1026 1048 38.000000
1092 10951 38.000000
100 10793 37.000000
1008 10789 37.000000
1009 1031 37.000000
1031 10346 37.000000
1031 10428 37.000000
1031 10740 37.000000
1031 10886 37.000000
1031 10996 37.000000
1063 1064 37.000000
1069 1091 37.000000
1079 1080 37.000000
1092 10969 37.000000
1467 1468 37.000000
101 10511 36.000000
315 316 36.000000
316 317 36.000000
351 373 36.000000
1008 10263 36.000000
1008 10638 36.000000
1030 10414 36.000000
1051 10550 36.000000
1462 1484 36.000000
1504 1505 36.000000
1030 10940 35.000000
1031 10310 35.000000
1031 10329 35.000000
1031 10358 35.000000
1031 10375 35.000000
1031 10379 35.000000
1031 10818 35.000000
1031 10863 35.000000
1066 10731 35.000000
1091 10965 35.000000
172 194 34.000000
804 826 34.000000
1029 10669 34.000000
1030 10550 34.000000
1064 1086 34.000000
1080 1081 34.000000
1081 1082 34.000000
1082 1083 34.000000
1083 1084 34.000000
1084 1085 34.000000
1085 1086 34.000000
152 174 33.000000
594 595 33.000000
595 596 33.000000
596 597 33.000000
597 598 33.000000
598 599 33.000000
599 600 33.000000
1011 10176 33.000000
1011 10455 33.000000
1011 10643 33.000000
1293 1315 33.000000
1377 1399 33.000000
100 10966 32.000000
186 208 32.000000
330 331 32.000000
330 351 32.000000
331 332 32.000000
332 333 32.000000
333 334 32.000000
334 335 32.000000
335 336 32.000000
336 337 32.000000
359 360 32.000000
360 361 32.000000
361 362 32.000000
362 363 32.000000
363 364 32.000000
364 365 32.000000
365 366 32.000000
366 367 32.000000
1008 10218 32.000000
1008 10279 32.000000
1008 10372 32.000000
1008 10532 32.000000
1008 10977 32.000000
1048 10721 32.000000
1066 10711 32.000000
1066 10932 32.000000
1160 1182 32.000000
1505 1527 32.000000
13 1575 31.000000
1030 10387 31.000000
1030 10972 31.000000
1052 10696 31.000000
100 10042 30.000000
100 10461 30.000000
100 10466 30.000000
100 10610 30.000000
100 10620 30.000000
100 10729 30.000000
100 10754 30.000000
100 10809 30.000000
100 10827 30.000000
100 10834 30.000000
100 10983 30.000000
259 281 30.000000
1027 10883 30.000000
1028 10542 30.000000
1028 10665 30.000000
1030 10364 30.000000
1030 10426 30.000000
1030 10763 30.000000
1030 10895 30.000000
1421 1443 30.000000
110 132 29.000000
352 353 29.000000
352 373 29.000000
513 514 29.000000
514 515 29.000000
515 516 29.000000
516 517 29.000000
517 518 29.000000
518 519 29.000000
519 520 29.000000
585 586 29.000000
1027 10969 29.000000
1028 10529 29.000000
1030 10717 29.000000
100 10755 28.000000
100 10918 28.000000
499 500 28.000000
651 673 28.000000
672 673 28.000000
1008 10184 28.000000
1008 10237 28.000000
1008 10349 28.000000
1008 10769 28.000000
1030 10372 28.000000
1030 10532 28.000000
1030 10702 28.000000
1030 10977 28.000000
1051 10532 28.000000
1051 10763 28.000000
1051 10895 28.000000
1051 10977 28.000000
1152 1174 28.000000
877 878 27.000000
1027 10745 27.000000
1048 1070 27.000000
1138 1160 27.000000
1183 1205 27.000000
1206 1228 27.000000
353 354 26.000000
354 355 26.000000
355 356 26.000000
356 357 26.000000
357 358 26.000000
358 359 26.000000
759 781 26.000000
1086 1108 26.000000
1264 1286 26.000000
1463 1485 26.000000
1070 10842 25.000000
1072 10979 25.000000
1232 1233 25.000000
1232 1253 25.000000
1250 1251 25.000000
1251 1252 25.000000
1252 1253 25.000000
1395 1417 25.000000
1467 1489 25.000000
1486 1508 25.000000
102 10794 24.000000
132 154 24.000000
760 782 24.000000
1008 10221 24.000000
1008 10940 24.000000
1013 1014 24.000000
102 10591 23.000000
482 504 23.000000
748 749 23.000000
749 750 23.000000
750 751 23.000000
751 752 23.000000
752 753 23.000000
753 754 23.000000
759 760 23.000000
1027 10325 23.000000
1028 10618 23.000000
15 1577 22.000000
123 145 22.000000
315 337 22.000000
1008 10239 22.000000
1008 10387 22.000000
1008 10414 22.000000
1008 10972 22.000000
1033 10455 22.000000
1033 10643 22.000000
1053 10997 22.000000
512 513 21.000000
748 769 21.000000
768 769 21.000000
913 935 21.000000
917 939 21.000000
1027 10280 21.000000
1028 10487 21.000000
1030 10894 21.000000
1288 1310 21.000000
1576 1577 21.000000
241 263 20.000000
252 274 20.000000
391 413 20.000000
478 479 20.000000
479 480 20.000000
480 481 20.000000
481 482 20.000000
678 700 20.000000
1005 10493 20.000000
1005 10752 20.000000
1027 10659 20.000000
1027 10721 20.000000
1031 10502 20.000000
2 3 19.000000
2 24 19.000000
3 4 19.000000
4 5 19.000000
5 6 19.000000
6 7 19.000000
739 761 19.000000
833 855 19.000000
1005 10694 19.000000
1006 10979 19.000000
1008 10121 19.000000
1008 10894 19.000000
556 557 18.000000
1006 10796 18.000000
1268 1290 18.000000
1398 1420 18.000000
1443 1465 18.000000
367 368 17.000000
460 482 17.000000
1026 10407 17.000000
1027 10270 17.000000
1027 10357 17.000000
1027 10369 17.000000
1027 10811 17.000000
1027 10946 17.000000
1027 10949 17.000000
1027 10955 17.000000
1028 10446 17.000000
1028 10554 17.000000
1064 1065 17.000000
1109 1131 17.000000
1267 1289 17.000000
1420 1442 17.000000
1484 1506 17.000000
456 457 16.000000
485 507 16.000000
594 616 16.000000
682 703 16.000000
695 717 16.000000
1004 10450 16.000000
1004 10476 16.000000
1004 10505 16.000000
1004 10506 16.000000
1004 10703 16.000000
1004 10775 16.000000
1004 10783 16.000000
1004 10848 16.000000
1004 10902 16.000000
1004 10921 16.000000
1004 10951 16.000000
1004 10969 16.000000
1005 10821 16.000000
1035 10378 16.000000
1065 1066 16.000000
1074 10818 16.000000
1074 10863 16.000000
1094 10985 16.000000
1189 1190 16.000000
1190 1191 16.000000
1191 1192 16.000000
1192 1193 16.000000
1193 1194 16.000000
102 10566 15.000000
177 199 15.000000
609 631 15.000000
638 639 15.000000
639 640 15.000000
640 641 15.000000
641 642 15.000000
642 643 15.000000
643 644 15.000000
722 744 15.000000
1004 10484 15.000000
1004 10831 15.000000
1153 1175 15.000000
58 80 14.000000
462 463 14.000000
462 483 14.000000
482 483 14.000000
527 549 14.000000
789 811 14.000000
1005 10249 14.000000
1005 10277 14.000000
1005 10280 14.000000
1005 10681 14.000000
1048 10810 14.000000
1049 1071 14.000000
1072 10953 14.000000
1073 1095 14.000000
1093 10979 14.000000
1238 1239 14.000000
155 177 13.000000
498 499 13.000000
1114 1136 13.000000
1525 1547 13.000000
67 89 12.000000
505 527 12.000000
528 550 12.000000
585 607 12.000000
699 721 12.000000
704 705 12.000000
705 706 12.000000
706 707 12.000000
707 708 12.000000
708 709 12.000000
709 710 12.000000
1000 10878 12.000000
1004 10167 12.000000
1004 10179 12.000000
1004 10250 12.000000
1004 10386 12.000000
1004 10407 12.000000
1004 10568 12.000000
1004 10575 12.000000
1004 10640 12.000000
1004 10664 12.000000
1004 10718 12.000000
1004 10788 12.000000
1004 10842 12.000000
1004 10965 12.000000
1006 10487 12.000000
1028 10979 12.000000
1052 10740 12.000000
1052 10886 12.000000
1052 10996 12.000000
1151 1173 12.000000
1156 1178 12.000000
102 10826 11.000000
102 10963 11.000000
1000 10186 11.000000
1026 10386 11.000000
1042 10635 11.000000
1048 10509 11.000000
1054 10844 11.000000
1071 10821 11.000000
1073 10985 11.000000
1092 1114 11.000000
1276 1277 11.000000
1276 1297 11.000000
1277 1278 11.000000
1278 1279 11.000000
1279 1280 11.000000
1280 1281 11.000000
1281 1282 11.000000
1294 1295 11.000000
1295 1296 11.000000
1296 1297 11.000000
1397 1419 11.000000
133 155 10.000000
703 725 10.000000
935 957 10.000000
965 987 10.000000
1026 10842 10.000000
1042 10856 10.000000
1054 10553 10.000000
1096 10998 10.000000
1097 10995 10.000000
1123 1124 10.000000
1124 1125 10.000000
1125 1126 10.000000
1126 1127 10.000000
1127 1128 10.000000
1128 1129 10.000000
1445 1446 10.000000
1005 10659 9.000000
1005 10721 9.000000
1010 1032 9.000000
1021 10276 9.000000
1022 10272 9.000000
1022 10411 9.000000
1027 10277 9.000000
1051 10702 9.000000
1052 10818 9.000000
1052 10863 9.000000
1075 10997 9.000000
1097 10981 9.000000
1113 1135 9.000000
1157 1179 9.000000
1399 1421 9.000000
102 10911 8.000000
590 612 8.000000
745 767 8.000000
948 949 8.000000
949 950 8.000000
950 951 8.000000
951 952 8.000000
952 953 8.000000
953 954 8.000000
954 955 8.000000
955 956 8.000000
961 983 8.000000
1000 10898 8.000000
1022 10711 8.000000
1022 10932 8.000000
1026 10568 8.000000
1026 10575 8.000000
1026 10640 8.000000
1026 10664 8.000000
1026 10718 8.000000
1026 10788 8.000000
1026 10965 8.000000
1027 10681 8.000000
1027 10821 8.000000
1033 10523 8.000000
1033 10844 8.000000
1048 10883 8.000000
1049 10542 8.000000
1049 10554 8.000000
1049 10665 8.000000
1049 10982 8.000000
525 547 7.000000
963 985 7.000000
1048 10777 7.000000
1048 10811 7.000000
1048 10946 7.000000
1048 10949 7.000000
1048 10955 7.000000
1070 10718 7.000000
1070 10788 7.000000
1070 10831 7.000000
1070 10934 7.000000
1070 10965 7.000000
1080 1102 7.000000
1092 10955 7.000000
1108 1130 7.000000
1356 1378 7.000000
1552 1574 7.000000
165 187 6.000000
375 397 6.000000
455 456 6.000000
476 477 6.000000
477 478 6.000000
629 651 6.000000
634 656 6.000000
946 947 6.000000
947 948 6.000000
1048 10603 6.000000
1048 10808 6.000000
1048 10816 6.000000
1048 10841 6.000000
1048 10877 6.000000
1077 10778 6.000000
1154 1176 6.000000
1176 1198 6.000000
1196 1218 6.000000
1468 1469 6.000000
1469 1470 6.000000
1470 1471 6.000000
1471 1493 6.000000
1493 1515 6.000000
271 293 5.000000
293 315 5.000000
469 470 5.000000
469 491 5.000000
470 471 5.000000
471 472 5.000000
472 473 5.000000
473 474 5.000000
474 475 5.000000
475 476 5.000000
507 529 5.000000
702 724 5.000000
811 833 5.000000
859 881 5.000000
977 999 5.000000
1233 1234 5.000000
1234 1235 5.000000
1235 1236 5.000000
1236 1237 5.000000
1237 1238 5.000000
485 486 4.000000
486 487 4.000000
487 488 4.000000
488 489 4.000000
489 490 4.000000
682 683 4.000000
683 684 4.000000
684 685 4.000000
685 686 4.000000
686 687 4.000000
687 688 4.000000
694 716 4.000000
836 837 4.000000
836 857 4.000000
837 859 4.000000
856 857 4.000000
941 963 4.000000
1043 10590 4.000000
1043 10835 4.000000
1043 10852 4.000000
1043 10944 4.000000
1063 1085 4.000000
1079 1101 4.000000
1085 1107 4.000000
1090 1112 4.000000
1271 1293 4.000000
1549 1571 4.000000
258 280 3.000000
353 375 3.000000
374 375 3.000000
374 395 3.000000
413 414 3.000000
414 415 3.000000
415 416 3.000000
416 417 3.000000
419 420 3.000000
420 421 3.000000
421 422 3.000000
422 423 3.000000
423 424 3.000000
601 623 3.000000
673 695 3.000000
679 701 3.000000
701 723 3.000000
726 727 3.000000
726 747 3.000000
727 728 3.000000
728 729 3.000000
729 730 3.000000
730 731 3.000000
731 732 3.000000
1000 1022 3.000000
1071 10752 3.000000
1092 10946 3.000000
1092 10949 3.000000
1093 10982 3.000000
1131 1153 3.000000
1158 1180 3.000000
1400 1422 3.000000
1503 1504 3.000000
1503 1525 3.000000
339 340 2.000000
340 341 2.000000
341 342 2.000000
342 343 2.000000
343 344 2.000000
344 345 2.000000
345 346 2.000000
418 419 2.000000
418 439 2.000000
438 439 2.000000
438 460 2.000000
490 491 2.000000
490 512 2.000000
551 573 2.000000
584 606 2.000000
606 628 2.000000
672 694 2.000000
748 770 2.000000
770 791 2.000000
781 803 2.000000
790 791 2.000000
873 895 2.000000
926 927 2.000000
927 928 2.000000
928 929 2.000000
929 930 2.000000
930 931 2.000000
931 932 2.000000
932 933 2.000000
933 934 2.000000
1048 10951 2.000000
1048 10969 2.000000
1049 10529 2.000000
1070 10783 2.000000
1194 1195 2.000000
403 404 1.000000
404 405 1.000000
405 406 1.000000
406 407 1.000000
407 408 1.000000
408 409 1.000000
409 410 1.000000
410 411 1.000000
539 561 1.000000
579 601 1.000000
638 660 1.000000
851 873 1.000000
858 859 1.000000
858 879 1.000000
878 879 1.000000
1048 10484 1.000000
1048 10505 1.000000
1048 10506 1.000000
1048 10703 1.000000
1048 10775 1.000000
1048 10783 1.000000
1048 10848 1.000000
1048 10902 1.000000
1048 10921 1.000000
1049 10493 1.000000
1049 10752 1.000000
1065 1087 1.000000
1070 1092 1.000000
1070 10703 1.000000
1070 10775 1.000000
1070 10808 1.000000
1070 10816 1.000000
1070 10848 1.000000
1070 10877 1.000000
1070 10902 1.000000
1070 10921 1.000000
1070 10951 1.000000
1070 10969 1.000000
1111 1133 1.000000
1133 1155 1.000000
1223 1245 1.000000
1228 1250 1.000000
1533 1555 1.000000
1540 1541 1.000000
1540 1561 1.000000
1541 1542 1.000000
1542 1543 1.000000
1543 1544 1.000000
1544 1545 1.000000
1545 1546 1.000000
1546 1547 1.000000
1548 1570 1.000000
1559 1560 1.000000
1560 1561 1.000000
