91 92 19456.000000
92 93 19456.000000
93 94 19456.000000
1 2 16551.000000
90 91 16495.000000
134 135 15155.000000
135 136 15155.000000
136 137 15155.000000
137 138 15155.000000
94 95 14668.000000
0 1 13714.000000
1062 1063 13118.000000
1106 1107 13057.000000
930 931 11937.000000
887 888 11563.000000
931 932 11297.000000
1061 1062 10638.000000
886 887 10167.000000
1105 1106 9649.000000
1063 1064 9600.000000
1127 1128 9533.000000
138 139 9532.000000
133 134 9485.000000
112 113 9259.000000
113 114 9259.000000
114 115 9259.000000
115 116 9259.000000
1126 1127 9105.000000
1104 1105 8755.000000
974 975 8670.000000
751 752 8598.000000
752 753 8598.000000
843 844 8598.000000
1150 1151 8320.000000
1128 1129 8218.000000
1084 1085 8214.000000
139 140 8140.000000
908 909 7921.000000
1122 1123 7901.000000
226 227 7847.000000
1298 1299 7746.000000
1171 1172 7739.000000
1298 1319 7708.000000
1103 1104 7591.000000
975 976 7483.000000
1148 1149 7414.000000
111 112 7386.000000
929 930 7347.000000
1123 1124 7267.000000
95 96 7220.000000
1170 1171 7134.000000
1149 1150 7129.000000
842 843 7124.000000
885 886 7002.000000
907 908 6934.000000
1122 1143 6921.000000
1142 1143 6921.000000
1166 1167 6843.000000
1186 1187 6830.000000
89 90 6780.000000
1169 1170 6711.000000
1167 1168 6496.000000
1125 1126 6481.000000
729 730 6455.000000
730 731 6455.000000
1083 1084 6410.000000
1166 1187 6353.000000
1082 1083 6346.000000
1060 1061 6284.000000
844 845 6266.000000
753 754 6263.000000
1254 1255 6208.000000
728 729 6136.000000
1299 1300 6122.000000
1147 1148 6099.000000
841 842 6041.000000
750 751 6038.000000
1124 1125 5978.000000
976 977 5916.000000
1255 1256 5789.000000
1541 1542 5758.000000
1168 1169 5726.000000
749 750 5636.000000
1300 1301 5585.000000
2 3 5531.000000
973 974 5501.000000
1301 1302 5462.000000
1040 1041 5430.000000
1256 1257 5400.000000
951 952 5363.000000
1185 1186 5253.000000
816 817 5235.000000
817 818 5235.000000
972 973 5221.000000
909 910 5186.000000
1141 1142 5092.000000
772 773 5052.000000
773 774 5052.000000
774 775 5052.000000
1254 1275 4980.000000
727 728 4976.000000
1107 1108 4967.000000
888 889 4943.000000
798 799 4935.000000
1276 1277 4930.000000
1257 1258 4915.000000
1019 1020 4911.000000
1258 1259 4819.000000
140 141 4816.000000
952 953 4705.000000
227 228 4625.000000
1039 1040 4574.000000
1277 1278 4551.000000
707 708 4529.000000
708 709 4529.000000
116 117 4520.000000
1081 1082 4515.000000
2 24 4507.000000
45 46 4496.000000
709 710 4448.000000
906 907 4401.000000
950 951 4389.000000
178 179 4376.000000
179 180 4376.000000
180 181 4376.000000
181 182 4376.000000
1100 1121 4299.000000
1387 1388 4272.000000
815 816 4232.000000
1102 1103 4178.000000
1215 1216 4148.000000
933 934 4130.000000
1213 1214 4094.000000
1452 1453 4083.000000
45 67 4074.000000
1214 1215 4053.000000
754 755 4051.000000
183 184 4027.000000
1017 1018 4026.000000
117 118 3945.000000
1018 1019 3937.000000
1193 1194 3892.000000
44 45 3886.000000
818 819 3874.000000
536 537 3870.000000
819 820 3864.000000
1192 1193 3841.000000
924 925 3800.000000
925 926 3800.000000
926 927 3800.000000
927 928 3800.000000
184 185 3793.000000
794 795 3764.000000
795 796 3764.000000
796 797 3764.000000
1100 1101 3749.000000
1101 1102 3749.000000
313 314 3724.000000
1146 1147 3661.000000
953 954 3640.000000
838 839 3630.000000
839 840 3630.000000
840 841 3630.000000
1188 1189 3625.000000
932 933 3615.000000
1278 1279 3615.000000
1189 1190 3599.000000
182 183 3598.000000
1038 1039 3558.000000
1059 1060 3535.000000
1016 1017 3534.000000
533 534 3524.000000
534 535 3524.000000
887 909 3503.000000
1190 1191 3494.000000
928 929 3477.000000
88 89 3476.000000
1191 1192 3387.000000
601 602 3366.000000
1386 1387 3349.000000
535 536 3328.000000
1453 1454 3263.000000
1144 1165 3256.000000
177 178 3255.000000
24 46 3248.000000
977 978 3162.000000
67 68 3135.000000
1431 1432 3117.000000
1519 1520 3117.000000
797 798 3103.000000
228 229 3100.000000
1208 1209 3078.000000
1144 1145 3059.000000
732 733 3052.000000
1037 1038 3045.000000
1279 1280 3044.000000
156 157 3016.000000
157 158 3016.000000
158 159 3016.000000
159 160 3016.000000
995 996 2998.000000
865 866 2970.000000
1145 1146 2950.000000
1409 1410 2908.000000
1408 1409 2885.000000
1430 1431 2884.000000
537 538 2844.000000
66 67 2840.000000
1452 1473 2839.000000
814 815 2829.000000
1366 1367 2816.000000
132 133 2791.000000
1280 1281 2778.000000
1041 1042 2775.000000
844 866 2751.000000
1164 1165 2748.000000
864 865 2744.000000
1080 1081 2741.000000
731 732 2695.000000
1020 1042 2658.000000
1212 1213 2650.000000
771 772 2635.000000
96 97 2605.000000
863 864 2591.000000
1210 1211 2587.000000
1302 1303 2577.000000
1194 1195 2565.000000
820 821 2560.000000
1237 1238 2560.000000
706 707 2555.000000
1232 1233 2552.000000
664 665 2537.000000
665 666 2536.000000
1 23 2535.000000
996 997 2529.000000
1496 1517 2523.000000
110 111 2517.000000
1386 1407 2516.000000
1063 1085 2467.000000
1236 1237 2456.000000
1450 1451 2439.000000
902 903 2431.000000
903 904 2431.000000
904 905 2431.000000
905 906 2431.000000
946 947 2420.000000
947 948 2420.000000
948 949 2420.000000
1188 1209 2415.000000
314 315 2405.000000
799 800 2385.000000
954 955 2372.000000
1430 1451 2361.000000
733 734 2333.000000
110 131 2324.000000
1365 1366 2311.000000
1233 1234 2299.000000
1516 1517 2294.000000
68 69 2260.000000
69 70 2260.000000
70 71 2260.000000
71 72 2260.000000
72 73 2254.000000
663 664 2250.000000
881 882 2237.000000
882 883 2237.000000
883 884 2237.000000
1120 1121 2233.000000
270 271 2208.000000
710 711 2198.000000
1560 1561 2181.000000
46 47 2180.000000
932 954 2173.000000
1367 1368 2152.000000
160 161 2132.000000
154 175 2131.000000
776 777 2102.000000
645 646 2091.000000
1207 1208 2087.000000
662 663 2083.000000
1496 1497 2080.000000
1211 1212 2079.000000
176 197 2077.000000
23 24 2074.000000
968 969 2066.000000
969 970 2066.000000
1540 1561 2054.000000
970 971 2036.000000
775 776 2028.000000
1454 1455 2024.000000
946 967 2013.000000
793 794 2011.000000
141 142 2006.000000
1235 1236 1991.000000
888 910 1984.000000
1056 1077 1973.000000
1056 1057 1971.000000
598 599 1966.000000
599 600 1966.000000
198 219 1961.000000
884 885 1959.000000
1234 1235 1955.000000
1259 1260 1944.000000
1078 1079 1940.000000
1078 1099 1940.000000
1057 1058 1938.000000
1079 1080 1932.000000
1320 1321 1929.000000
1064 1065 1891.000000
994 995 1889.000000
1163 1164 1884.000000
971 972 1881.000000
1497 1498 1873.000000
489 490 1869.000000
490 491 1869.000000
491 492 1869.000000
997 998 1854.000000
118 119 1842.000000
1364 1365 1832.000000
154 155 1813.000000
600 601 1813.000000
1408 1429 1813.000000
119 120 1810.000000
97 98 1800.000000
1058 1059 1799.000000
1410 1411 1795.000000
1559 1560 1794.000000
492 493 1793.000000
0 21 1769.000000
683 684 1768.000000
646 647 1760.000000
1406 1407 1760.000000
1098 1099 1751.000000
1494 1495 1745.000000
1020 1021 1735.000000
880 881 1731.000000
1019 10279 1729.000000
22 23 1725.000000
837 838 1724.000000
1474 1495 1722.000000
579 580 1720.000000
580 581 1720.000000
186 187 1713.000000
1540 1541 1713.000000
161 162 1706.000000
602 603 1693.000000
1322 1323 1682.000000
557 558 1677.000000
155 156 1675.000000
98 99 1669.000000
47 48 1664.000000
48 49 1664.000000
49 50 1664.000000
50 51 1664.000000
20 21 1655.000000
755 756 1627.000000
19 20 1626.000000
23 45 1625.000000
685 686 1623.000000
686 687 1623.000000
687 688 1623.000000
1388 1389 1615.000000
141 163 1612.000000
218 219 1608.000000
0 22 1606.000000
1085 1086 1603.000000
1019 1041 1599.000000
1281 1282 1598.000000
493 494 1597.000000
227 249 1588.000000
493 515 1583.000000
889 890 1575.000000
1321 1322 1560.000000
132 153 1557.000000
581 582 1556.000000
1210 1231 1553.000000
44 65 1549.000000
1455 1456 1533.000000
269 270 1527.000000
1364 1385 1526.000000
494 495 1519.000000
162 163 1514.000000
641 642 1486.000000
642 643 1486.000000
643 644 1486.000000
67 89 1469.000000
176 177 1467.000000
755 777 1461.000000
603 604 1457.000000
558 559 1424.000000
495 496 1415.000000
120 121 1408.000000
1107 1129 1389.000000
1042 1043 1387.000000
207 208 1379.000000
1012 1013 1373.000000
1012 1033 1373.000000
1013 1014 1371.000000
1172 1173 1368.000000
271 272 1364.000000
1097 1098 1363.000000
711 712 1358.000000
185 186 1349.000000
185 207 1344.000000
1493 1494 1338.000000
208 209 1328.000000
934 935 1327.000000
249 250 1324.000000
1076 1077 1321.000000
689 690 1311.000000
1474 1475 1306.000000
1389 1390 1304.000000
684 685 1292.000000
51 73 1290.000000
1342 1343 1287.000000
1014 1015 1268.000000
1140 1141 1267.000000
187 188 1238.000000
1432 1433 1237.000000
273 274 1236.000000
705 706 1234.000000
1254 1276 1228.000000
18 19 1221.000000
142 143 1220.000000
727 749 1219.000000
220 221 1208.000000
1343 1344 1197.000000
1520 1521 1196.000000
1020 10600 1167.000000
1342 1363 1149.000000
221 222 1147.000000
222 223 1147.000000
223 224 1147.000000
224 225 1147.000000
1542 1543 1142.000000
559 560 1135.000000
538 539 1123.000000
1472 1473 1110.000000
644 645 1108.000000
1015 1016 1101.000000
949 950 1089.000000
890 912 1080.000000
955 956 1074.000000
845 867 1065.000000
1580 1581 1054.000000
1581 1582 1051.000000
1 10130 1044.000000
1251 1252 1029.000000
1252 1253 1029.000000
1582 1583 1028.000000
166 167 1026.000000
167 168 1026.000000
168 169 1026.000000
169 170 1026.000000
170 171 1026.000000
171 172 1026.000000
172 173 1026.000000
173 174 1026.000000
690 691 1013.000000
618 619 1004.000000
272 273 999.000000
1086 1087 991.000000
560 561 990.000000
619 620 985.000000
620 621 985.000000
621 622 985.000000
902 923 980.000000
1323 1324 980.000000
859 860 976.000000
860 861 976.000000
861 862 976.000000
1032 1033 976.000000
1344 1345 976.000000
799 821 975.000000
836 837 974.000000
1515 1516 971.000000
1021 1043 967.000000
225 226 961.000000
576 577 950.000000
577 578 950.000000
578 579 950.000000
226 248 945.000000
1498 1520 942.000000
1087 1088 939.000000
1088 1089 939.000000
688 689 935.000000
770 771 935.000000
866 867 932.000000
1320 1341 927.000000
575 576 924.000000
712 713 920.000000
711 733 917.000000
1016 10225 913.000000
668 669 912.000000
1324 1325 895.000000
251 252 886.000000
934 956 878.000000
206 207 876.000000
1184 1185 873.000000
446 447 872.000000
447 448 872.000000
539 540 870.000000
198 199 869.000000
1119 1120 860.000000
174 175 855.000000
229 230 853.000000
1108 1109 848.000000
1229 1230 845.000000
1230 1231 845.000000
24 25 844.000000
667 668 842.000000
357 358 835.000000
121 122 828.000000
448 449 825.000000
57 58 823.000000
58 59 823.000000
59 60 823.000000
60 61 823.000000
61 62 823.000000
62 63 823.000000
63 64 823.000000
64 65 823.000000
163 164 811.000000
0 10005 804.000000
640 641 803.000000
582 583 789.000000
647 648 789.000000
669 670 789.000000
862 863 789.000000
998 999 786.000000
1411 1412 779.000000
143 144 773.000000
935 936 765.000000
1021 1022 765.000000
35 36 757.000000
36 37 757.000000
37 38 757.000000
38 39 757.000000
1345 1346 754.000000
553 554 753.000000
274 275 749.000000
777 778 744.000000
1250 1251 744.000000
1256 1278 734.000000
1562 1563 732.000000
624 625 723.000000
46 68 722.000000
623 624 722.000000
552 553 721.000000
1498 1499 718.000000
597 598 716.000000
13 14 715.000000
14 15 715.000000
139 161 710.000000
183 205 698.000000
15 16 697.000000
199 200 697.000000
200 201 697.000000
201 202 697.000000
202 203 697.000000
220 241 695.000000
0 1562 694.000000
101 102 691.000000
102 103 691.000000
103 104 691.000000
104 105 691.000000
105 106 691.000000
106 107 691.000000
107 108 691.000000
108 109 690.000000
16 17 688.000000
1453 1475 687.000000
73 74 685.000000
205 206 685.000000
990 991 681.000000
991 992 681.000000
622 623 680.000000
993 994 680.000000
17 18 676.000000
1562 1583 676.000000
1475 1476 670.000000
1253 1275 668.000000
1209 1231 663.000000
1368 1369 663.000000
992 993 662.000000
910 911 652.000000
911 912 652.000000
532 533 648.000000
1039 10413 640.000000
1563 1564 640.000000
250 251 638.000000
1096 1097 634.000000
230 231 627.000000
0 10175 619.000000
293 294 615.000000
1129 1130 608.000000
1194 1216 607.000000
1 10409 597.000000
164 165 589.000000
858 859 588.000000
666 667 584.000000
538 560 577.000000
924 945 575.000000
625 626 574.000000
252 253 573.000000
378 379 570.000000
1100 1122 552.000000
0 10184 546.000000
1010 1011 540.000000
1061 10979 539.000000
1112 1113 538.000000
248 249 537.000000
604 605 531.000000
274 296 519.000000
554 555 519.000000
555 556 519.000000
556 557 519.000000
39 40 509.000000
40 41 509.000000
41 42 509.000000
42 43 509.000000
294 295 508.000000
890 891 508.000000
891 892 508.000000
203 204 502.000000
77 78 496.000000
1 10011 491.000000
0 10031 490.000000
44 66 485.000000
0 10383 484.000000
1065 1066 483.000000
1066 1067 483.000000
1067 1068 483.000000
0 10438 482.000000
0 10500 480.000000
0 10871 477.000000
1062 10661 476.000000
1542 1564 474.000000
966 967 470.000000
1017 10459 468.000000
936 937 464.000000
1537 1538 464.000000
66 87 463.000000
0 10193 462.000000
196 197 459.000000
0 10182 458.000000
0 10202 458.000000
0 10215 458.000000
1433 1434 458.000000
1238 1239 457.000000
0 10062 456.000000
0 10453 456.000000
75 76 455.000000
76 77 455.000000
314 336 449.000000
1041 10466 449.000000
1162 1163 449.000000
792 793 447.000000
0 10776 446.000000
968 989 446.000000
1079 10867 445.000000
0 10687 444.000000
0 10948 444.000000
0 10188 442.000000
74 75 442.000000
315 316 441.000000
1518 1539 439.000000
1538 1539 439.000000
0 10029 438.000000
1476 1477 436.000000
0 10976 433.000000
51 52 432.000000
1017 10627 432.000000
1 10363 430.000000
204 205 428.000000
0 10970 427.000000
0 10037 421.000000
131 153 418.000000
1109 1110 418.000000
1110 1111 418.000000
1111 1112 418.000000
0 10489 416.000000
1151 1173 413.000000
0 10920 412.000000
0 10510 407.000000
0 10862 407.000000
0 10865 407.000000
0 10956 407.000000
188 189 407.000000
189 190 407.000000
190 191 407.000000
191 192 407.000000
192 193 407.000000
193 194 407.000000
194 195 407.000000
195 196 407.000000
0 10240 406.000000
1040 10985 406.000000
1113 1114 405.000000
1114 1115 405.000000
1115 1116 405.000000
1116 1117 405.000000
1117 1118 405.000000
0 10059 404.000000
0 10638 404.000000
0 10263 401.000000
1457 1458 401.000000
1458 1459 401.000000
1459 1460 401.000000
0 10774 399.000000
242 243 399.000000
242 263 399.000000
243 244 399.000000
244 245 399.000000
245 246 399.000000
246 247 399.000000
1 10398 398.000000
1 10142 397.000000
666 688 397.000000
1039 10815 397.000000
1 10358 394.000000
1 10375 394.000000
1 10379 394.000000
1032 10592 393.000000
0 10163 391.000000
184 206 391.000000
1 10863 390.000000
1043 1044 390.000000
1044 1045 390.000000
1045 1046 390.000000
973 995 388.000000
247 248 387.000000
902 924 386.000000
0 10337 383.000000
1 10203 379.000000
1020 10620 379.000000
166 188 376.000000
197 219 373.000000
154 176 372.000000
1 10310 371.000000
1041 10461 370.000000
1041 10809 370.000000
1041 10827 370.000000
1362 1363 370.000000
1 10696 368.000000
1041 10834 368.000000
798 820 365.000000
1041 10649 360.000000
582 604 357.000000
1130 1131 353.000000
1131 1132 353.000000
1132 1133 353.000000
1188 1210 352.000000
0 10303 350.000000
101 10281 350.000000
1232 1253 350.000000
1041 10609 349.000000
0 10715 344.000000
688 710 344.000000
1043 10578 343.000000
165 166 341.000000
1022 1023 341.000000
1023 1024 341.000000
494 516 339.000000
140 162 337.000000
1499 1500 335.000000
485 486 334.000000
486 487 334.000000
249 271 333.000000
843 865 329.000000
893 915 329.000000
1206 1207 329.000000
1518 1519 329.000000
910 932 328.000000
119 141 327.000000
219 241 327.000000
187 209 325.000000
293 315 325.000000
1036 1037 325.000000
35 57 319.000000
1042 10471 319.000000
1210 1232 319.000000
1407 1429 317.000000
25 26 316.000000
26 27 316.000000
27 28 316.000000
28 29 316.000000
1228 1229 316.000000
0 10864 315.000000
0 10968 313.000000
1018 10661 313.000000
892 893 310.000000
622 644 309.000000
1089 1090 309.000000
1090 1091 309.000000
1 1563 308.000000
1451 1473 308.000000
1346 1347 306.000000
1536 1537 305.000000
539 561 303.000000
232 233 301.000000
233 234 301.000000
234 235 301.000000
235 236 301.000000
236 237 301.000000
237 238 301.000000
1000 1001 301.000000
1001 1002 301.000000
531 532 300.000000
976 998 295.000000
1300 1322 295.000000
122 123 294.000000
123 124 294.000000
124 125 294.000000
125 126 294.000000
126 127 294.000000
127 128 294.000000
128 129 294.000000
129 130 294.000000
130 131 294.000000
1015 10361 294.000000
1017 10529 292.000000
295 296 288.000000
823 845 288.000000
515 516 287.000000
589 590 287.000000
238 239 286.000000
239 240 286.000000
537 559 286.000000
1043 10743 286.000000
1 10014 284.000000
1 10488 284.000000
1000 10324 284.000000
110 132 283.000000
449 471 283.000000
1043 10541 283.000000
1086 10931 283.000000
1169 1191 283.000000
596 597 282.000000
574 575 281.000000
29 30 280.000000
52 74 278.000000
1 10924 277.000000
956 957 277.000000
957 958 277.000000
30 31 275.000000
31 32 275.000000
32 33 275.000000
33 34 275.000000
292 293 275.000000
801 823 274.000000
1043 10828 273.000000
262 263 271.000000
979 980 271.000000
980 981 271.000000
1 10818 270.000000
1015 10298 270.000000
0 10733 269.000000
0 10837 269.000000
1 10600 269.000000
1043 10534 268.000000
1038 10493 267.000000
800 801 266.000000
1038 10694 266.000000
1 10329 261.000000
0 10586 259.000000
1 10502 259.000000
316 317 259.000000
317 318 259.000000
1578 1579 259.000000
0 10221 258.000000
1 10740 258.000000
488 489 258.000000
1019 10917 258.000000
0 10940 256.000000
100 10051 256.000000
1091 1092 256.000000
1092 1093 256.000000
1093 1094 256.000000
1094 1095 256.000000
1095 1096 256.000000
0 10349 255.000000
978 979 255.000000
1076 10882 255.000000
0 10769 254.000000
1496 1518 254.000000
79 80 252.000000
80 81 252.000000
81 82 252.000000
82 83 252.000000
83 84 252.000000
84 85 252.000000
85 86 252.000000
86 87 252.000000
100 10896 252.000000
1037 10831 252.000000
1 10609 251.000000
1577 1578 250.000000
1038 10681 248.000000
1075 1076 248.000000
1064 1086 247.000000
1541 1563 246.000000
732 754 245.000000
1020 10729 245.000000
535 557 244.000000
1021 10533 243.000000
912 913 241.000000
913 914 241.000000
1105 1127 241.000000
1276 1297 239.000000
710 732 237.000000
1032 10381 237.000000
1477 1478 237.000000
1450 1472 235.000000
1062 10668 232.000000
1080 1102 232.000000
1085 10907 232.000000
1575 1576 232.000000
1576 1577 232.000000
291 292 231.000000
1 10886 230.000000
270 292 229.000000
1 10083 228.000000
1018 10613 227.000000
1036 10724 224.000000
1020 10682 223.000000
1042 10887 223.000000
1042 10812 222.000000
1080 10908 220.000000
1133 1134 220.000000
207 229 219.000000
1168 1190 219.000000
1412 1413 217.000000
1043 10778 215.000000
1098 1120 215.000000
1020 10625 214.000000
1020 10770 214.000000
1020 10923 214.000000
1024 10378 214.000000
1065 10828 214.000000
726 727 213.000000
1558 1559 212.000000
550 551 211.000000
551 552 211.000000
583 605 211.000000
1020 10503 210.000000
1020 10981 210.000000
445 446 209.000000
1000 10578 209.000000
1085 10936 209.000000
1064 10961 208.000000
1061 10815 207.000000
1022 10324 206.000000
205 227 205.000000
821 822 205.000000
1042 10420 205.000000
1042 10840 205.000000
1042 10959 205.000000
1085 10899 205.000000
240 241 204.000000
518 519 204.000000
519 520 204.000000
520 521 204.000000
521 522 204.000000
522 523 204.000000
1065 10743 203.000000
484 485 202.000000
484 505 202.000000
503 504 202.000000
504 505 202.000000
623 645 201.000000
1238 1260 201.000000
712 734 199.000000
1019 10335 198.000000
1293 1294 198.000000
1294 1295 198.000000
1295 1296 198.000000
1296 1297 198.000000
914 915 197.000000
449 450 196.000000
601 623 196.000000
988 989 195.000000
228 250 193.000000
163 185 192.000000
1234 1256 192.000000
210 211 189.000000
211 212 189.000000
212 213 189.000000
213 214 189.000000
214 215 189.000000
215 216 189.000000
216 217 189.000000
217 218 189.000000
1099 1121 189.000000
1216 1217 189.000000
196 218 188.000000
1064 10674 186.000000
1579 1580 185.000000
1190 1212 183.000000
756 778 181.000000
1041 10625 181.000000
1041 10770 181.000000
1041 10923 181.000000
1492 1493 180.000000
1043 10931 179.000000
1064 10869 178.000000
1271 1272 177.000000
1272 1273 177.000000
1273 1274 177.000000
1274 1275 177.000000
1303 1304 172.000000
56 57 171.000000
1010 10856 171.000000
734 735 170.000000
1195 1217 170.000000
1561 1583 170.000000
52 53 169.000000
53 54 169.000000
54 55 169.000000
55 56 169.000000
206 228 169.000000
231 232 169.000000
865 887 169.000000
1064 10695 169.000000
1064 10915 169.000000
1017 10330 168.000000
1021 10961 168.000000
1039 10953 168.000000
144 166 167.000000
186 208 167.000000
1010 10635 167.000000
1085 10966 167.000000
209 210 166.000000
557 579 166.000000
670 671 166.000000
1064 10840 165.000000
1064 10959 165.000000
1428 1429 165.000000
100 101 164.000000
1039 10661 163.000000
144 145 162.000000
145 146 162.000000
146 147 162.000000
147 148 162.000000
148 149 162.000000
149 150 162.000000
150 151 162.000000
151 152 162.000000
866 888 161.000000
1020 10924 161.000000
1 10998 160.000000
160 182 160.000000
3 4 159.000000
4 5 159.000000
5 6 159.000000
6 7 159.000000
1064 10801 159.000000
1019 10532 158.000000
1017 1039 157.000000
1062 10917 157.000000
111 133 156.000000
842 864 156.000000
1064 10707 156.000000
1064 10990 156.000000
885 907 155.000000
908 930 155.000000
971 993 155.000000
1002 10085 155.000000
1064 10675 155.000000
1064 10787 155.000000
1064 10802 155.000000
1085 10869 155.000000
685 707 154.000000
1042 1064 154.000000
1064 10991 154.000000
1157 1158 154.000000
1158 1159 154.000000
1159 1160 154.000000
1160 1161 154.000000
1161 1162 154.000000
514 515 153.000000
1016 10380 153.000000
1064 10847 153.000000
1014 1036 152.000000
1041 10620 152.000000
1041 10729 152.000000
800 822 151.000000
909 931 151.000000
1017 10819 151.000000
22 44 150.000000
929 951 150.000000
1065 10931 150.000000
1064 10739 149.000000
1064 10795 149.000000
1 10470 148.000000
100 10319 148.000000
143 165 148.000000
230 252 148.000000
641 663 148.000000
1041 10682 148.000000
1019 10763 147.000000
1166 1188 147.000000
153 175 146.000000
662 684 146.000000
0 10782 145.000000
1 10947 145.000000
1019 10398 145.000000
690 712 142.000000
845 846 142.000000
1042 10737 142.000000
487 488 141.000000
510 511 141.000000
511 512 141.000000
512 513 141.000000
513 514 141.000000
1081 1103 141.000000
1141 1163 141.000000
516 517 140.000000
517 518 140.000000
1081 10883 140.000000
1499 1521 140.000000
402 403 139.000000
403 404 139.000000
404 405 139.000000
1413 1414 139.000000
1414 1415 139.000000
1415 1416 139.000000
1416 1438 139.000000
7 8 137.000000
1059 10645 137.000000
101 10596 136.000000
626 648 136.000000
1042 10845 136.000000
1 10762 135.000000
626 627 135.000000
1018 10577 135.000000
1022 10578 135.000000
1042 10657 134.000000
1042 10936 134.000000
0 10269 133.000000
0 10663 133.000000
1042 10456 133.000000
1278 1300 133.000000
100 10495 132.000000
100 10557 132.000000
1038 10413 132.000000
101 10639 131.000000
101 10786 131.000000
264 265 131.000000
264 285 131.000000
265 266 131.000000
266 267 131.000000
267 268 131.000000
268 269 131.000000
867 868 131.000000
868 869 131.000000
869 870 131.000000
496 518 130.000000
754 776 130.000000
1046 10874 130.000000
1064 10812 130.000000
1064 10887 130.000000
771 793 129.000000
846 847 129.000000
847 848 129.000000
848 849 129.000000
1086 1108 128.000000
8 9 127.000000
10 11 127.000000
11 12 127.000000
12 13 127.000000
109 131 127.000000
1085 10926 127.000000
1085 10958 127.000000
1085 10983 127.000000
509 510 126.000000
1010 1032 126.000000
1042 10761 126.000000
1042 10899 126.000000
733 755 125.000000
1060 10949 125.000000
1034 1035 124.000000
1034 1055 124.000000
1035 1036 124.000000
506 527 123.000000
524 525 123.000000
525 526 123.000000
526 527 123.000000
1059 10726 123.000000
1325 1326 123.000000
0 10996 122.000000
669 691 122.000000
858 880 122.000000
1038 10689 122.000000
0 10346 121.000000
0 10428 121.000000
1018 10317 121.000000
101 10343 120.000000
152 153 120.000000
405 406 120.000000
645 667 120.000000
950 972 120.000000
1085 10990 120.000000
0 10351 118.000000
863 885 118.000000
1037 10903 117.000000
1038 10415 117.000000
1085 10881 117.000000
1321 1343 117.000000
1033 10932 116.000000
229 251 115.000000
1016 10509 115.000000
1068 10874 115.000000
841 863 114.000000
175 197 113.000000
471 493 113.000000
1037 10522 113.000000
1038 10850 113.000000
646 668 112.000000
660 681 112.000000
678 679 112.000000
679 680 112.000000
680 681 112.000000
1024 1046 112.000000
0 10244 111.000000
161 183 111.000000
418 419 111.000000
418 439 111.000000
419 420 111.000000
420 421 111.000000
437 438 111.000000
438 439 111.000000
660 661 111.000000
1037 10725 111.000000
1062 10985 111.000000
1064 10755 111.000000
1064 10918 111.000000
406 407 110.000000
407 408 110.000000
408 409 110.000000
1084 1106 110.000000
1540 1562 110.000000
336 337 109.000000
337 338 109.000000
338 339 109.000000
749 771 109.000000
1060 10811 109.000000
1060 10955 109.000000
463 464 107.000000
464 465 107.000000
506 507 107.000000
507 508 107.000000
604 626 107.000000
661 662 107.000000
1060 10659 107.000000
1060 10721 107.000000
1118 1119 107.000000
100 10555 106.000000
138 160 106.000000
1061 10618 106.000000
1061 10689 106.000000
1061 10850 106.000000
1165 1187 105.000000
444 445 104.000000
1086 10986 102.000000
1364 1386 102.000000
1456 1457 102.000000
912 934 101.000000
596 618 100.000000
923 945 100.000000
1011 10474 100.000000
1075 10896 100.000000
1319 1341 100.000000
22 43 99.000000
204 226 99.000000
275 276 99.000000
276 277 99.000000
277 278 99.000000
278 279 99.000000
279 280 99.000000
280 281 99.000000
281 282 99.000000
1081 10951 99.000000
1081 10969 98.000000
797 819 97.000000
1017 10953 97.000000
1082 10901 97.000000
462 463 96.000000
462 483 96.000000
480 481 96.000000
481 482 96.000000
482 483 96.000000
1064 10657 96.000000
1064 10936 96.000000
74 96 95.000000
584 585 95.000000
585 586 95.000000
586 587 95.000000
587 588 95.000000
588 589 95.000000
1081 10816 95.000000
1081 10902 95.000000
1081 10921 95.000000
1084 10917 95.000000
1085 10991 95.000000
1033 10731 94.000000
1059 10788 94.000000
1002 10090 93.000000
1081 10810 93.000000
1081 10946 93.000000
1082 10982 93.000000
1016 10450 92.000000
1016 10505 92.000000
1016 10506 92.000000
1016 10775 92.000000
1016 10783 92.000000
1081 10848 92.000000
1085 10915 92.000000
907 929 91.000000
1054 1055 90.000000
1061 10819 90.000000
436 437 89.000000
450 451 89.000000
1086 10993 89.000000
937 938 88.000000
938 939 88.000000
939 940 88.000000
940 941 88.000000
941 942 88.000000
942 943 88.000000
943 944 88.000000
1016 10883 88.000000
1053 1054 88.000000
1059 10640 88.000000
1081 10841 88.000000
1085 10918 88.000000
1384 1385 88.000000
859 881 87.000000
1015 10726 87.000000
1064 10845 87.000000
66 88 86.000000
583 584 86.000000
1059 10965 86.000000
1064 10761 86.000000
1064 10899 86.000000
706 728 85.000000
1040 10917 85.000000
1059 10664 85.000000
1059 10718 85.000000
1060 10901 85.000000
1061 1083 85.000000
1064 10737 84.000000
1297 1319 84.000000
284 285 83.000000
946 968 83.000000
951 973 83.000000
1010 10161 83.000000
162 184 82.000000
709 731 82.000000
1125 1147 82.000000
1019 10486 81.000000
1019 10593 81.000000
1019 10619 81.000000
1019 10879 81.000000
1068 1069 81.000000
1409 1431 81.000000
414 436 80.000000
523 524 80.000000
821 843 80.000000
1016 10476 80.000000
1016 10848 80.000000
1061 10953 80.000000
1016 10902 79.000000
1016 10921 79.000000
1016 10951 79.000000
1120 1142 79.000000
253 275 78.000000
944 945 78.000000
1019 10426 78.000000
1037 10645 78.000000
1058 10724 77.000000
1106 1128 77.000000
561 562 76.000000
562 563 76.000000
563 564 76.000000
564 565 76.000000
565 566 76.000000
566 567 76.000000
1060 10821 76.000000
1086 10987 76.000000
451 452 75.000000
540 541 75.000000
541 542 75.000000
542 543 75.000000
543 544 75.000000
544 545 75.000000
545 546 75.000000
528 549 74.000000
546 547 74.000000
547 548 74.000000
548 549 74.000000
1025 1026 73.000000
1026 1027 73.000000
1027 1028 73.000000
1028 1029 73.000000
1029 1030 73.000000
1150 1172 73.000000
689 711 72.000000
1016 10399 72.000000
1040 10577 72.000000
117 139 71.000000
1037 10640 71.000000
1039 10459 71.000000
953 975 70.000000
1152 1153 70.000000
1153 1154 70.000000
1154 1155 70.000000
1155 1156 70.000000
1156 1157 70.000000
1343 1365 70.000000
528 529 69.000000
529 530 69.000000
1016 10745 69.000000
1017 10752 69.000000
1019 10432 69.000000
1030 1031 69.000000
1037 10575 69.000000
1037 10664 69.000000
1037 10718 69.000000
1037 10788 69.000000
1119 1141 69.000000
1038 10821 68.000000
1060 10681 67.000000
1149 1171 67.000000
1432 1454 67.000000
282 283 66.000000
283 284 66.000000
1037 10568 66.000000
1037 10965 66.000000
640 662 65.000000
822 844 65.000000
1022 10436 65.000000
1042 10607 65.000000
1042 10961 65.000000
1059 10831 65.000000
1016 10841 64.000000
1017 10665 64.000000
1042 10533 64.000000
1390 1391 64.000000
473 474 63.000000
1277 1299 63.000000
78 79 62.000000
118 140 62.000000
282 304 62.000000
858 879 62.000000
981 982 62.000000
982 983 62.000000
983 984 62.000000
984 985 62.000000
985 986 62.000000
986 987 62.000000
987 988 62.000000
1039 10417 62.000000
308 309 61.000000
308 329 61.000000
309 310 61.000000
310 311 61.000000
311 312 61.000000
312 313 61.000000
327 328 61.000000
328 329 61.000000
1037 10738 61.000000
1129 1151 61.000000
1386 1408 61.000000
1020 10488 60.000000
1037 10808 60.000000
1037 10877 60.000000
1037 10934 60.000000
648 649 59.000000
1059 10725 59.000000
29 51 58.000000
472 473 58.000000
1097 1119 58.000000
1213 1235 58.000000
132 154 57.000000
756 757 57.000000
777 799 57.000000
820 842 57.000000
959 960 57.000000
960 961 57.000000
961 962 57.000000
962 963 57.000000
963 964 57.000000
964 965 57.000000
965 966 57.000000
1017 10901 57.000000
1365 1387 57.000000
1493 1515 57.000000
516 538 56.000000
1037 10484 56.000000
248 270 55.000000
560 582 55.000000
864 886 55.000000
1011 1033 55.000000
1017 10542 55.000000
1320 1342 55.000000
1543 1565 55.000000
1016 10777 54.000000
1016 10810 54.000000
1016 10256 53.000000
1016 10703 53.000000
1016 10816 53.000000
1016 10969 53.000000
471 472 52.000000
552 574 52.000000
619 641 52.000000
728 750 52.000000
1016 10331 52.000000
1017 10982 52.000000
1046 1047 52.000000
1047 1048 52.000000
1048 1049 52.000000
1049 1050 52.000000
1050 1051 52.000000
1051 1052 52.000000
1052 1053 52.000000
1059 10903 52.000000
1086 10961 52.000000
120 142 51.000000
561 583 51.000000
915 916 51.000000
916 917 51.000000
917 918 51.000000
918 919 51.000000
919 920 51.000000
920 921 51.000000
921 922 51.000000
922 923 51.000000
210 232 50.000000
778 800 50.000000
1060 10665 50.000000
1060 10752 50.000000
1434 1435 50.000000
1435 1436 50.000000
1436 1437 50.000000
1437 1438 50.000000
1497 1519 50.000000
422 423 49.000000
465 466 49.000000
1173 1174 49.000000
1174 1175 49.000000
1175 1176 49.000000
1176 1177 49.000000
1177 1178 49.000000
594 595 48.000000
594 615 48.000000
612 613 48.000000
613 614 48.000000
614 615 48.000000
639 640 48.000000
1059 10775 48.000000
448 470 47.000000
452 453 47.000000
776 798 47.000000
1016 10369 47.000000
1018 10199 47.000000
1059 10738 47.000000
1059 10808 47.000000
1059 10877 47.000000
1059 10934 47.000000
1017 10446 46.000000
1039 1061 46.000000
1059 10783 46.000000
1060 10694 46.000000
1069 1070 46.000000
1070 1071 46.000000
1071 1072 46.000000
1072 1073 46.000000
1073 1074 46.000000
387 409 45.000000
1118 1140 45.000000
365 387 44.000000
409 410 44.000000
410 411 44.000000
411 412 44.000000
412 413 44.000000
413 414 44.000000
579 601 44.000000
1037 10603 44.000000
152 174 43.000000
182 204 43.000000
1134 1135 43.000000
1135 1136 43.000000
1136 1137 43.000000
1137 1138 43.000000
1138 1139 43.000000
1517 1539 43.000000
1539 1561 43.000000
849 850 42.000000
850 851 42.000000
851 852 42.000000
852 853 42.000000
853 854 42.000000
854 855 42.000000
855 856 42.000000
856 857 42.000000
1032 10635 42.000000
77 99 41.000000
472 494 41.000000
667 689 41.000000
836 857 41.000000
1102 1124 41.000000
466 467 40.000000
1016 10946 40.000000
1017 10554 40.000000
1298 1320 40.000000
13 35 39.000000
362 363 39.000000
363 364 39.000000
364 365 39.000000
467 468 39.000000
468 469 39.000000
469 470 39.000000
530 552 39.000000
1000 10436 39.000000
1064 10809 39.000000
1064 10827 39.000000
1064 10834 39.000000
1128 1150 39.000000
1142 1164 39.000000
421 422 38.000000
1031 1032 38.000000
1322 1344 38.000000
252 274 37.000000
514 536 37.000000
605 627 37.000000
1020 10470 37.000000
1069 1091 37.000000
100 122 36.000000
683 705 36.000000
73 95 35.000000
450 472 35.000000
958 959 35.000000
1020 10481 35.000000
1020 10762 35.000000
1020 10947 35.000000
1037 1059 35.000000
1057 1079 35.000000
1058 1080 35.000000
1323 1345 35.000000
253 254 34.000000
254 255 34.000000
255 256 34.000000
256 257 34.000000
257 258 34.000000
258 259 34.000000
259 260 34.000000
260 261 34.000000
261 262 34.000000
1055 1077 34.000000
1082 1104 34.000000
1518 1540 34.000000
691 692 33.000000
692 693 33.000000
693 694 33.000000
694 695 33.000000
695 696 33.000000
696 697 33.000000
697 698 33.000000
698 699 33.000000
1020 10998 33.000000
1081 10821 33.000000
440 441 32.000000
440 461 32.000000
441 442 32.000000
442 443 32.000000
443 444 32.000000
459 460 32.000000
460 461 32.000000
474 475 32.000000
475 476 32.000000
476 477 32.000000
477 478 32.000000
478 479 32.000000
1002 10378 32.000000
1083 10985 32.000000
1430 1452 32.000000
112 134 31.000000
470 471 31.000000
647 669 31.000000
691 713 31.000000
1016 10325 31.000000
1031 1053 31.000000
1082 10953 31.000000
174 196 30.000000
530 531 30.000000
955 977 30.000000
970 992 30.000000
1020 10997 30.000000
1085 1107 30.000000
880 902 29.000000
966 988 29.000000
1017 10979 29.000000
1074 1075 29.000000
116 138 28.000000
296 297 28.000000
297 298 28.000000
298 299 28.000000
299 300 28.000000
300 301 28.000000
301 302 28.000000
302 303 28.000000
303 304 28.000000
452 474 28.000000
474 496 28.000000
1015 10386 28.000000
1015 10842 28.000000
1041 10924 28.000000
1367 1389 28.000000
1474 1496 28.000000
188 210 27.000000
515 537 27.000000
1016 10401 27.000000
1257 1279 27.000000
68 90 26.000000
286 287 25.000000
286 307 25.000000
287 288 25.000000
288 289 25.000000
289 290 25.000000
304 305 25.000000
305 306 25.000000
306 307 25.000000
497 498 25.000000
498 499 25.000000
499 500 25.000000
500 501 25.000000
501 502 25.000000
1022 10583 25.000000
1024 1025 25.000000
1494 1516 25.000000
56 78 24.000000
65 87 24.000000
339 340 24.000000
437 459 24.000000
453 454 24.000000
454 455 24.000000
455 456 24.000000
456 457 24.000000
457 458 24.000000
684 706 24.000000
734 756 24.000000
1042 10995 24.000000
1233 1255 24.000000
75 97 23.000000
359 360 23.000000
360 361 23.000000
361 362 23.000000
1000 10778 23.000000
1015 1037 23.000000
1016 10821 23.000000
1017 10415 23.000000
1017 10850 23.000000
1022 10778 23.000000
1064 10981 23.000000
1140 1162 23.000000
1018 10668 22.000000
1064 10729 22.000000
1369 1370 22.000000
165 187 21.000000
427 449 21.000000
496 497 21.000000
595 596 21.000000
956 978 21.000000
1002 1003 21.000000
1003 1004 21.000000
1004 1005 21.000000
1005 1006 21.000000
1006 1007 21.000000
1007 1008 21.000000
1008 1009 21.000000
1016 10277 21.000000
1016 10659 21.000000
1016 10721 21.000000
1016 10955 21.000000
1017 10392 21.000000
1017 10689 21.000000
1074 1096 21.000000
559 581 20.000000
597 619 20.000000
618 640 20.000000
1015 10407 20.000000
1015 10539 20.000000
1016 10811 20.000000
1017 10487 20.000000
1017 10618 20.000000
1080 10934 20.000000
1538 1560 20.000000
290 291 19.000000
405 427 19.000000
473 495 19.000000
479 480 19.000000
933 955 19.000000
1015 10565 19.000000
1016 10280 19.000000
1020 10409 19.000000
1021 10403 19.000000
1021 10607 19.000000
1082 10979 19.000000
1475 1497 19.000000
34 35 18.000000
15 1577 18.000000
572 573 18.000000
572 593 18.000000
573 574 18.000000
590 591 18.000000
591 592 18.000000
592 593 18.000000
871 893 18.000000
1016 10270 18.000000
1016 10357 18.000000
1016 10949 18.000000
1080 10808 18.000000
1080 10877 18.000000
1146 1168 18.000000
1000 10751 17.000000
1021 10273 17.000000
1022 10751 17.000000
1080 10831 17.000000
1080 10903 17.000000
231 253 16.000000
705 727 16.000000
954 976 16.000000
1017 10413 16.000000
1041 10762 16.000000
1041 10947 16.000000
1059 10951 16.000000
1059 10969 16.000000
1060 10982 16.000000
1085 10923 16.000000
1366 1388 16.000000
1431 1453 16.000000
30 52 15.000000
198 220 15.000000
238 260 15.000000
260 282 15.000000
423 424 15.000000
424 425 15.000000
425 426 15.000000
426 427 15.000000
510 532 15.000000
649 650 15.000000
650 651 15.000000
651 652 15.000000
652 653 15.000000
653 654 15.000000
654 655 15.000000
849 871 15.000000
1038 1060 15.000000
1041 10470 15.000000
1041 10998 15.000000
1064 10649 15.000000
1173 1195 15.000000
1239 1240 15.000000
1240 1241 15.000000
1241 1242 15.000000
1242 1243 15.000000
1243 1244 15.000000
1244 1245 15.000000
1245 1246 15.000000
1246 1247 15.000000
1247 1248 15.000000
1248 1249 15.000000
428 429 14.000000
429 430 14.000000
451 473 14.000000
553 575 14.000000
668 690 14.000000
822 823 14.000000
1042 10503 14.000000
1059 10603 14.000000
1059 10703 14.000000
1059 10777 14.000000
1059 10810 14.000000
1059 10816 14.000000
1059 10841 14.000000
1059 10848 14.000000
1059 10902 14.000000
1059 10921 14.000000
1059 10946 14.000000
1064 10682 14.000000
1064 10770 14.000000
1064 10923 14.000000
1347 1348 14.000000
427 428 13.000000
428 450 13.000000
814 836 13.000000
846 868 13.000000
868 890 13.000000
1015 10225 13.000000
1081 10955 13.000000
1082 10850 13.000000
1086 10959 13.000000
1500 1501 13.000000
1501 1502 13.000000
1502 1503 13.000000
1503 1504 13.000000
406 428 12.000000
1021 10259 12.000000
1021 10981 12.000000
1021 10995 12.000000
1086 10887 12.000000
1191 1213 12.000000
1564 1565 12.000000
463 485 11.000000
959 981 11.000000
1016 10249 11.000000
1038 10392 11.000000
34 56 10.000000
57 79 10.000000
401 402 10.000000
458 459 10.000000
603 625 10.000000
625 647 10.000000
648 670 10.000000
757 779 10.000000
779 801 10.000000
944 966 10.000000
1009 1010 10.000000
1036 10565 10.000000
1053 1075 10.000000
1081 10811 10.000000
1087 10931 10.000000
1163 1185 10.000000
598 620 9.000000
819 841 9.000000
1000 10155 9.000000
1018 10985 9.000000
1037 10745 9.000000
1059 10949 9.000000
1122 1144 9.000000
208 230 8.000000
1000 10293 8.000000
1016 10681 8.000000
1038 10618 8.000000
1038 10901 8.000000
1053 10592 8.000000
1217 1218 8.000000
1218 1219 8.000000
1219 1220 8.000000
1220 1221 8.000000
1221 1222 8.000000
1222 1223 8.000000
1223 1224 8.000000
1224 1225 8.000000
1225 1226 8.000000
1226 1227 8.000000
1344 1366 8.000000
508 509 7.000000
568 590 7.000000
928 950 7.000000
1000 10583 7.000000
1037 10883 7.000000
1345 1367 7.000000
72 94 6.000000
319 320 6.000000
320 321 6.000000
321 343 6.000000
343 365 6.000000
358 359 6.000000
509 531 6.000000
827 849 6.000000
915 937 6.000000
1015 10167 6.000000
1015 10179 6.000000
1015 10250 6.000000
1015 10575 6.000000
1015 10640 6.000000
1015 10664 6.000000
1015 10718 6.000000
1036 10831 6.000000
1038 10446 6.000000
1038 10487 6.000000
1054 1076 6.000000
1363 1385 6.000000
1387 1409 6.000000
1478 1479 6.000000
1479 1480 6.000000
1480 1481 6.000000
1481 1482 6.000000
1560 1582 6.000000
458 480 5.000000
518 540 5.000000
546 568 5.000000
605 606 5.000000
606 607 5.000000
607 608 5.000000
608 609 5.000000
609 610 5.000000
610 611 5.000000
611 612 5.000000
616 617 5.000000
616 637 5.000000
617 618 5.000000
634 635 5.000000
635 636 5.000000
636 637 5.000000
886 908 5.000000
1015 10484 5.000000
1015 10505 5.000000
1015 10506 5.000000
1015 10568 5.000000
1015 10783 5.000000
1015 10788 5.000000
1015 10831 5.000000
1015 10965 5.000000
1037 10659 5.000000
1037 10721 5.000000
1041 1063 5.000000
1042 10981 5.000000
1081 10949 5.000000
121 143 4.000000
400 401 4.000000
467 489 4.000000
495 517 4.000000
502 503 4.000000
517 539 4.000000
574 596 4.000000
581 603 4.000000
663 685 4.000000
827 828 4.000000
828 829 4.000000
829 830 4.000000
830 831 4.000000
831 832 4.000000
832 833 4.000000
833 834 4.000000
834 835 4.000000
975 997 4.000000
1030 1052 4.000000
1036 1058 4.000000
1037 10955 4.000000
1038 10554 4.000000
1038 10982 4.000000
1052 1074 4.000000
1178 1179 4.000000
1179 1180 4.000000
1180 1181 4.000000
1181 1182 4.000000
1182 1183 4.000000
164 186 3.000000
318 319 3.000000
814 835 3.000000
871 872 3.000000
872 873 3.000000
873 874 3.000000
874 875 3.000000
875 876 3.000000
876 877 3.000000
877 878 3.000000
878 879 3.000000
884 906 3.000000
945 967 3.000000
1010 10276 3.000000
1011 10731 3.000000
1037 10811 3.000000
1038 10627 3.000000
1043 1065 3.000000
1472 1494 3.000000
1514 1515 3.000000
414 415 2.000000
415 437 2.000000
627 628 2.000000
628 629 2.000000
629 630 2.000000
630 631 2.000000
631 632 2.000000
632 633 2.000000
633 634 2.000000
661 683 2.000000
801 802 2.000000
802 803 2.000000
803 804 2.000000
804 805 2.000000
805 827 2.000000
836 858 2.000000
1011 10711 2.000000
1013 1035 2.000000
1035 1057 2.000000
1037 10703 2.000000
1037 10902 2.000000
1037 10921 2.000000
1037 10946 2.000000
1037 10949 2.000000
1037 10951 2.000000
1037 10969 2.000000
1038 10542 2.000000
1056 1078 2.000000
1075 1097 2.000000
1078 1100 2.000000
1121 1143 2.000000
1143 1165 2.000000
1276 1298 2.000000
1341 1363 2.000000
1362 1384 2.000000
1388 1410 2.000000
1428 1450 2.000000
1520 1542 2.000000
108 130 1.000000
130 152 1.000000
365 366 1.000000
366 367 1.000000
367 368 1.000000
368 369 1.000000
369 370 1.000000
370 392 1.000000
380 381 1.000000
381 382 1.000000
382 383 1.000000
383 384 1.000000
384 385 1.000000
385 386 1.000000
386 387 1.000000
392 414 1.000000
409 431 1.000000
431 453 1.000000
436 458 1.000000
550 571 1.000000
567 568 1.000000
568 569 1.000000
569 570 1.000000
570 571 1.000000
575 597 1.000000
624 646 1.000000
660 682 1.000000
665 687 1.000000
682 704 1.000000
687 709 1.000000
704 726 1.000000
857 879 1.000000
880 901 1.000000
893 894 1.000000
894 895 1.000000
895 896 1.000000
896 897 1.000000
897 898 1.000000
898 899 1.000000
899 900 1.000000
900 901 1.000000
906 928 1.000000
1011 10150 1.000000
1011 10272 1.000000
1011 10411 1.000000
1036 10726 1.000000
1038 10529 1.000000
1038 10665 1.000000
1059 1081 1.000000
1147 1169 1.000000
1249 1250 1.000000
1482 1483 1.000000
1483 1484 1.000000
1484 1485 1.000000
1485 1486 1.000000
1486 1487 1.000000
1487 1488 1.000000
1488 1489 1.000000
1489 1490 1.000000
1490 1491 1.000000
1491 1492 1.000000
1504 1505 1.000000
1505 1506 1.000000
1506 1507 1.000000
1507 1508 1.000000
1508 1509 1.000000
1509 1531 1.000000
1519 1541 1.000000
1531 1553 1.000000
1553 1575 1.000000
