185 186 19288.000000
186 187 19288.000000
187 188 19288.000000
184 185 14468.000000
188 189 13143.000000
1200 1201 12928.000000
981 982 12770.000000
1199 1200 12389.000000
8 9 11973.000000
206 207 11456.000000
207 208 11456.000000
208 209 11456.000000
209 210 11456.000000
1113 1114 11341.000000
189 190 10982.000000
1025 1026 10939.000000
1201 1202 10856.000000
1157 1158 10290.000000
1156 1157 10016.000000
1222 1223 9886.000000
1155 1156 9247.000000
1237 1238 9125.000000
1178 1179 9082.000000
980 981 8906.000000
1244 1245 8539.000000
1198 1199 8363.000000
1024 1025 8304.000000
229 230 8211.000000
230 231 8211.000000
231 232 8211.000000
1239 1240 8188.000000
1243 1244 8187.000000
232 233 8171.000000
1220 1221 8113.000000
889 890 8085.000000
890 891 8085.000000
1238 1239 7853.000000
1240 1241 7778.000000
1221 1222 7753.000000
1026 1027 7749.000000
937 938 7722.000000
190 191 7678.000000
938 939 7673.000000
1242 1243 7661.000000
1370 1371 7605.000000
1371 1372 7605.000000
982 983 7461.000000
1023 1024 7404.000000
845 846 7309.000000
846 847 7309.000000
847 848 7305.000000
823 824 7113.000000
824 825 7113.000000
1241 1242 7099.000000
1002 1003 6996.000000
1219 1220 6994.000000
1112 1113 6976.000000
892 893 6973.000000
205 206 6970.000000
959 960 6832.000000
73 74 6825.000000
1046 1047 6667.000000
936 937 6649.000000
1177 1178 6478.000000
1348 1349 6458.000000
1197 1198 6454.000000
95 96 6453.000000
891 892 6438.000000
51 52 6393.000000
228 229 6342.000000
1236 1237 6324.000000
233 234 6299.000000
188 210 6165.000000
1111 1112 6157.000000
888 889 6087.000000
163 164 6009.000000
164 165 6009.000000
165 166 6009.000000
166 167 6009.000000
1216 1217 6007.000000
1349 1350 5920.000000
802 803 5877.000000
803 804 5877.000000
1215 1216 5860.000000
210 211 5810.000000
1154 1155 5785.000000
1003 1004 5710.000000
1217 1218 5710.000000
979 980 5629.000000
272 273 5620.000000
273 274 5620.000000
274 275 5620.000000
275 276 5620.000000
1045 1046 5556.000000
1176 1177 5522.000000
29 30 5473.000000
1134 1135 5470.000000
1218 1219 5455.000000
1372 1373 5441.000000
801 802 5416.000000
5 6 5309.000000
211 212 5297.000000
1326 1327 5265.000000
1327 1328 5265.000000
1114 1115 5212.000000
1214 1215 5202.000000
7 8 5181.000000
6 7 5173.000000
139 140 5111.000000
162 163 5110.000000
1110 1111 5088.000000
1135 1136 5083.000000
1133 1134 5057.000000
1027 1028 5048.000000
958 959 5045.000000
276 277 4973.000000
1175 1176 4968.000000
1068 1069 4931.000000
1001 1002 4892.000000
1350 1351 4814.000000
822 823 4796.000000
52 53 4733.000000
72 73 4708.000000
1044 1045 4632.000000
893 894 4615.000000
821 822 4543.000000
234 235 4507.000000
1174 1175 4471.000000
1179 1180 4419.000000
1328 1329 4402.000000
277 278 4308.000000
1351 1352 4237.000000
1069 1070 4236.000000
1196 1197 4225.000000
1047 1048 4220.000000
4 5 4209.000000
1288 1289 4155.000000
140 141 4146.000000
1195 1196 4135.000000
844 845 4107.000000
1287 1288 4106.000000
1193 1194 4099.000000
849 850 4078.000000
957 958 4074.000000
1286 1287 4048.000000
298 299 4004.000000
756 757 3988.000000
385 386 3961.000000
848 849 3960.000000
161 162 3952.000000
887 888 3897.000000
1194 1195 3854.000000
960 961 3811.000000
1374 1375 3754.000000
1352 1353 3739.000000
1481 1482 3712.000000
1330 1331 3649.000000
1373 1374 3627.000000
1329 1330 3622.000000
825 826 3605.000000
320 321 3599.000000
1331 1332 3587.000000
1480 1481 3578.000000
1173 1174 3570.000000
1264 1265 3553.000000
996 997 3549.000000
997 998 3549.000000
998 999 3549.000000
1171 1172 3546.000000
1172 1173 3546.000000
1438 1439 3509.000000
1261 1262 3504.000000
1019 1020 3503.000000
1020 1021 3503.000000
1021 1022 3503.000000
1265 1266 3497.000000
1309 1310 3490.000000
204 205 3483.000000
1375 1376 3477.000000
235 236 3468.000000
1260 1261 3399.000000
1308 1309 3385.000000
1304 1305 3325.000000
1114 1136 3320.000000
1263 1264 3308.000000
1192 1193 3257.000000
866 867 3252.000000
867 868 3252.000000
868 869 3252.000000
183 184 3242.000000
227 228 3230.000000
1524 1525 3137.000000
141 142 3133.000000
142 143 3133.000000
143 144 3133.000000
144 145 3113.000000
800 801 3107.000000
299 300 3100.000000
1525 1526 3072.000000
1503 1504 3059.000000
139 161 3047.000000
74 75 3039.000000
278 279 3037.000000
1460 1461 3034.000000
1305 1306 3033.000000
1070 1071 3021.000000
779 780 3018.000000
780 781 3018.000000
781 782 3018.000000
1439 1440 3012.000000
870 871 2992.000000
674 675 2961.000000
1307 1308 2956.000000
1132 1133 2937.000000
1479 1480 2923.000000
1048 1049 2878.000000
1067 1068 2868.000000
26 27 2856.000000
27 28 2856.000000
1504 1505 2852.000000
96 97 2849.000000
1266 1267 2836.000000
117 118 2797.000000
1262 1263 2795.000000
1040 1041 2794.000000
1041 1042 2794.000000
1042 1043 2794.000000
1043 1044 2794.000000
94 95 2781.000000
1213 1214 2772.000000
1353 1354 2756.000000
386 387 2681.000000
247 248 2666.000000
1028 1029 2666.000000
826 827 2621.000000
145 146 2620.000000
300 301 2617.000000
1091 1092 2579.000000
935 936 2562.000000
1285 1286 2553.000000
1306 1307 2545.000000
1018 1019 2539.000000
25 26 2512.000000
758 759 2492.000000
759 760 2492.000000
608 609 2455.000000
1088 1089 2443.000000
1482 1483 2439.000000
932 933 2427.000000
933 934 2427.000000
934 935 2427.000000
28 29 2420.000000
939 940 2398.000000
250 251 2376.000000
251 252 2376.000000
252 253 2376.000000
253 254 2376.000000
138 139 2354.000000
587 588 2343.000000
757 758 2339.000000
983 984 2322.000000
1437 1438 2313.000000
804 805 2307.000000
843 844 2294.000000
1158 1159 2289.000000
805 806 2273.000000
321 322 2258.000000
718 719 2241.000000
254 255 2236.000000
865 866 2236.000000
1436 1437 2215.000000
827 828 2196.000000
1245 1246 2187.000000
279 280 2180.000000
116 117 2179.000000
280 281 2179.000000
1022 1023 2143.000000
212 213 2108.000000
671 672 2106.000000
672 673 2106.000000
1089 1090 2097.000000
605 606 2086.000000
606 607 2086.000000
607 608 2086.000000
1000 1001 2086.000000
191 192 2081.000000
1523 1524 2075.000000
914 915 2072.000000
910 911 2067.000000
911 912 2067.000000
912 913 2067.000000
631 632 2066.000000
760 761 2065.000000
913 914 2065.000000
249 250 2059.000000
10 10069 2042.000000
584 585 2036.000000
585 586 2036.000000
1394 1395 2020.000000
586 587 2000.000000
1153 1154 1944.000000
226 227 1936.000000
213 214 1929.000000
975 976 1921.000000
976 977 1921.000000
977 978 1921.000000
1090 1091 1921.000000
871 872 1901.000000
281 282 1892.000000
632 633 1882.000000
52 74 1881.000000
978 979 1880.000000
673 674 1874.000000
1435 1436 1873.000000
48 49 1855.000000
49 50 1855.000000
719 720 1840.000000
192 193 1817.000000
1459 1460 1807.000000
167 168 1784.000000
248 249 1762.000000
1049 1050 1758.000000
1502 1503 1755.000000
203 204 1736.000000
1501 1502 1715.000000
1115 1116 1713.000000
1170 1171 1681.000000
1005 1006 1673.000000
140 162 1670.000000
269 270 1658.000000
1004 1005 1640.000000
1127 1128 1628.000000
1128 1129 1628.000000
1129 1130 1628.000000
182 183 1614.000000
630 631 1602.000000
1258 1259 1600.000000
1259 1260 1600.000000
1526 1527 1590.000000
1373 1395 1585.000000
1332 1333 1572.000000
909 910 1558.000000
915 916 1554.000000
609 610 1547.000000
869 870 1541.000000
675 676 1535.000000
953 954 1526.000000
954 955 1526.000000
955 956 1526.000000
247 269 1522.000000
652 653 1522.000000
322 323 1515.000000
762 763 1512.000000
1392 1393 1509.000000
30 31 1502.000000
1071 1072 1498.000000
1130 1131 1497.000000
1457 1458 1497.000000
1131 1132 1488.000000
3 4 1482.000000
236 237 1481.000000
939 961 1469.000000
1180 1181 1457.000000
1280 1281 1454.000000
1281 1282 1454.000000
255 256 1448.000000
806 807 1444.000000
1414 1415 1425.000000
1282 1283 1416.000000
1283 1284 1416.000000
1301 1302 1408.000000
1302 1303 1408.000000
50 51 1401.000000
588 610 1401.000000
214 215 1399.000000
321 343 1393.000000
761 762 1385.000000
191 213 1384.000000
270 271 1372.000000
342 343 1372.000000
1126 1127 1358.000000
190 212 1342.000000
651 652 1333.000000
850 872 1333.000000
193 194 1332.000000
1027 1049 1324.000000
1415 1416 1313.000000
1458 1459 1308.000000
1527 1528 1306.000000
1348 1370 1305.000000
627 628 1299.000000
628 629 1299.000000
1393 1394 1296.000000
1284 1285 1294.000000
1416 1417 1292.000000
676 677 1289.000000
343 344 1288.000000
1235 1236 1288.000000
629 630 1286.000000
47 48 1272.000000
271 272 1272.000000
292 293 1271.000000
1546 1547 1264.000000
1191 1192 1259.000000
256 257 1254.000000
160 161 1252.000000
778 779 1250.000000
894 895 1248.000000
237 238 1238.000000
1159 1160 1203.000000
118 119 1198.000000
1158 1180 1197.000000
952 953 1193.000000
714 715 1187.000000
715 716 1187.000000
716 717 1187.000000
1092 1093 1145.000000
1093 1094 1137.000000
696 697 1136.000000
713 714 1134.000000
931 932 1127.000000
189 211 1123.000000
695 696 1116.000000
1136 1137 1112.000000
938 960 1095.000000
171 172 1085.000000
828 829 1083.000000
1417 1418 1082.000000
1149 1150 1077.000000
956 957 1075.000000
1461 1462 1074.000000
1150 1151 1072.000000
1151 1152 1069.000000
215 216 1063.000000
169 170 1058.000000
170 171 1058.000000
1001 10256 1052.000000
278 300 1041.000000
235 257 1029.000000
1062 1063 1029.000000
1063 1064 1029.000000
1064 1065 1029.000000
1505 1506 1011.000000
168 169 1006.000000
367 368 994.000000
784 785 993.000000
1483 1484 992.000000
1157 1179 987.000000
626 627 986.000000
1395 1396 986.000000
782 783 985.000000
258 259 979.000000
110 131 978.000000
129 130 978.000000
130 131 978.000000
366 367 978.000000
110 111 977.000000
111 112 977.000000
112 113 977.000000
113 114 977.000000
114 115 977.000000
633 634 976.000000
757 779 970.000000
1148 1149 970.000000
783 784 969.000000
717 718 968.000000
291 292 965.000000
1023 10484 965.000000
118 140 963.000000
117 139 955.000000
1003 10199 947.000000
670 671 945.000000
1087 1088 945.000000
1396 1397 944.000000
1160 1161 942.000000
1161 1162 942.000000
1152 1153 937.000000
1257 1258 932.000000
1083 1084 929.000000
1084 1085 929.000000
1085 1086 929.000000
1086 1087 929.000000
1418 1419 919.000000
1566 1567 912.000000
1066 1067 908.000000
720 721 905.000000
368 369 902.000000
850 851 888.000000
257 258 885.000000
53 75 881.000000
625 626 881.000000
1002 10529 881.000000
741 742 875.000000
1440 1441 873.000000
1547 1548 865.000000
1522 1523 861.000000
588 589 860.000000
1201 1223 853.000000
1322 1323 851.000000
1323 1324 851.000000
1324 1325 851.000000
1325 1326 851.000000
908 909 850.000000
691 692 840.000000
1202 1203 834.000000
740 741 831.000000
1462 1463 820.000000
648 649 814.000000
649 650 814.000000
650 651 814.000000
739 740 813.000000
51 73 810.000000
1001 10330 808.000000
314 315 806.000000
315 316 806.000000
316 317 806.000000
317 318 806.000000
318 319 806.000000
319 320 806.000000
736 737 796.000000
737 738 796.000000
323 324 794.000000
344 345 790.000000
1046 10796 788.000000
1372 1394 788.000000
1238 1260 785.000000
763 764 784.000000
293 294 783.000000
294 295 783.000000
295 296 783.000000
296 297 783.000000
297 298 783.000000
97 98 781.000000
690 691 761.000000
1279 1280 760.000000
324 325 758.000000
895 917 757.000000
1026 1048 756.000000
301 302 755.000000
611 612 754.000000
277 299 749.000000
974 975 748.000000
225 226 747.000000
1303 1304 740.000000
1047 10668 737.000000
1028 1050 735.000000
653 654 734.000000
540 541 730.000000
541 542 730.000000
542 543 730.000000
697 698 730.000000
692 693 728.000000
693 694 728.000000
694 695 728.000000
194 195 725.000000
1115 1137 725.000000
10 10826 723.000000
610 611 722.000000
647 648 721.000000
1067 10946 705.000000
387 388 697.000000
365 366 693.000000
1545 1546 692.000000
1082 1083 680.000000
302 303 678.000000
893 915 677.000000
1091 10917 676.000000
1169 1170 671.000000
345 346 670.000000
184 206 666.000000
451 452 665.000000
238 260 662.000000
259 260 660.000000
220 221 659.000000
220 241 659.000000
221 222 659.000000
222 223 659.000000
223 224 659.000000
239 240 659.000000
240 241 659.000000
146 147 658.000000
1181 1182 656.000000
1182 1183 656.000000
1183 1184 656.000000
224 225 655.000000
1072 1073 655.000000
53 54 654.000000
154 155 652.000000
154 175 652.000000
155 156 652.000000
156 157 652.000000
157 158 652.000000
158 159 652.000000
173 174 652.000000
174 175 652.000000
1002 10413 652.000000
242 243 648.000000
242 263 648.000000
243 244 648.000000
244 245 648.000000
245 246 648.000000
246 247 648.000000
260 261 648.000000
261 262 648.000000
262 263 648.000000
313 314 643.000000
233 255 637.000000
916 917 637.000000
108 109 635.000000
738 739 626.000000
1304 1326 624.000000
995 996 621.000000
805 827 618.000000
1006 1007 618.000000
669 670 614.000000
346 347 613.000000
1002 10330 613.000000
1023 10249 613.000000
1065 1066 609.000000
88 89 604.000000
89 90 604.000000
1147 1148 602.000000
849 871 600.000000
1001 10401 592.000000
735 736 591.000000
276 298 584.000000
159 160 580.000000
1328 1350 577.000000
1503 1525 577.000000
1245 1267 575.000000
1000 10565 574.000000
364 365 573.000000
1039 1040 571.000000
1567 1568 569.000000
1203 1204 567.000000
1204 1205 567.000000
1205 1206 567.000000
1007 1008 566.000000
1214 1236 565.000000
50 72 554.000000
892 914 552.000000
90 91 551.000000
91 92 551.000000
92 93 551.000000
93 94 551.000000
1040 10731 551.000000
1040 10932 551.000000
1070 1092 549.000000
1478 1479 544.000000
1047 10577 538.000000
11 12 535.000000
12 13 535.000000
13 14 535.000000
279 301 530.000000
115 116 529.000000
1009 10378 529.000000
44 65 528.000000
64 65 528.000000
1547 1569 524.000000
1413 1414 517.000000
865 887 511.000000
1001 10331 510.000000
1001 10270 508.000000
1565 1566 506.000000
1003 10971 503.000000
633 655 502.000000
147 148 498.000000
148 149 498.000000
1045 10901 497.000000
145 167 493.000000
1113 1135 493.000000
763 785 488.000000
388 389 479.000000
389 390 479.000000
44 45 477.000000
45 46 477.000000
1006 10327 468.000000
1004 10130 464.000000
1061 1062 459.000000
1310 1311 459.000000
777 778 457.000000
1163 1164 457.000000
1006 10523 454.000000
46 47 445.000000
1006 10064 441.000000
604 605 437.000000
1029 1030 437.000000
1030 1031 437.000000
1001 10114 430.000000
760 782 427.000000
1050 10751 427.000000
68 69 421.000000
1065 1087 420.000000
146 168 418.000000
712 713 418.000000
1137 1138 418.000000
557 558 416.000000
558 559 416.000000
804 826 416.000000
1206 1207 416.000000
1017 1018 412.000000
1018 10944 412.000000
567 568 410.000000
1117 1118 409.000000
1118 1119 409.000000
162 184 405.000000
566 567 404.000000
66 67 402.000000
67 68 402.000000
1029 10436 402.000000
1048 10998 401.000000
984 985 399.000000
1025 10985 399.000000
1068 10819 398.000000
29 51 397.000000
74 96 396.000000
1568 1569 394.000000
149 150 392.000000
565 566 392.000000
543 544 388.000000
1307 1329 388.000000
1212 1213 387.000000
654 655 386.000000
1184 1185 385.000000
1004 10203 384.000000
677 678 381.000000
1024 10392 381.000000
1116 1117 378.000000
734 735 377.000000
1004 10375 376.000000
1004 10886 376.000000
66 87 374.000000
86 87 374.000000
238 239 374.000000
1000 10476 374.000000
325 326 373.000000
1022 10831 372.000000
1094 1095 367.000000
1095 1096 367.000000
69 70 365.000000
70 71 365.000000
71 72 365.000000
589 590 365.000000
1008 10255 364.000000
150 151 360.000000
1003 10435 355.000000
408 409 354.000000
407 408 353.000000
561 562 351.000000
562 563 351.000000
563 564 351.000000
564 565 351.000000
1024 10850 348.000000
1162 1163 348.000000
1024 10415 347.000000
1138 1139 345.000000
1139 1140 345.000000
587 609 344.000000
1391 1392 342.000000
10 11 340.000000
1024 10689 340.000000
1125 1126 340.000000
1025 10668 338.000000
1046 10953 338.000000
85 86 337.000000
236 258 335.000000
365 387 335.000000
1109 1110 334.000000
286 287 332.000000
286 307 332.000000
287 288 332.000000
288 289 332.000000
289 290 332.000000
304 305 332.000000
305 306 332.000000
306 307 332.000000
1003 10180 332.000000
264 265 328.000000
264 285 328.000000
265 266 328.000000
266 267 328.000000
267 268 328.000000
282 283 328.000000
283 284 328.000000
284 285 328.000000
583 584 328.000000
325 347 326.000000
10 10345 322.000000
176 177 322.000000
176 197 322.000000
177 178 322.000000
178 179 322.000000
179 180 322.000000
180 181 322.000000
195 196 322.000000
196 197 322.000000
181 182 318.000000
1050 10927 317.000000
429 430 314.000000
1029 10455 314.000000
268 269 312.000000
183 205 309.000000
234 256 308.000000
1040 10711 306.000000
132 133 304.000000
132 153 304.000000
133 134 304.000000
134 135 304.000000
135 136 304.000000
136 137 304.000000
137 138 304.000000
152 153 304.000000
1019 10898 304.000000
1029 10293 302.000000
1029 10583 302.000000
1050 10846 302.000000
1001 10969 300.000000
1018 10835 299.000000
1144 1165 297.000000
1164 1165 297.000000
1003 10613 296.000000
459 481 295.000000
985 986 295.000000
986 987 295.000000
848 870 294.000000
1419 1420 294.000000
260 282 290.000000
31 53 287.000000
1006 10431 286.000000
1006 10561 286.000000
1006 10844 285.000000
1048 10609 285.000000
1144 1145 285.000000
1145 1146 285.000000
1146 1147 285.000000
320 342 283.000000
1504 1526 283.000000
1048 10762 279.000000
1073 1074 279.000000
1074 1075 279.000000
1045 10618 278.000000
1049 10995 273.000000
1506 1507 265.000000
192 214 264.000000
160 182 260.000000
1006 10340 258.000000
1006 10553 257.000000
785 786 256.000000
1170 1192 256.000000
1484 1485 256.000000
676 698 251.000000
1004 10387 250.000000
1004 10730 250.000000
1093 10961 250.000000
1194 1216 250.000000
1004 10868 249.000000
1024 10493 248.000000
198 199 247.000000
198 219 247.000000
199 200 247.000000
200 201 247.000000
201 202 247.000000
202 203 247.000000
217 218 247.000000
218 219 247.000000
1002 10618 247.000000
1180 1202 247.000000
1223 1224 244.000000
138 160 243.000000
1166 1167 241.000000
1166 1187 241.000000
1167 1168 241.000000
1185 1186 241.000000
1186 1187 241.000000
1031 10378 239.000000
608 630 238.000000
1000 10025 238.000000
1038 1039 238.000000
1326 1348 238.000000
1071 10981 237.000000
553 554 234.000000
554 555 234.000000
555 556 234.000000
556 557 234.000000
1023 1045 234.000000
1544 1545 234.000000
698 699 233.000000
1003 10669 228.000000
1004 10310 228.000000
1025 10260 228.000000
226 248 227.000000
590 591 227.000000
1004 10363 227.000000
1027 10358 227.000000
1027 10818 227.000000
1569 1570 227.000000
1017 10856 225.000000
98 99 224.000000
100 101 224.000000
101 102 224.000000
1004 10239 224.000000
269 291 223.000000
582 583 221.000000
1026 10733 218.000000
1092 10923 218.000000
75 97 216.000000
1000 10256 216.000000
363 364 215.000000
1001 10325 215.000000
213 235 214.000000
1072 1094 214.000000
1007 10643 212.000000
1018 10852 212.000000
1027 10502 212.000000
1027 10740 212.000000
1004 10142 211.000000
1026 10868 211.000000
1004 10696 209.000000
1024 10922 209.000000
1026 10696 209.000000
1300 1301 209.000000
742 743 208.000000
1027 10600 208.000000
1040 10474 208.000000
1017 10635 207.000000
1026 10435 207.000000
894 916 206.000000
1027 10924 206.000000
1040 10411 206.000000
214 236 204.000000
543 565 204.000000
589 611 204.000000
652 674 203.000000
1004 10510 203.000000
1004 10862 203.000000
1049 10997 203.000000
10 10794 202.000000
1008 1009 202.000000
1071 1093 202.000000
1001 10369 201.000000
1026 10351 201.000000
1026 10363 201.000000
603 604 200.000000
821 843 200.000000
1026 10310 200.000000
1028 10553 200.000000
1031 1032 200.000000
1004 10837 199.000000
1028 10340 199.000000
1003 10857 198.000000
1027 10947 197.000000
1046 10979 197.000000
1050 10643 197.000000
102 103 196.000000
103 104 196.000000
104 105 196.000000
105 106 196.000000
106 107 196.000000
172 173 196.000000
1092 10997 196.000000
169 191 195.000000
1003 10081 194.000000
632 654 193.000000
1047 10972 193.000000
1282 1304 193.000000
10 10836 192.000000
300 322 192.000000
1025 10613 192.000000
1027 10488 191.000000
1397 1398 191.000000
1073 10778 190.000000
258 280 188.000000
866 888 188.000000
1047 10475 188.000000
1047 10486 188.000000
1047 10593 188.000000
1047 10619 188.000000
1047 10879 188.000000
347 369 187.000000
1061 10635 187.000000
1376 1377 187.000000
10 10101 186.000000
205 227 186.000000
1028 10431 186.000000
1028 10561 186.000000
1047 10532 186.000000
1003 10271 185.000000
1028 10844 185.000000
1070 10762 185.000000
1070 10947 185.000000
203 225 184.000000
961 962 184.000000
1070 10924 184.000000
1289 1290 184.000000
1006 10204 183.000000
1026 10387 183.000000
1026 10730 183.000000
1215 1237 183.000000
1003 10702 182.000000
1006 10678 182.000000
1051 1052 182.000000
1052 1053 182.000000
1092 10981 182.000000
544 545 181.000000
161 183 180.000000
1024 10413 179.000000
828 850 178.000000
1004 10244 178.000000
1050 1051 178.000000
623 624 177.000000
216 217 176.000000
1026 10335 175.000000
624 625 174.000000
324 346 173.000000
10 32 172.000000
204 226 172.000000
545 546 172.000000
962 963 172.000000
1004 10265 172.000000
1003 10347 171.000000
1026 10414 171.000000
1026 10763 171.000000
1026 10895 171.000000
1026 10940 171.000000
343 365 170.000000
915 937 170.000000
963 964 170.000000
1050 10583 169.000000
1061 10856 168.000000
1188 1189 167.000000
1188 1209 167.000000
1189 1190 167.000000
1207 1208 167.000000
1208 1209 167.000000
1049 10678 166.000000
413 414 165.000000
414 415 165.000000
1004 10279 165.000000
1004 10426 165.000000
1069 10763 165.000000
1069 10895 165.000000
31 32 164.000000
1003 10246 164.000000
1004 10163 164.000000
1004 10428 163.000000
1004 10372 162.000000
1072 10846 162.000000
1004 10532 161.000000
147 169 160.000000
1004 10857 160.000000
1023 10509 160.000000
1027 10329 159.000000
1241 1263 158.000000
1004 10346 157.000000
10 10295 156.000000
1004 10486 156.000000
1023 10883 156.000000
1070 10818 155.000000
256 278 154.000000
560 561 154.000000
1004 10663 154.000000
1004 10920 154.000000
1125 1147 154.000000
237 259 153.000000
1092 1114 153.000000
415 437 152.000000
437 459 152.000000
1004 10432 152.000000
1004 10996 151.000000
303 304 149.000000
452 453 149.000000
151 152 148.000000
248 270 148.000000
1071 10995 148.000000
107 129 147.000000
544 566 147.000000
1004 10586 147.000000
1004 10269 146.000000
495 496 145.000000
390 391 144.000000
1047 10985 144.000000
1070 10879 144.000000
1210 1211 144.000000
1210 1231 144.000000
1211 1212 144.000000
1229 1230 144.000000
1230 1231 144.000000
453 454 143.000000
454 455 143.000000
455 456 143.000000
456 457 143.000000
457 458 143.000000
458 459 143.000000
631 653 142.000000
1026 10486 142.000000
1093 1115 142.000000
22 23 141.000000
23 24 141.000000
546 568 141.000000
1002 10677 140.000000
10 10328 139.000000
1002 1024 139.000000
1004 10121 139.000000
1004 10308 139.000000
1004 10475 139.000000
1004 10593 139.000000
1004 10619 139.000000
1004 10972 139.000000
1028 10678 139.000000
590 612 138.000000
1004 10879 138.000000
1458 1480 138.000000
935 957 136.000000
1002 10922 136.000000
1044 10738 136.000000
257 279 135.000000
1001 10254 135.000000
1004 10349 135.000000
1029 10643 133.000000
1046 1068 133.000000
1105 1106 132.000000
1106 1107 132.000000
1107 1108 132.000000
1108 1109 132.000000
1152 1174 132.000000
559 560 130.000000
1048 10502 130.000000
1048 10740 130.000000
30 52 129.000000
936 958 129.000000
1026 10432 129.000000
594 595 128.000000
595 596 128.000000
675 697 128.000000
1023 10777 128.000000
1023 10810 128.000000
572 593 127.000000
579 580 127.000000
580 581 127.000000
591 592 127.000000
592 593 127.000000
806 828 127.000000
953 975 127.000000
292 314 126.000000
539 540 126.000000
937 959 126.000000
1003 10950 126.000000
721 722 125.000000
1048 10733 125.000000
1070 10863 125.000000
572 573 123.000000
573 574 123.000000
119 120 122.000000
120 121 122.000000
121 122 122.000000
122 123 122.000000
123 124 122.000000
129 151 122.000000
149 171 122.000000
940 941 122.000000
941 942 122.000000
942 943 122.000000
1003 10938 122.000000
1024 10618 122.000000
1026 10372 122.000000
1027 10379 122.000000
1027 10863 122.000000
1045 10821 122.000000
1131 1153 122.000000
1354 1355 122.000000
24 25 121.000000
1023 10476 121.000000
1438 1460 121.000000
1024 10421 120.000000
1047 10894 120.000000
1093 10981 120.000000
107 108 119.000000
566 588 118.000000
575 576 118.000000
576 577 118.000000
577 578 118.000000
578 579 118.000000
1023 10775 118.000000
761 783 117.000000
1048 10818 117.000000
1024 10982 116.000000
871 893 115.000000
1200 1222 115.000000
1224 1225 115.000000
1225 1226 115.000000
1226 1227 115.000000
1227 1228 115.000000
1228 1229 115.000000
518 519 114.000000
519 520 114.000000
520 521 114.000000
610 632 113.000000
1023 10450 113.000000
1023 10505 113.000000
1023 10506 113.000000
1023 10783 113.000000
616 637 112.000000
634 635 112.000000
635 636 112.000000
636 637 112.000000
891 913 112.000000
1004 10221 112.000000
1004 10733 112.000000
1023 10848 112.000000
1023 10902 112.000000
1023 10921 112.000000
1018 10711 111.000000
1072 10927 111.000000
603 625 110.000000
1178 1200 110.000000
1026 10972 109.000000
1289 1311 109.000000
1351 1373 109.000000
73 95 108.000000
1047 10763 108.000000
1047 10895 108.000000
1435 1457 108.000000
807 808 107.000000
1018 10286 107.000000
181 203 106.000000
843 865 106.000000
1023 10808 106.000000
799 800 105.000000
1002 10487 105.000000
1026 10308 105.000000
1026 10426 105.000000
1026 10475 105.000000
1026 10593 105.000000
1026 10619 105.000000
1026 10879 105.000000
1026 10279 104.000000
1001 10357 102.000000
1001 10811 102.000000
1001 10946 102.000000
1001 10949 102.000000
1001 10955 102.000000
1023 10877 102.000000
1026 10532 102.000000
225 247 101.000000
594 615 100.000000
612 613 100.000000
613 614 100.000000
614 615 100.000000
1002 10554 100.000000
1070 10972 100.000000
1104 1105 100.000000
930 931 99.000000
1023 10603 99.000000
1023 10841 99.000000
538 539 98.000000
1004 10351 98.000000
1048 10868 98.000000
1071 10997 98.000000
1111 1133 98.000000
1332 1354 97.000000
124 125 96.000000
125 126 96.000000
126 127 96.000000
127 128 96.000000
128 129 96.000000
290 291 96.000000
333 334 96.000000
1023 10380 96.000000
1023 10816 96.000000
1047 10613 96.000000
1190 1191 96.000000
387 409 95.000000
330 331 94.000000
331 332 94.000000
332 333 94.000000
182 204 93.000000
487 488 93.000000
488 489 93.000000
489 490 93.000000
490 491 93.000000
491 492 93.000000
492 493 93.000000
493 494 93.000000
648 670 93.000000
1024 10694 93.000000
1048 10488 93.000000
1048 10600 93.000000
1048 10730 93.000000
1048 10924 93.000000
1088 1110 93.000000
1089 10953 93.000000
778 800 92.000000
1091 10977 92.000000
531 532 91.000000
532 533 91.000000
533 534 91.000000
534 535 91.000000
713 735 91.000000
1003 10143 91.000000
1048 10947 91.000000
1089 10901 91.000000
1256 1257 91.000000
535 536 90.000000
536 537 90.000000
537 538 90.000000
762 784 90.000000
1012 1013 90.000000
1012 1033 90.000000
1013 1014 90.000000
1014 1015 90.000000
1015 1016 90.000000
1032 1033 90.000000
1219 1241 90.000000
655 656 89.000000
1023 10703 89.000000
1023 10951 89.000000
1048 10863 89.000000
330 351 88.000000
347 348 88.000000
348 349 88.000000
349 350 88.000000
350 351 88.000000
1044 10575 88.000000
42 64 87.000000
1024 10752 87.000000
1044 10718 87.000000
22 43 86.000000
42 43 86.000000
960 982 86.000000
1026 10265 86.000000
1044 10640 86.000000
1044 10788 86.000000
1044 10842 86.000000
1062 10932 86.000000
1001 10745 85.000000
1016 1017 85.000000
1062 10731 85.000000
1096 1097 85.000000
1119 1120 85.000000
616 617 84.000000
617 618 84.000000
1068 10850 84.000000
168 190 83.000000
1044 10934 83.000000
409 410 82.000000
410 411 82.000000
411 412 82.000000
719 741 82.000000
1045 10493 82.000000
1155 1177 82.000000
1002 10627 81.000000
1415 1437 81.000000
1543 1544 81.000000
784 806 80.000000
1002 10305 80.000000
1002 10446 80.000000
299 321 79.000000
1002 10542 79.000000
1004 10184 78.000000
1004 10414 78.000000
1004 10940 78.000000
1044 10568 78.000000
1044 10831 78.000000
1068 10689 77.000000
1192 1214 77.000000
647 669 76.000000
1044 10664 76.000000
1044 10965 76.000000
1100 1121 76.000000
1120 1121 76.000000
282 304 75.000000
673 695 75.000000
1002 10665 75.000000
1001 10821 74.000000
1045 10681 74.000000
1100 1101 74.000000
1101 1102 74.000000
1102 1103 74.000000
1479 1501 74.000000
301 323 72.000000
399 400 72.000000
400 401 72.000000
401 402 72.000000
402 403 72.000000
403 404 72.000000
404 405 72.000000
405 406 72.000000
406 407 72.000000
872 894 72.000000
1090 1112 72.000000
212 234 71.000000
1026 10857 71.000000
254 276 70.000000
1002 10190 70.000000
1026 10271 70.000000
1026 10702 70.000000
1391 1413 70.000000
1002 10544 69.000000
1191 1213 69.000000
1263 1285 69.000000
1392 1414 69.000000
655 677 68.000000
1000 10225 68.000000
1001 10665 68.000000
1062 10711 68.000000
651 673 67.000000
1002 10713 67.000000
1002 10964 67.000000
1026 10550 67.000000
1026 10910 67.000000
663 664 66.000000
664 665 66.000000
665 666 66.000000
666 667 66.000000
667 668 66.000000
1045 10487 66.000000
1278 1279 66.000000
1546 1568 66.000000
1222 1244 65.000000
496 497 64.000000
497 498 64.000000
498 499 64.000000
596 597 64.000000
597 598 64.000000
598 599 64.000000
599 600 64.000000
646 647 64.000000
1026 10977 64.000000
1088 10902 64.000000
1088 10921 64.000000
1089 10979 64.000000
1068 10953 63.000000
1088 10883 63.000000
308 309 61.000000
308 329 61.000000
309 310 61.000000
310 311 61.000000
326 327 61.000000
327 328 61.000000
328 329 61.000000
1018 10391 61.000000
1018 10590 61.000000
1047 10857 61.000000
1068 1090 61.000000
1437 1459 61.000000
75 76 60.000000
76 77 60.000000
77 78 60.000000
78 79 60.000000
79 80 60.000000
80 81 60.000000
81 82 60.000000
82 83 60.000000
83 84 60.000000
84 85 60.000000
311 312 60.000000
312 313 60.000000
357 358 60.000000
358 359 60.000000
359 360 60.000000
360 361 60.000000
361 362 60.000000
362 363 60.000000
1005 10715 60.000000
1075 1097 60.000000
1078 1079 60.000000
1079 1080 60.000000
1080 1081 60.000000
1081 1082 60.000000
1094 1116 60.000000
1005 1027 59.000000
1005 10438 59.000000
1046 10669 59.000000
1571 1572 59.000000
28 50 58.000000
32 54 58.000000
638 639 58.000000
1078 1099 58.000000
1097 1098 58.000000
1098 1099 58.000000
1244 1266 58.000000
660 681 57.000000
678 679 57.000000
679 680 57.000000
680 681 57.000000
739 761 57.000000
1004 10489 57.000000
1004 10774 57.000000
1175 1197 57.000000
124 146 56.000000
611 633 56.000000
1174 1196 56.000000
1548 1549 56.000000
22 44 55.000000
990 991 55.000000
991 992 55.000000
992 993 55.000000
993 994 55.000000
994 995 55.000000
1010 1011 55.000000
1213 1235 55.000000
1260 1282 55.000000
370 371 54.000000
1018 10999 54.000000
1067 10982 54.000000
600 601 53.000000
601 602 53.000000
602 603 53.000000
779 801 53.000000
1147 1169 53.000000
1240 1262 53.000000
782 804 52.000000
914 936 52.000000
1004 10865 52.000000
1004 10956 52.000000
1025 10669 52.000000
1067 10811 52.000000
1067 10949 52.000000
1067 10955 52.000000
63 85 50.000000
909 931 50.000000
917 918 50.000000
918 919 50.000000
919 920 50.000000
920 921 50.000000
1460 1482 50.000000
216 238 49.000000
369 370 49.000000
1002 10469 49.000000
1005 10687 49.000000
1023 10331 49.000000
1149 1171 49.000000
1246 1247 49.000000
1247 1248 49.000000
1248 1249 49.000000
1249 1250 49.000000
1250 1251 49.000000
902 903 48.000000
902 923 48.000000
903 904 48.000000
904 905 48.000000
905 906 48.000000
906 907 48.000000
907 908 48.000000
921 922 48.000000
922 923 48.000000
1005 10976 48.000000
618 619 47.000000
770 771 47.000000
1024 10627 47.000000
302 324 46.000000
699 721 46.000000
1056 1077 46.000000
1067 10721 46.000000
1075 1076 46.000000
1076 1077 46.000000
1136 1158 46.000000
1417 1439 46.000000
1461 1483 46.000000
574 575 45.000000
668 669 45.000000
783 805 45.000000
1034 1035 45.000000
1035 1036 45.000000
1036 1037 45.000000
1037 1038 45.000000
1056 1057 45.000000
1057 1058 45.000000
1058 1059 45.000000
1059 1060 45.000000
1234 1235 45.000000
194 216 44.000000
728 729 44.000000
729 730 44.000000
730 731 44.000000
731 732 44.000000
732 733 44.000000
1023 10745 44.000000
1027 10663 44.000000
1027 10920 44.000000
1034 1055 44.000000
1053 1054 44.000000
1054 1055 44.000000
770 791 43.000000
786 787 43.000000
787 788 43.000000
788 789 43.000000
789 790 43.000000
790 791 43.000000
1023 10256 43.000000
1023 10969 43.000000
1026 10347 43.000000
1103 1104 43.000000
150 172 42.000000
509 510 42.000000
510 511 42.000000
511 512 42.000000
512 513 42.000000
513 514 42.000000
514 515 42.000000
515 516 42.000000
1026 10769 42.000000
1026 10789 42.000000
1459 1481 42.000000
1501 1523 42.000000
151 173 41.000000
281 303 41.000000
303 325 41.000000
521 522 41.000000
522 523 41.000000
523 524 41.000000
524 525 41.000000
550 551 41.000000
551 552 41.000000
638 659 41.000000
656 657 41.000000
657 658 41.000000
658 659 41.000000
827 849 41.000000
899 921 41.000000
968 969 41.000000
968 989 41.000000
969 970 41.000000
970 971 41.000000
971 972 41.000000
988 989 41.000000
1024 10330 41.000000
1024 10529 41.000000
1024 10665 41.000000
1027 10586 41.000000
116 138 40.000000
232 254 40.000000
660 661 40.000000
661 662 40.000000
662 663 40.000000
958 980 40.000000
972 973 40.000000
1005 10244 40.000000
1025 1047 40.000000
1027 10428 40.000000
462 463 39.000000
463 464 39.000000
517 518 39.000000
692 714 39.000000
1024 1046 39.000000
1220 1242 39.000000
63 64 38.000000
462 483 38.000000
481 482 38.000000
482 483 38.000000
586 608 38.000000
717 739 38.000000
822 844 38.000000
987 988 38.000000
1022 1044 38.000000
1507 1508 38.000000
1508 1509 38.000000
1509 1510 38.000000
1510 1511 38.000000
550 571 37.000000
569 570 37.000000
570 571 37.000000
1002 10421 37.000000
1026 10894 37.000000
1049 1071 37.000000
1088 10951 37.000000
280 302 36.000000
499 521 36.000000
851 873 36.000000
873 895 36.000000
1001 10529 36.000000
1004 10910 36.000000
1023 10325 36.000000
1024 10487 36.000000
1463 1464 36.000000
1528 1529 36.000000
1570 1571 36.000000
344 366 35.000000
412 413 35.000000
677 699 35.000000
895 896 35.000000
1004 10550 35.000000
1018 10234 35.000000
1018 10449 35.000000
1026 10301 35.000000
1026 10824 35.000000
1027 10346 35.000000
1027 10375 35.000000
1027 10886 35.000000
1027 10996 35.000000
1047 10550 35.000000
1047 10910 35.000000
217 239 34.000000
396 397 34.000000
396 417 34.000000
397 398 34.000000
398 399 34.000000
415 416 34.000000
416 417 34.000000
431 432 34.000000
432 433 34.000000
433 434 34.000000
962 984 34.000000
1023 10280 34.000000
1047 10717 34.000000
1088 10969 34.000000
1196 1218 34.000000
1350 1372 34.000000
1529 1530 34.000000
1530 1531 34.000000
1531 1532 34.000000
352 373 33.000000
371 372 33.000000
372 373 33.000000
750 751 33.000000
751 752 33.000000
752 753 33.000000
753 754 33.000000
754 755 33.000000
823 845 33.000000
1001 1023 33.000000
1004 10059 33.000000
1004 10263 33.000000
1004 10638 33.000000
1089 10982 33.000000
1091 1113 33.000000
1137 1159 33.000000
66 88 32.000000
259 281 32.000000
896 897 32.000000
897 898 32.000000
898 899 32.000000
1001 10148 32.000000
1010 1032 32.000000
1018 10207 32.000000
1027 10687 32.000000
1027 10976 32.000000
1047 1069 32.000000
506 527 31.000000
516 517 31.000000
525 526 31.000000
526 527 31.000000
546 547 31.000000
1004 10246 31.000000
1047 10977 31.000000
1103 1125 31.000000
1156 1178 31.000000
1549 1550 31.000000
506 507 30.000000
507 508 30.000000
619 620 30.000000
620 621 30.000000
621 622 30.000000
622 623 30.000000
1005 10782 30.000000
1005 10948 30.000000
1023 10659 30.000000
1148 1170 30.000000
1441 1442 30.000000
334 335 29.000000
800 822 29.000000
1026 10364 29.000000
1026 10717 29.000000
1048 10696 29.000000
1122 1123 29.000000
1123 1124 29.000000
1124 1125 29.000000
1232 1233 29.000000
1232 1253 29.000000
1233 1234 29.000000
1251 1252 29.000000
1252 1253 29.000000
72 94 28.000000
102 124 28.000000
499 500 28.000000
594 616 28.000000
735 757 28.000000
973 974 28.000000
171 193 27.000000
352 353 27.000000
353 354 27.000000
354 355 27.000000
565 587 27.000000
755 756 27.000000
1023 10270 27.000000
1023 10357 27.000000
1023 10369 27.000000
1023 10811 27.000000
1023 10949 27.000000
1023 10955 27.000000
1173 1195 27.000000
54 55 26.000000
55 56 26.000000
56 57 26.000000
57 58 26.000000
58 59 26.000000
59 60 26.000000
60 61 26.000000
61 62 26.000000
62 63 26.000000
1009 1010 26.000000
1024 10446 26.000000
1024 10542 26.000000
1027 10782 26.000000
1027 10948 26.000000
1069 10702 26.000000
1285 1307 26.000000
474 475 25.000000
475 476 25.000000
476 477 25.000000
477 478 25.000000
478 479 25.000000
479 480 25.000000
480 481 25.000000
629 651 25.000000
654 676 25.000000
917 939 25.000000
1004 10894 25.000000
1023 10721 25.000000
1023 10946 25.000000
1457 1479 25.000000
1000 10703 24.000000
1024 10554 24.000000
1071 10998 24.000000
1370 1392 24.000000
1394 1416 24.000000
641 663 23.000000
696 718 23.000000
1004 10062 23.000000
1022 10386 23.000000
1068 10796 23.000000
733 734 22.000000
940 962 22.000000
1001 10399 22.000000
1004 10364 22.000000
1004 10717 22.000000
1044 10659 22.000000
1070 10730 22.000000
1070 10868 22.000000
1171 1193 22.000000
1264 1286 22.000000
1395 1417 22.000000
1526 1548 22.000000
172 194 21.000000
355 356 21.000000
371 393 21.000000
393 415 21.000000
568 569 21.000000
695 717 21.000000
952 974 21.000000
1002 10796 21.000000
1017 10276 21.000000
1024 10796 21.000000
1024 10979 21.000000
1050 10523 21.000000
1060 1061 21.000000
1061 10835 21.000000
1070 10886 21.000000
1070 10996 21.000000
144 166 20.000000
166 188 20.000000
167 189 20.000000
268 290 20.000000
500 501 20.000000
501 502 20.000000
502 503 20.000000
740 762 20.000000
785 807 20.000000
870 892 20.000000
1029 10844 20.000000
1045 1067 20.000000
1142 1164 20.000000
1153 1175 20.000000
528 529 19.000000
528 549 19.000000
529 530 19.000000
547 548 19.000000
548 549 19.000000
826 848 19.000000
1044 1066 19.000000
1061 10944 19.000000
356 357 18.000000
494 495 18.000000
913 935 18.000000
1001 10493 18.000000
1001 10694 18.000000
1001 10752 18.000000
1004 10045 18.000000
1004 10237 18.000000
1004 10769 18.000000
1004 10789 18.000000
1018 1040 18.000000
1022 10407 18.000000
1022 10842 18.000000
1068 10979 18.000000
1069 1091 18.000000
1550 1551 18.000000
567 589 17.000000
619 641 17.000000
638 660 17.000000
887 909 17.000000
1003 1025 17.000000
1023 10277 17.000000
1066 10842 17.000000
1122 1143 17.000000
1142 1143 17.000000
1416 1438 17.000000
215 237 16.000000
521 543 16.000000
581 582 16.000000
605 627 16.000000
1000 10450 16.000000
1000 10484 16.000000
1000 10505 16.000000
1000 10506 16.000000
1000 10775 16.000000
1000 10783 16.000000
1000 10848 16.000000
1000 10902 16.000000
1000 10921 16.000000
1000 10951 16.000000
1000 10969 16.000000
1050 10553 16.000000
1050 10561 16.000000
1060 1082 16.000000
1168 1169 16.000000
1169 1191 16.000000
1197 1219 16.000000
1500 1501 16.000000
1521 1522 16.000000
1521 1543 16.000000
1523 1545 16.000000
530 531 15.000000
742 764 15.000000
756 778 15.000000
1002 10979 15.000000
1022 10250 15.000000
1022 10568 15.000000
1022 10575 15.000000
1022 10640 15.000000
1022 10664 15.000000
1022 10718 15.000000
1022 10788 15.000000
1022 10965 15.000000
1023 10681 15.000000
1023 10821 15.000000
1090 10985 15.000000
1298 1299 15.000000
1298 1319 15.000000
1311 1312 15.000000
1312 1313 15.000000
1313 1314 15.000000
1314 1315 15.000000
1315 1316 15.000000
1316 1317 15.000000
1317 1318 15.000000
1318 1319 15.000000
211 233 14.000000
255 277 14.000000
630 652 14.000000
741 763 14.000000
1001 10249 14.000000
1004 10301 14.000000
1004 10824 14.000000
1045 10982 14.000000
1047 10702 14.000000
1048 10586 14.000000
1092 10924 14.000000
1092 10947 14.000000
270 292 13.000000
734 756 13.000000
961 983 13.000000
1001 10280 13.000000
1001 10681 13.000000
1044 10509 13.000000
1045 10542 13.000000
1045 10554 13.000000
1045 10627 13.000000
1050 10844 13.000000
1083 10932 13.000000
377 399 12.000000
503 525 12.000000
704 705 12.000000
704 725 12.000000
705 706 12.000000
722 723 12.000000
723 724 12.000000
724 725 12.000000
973 995 12.000000
1000 10028 12.000000
1000 10167 12.000000
1000 10179 12.000000
1000 10250 12.000000
1000 10386 12.000000
1000 10407 12.000000
1000 10568 12.000000
1000 10575 12.000000
1000 10640 12.000000
1000 10664 12.000000
1000 10718 12.000000
1000 10788 12.000000
1000 10831 12.000000
1000 10842 12.000000
1000 10965 12.000000
1004 1026 12.000000
1038 10635 12.000000
1066 10816 12.000000
1069 10985 12.000000
1087 1109 12.000000
1097 1119 12.000000
1122 1144 12.000000
1018 10272 11.000000
1018 10411 11.000000
1018 10474 11.000000
1048 10886 11.000000
1048 10996 11.000000
1093 10995 11.000000
1550 1572 11.000000
298 320 10.000000
612 634 10.000000
1007 1029 10.000000
1029 10327 10.000000
1044 10603 10.000000
1044 10721 10.000000
1044 10777 10.000000
1044 10808 10.000000
1044 10810 10.000000
1044 10811 10.000000
1044 10816 10.000000
1044 10841 10.000000
1044 10877 10.000000
1044 10883 10.000000
1044 10946 10.000000
1044 10949 10.000000
1044 10955 10.000000
1066 10934 10.000000
1134 1156 10.000000
1276 1277 10.000000
1276 1297 10.000000
1277 1278 10.000000
1290 1291 10.000000
1291 1292 10.000000
1292 1293 10.000000
1293 1294 10.000000
1294 1295 10.000000
1295 1296 10.000000
1296 1297 10.000000
54 76 9.000000
76 98 9.000000
355 377 9.000000
465 487 9.000000
545 567 9.000000
829 851 9.000000
851 852 9.000000
852 853 9.000000
853 854 9.000000
854 855 9.000000
855 877 9.000000
877 899 9.000000
1038 10856 9.000000
1073 10751 9.000000
1092 10998 9.000000
1120 1142 9.000000
1154 1176 9.000000
1522 1544 9.000000
163 185 8.000000
193 215 8.000000
500 522 8.000000
508 509 8.000000
522 544 8.000000
609 631 8.000000
691 713 8.000000
974 996 8.000000
1048 1070 8.000000
1066 10664 8.000000
1066 10718 8.000000
1066 10788 8.000000
1066 10831 8.000000
1066 10965 8.000000
1067 10694 8.000000
1067 10821 8.000000
1072 10844 8.000000
1548 1570 8.000000
173 195 7.000000
431 453 7.000000
443 444 7.000000
443 465 7.000000
444 445 7.000000
445 446 7.000000
446 447 7.000000
447 448 7.000000
448 449 7.000000
449 450 7.000000
450 451 7.000000
487 509 7.000000
682 683 7.000000
682 703 7.000000
683 684 7.000000
699 700 7.000000
700 701 7.000000
701 702 7.000000
702 703 7.000000
1001 10277 7.000000
1001 10659 7.000000
1029 10523 7.000000
1066 1088 7.000000
1067 10681 7.000000
1329 1351 7.000000
330 352 6.000000
472 473 6.000000
473 474 6.000000
669 691 6.000000
697 719 6.000000
720 742 6.000000
755 777 6.000000
869 891 6.000000
965 987 6.000000
1016 1038 6.000000
1045 10529 6.000000
1045 10665 6.000000
1045 10694 6.000000
1045 10752 6.000000
1061 1083 6.000000
1140 1141 6.000000
1141 1142 6.000000
1190 1212 6.000000
1393 1415 6.000000
1482 1504 6.000000
535 557 5.000000
552 553 5.000000
581 603 5.000000
1001 10721 5.000000
1039 10474 5.000000
1082 10856 5.000000
1087 10965 5.000000
1088 10955 5.000000
1138 1160 5.000000
1150 1172 5.000000
1172 1194 5.000000
1396 1418 5.000000
44 66 4.000000
224 246 4.000000
246 268 4.000000
550 572 4.000000
569 591 4.000000
625 647 4.000000
641 642 4.000000
642 643 4.000000
643 644 4.000000
670 692 4.000000
748 749 4.000000
748 769 4.000000
749 750 4.000000
764 765 4.000000
765 766 4.000000
766 767 4.000000
767 768 4.000000
768 769 4.000000
770 792 4.000000
792 813 4.000000
808 809 4.000000
809 810 4.000000
810 811 4.000000
811 812 4.000000
812 813 4.000000
847 869 4.000000
943 965 4.000000
1039 10391 4.000000
1039 10449 4.000000
1039 10590 4.000000
1039 10999 4.000000
1044 10450 4.000000
1044 10476 4.000000
1044 10506 4.000000
1044 10703 4.000000
1044 10775 4.000000
1044 10783 4.000000
1044 10848 4.000000
1044 10902 4.000000
1044 10921 4.000000
1044 10951 4.000000
1044 10969 4.000000
1104 1126 4.000000
1132 1154 4.000000
1254 1255 4.000000
1254 1275 4.000000
1268 1269 4.000000
1268 1290 4.000000
1269 1270 4.000000
1270 1271 4.000000
1271 1272 4.000000
1272 1273 4.000000
1273 1274 4.000000
1274 1275 4.000000
14 15 3.000000
15 16 3.000000
16 17 3.000000
17 18 3.000000
18 19 3.000000
322 344 3.000000
333 355 3.000000
377 378 3.000000
378 379 3.000000
379 380 3.000000
380 381 3.000000
381 382 3.000000
382 383 3.000000
383 384 3.000000
384 385 3.000000
624 646 3.000000
644 645 3.000000
645 646 3.000000
653 675 3.000000
674 696 3.000000
706 707 3.000000
707 708 3.000000
708 709 3.000000
709 710 3.000000
710 711 3.000000
711 712 3.000000
896 918 3.000000
918 940 3.000000
1039 10944 3.000000
1044 10484 3.000000
1044 10505 3.000000
1051 1073 3.000000
1066 10946 3.000000
1088 10946 3.000000
1088 10949 3.000000
1105 1127 3.000000
1151 1173 3.000000
1179 1201 3.000000
1525 1547 3.000000
10 1572 2.000000
19 41 2.000000
41 63 2.000000
465 466 2.000000
466 467 2.000000
467 468 2.000000
468 469 2.000000
469 470 2.000000
470 471 2.000000
471 472 2.000000
539 561 2.000000
639 640 2.000000
640 641 2.000000
718 740 2.000000
886 887 2.000000
959 981 2.000000
963 985 2.000000
964 965 2.000000
1066 10703 2.000000
1066 10775 2.000000
1066 10783 2.000000
1066 10848 2.000000
1066 10902 2.000000
1066 10921 2.000000
1066 10951 2.000000
1066 10969 2.000000
1067 10752 2.000000
1078 1100 2.000000
1413 1435 2.000000
1544 1566 2.000000
19 20 1.000000
20 42 1.000000
64 86 1.000000
311 333 1.000000
462 484 1.000000
484 506 1.000000
656 678 1.000000
668 690 1.000000
690 712 1.000000
777 799 1.000000
916 938 1.000000
924 925 1.000000
924 945 1.000000
925 926 1.000000
926 927 1.000000
927 928 1.000000
928 929 1.000000
929 930 1.000000
943 944 1.000000
944 945 1.000000
957 979 1.000000
972 994 1.000000
1034 1056 1.000000
1039 10835 1.000000
1039 10852 1.000000
1040 10898 1.000000
1109 1131 1.000000
1439 1461 1.000000
1440 1462 1.000000
1480 1502 1.000000
1540 1541 1.000000
1540 1561 1.000000
1541 1542 1.000000
1542 1543 1.000000
1555 1556 1.000000
1556 1557 1.000000
1557 1558 1.000000
1558 1559 1.000000
1559 1560 1.000000
1560 1561 1.000000
1572 1573 1.000000
1573 1574 1.000000
1574 1575 1.000000
1575 1576 1.000000
