149 150 21812.000000
150 151 21812.000000
151 152 21812.000000
148 149 18637.000000
152 153 16756.000000
15 16 16124.000000
193 194 13730.000000
194 195 13730.000000
195 196 13730.000000
1164 1165 13339.000000
1120 1121 13302.000000
924 945 12229.000000
1100 1121 11835.000000
192 193 10918.000000
1119 1120 10781.000000
1185 1186 10605.000000
944 945 10532.000000
59 60 10090.000000
1184 1185 9691.000000
1186 1187 9640.000000
1208 1209 9424.000000
196 197 9375.000000
1163 1164 9364.000000
132 153 9094.000000
170 171 9087.000000
171 172 9087.000000
172 173 9087.000000
173 174 9087.000000
988 989 8860.000000
809 810 8850.000000
810 811 8850.000000
966 967 8810.000000
1334 1335 8611.000000
176 197 8322.000000
880 901 8321.000000
1162 1163 8311.000000
943 944 8308.000000
1335 1336 8175.000000
968 989 8105.000000
284 285 8075.000000
1206 1207 8043.000000
1207 1208 7995.000000
1180 1181 7655.000000
1161 1162 7490.000000
1010 1011 7397.000000
169 170 7164.000000
1181 1182 7084.000000
1178 1179 6987.000000
1179 1180 6987.000000
1183 1184 6919.000000
191 192 6900.000000
1118 1119 6803.000000
1032 1033 6748.000000
1142 1143 6680.000000
1205 1206 6651.000000
900 901 6633.000000
1224 1225 6609.000000
1144 1165 6562.000000
811 812 6525.000000
58 59 6504.000000
808 809 6466.000000
987 988 6370.000000
1056 1077 6265.000000
1182 1183 6255.000000
147 148 6245.000000
1012 1033 6143.000000
965 966 6128.000000
1222 1223 6115.000000
1009 1010 6097.000000
1229 1230 6075.000000
1098 1099 5986.000000
880 881 5938.000000
765 766 5887.000000
766 767 5887.000000
767 768 5819.000000
1141 1142 5813.000000
1225 1226 5797.000000
1140 1141 5546.000000
1160 1161 5537.000000
1223 1224 5459.000000
1336 1337 5456.000000
1228 1229 5420.000000
924 925 5271.000000
1445 1446 5263.000000
874 875 5225.000000
875 876 5225.000000
37 38 5151.000000
807 808 5145.000000
176 177 5119.000000
14 15 5109.000000
1157 1158 5081.000000
152 174 5056.000000
946 967 5030.000000
1290 1291 5029.000000
174 175 4967.000000
1221 1222 4947.000000
132 133 4944.000000
1177 1178 4910.000000
899 900 4888.000000
36 37 4870.000000
787 788 4776.000000
788 789 4776.000000
1227 1228 4722.000000
1075 1076 4686.000000
1012 1013 4676.000000
1097 1098 4664.000000
1226 1227 4617.000000
856 857 4598.000000
1008 1009 4563.000000
1273 1274 4562.000000
830 831 4547.000000
831 832 4547.000000
832 833 4547.000000
812 813 4515.000000
786 787 4514.000000
1272 1273 4508.000000
1291 1292 4458.000000
103 104 4421.000000
1158 1159 4389.000000
1159 1160 4389.000000
1271 1272 4367.000000
12 13 4366.000000
902 923 4363.000000
1076 1077 4349.000000
1139 1140 4314.000000
1337 1338 4310.000000
13 14 4250.000000
264 285 4249.000000
1030 1031 4242.000000
1201 1202 4232.000000
236 237 4218.000000
237 238 4218.000000
238 239 4218.000000
239 240 4218.000000
1074 1075 4209.000000
154 175 4159.000000
877 878 4157.000000
1204 1205 4151.000000
220 241 4130.000000
1031 1032 4125.000000
1251 1252 4092.000000
1248 1249 4067.000000
1202 1203 4047.000000
968 969 4044.000000
1489 1490 4020.000000
1312 1313 3976.000000
852 853 3965.000000
853 854 3965.000000
854 855 3965.000000
1250 1251 3957.000000
1246 1247 3956.000000
1247 1248 3956.000000
785 786 3924.000000
1292 1293 3922.000000
1203 1204 3878.000000
969 970 3859.000000
982 983 3840.000000
983 984 3840.000000
984 985 3840.000000
985 986 3840.000000
922 923 3810.000000
1338 1339 3787.000000
1295 1296 3735.000000
16 17 3720.000000
1510 1511 3681.000000
964 965 3641.000000
1294 1295 3640.000000
371 372 3637.000000
1313 1314 3623.000000
873 874 3598.000000
1488 1489 3586.000000
1117 1118 3583.000000
60 61 3554.000000
1013 1014 3534.000000
990 991 3521.000000
896 897 3428.000000
897 898 3428.000000
898 899 3428.000000
11 12 3378.000000
1096 1097 3356.000000
1249 1250 3349.000000
1293 1294 3348.000000
1424 1425 3258.000000
876 877 3256.000000
572 573 3228.000000
921 922 3211.000000
220 221 3194.000000
1444 1445 3193.000000
264 265 3167.000000
167 168 3137.000000
1078 1099 3131.000000
1056 1078 3125.000000
1466 1467 3096.000000
986 987 3092.000000
125 126 3062.000000
1270 1271 3060.000000
102 103 3019.000000
768 769 3009.000000
878 879 3003.000000
836 857 2970.000000
591 592 2939.000000
592 593 2939.000000
855 856 2938.000000
1156 1157 2936.000000
104 105 2931.000000
1380 1381 2906.000000
1244 1245 2903.000000
235 236 2882.000000
1252 1253 2871.000000
240 241 2831.000000
1509 1510 2810.000000
1356 1357 2809.000000
572 593 2805.000000
945 967 2796.000000
1358 1359 2794.000000
126 127 2780.000000
127 128 2780.000000
128 129 2780.000000
129 130 2780.000000
130 131 2780.000000
764 765 2779.000000
1355 1356 2775.000000
939 940 2762.000000
940 941 2762.000000
941 942 2762.000000
1095 1096 2754.000000
168 169 2705.000000
1314 1315 2686.000000
720 721 2682.000000
60 82 2676.000000
1339 1340 2674.000000
146 147 2652.000000
924 946 2630.000000
722 723 2599.000000
723 724 2598.000000
1200 1201 2591.000000
1487 1488 2591.000000
177 178 2574.000000
790 791 2569.000000
880 902 2565.000000
1053 1054 2547.000000
1359 1360 2536.000000
872 873 2532.000000
1511 1512 2520.000000
1268 1269 2490.000000
1121 1143 2484.000000
124 125 2458.000000
133 134 2458.000000
372 373 2439.000000
211 212 2436.000000
1467 1468 2423.000000
834 835 2416.000000
1422 1423 2415.000000
103 125 2401.000000
1360 1361 2388.000000
721 722 2385.000000
328 329 2381.000000
638 659 2380.000000
616 617 2370.000000
1465 1466 2340.000000
1245 1246 2317.000000
1056 1057 2308.000000
105 106 2292.000000
106 107 2292.000000
107 108 2292.000000
108 109 2292.000000
1425 1426 2280.000000
1113 1114 2257.000000
1114 1115 2257.000000
1026 1027 2241.000000
1027 1028 2235.000000
1116 1117 2221.000000
829 830 2209.000000
1423 1424 2204.000000
1269 1270 2201.000000
16 38 2195.000000
743 744 2193.000000
744 745 2193.000000
745 746 2193.000000
1443 1444 2191.000000
1054 1055 2187.000000
942 943 2169.000000
1028 1029 2166.000000
134 135 2161.000000
851 852 2161.000000
1010 10190 2131.000000
1115 1116 2122.000000
748 769 2117.000000
789 790 2116.000000
234 235 2110.000000
925 926 2109.000000
1421 1422 2108.000000
573 574 2102.000000
741 742 2095.000000
1138 1139 2065.000000
1357 1358 2063.000000
1004 1005 2061.000000
1005 1006 2061.000000
1006 1007 2061.000000
833 834 2044.000000
214 215 2031.000000
215 216 2031.000000
216 217 2031.000000
217 218 2031.000000
1315 1316 2029.000000
1378 1379 2015.000000
233 234 2003.000000
154 155 1966.000000
1029 1030 1966.000000
177 199 1962.000000
132 154 1950.000000
190 191 1935.000000
1577 1578 1934.000000
1316 1317 1925.000000
125 147 1900.000000
1243 1244 1899.000000
1317 1318 1889.000000
1553 1554 1889.000000
1056 10600 1879.000000
1446 1447 1871.000000
155 156 1865.000000
213 214 1848.000000
1555 1556 1845.000000
960 961 1829.000000
961 962 1829.000000
962 963 1829.000000
963 964 1829.000000
1100 1101 1810.000000
1468 1469 1807.000000
616 637 1778.000000
699 700 1763.000000
700 701 1763.000000
701 702 1763.000000
1486 1487 1762.000000
1554 1555 1745.000000
594 615 1738.000000
1112 1113 1723.000000
285 307 1719.000000
792 813 1717.000000
595 596 1700.000000
1311 1312 1691.000000
218 219 1688.000000
1003 1004 1679.000000
1379 1380 1677.000000
1052 1053 1676.000000
550 571 1665.000000
569 570 1664.000000
570 571 1664.000000
991 992 1661.000000
770 791 1659.000000
1552 1553 1637.000000
212 213 1633.000000
895 896 1612.000000
813 835 1608.000000
617 618 1600.000000
656 657 1593.000000
657 658 1593.000000
594 595 1584.000000
550 551 1581.000000
638 639 1578.000000
109 131 1568.000000
1447 1448 1551.000000
926 948 1547.000000
970 971 1523.000000
104 126 1521.000000
156 157 1515.000000
742 743 1515.000000
59 81 1510.000000
1034 1055 1483.000000
241 263 1464.000000
222 223 1455.000000
639 640 1451.000000
574 575 1449.000000
1556 1557 1447.000000
1402 1403 1444.000000
178 179 1412.000000
198 219 1412.000000
938 939 1406.000000
1230 1231 1386.000000
308 329 1382.000000
704 725 1372.000000
221 243 1366.000000
959 960 1356.000000
704 705 1353.000000
1122 1143 1336.000000
769 791 1333.000000
38 39 1328.000000
1078 1079 1326.000000
198 199 1323.000000
682 703 1320.000000
658 659 1313.000000
135 136 1300.000000
748 749 1297.000000
968 990 1286.000000
244 245 1283.000000
484 485 1279.000000
484 505 1279.000000
504 505 1279.000000
596 597 1278.000000
1135 1136 1276.000000
1136 1137 1276.000000
1137 1138 1276.000000
726 747 1258.000000
1508 1509 1252.000000
676 677 1248.000000
1134 1135 1248.000000
1578 1579 1241.000000
529 530 1234.000000
682 683 1229.000000
243 244 1218.000000
634 635 1218.000000
635 636 1218.000000
636 637 1218.000000
103 10470 1214.000000
1073 1074 1201.000000
1069 1070 1198.000000
1070 1071 1198.000000
1071 1072 1195.000000
1401 1402 1192.000000
763 764 1188.000000
902 903 1187.000000
705 706 1179.000000
1032 10487 1173.000000
1400 1401 1172.000000
785 807 1160.000000
1165 1187 1157.000000
223 224 1149.000000
255 256 1148.000000
946 947 1140.000000
947 948 1138.000000
678 679 1133.000000
679 680 1133.000000
917 918 1123.000000
918 919 1123.000000
919 920 1123.000000
309 310 1118.000000
1072 1073 1117.000000
179 180 1105.000000
530 531 1092.000000
857 879 1088.000000
221 222 1086.000000
82 83 1083.000000
1007 1008 1082.000000
327 328 1079.000000
1144 1145 1073.000000
1133 1134 1071.000000
837 859 1070.000000
1399 1400 1070.000000
1199 1200 1069.000000
1529 1530 1067.000000
242 243 1063.000000
698 699 1063.000000
101 102 1052.000000
197 219 1041.000000
529 551 1041.000000
836 837 1037.000000
746 747 1030.000000
1057 1079 1029.000000
1312 1334 1014.000000
1220 1221 1011.000000
677 678 1002.000000
724 725 999.000000
1377 1378 988.000000
1442 1443 978.000000
633 634 975.000000
814 835 965.000000
1155 1156 960.000000
210 211 957.000000
1490 1491 957.000000
1530 1531 952.000000
308 309 949.000000
660 681 945.000000
916 917 945.000000
81 82 937.000000
1426 1427 928.000000
265 266 913.000000
1030 10386 899.000000
1511 1533 898.000000
278 279 896.000000
279 280 896.000000
280 281 896.000000
281 282 896.000000
282 283 896.000000
283 284 896.000000
1057 1058 887.000000
148 170 886.000000
1512 1513 869.000000
726 727 868.000000
1008 10225 868.000000
1268 1290 863.000000
1403 1404 860.000000
531 532 850.000000
1176 1177 850.000000
611 612 835.000000
1122 1123 835.000000
157 158 831.000000
110 131 828.000000
1513 1514 821.000000
286 307 817.000000
1209 1231 816.000000
702 703 811.000000
680 681 807.000000
1008 10484 805.000000
660 661 802.000000
1077 1099 800.000000
1286 1287 800.000000
1287 1288 800.000000
1288 1289 800.000000
575 576 799.000000
202 203 793.000000
203 204 793.000000
204 205 793.000000
205 206 793.000000
206 207 793.000000
207 208 793.000000
208 209 793.000000
209 210 793.000000
828 829 791.000000
55 56 784.000000
56 57 784.000000
57 58 784.000000
27 28 783.000000
28 29 783.000000
29 30 783.000000
30 31 783.000000
242 263 780.000000
189 190 778.000000
1032 10413 766.000000
610 611 763.000000
1012 1034 755.000000
655 656 747.000000
211 233 746.000000
220 242 740.000000
199 200 738.000000
200 201 738.000000
32 33 731.000000
858 879 729.000000
33 34 721.000000
34 35 721.000000
1034 1035 721.000000
920 921 720.000000
590 591 719.000000
618 619 714.000000
1068 1069 699.000000
981 982 696.000000
54 55 692.000000
1158 1180 692.000000
881 903 691.000000
254 255 687.000000
35 36 686.000000
71 72 670.000000
72 73 670.000000
73 74 670.000000
74 75 670.000000
75 76 670.000000
76 77 670.000000
77 78 670.000000
78 79 670.000000
1123 1124 670.000000
1124 1125 670.000000
80 81 669.000000
104 10458 666.000000
310 311 665.000000
661 662 664.000000
330 331 659.000000
1531 1532 658.000000
1265 1266 656.000000
1266 1267 656.000000
93 94 650.000000
94 95 650.000000
95 96 650.000000
96 97 650.000000
97 98 650.000000
98 99 650.000000
100 101 650.000000
858 859 649.000000
31 32 646.000000
1314 1336 645.000000
1008 10136 643.000000
1009 10148 635.000000
894 895 631.000000
287 288 629.000000
1013 10481 629.000000
284 306 626.000000
103 10481 625.000000
1252 1274 624.000000
10 11 620.000000
683 684 617.000000
1047 1048 617.000000
1048 1049 617.000000
1049 1050 617.000000
1051 1052 616.000000
133 155 611.000000
926 927 608.000000
927 928 608.000000
1050 1051 607.000000
654 655 603.000000
1296 1297 601.000000
640 641 600.000000
288 289 596.000000
135 157 591.000000
1026 10731 588.000000
1245 1267 586.000000
1009 10493 584.000000
145 146 578.000000
372 394 578.000000
38 60 572.000000
1102 1103 571.000000
1103 1104 571.000000
1267 1268 571.000000
485 486 569.000000
1111 1112 569.000000
573 595 564.000000
1289 1290 563.000000
113 114 562.000000
1046 1047 551.000000
266 267 540.000000
551 552 539.000000
528 529 535.000000
528 549 535.000000
547 548 535.000000
548 549 535.000000
1079 1080 532.000000
1080 1081 532.000000
1081 1082 532.000000
256 257 527.000000
111 112 526.000000
112 113 526.000000
330 351 526.000000
49 50 525.000000
50 51 525.000000
51 52 525.000000
52 53 525.000000
53 54 525.000000
212 234 525.000000
137 138 520.000000
138 139 520.000000
139 140 520.000000
140 141 520.000000
141 142 520.000000
142 143 520.000000
143 144 520.000000
144 145 520.000000
612 613 520.000000
613 614 520.000000
614 615 520.000000
856 878 517.000000
17 39 516.000000
1011 10130 516.000000
971 972 515.000000
1404 1405 503.000000
969 991 500.000000
352 373 498.000000
1469 1470 495.000000
1101 1102 493.000000
1012 10387 480.000000
58 80 479.000000
1145 1146 479.000000
1146 1147 479.000000
1147 1148 479.000000
202 224 477.000000
618 640 473.000000
110 111 472.000000
1532 1533 466.000000
1002 1003 461.000000
1148 1149 459.000000
1009 10415 458.000000
486 487 452.000000
929 951 450.000000
1079 10828 446.000000
1009 10901 444.000000
1014 1015 441.000000
1487 1509 439.000000
487 488 438.000000
993 994 436.000000
1491 1492 434.000000
992 993 432.000000
1030 10831 432.000000
575 597 431.000000
10 10106 430.000000
331 332 429.000000
1031 10392 427.000000
1035 1036 426.000000
928 929 416.000000
257 258 414.000000
258 259 414.000000
259 260 414.000000
260 261 414.000000
17 18 412.000000
1423 1445 412.000000
1100 1122 410.000000
1014 10578 408.000000
1014 10778 408.000000
1551 1552 401.000000
485 507 400.000000
101 10240 394.000000
1094 1095 393.000000
201 202 392.000000
1009 10392 392.000000
1009 10694 390.000000
306 307 389.000000
1264 1265 389.000000
1496 1517 387.000000
1515 1516 387.000000
1516 1517 387.000000
1013 10607 386.000000
1053 10819 380.000000
1026 10932 379.000000
589 590 376.000000
1058 1059 374.000000
1059 1060 374.000000
61 83 373.000000
415 416 371.000000
724 746 371.000000
104 10524 368.000000
104 10526 368.000000
104 10666 368.000000
104 10695 368.000000
104 10764 368.000000
104 10803 368.000000
104 10907 368.000000
104 10915 368.000000
71 93 367.000000
104 10723 367.000000
104 10749 367.000000
104 10926 367.000000
1013 10503 367.000000
1007 10831 365.000000
115 116 364.000000
116 117 364.000000
117 118 364.000000
118 119 364.000000
119 120 364.000000
120 121 364.000000
121 122 364.000000
122 123 364.000000
123 124 364.000000
1149 1150 364.000000
1150 1151 364.000000
1151 1152 364.000000
1152 1153 364.000000
1153 1154 364.000000
277 278 363.000000
104 10797 361.000000
232 233 359.000000
104 10464 358.000000
104 10546 358.000000
104 10580 358.000000
104 10601 358.000000
104 10693 358.000000
104 10746 358.000000
104 10766 358.000000
104 10799 358.000000
104 10851 358.000000
104 10906 358.000000
104 10992 358.000000
176 198 358.000000
286 287 358.000000
224 225 355.000000
225 226 355.000000
226 227 355.000000
227 228 355.000000
228 229 355.000000
229 230 355.000000
230 231 355.000000
231 232 355.000000
104 10958 354.000000
1034 10456 354.000000
104 10974 353.000000
530 552 353.000000
104 10653 352.000000
104 10571 349.000000
104 10504 347.000000
104 10876 344.000000
158 159 342.000000
159 160 342.000000
160 161 342.000000
161 162 342.000000
162 163 342.000000
163 164 342.000000
164 165 342.000000
165 166 342.000000
166 167 342.000000
812 834 342.000000
310 332 341.000000
104 10564 340.000000
768 790 338.000000
1056 10625 338.000000
1014 10927 337.000000
543 544 336.000000
544 545 336.000000
1011 10857 336.000000
102 124 330.000000
1443 1465 330.000000
134 156 329.000000
1246 1268 329.000000
680 702 328.000000
1011 10435 327.000000
1056 10609 326.000000
1061 1083 326.000000
104 10465 323.000000
104 10514 323.000000
1575 1576 323.000000
488 510 322.000000
1573 1574 322.000000
1574 1575 322.000000
1036 1037 321.000000
1037 1038 321.000000
102 10782 320.000000
351 373 319.000000
1032 10459 319.000000
1470 1471 319.000000
949 950 318.000000
1132 1133 315.000000
1031 10659 314.000000
1015 1016 312.000000
1016 1017 312.000000
503 504 311.000000
948 949 310.000000
102 10269 308.000000
102 10663 308.000000
1091 1092 302.000000
1092 1093 302.000000
1093 1094 302.000000
14 36 301.000000
1089 1090 301.000000
1013 10981 300.000000
1011 10398 298.000000
266 288 296.000000
15 37 295.000000
261 262 293.000000
307 329 292.000000
553 554 292.000000
268 269 291.000000
269 270 291.000000
270 271 291.000000
271 272 291.000000
272 273 291.000000
273 274 291.000000
180 202 289.000000
1013 10678 289.000000
746 768 288.000000
124 146 287.000000
587 588 286.000000
1031 1053 286.000000
1090 1091 285.000000
1198 1199 283.000000
103 10409 282.000000
946 968 282.000000
792 814 280.000000
440 441 279.000000
440 461 279.000000
460 461 279.000000
970 992 279.000000
1079 10931 279.000000
1248 1270 279.000000
167 189 278.000000
1009 10796 278.000000
960 982 277.000000
726 748 276.000000
274 275 275.000000
275 276 275.000000
1014 10155 275.000000
1014 10583 275.000000
88 89 274.000000
103 10456 273.000000
509 510 273.000000
1030 10738 273.000000
147 169 272.000000
103 10998 271.000000
508 509 271.000000
103 10762 270.000000
103 10947 270.000000
36 58 268.000000
89 90 268.000000
90 91 268.000000
91 92 268.000000
92 93 268.000000
1078 1100 264.000000
181 182 262.000000
182 183 262.000000
183 184 262.000000
184 185 262.000000
185 186 262.000000
186 187 262.000000
187 188 262.000000
262 263 262.000000
199 221 261.000000
850 851 261.000000
1224 1246 257.000000
1056 10649 256.000000
1056 10682 256.000000
552 553 254.000000
682 704 254.000000
950 951 254.000000
1014 10176 254.000000
1014 10643 254.000000
66 67 252.000000
67 68 252.000000
68 69 252.000000
69 70 252.000000
1014 10293 252.000000
299 300 251.000000
300 301 251.000000
301 302 251.000000
302 303 251.000000
303 304 251.000000
304 305 251.000000
632 633 251.000000
27 49 250.000000
66 87 250.000000
83 84 250.000000
84 85 250.000000
85 86 250.000000
86 87 250.000000
1056 10620 250.000000
1056 10729 250.000000
1033 10577 249.000000
1056 10809 249.000000
1056 10834 249.000000
1009 10413 247.000000
1576 1577 247.000000
1030 10407 246.000000
1289 1311 246.000000
1556 1578 245.000000
748 770 244.000000
1125 1126 244.000000
305 306 243.000000
507 508 243.000000
972 973 242.000000
188 189 240.000000
103 10503 238.000000
1126 1127 237.000000
1336 1358 237.000000
619 641 235.000000
1127 1128 234.000000
1128 1129 234.000000
1129 1130 234.000000
1130 1131 234.000000
1131 1132 234.000000
153 175 233.000000
1163 1185 233.000000
1033 10879 232.000000
79 80 230.000000
1033 10593 230.000000
1003 10166 229.000000
104 10966 227.000000
554 555 227.000000
555 556 227.000000
556 557 227.000000
557 558 227.000000
558 559 227.000000
568 569 227.000000
1026 10272 226.000000
1026 10411 226.000000
1026 10474 226.000000
901 923 225.000000
1002 10030 225.000000
1003 10835 225.000000
1003 10852 225.000000
1026 10711 225.000000
104 10793 224.000000
1011 10351 224.000000
1060 1061 224.000000
1033 10426 223.000000
1033 10619 223.000000
1051 10539 223.000000
1033 10668 222.000000
1078 10899 222.000000
1486 1508 222.000000
104 10610 221.000000
104 10755 218.000000
104 10918 218.000000
1082 10874 218.000000
1003 10033 217.000000
298 299 216.000000
1078 10812 216.000000
1078 10840 216.000000
1078 10845 216.000000
1078 10887 216.000000
1078 10936 216.000000
1078 10959 216.000000
1002 10635 215.000000
539 540 214.000000
540 541 214.000000
541 542 214.000000
542 543 214.000000
1010 10613 214.000000
881 882 213.000000
1075 1097 212.000000
1292 1314 212.000000
1361 1362 210.000000
102 10502 209.000000
189 211 209.000000
1025 1026 209.000000
1011 10310 207.000000
546 547 205.000000
1003 10944 204.000000
1011 10363 204.000000
1011 10696 203.000000
1011 10142 202.000000
104 10501 201.000000
104 10754 201.000000
574 596 200.000000
1029 1051 200.000000
662 663 199.000000
1098 10985 199.000000
1166 1187 198.000000
1012 10998 197.000000
1010 10199 196.000000
352 353 195.000000
353 354 195.000000
593 615 193.000000
966 988 193.000000
1012 10409 193.000000
223 245 192.000000
1010 10985 191.000000
1008 10249 189.000000
1011 10221 189.000000
1055 10762 189.000000
1055 10947 189.000000
1274 1275 189.000000
1467 1489 189.000000
169 191 188.000000
1193 1194 188.000000
1194 1195 188.000000
1195 1196 188.000000
1196 1197 188.000000
1197 1198 188.000000
1031 10618 187.000000
1381 1382 187.000000
1010 10668 186.000000
1012 10488 186.000000
1053 10796 185.000000
1134 1156 185.000000
859 881 184.000000
917 939 184.000000
136 137 183.000000
243 265 182.000000
1226 1248 180.000000
588 589 179.000000
1242 1243 179.000000
1046 10635 178.000000
10 10402 177.000000
15 1577 177.000000
222 244 177.000000
1014 10751 177.000000
1082 1083 177.000000
155 177 176.000000
1528 1529 176.000000
1011 10432 175.000000
1056 10924 175.000000
1089 10896 175.000000
441 463 174.000000
1013 10403 174.000000
263 285 173.000000
1011 10868 173.000000
1355 1377 173.000000
1399 1421 172.000000
145 167 171.000000
705 727 171.000000
706 707 171.000000
1011 10387 171.000000
1015 10324 171.000000
1011 10486 170.000000
44 65 169.000000
62 63 169.000000
63 64 169.000000
64 65 169.000000
1011 10475 169.000000
1011 10972 169.000000
102 10244 168.000000
1358 1380 168.000000
1452 1474 168.000000
1452 1473 168.000000
1471 1472 168.000000
1472 1473 168.000000
102 10740 166.000000
233 255 166.000000
1011 10730 166.000000
1013 10273 166.000000
1011 10239 165.000000
104 10686 163.000000
1004 10146 163.000000
101 10337 161.000000
104 10642 161.000000
180 181 161.000000
198 220 161.000000
1075 10819 161.000000
959 981 160.000000
1557 1558 158.000000
101 10715 157.000000
1072 1094 157.000000
101 10970 155.000000
44 45 154.000000
45 46 154.000000
46 47 154.000000
47 48 154.000000
48 49 154.000000
1004 10183 154.000000
1057 10961 154.000000
1227 1249 154.000000
255 277 153.000000
242 264 152.000000
836 858 152.000000
1060 1082 150.000000
792 793 149.000000
1253 1275 149.000000
1398 1399 149.000000
104 10614 148.000000
1014 10455 148.000000
1051 1073 148.000000
1077 10917 148.000000
1514 1515 148.000000
104 10477 147.000000
104 10734 147.000000
903 904 147.000000
1012 10730 146.000000
1078 10787 146.000000
1337 1359 146.000000
39 61 144.000000
105 10911 144.000000
638 660 144.000000
770 771 144.000000
1115 1137 144.000000
1554 1576 144.000000
1533 1534 143.000000
61 62 142.000000
104 10492 142.000000
105 10642 142.000000
807 829 142.000000
104 10442 141.000000
104 10463 141.000000
104 10483 141.000000
104 10621 141.000000
104 10699 141.000000
276 277 141.000000
770 792 141.000000
1056 10770 141.000000
1166 1167 141.000000
1167 1168 141.000000
1168 1169 141.000000
1169 1170 141.000000
104 10434 140.000000
104 10485 140.000000
104 10597 140.000000
104 10720 140.000000
104 10983 139.000000
104 10804 138.000000
104 10909 138.000000
104 10644 137.000000
104 10853 137.000000
104 10905 137.000000
104 10913 137.000000
328 350 137.000000
1046 1068 137.000000
1069 10731 137.000000
13 35 136.000000
104 10528 136.000000
104 10652 136.000000
104 10736 136.000000
104 10756 136.000000
104 10521 135.000000
105 10836 135.000000
1056 10923 135.000000
1188 1209 135.000000
1012 10818 134.000000
267 289 133.000000
902 924 133.000000
1035 10927 133.000000
1078 10802 133.000000
105 10952 132.000000
1138 1160 132.000000
545 546 131.000000
104 10712 130.000000
104 10984 130.000000
904 905 130.000000
905 906 130.000000
1156 1178 130.000000
104 10424 129.000000
104 10629 129.000000
104 10994 129.000000
1003 10286 129.000000
218 240 128.000000
521 522 128.000000
522 523 128.000000
1555 1577 128.000000
1035 10846 127.000000
1013 10259 126.000000
1031 10901 126.000000
1464 1465 126.000000
1013 10995 125.000000
1034 10770 125.000000
1012 10244 123.000000
516 517 121.000000
517 518 121.000000
518 519 121.000000
519 520 121.000000
520 521 121.000000
916 938 120.000000
265 287 119.000000
488 489 119.000000
747 769 119.000000
1034 10995 119.000000
1122 1144 119.000000
441 442 118.000000
502 503 118.000000
1012 10130 118.000000
136 158 117.000000
246 247 117.000000
247 248 117.000000
248 249 117.000000
249 250 117.000000
250 251 117.000000
251 252 117.000000
252 253 117.000000
253 254 117.000000
110 132 116.000000
1034 10923 116.000000
923 945 115.000000
1003 10932 114.000000
1014 10846 114.000000
1031 10487 114.000000
1034 10981 114.000000
1154 1155 114.000000
714 715 113.000000
715 716 113.000000
716 717 113.000000
717 718 113.000000
718 719 113.000000
1032 10669 113.000000
349 350 112.000000
681 703 112.000000
1012 10600 112.000000
1012 10924 112.000000
1008 10509 111.000000
1025 10276 111.000000
1055 10600 111.000000
1055 10924 111.000000
1382 1383 110.000000
1448 1449 110.000000
922 944 109.000000
1011 10121 109.000000
1012 10432 109.000000
1012 10609 109.000000
951 952 108.000000
952 953 108.000000
953 954 108.000000
954 955 108.000000
955 956 108.000000
956 957 108.000000
957 958 108.000000
958 959 108.000000
1055 10609 108.000000
588 610 107.000000
1333 1334 107.000000
943 965 106.000000
1009 10689 106.000000
1012 10470 106.000000
14 1576 105.000000
442 443 105.000000
443 444 105.000000
1009 10627 104.000000
1011 1033 104.000000
444 445 103.000000
617 639 103.000000
1055 10593 103.000000
1055 10972 103.000000
900 922 102.000000
1012 10762 102.000000
1012 10947 102.000000
1034 1056 102.000000
559 560 101.000000
1012 10868 101.000000
1074 10783 101.000000
1178 1200 101.000000
560 561 100.000000
561 562 100.000000
562 563 100.000000
563 564 100.000000
699 721 100.000000
1188 1189 100.000000
1189 1190 100.000000
1190 1191 100.000000
1191 1192 100.000000
1192 1193 100.000000
1307 1308 100.000000
1308 1309 100.000000
1309 1310 100.000000
1310 1311 100.000000
245 246 99.000000
855 877 99.000000
948 970 99.000000
965 987 99.000000
1089 1111 99.000000
37 59 98.000000
882 883 98.000000
883 884 98.000000
884 885 98.000000
1008 10450 97.000000
1055 10818 96.000000
1055 10879 96.000000
1075 10953 96.000000
1207 1229 95.000000
1557 1579 94.000000
1047 1069 93.000000
1075 10901 93.000000
1177 1199 93.000000
790 812 92.000000
1074 10775 91.000000
1074 10848 91.000000
1011 10308 90.000000
1011 10879 90.000000
1422 1444 90.000000
743 765 89.000000
921 943 89.000000
1011 10593 89.000000
1074 10808 89.000000
104 10728 88.000000
104 10873 88.000000
104 10930 88.000000
175 197 88.000000
179 201 88.000000
1011 10180 88.000000
1011 10271 88.000000
1011 10347 88.000000
1011 10426 88.000000
1011 10619 88.000000
196 218 87.000000
1032 10953 87.000000
1095 10965 87.000000
1534 1535 87.000000
104 10491 86.000000
104 10641 86.000000
1008 10777 86.000000
1008 10810 86.000000
1008 10841 86.000000
1012 10351 86.000000
1033 10613 86.000000
1119 1141 86.000000
289 290 85.000000
290 291 85.000000
291 292 85.000000
292 293 85.000000
293 294 85.000000
294 295 85.000000
295 296 85.000000
567 568 85.000000
1008 10505 85.000000
1008 10506 85.000000
1008 10783 85.000000
1009 10850 85.000000
296 297 84.000000
297 298 84.000000
564 565 84.000000
565 566 84.000000
1208 1230 84.000000
973 974 83.000000
974 975 83.000000
975 976 83.000000
976 977 83.000000
977 978 83.000000
978 979 83.000000
979 980 83.000000
1014 10523 83.000000
1055 10619 83.000000
473 474 82.000000
474 475 82.000000
475 476 82.000000
476 477 82.000000
477 478 82.000000
478 479 82.000000
597 598 82.000000
598 599 82.000000
599 600 82.000000
600 601 82.000000
601 602 82.000000
602 603 82.000000
1009 1031 81.000000
190 212 80.000000
662 684 80.000000
1031 10821 80.000000
1032 10689 79.000000
1050 1072 79.000000
1164 1186 79.000000
321 322 78.000000
322 323 78.000000
323 324 78.000000
324 325 78.000000
325 326 78.000000
326 327 78.000000
829 851 78.000000
1030 10842 78.000000
1032 10618 78.000000
1155 1177 78.000000
103 10632 77.000000
1004 1026 77.000000
1271 1293 77.000000
267 268 76.000000
1011 10335 76.000000
1078 10961 76.000000
156 178 75.000000
980 981 75.000000
1008 10603 75.000000
1008 10877 75.000000
1030 10575 75.000000
510 511 74.000000
511 512 74.000000
512 513 74.000000
513 514 74.000000
514 515 74.000000
515 516 74.000000
1008 10808 74.000000
1083 1084 74.000000
1084 1085 74.000000
1085 1086 74.000000
1086 1087 74.000000
1087 1088 74.000000
1088 1089 74.000000
1008 10380 73.000000
1008 10816 73.000000
232 254 72.000000
641 663 72.000000
1074 10745 72.000000
1075 10752 72.000000
1379 1401 72.000000
126 148 71.000000
1008 10775 71.000000
1008 10848 71.000000
1030 10640 71.000000
1187 1209 71.000000
1383 1384 71.000000
1535 1536 71.000000
114 115 70.000000
507 529 70.000000
1008 10476 70.000000
1008 10703 70.000000
1008 10902 70.000000
1008 10921 70.000000
1009 10752 70.000000
1010 10143 70.000000
1032 10796 70.000000
1074 10810 70.000000
1139 1161 70.000000
104 10511 69.000000
508 530 69.000000
637 659 69.000000
719 720 69.000000
767 789 69.000000
1028 1050 69.000000
1052 10883 69.000000
1074 10777 69.000000
1074 10841 69.000000
1074 10877 69.000000
697 698 68.000000
872 894 68.000000
1031 10493 68.000000
1031 10721 68.000000
104 10747 67.000000
582 583 67.000000
583 584 67.000000
584 585 67.000000
585 586 67.000000
596 618 67.000000
1074 10816 67.000000
1074 10902 67.000000
1074 10921 67.000000
103 10755 66.000000
262 284 66.000000
289 311 66.000000
363 364 66.000000
364 365 66.000000
365 366 66.000000
366 367 66.000000
367 368 66.000000
368 369 66.000000
369 370 66.000000
370 371 66.000000
472 473 66.000000
532 554 66.000000
1030 10934 66.000000
1074 10883 66.000000
311 312 65.000000
312 313 65.000000
313 314 65.000000
314 315 65.000000
315 316 65.000000
316 317 65.000000
317 318 65.000000
764 786 65.000000
1033 10985 65.000000
1046 10856 65.000000
1052 10946 65.000000
103 10918 64.000000
104 10439 64.000000
104 10980 64.000000
104 10989 64.000000
105 10794 64.000000
188 210 64.000000
742 764 64.000000
1061 1062 64.000000
1062 1063 64.000000
1063 1064 64.000000
1064 1065 64.000000
1065 1066 64.000000
1444 1466 64.000000
103 10770 63.000000
103 10923 63.000000
350 351 63.000000
586 587 63.000000
899 921 63.000000
1066 1067 63.000000
104 10820 62.000000
104 10685 61.000000
104 10881 61.000000
146 168 61.000000
703 725 61.000000
786 808 61.000000
1074 10951 61.000000
1074 10969 61.000000
111 133 60.000000
320 321 60.000000
1009 10982 60.000000
1017 1018 60.000000
1018 1019 60.000000
1019 1020 60.000000
1020 1021 60.000000
1021 1022 60.000000
1022 1023 60.000000
1023 1024 60.000000
1053 10542 60.000000
1202 1224 60.000000
1401 1423 60.000000
620 621 59.000000
621 622 59.000000
622 623 59.000000
623 624 59.000000
624 625 59.000000
625 626 59.000000
1030 10568 59.000000
1030 10718 59.000000
1030 10788 59.000000
1572 1573 59.000000
154 176 58.000000
594 616 58.000000
677 699 58.000000
1031 10681 58.000000
684 685 57.000000
318 340 56.000000
995 996 56.000000
996 997 56.000000
997 998 56.000000
998 999 56.000000
1000 1001 56.000000
1001 1002 56.000000
1142 1164 56.000000
1160 1182 56.000000
1340 1341 56.000000
640 662 55.000000
1031 10627 55.000000
1420 1421 55.000000
105 10566 54.000000
105 10767 54.000000
105 10826 54.000000
105 10963 54.000000
791 813 54.000000
858 880 54.000000
1054 1076 54.000000
1073 10842 54.000000
1133 1155 54.000000
1183 1205 54.000000
104 10673 53.000000
104 10727 53.000000
219 241 53.000000
523 524 53.000000
725 747 53.000000
1180 1202 53.000000
103 10827 52.000000
104 10508 52.000000
104 10676 52.000000
1052 10949 52.000000
1381 1403 52.000000
49 71 51.000000
103 10461 51.000000
103 10466 51.000000
1030 10664 51.000000
1030 10965 51.000000
1034 10503 51.000000
1032 10979 50.000000
1095 1117 50.000000
1201 1223 49.000000
1033 10550 48.000000
1033 10977 47.000000
1378 1400 47.000000
619 620 46.000000
648 649 46.000000
649 650 46.000000
650 651 46.000000
651 652 46.000000
652 653 46.000000
698 720 46.000000
727 749 46.000000
904 926 46.000000
1104 1105 46.000000
1105 1106 46.000000
1106 1107 46.000000
1107 1108 46.000000
1108 1109 46.000000
1109 1110 46.000000
654 676 45.000000
659 681 45.000000
1031 10446 44.000000
1033 10372 44.000000
1033 10532 44.000000
1033 10763 44.000000
1033 10895 44.000000
1052 10529 44.000000
1054 10577 44.000000
1056 10998 44.000000
533 534 43.000000
534 535 43.000000
535 536 43.000000
536 537 43.000000
537 538 43.000000
1010 1032 43.000000
1036 10436 43.000000
1425 1447 43.000000
445 446 42.000000
446 447 42.000000
447 448 42.000000
448 449 42.000000
449 450 42.000000
1296 1318 42.000000
103 10809 41.000000
103 10834 41.000000
480 481 41.000000
486 508 41.000000
524 525 41.000000
885 886 41.000000
886 887 41.000000
887 888 41.000000
888 889 41.000000
889 890 41.000000
890 891 41.000000
891 892 41.000000
892 893 41.000000
893 894 41.000000
1056 10997 41.000000
103 10620 40.000000
103 10625 40.000000
103 10729 40.000000
246 268 40.000000
286 308 40.000000
814 836 40.000000
879 901 40.000000
1053 10982 40.000000
1210 1211 40.000000
1211 1212 40.000000
1212 1213 40.000000
1213 1214 40.000000
105 10806 39.000000
158 180 39.000000
495 496 39.000000
496 497 39.000000
497 498 39.000000
498 499 39.000000
499 500 39.000000
500 501 39.000000
501 502 39.000000
878 900 39.000000
1055 1077 39.000000
1210 1231 38.000000
1474 1495 38.000000
1492 1493 38.000000
1493 1494 38.000000
1494 1495 38.000000
105 10875 37.000000
1034 10762 37.000000
1154 1176 37.000000
1424 1446 37.000000
1529 1551 37.000000
113 135 36.000000
423 445 36.000000
610 632 36.000000
967 989 36.000000
1058 10751 36.000000
1073 10965 36.000000
1110 1111 36.000000
1315 1337 36.000000
1356 1378 36.000000
103 10649 35.000000
103 10682 35.000000
105 10591 35.000000
245 267 35.000000
401 423 35.000000
834 856 35.000000
1030 10721 35.000000
532 533 34.000000
550 572 34.000000
793 815 34.000000
815 837 34.000000
1053 10554 34.000000
1067 1089 34.000000
1073 10788 34.000000
1112 1134 34.000000
1270 1292 34.000000
105 10904 33.000000
240 262 33.000000
463 485 33.000000
894 916 33.000000
1402 1424 33.000000
318 319 32.000000
319 320 32.000000
396 397 32.000000
396 417 32.000000
907 929 32.000000
994 995 32.000000
1012 10740 32.000000
1033 10335 32.000000
1051 10565 32.000000
1056 10762 32.000000
1056 10947 32.000000
1012 10502 31.000000
1036 10578 31.000000
1052 10955 31.000000
1096 1118 31.000000
1140 1162 31.000000
1231 1253 31.000000
102 10997 30.000000
1012 10398 30.000000
1012 10696 30.000000
1024 1025 30.000000
1033 10347 30.000000
1465 1487 30.000000
330 352 29.000000
882 904 29.000000
1013 10997 29.000000
1067 1068 29.000000
1099 10998 29.000000
1166 1188 29.000000
374 375 28.000000
374 395 28.000000
375 376 28.000000
394 395 28.000000
398 399 28.000000
399 400 28.000000
400 401 28.000000
479 480 28.000000
615 637 28.000000
1052 10811 28.000000
1135 1157 28.000000
552 574 27.000000
1007 10407 27.000000
1012 10142 27.000000
201 223 26.000000
244 266 26.000000
721 743 26.000000
1053 10850 26.000000
1075 10979 26.000000
1335 1357 26.000000
66 88 25.000000
459 460 25.000000
462 463 25.000000
462 483 25.000000
481 482 25.000000
482 483 25.000000
683 705 25.000000
704 726 25.000000
1011 10184 25.000000
1011 10414 25.000000
1011 10940 25.000000
1012 10363 25.000000
1025 10590 25.000000
1074 10949 25.000000
1204 1226 25.000000
105 10870 24.000000
397 398 24.000000
551 573 24.000000
576 577 24.000000
577 578 24.000000
578 579 24.000000
579 580 24.000000
580 581 24.000000
581 582 24.000000
727 728 24.000000
728 729 24.000000
729 730 24.000000
730 731 24.000000
731 732 24.000000
732 733 24.000000
733 734 24.000000
734 735 24.000000
1030 10777 24.000000
1030 10810 24.000000
1035 1057 24.000000
1052 1074 24.000000
1058 10778 24.000000
101 123 23.000000
123 145 23.000000
885 907 23.000000
1074 10955 23.000000
13 1575 22.000000
105 10988 22.000000
224 246 22.000000
685 686 22.000000
686 687 22.000000
687 688 22.000000
688 689 22.000000
689 690 22.000000
690 691 22.000000
1012 10203 22.000000
1012 10358 22.000000
1012 10379 22.000000
1074 10811 22.000000
1074 10946 22.000000
1075 10982 22.000000
1170 1171 22.000000
1171 1172 22.000000
1172 1173 22.000000
1173 1174 22.000000
1174 1175 22.000000
1290 1312 22.000000
653 654 21.000000
1003 10150 21.000000
1033 10702 21.000000
1405 1406 21.000000
1553 1575 21.000000
5 6 20.000000
6 7 20.000000
7 8 20.000000
8 9 20.000000
105 10800 20.000000
553 575 20.000000
1490 1512 20.000000
489 490 19.000000
490 491 19.000000
491 492 19.000000
492 493 19.000000
493 494 19.000000
595 617 19.000000
1012 10346 19.000000
1012 10428 19.000000
1012 10886 19.000000
1012 10996 19.000000
1030 10841 19.000000
1031 10694 19.000000
1057 10607 19.000000
1078 10923 19.000000
1098 1120 19.000000
473 495 18.000000
611 633 18.000000
1012 10329 18.000000
1012 10375 18.000000
1012 10863 18.000000
1014 10327 18.000000
1014 10844 18.000000
1030 10380 18.000000
1030 10509 18.000000
1030 10603 18.000000
1030 10808 18.000000
1030 10816 18.000000
1030 10877 18.000000
1031 10330 18.000000
1052 10665 18.000000
1254 1255 18.000000
1254 1275 18.000000
1255 1256 18.000000
1256 1257 18.000000
1257 1258 18.000000
1258 1259 18.000000
1259 1260 18.000000
1260 1261 18.000000
1261 1262 18.000000
1262 1263 18.000000
1318 1319 18.000000
1540 1561 18.000000
1558 1559 18.000000
1559 1560 18.000000
1560 1561 18.000000
11 1573 17.000000
296 318 17.000000
332 333 17.000000
333 334 17.000000
334 335 17.000000
335 336 17.000000
336 337 17.000000
337 338 17.000000
338 339 17.000000
339 340 17.000000
340 341 17.000000
341 342 17.000000
342 343 17.000000
343 344 17.000000
344 345 17.000000
345 346 17.000000
346 347 17.000000
347 348 17.000000
348 349 17.000000
464 486 17.000000
597 619 17.000000
655 677 17.000000
1030 10331 17.000000
1031 10665 17.000000
1074 10821 17.000000
1091 1113 17.000000
274 296 16.000000
509 531 16.000000
1030 1052 16.000000
1116 1138 16.000000
1380 1402 16.000000
44 66 15.000000
442 464 15.000000
450 472 15.000000
554 576 15.000000
1007 10568 15.000000
1025 10391 15.000000
1025 10835 15.000000
1025 10852 15.000000
1035 10553 15.000000
1038 1039 15.000000
1039 1061 15.000000
1055 10863 15.000000
131 153 14.000000
200 222 14.000000
487 509 14.000000
510 532 14.000000
741 763 14.000000
1009 10979 14.000000
1025 10944 14.000000
1035 10607 14.000000
1036 10778 14.000000
1073 1095 14.000000
1075 10850 14.000000
1076 10985 14.000000
463 464 13.000000
464 465 13.000000
465 466 13.000000
1024 10635 13.000000
1024 10856 13.000000
210 232 12.000000
506 527 12.000000
525 526 12.000000
526 527 12.000000
531 553 12.000000
702 724 12.000000
835 857 12.000000
1007 10386 12.000000
1008 1030 12.000000
1009 10446 12.000000
1011 10364 12.000000
1011 10717 12.000000
1011 10894 12.000000
1011 10910 12.000000
1017 1039 12.000000
1030 10450 12.000000
1030 10476 12.000000
1030 10484 12.000000
1030 10505 12.000000
1030 10506 12.000000
1030 10703 12.000000
1030 10775 12.000000
1030 10783 12.000000
1030 10848 12.000000
1030 10902 12.000000
1030 10921 12.000000
1030 10951 12.000000
1030 10969 12.000000
1031 10529 12.000000
1031 10542 12.000000
1031 10554 12.000000
1031 10752 12.000000
1031 10982 12.000000
1039 1040 12.000000
1040 1041 12.000000
1041 1042 12.000000
1042 1043 12.000000
1043 1044 12.000000
1044 1045 12.000000
494 495 11.000000
1009 10487 11.000000
1009 10618 11.000000
1012 10310 11.000000
1030 10357 11.000000
1030 10369 11.000000
1030 10811 11.000000
1030 10883 11.000000
1030 10946 11.000000
1030 10949 11.000000
1030 10955 11.000000
1036 10583 11.000000
1110 1132 11.000000
1186 1208 11.000000
1249 1271 11.000000
70 71 10.000000
329 351 10.000000
863 885 10.000000
1003 10207 10.000000
1015 10436 10.000000
1015 10583 10.000000
1035 10678 10.000000
1036 10751 10.000000
1057 10981 10.000000
1057 10995 10.000000
1078 10981 10.000000
1117 1139 10.000000
1427 1428 10.000000
1446 1468 10.000000
22 23 9.000000
22 43 9.000000
23 24 9.000000
24 25 9.000000
25 26 9.000000
26 27 9.000000
39 40 9.000000
40 41 9.000000
41 42 9.000000
42 43 9.000000
419 441 9.000000
458 459 9.000000
506 507 9.000000
661 683 9.000000
684 706 9.000000
720 742 9.000000
763 785 9.000000
863 864 9.000000
864 865 9.000000
865 866 9.000000
866 867 9.000000
867 868 9.000000
868 869 9.000000
869 870 9.000000
870 871 9.000000
871 872 9.000000
1003 10272 9.000000
1003 10411 9.000000
1003 10474 9.000000
1003 10711 9.000000
1007 10167 9.000000
1007 10179 9.000000
1007 10250 9.000000
1007 10575 9.000000
1007 10640 9.000000
1007 10664 9.000000
1007 10718 9.000000
1007 10788 9.000000
1007 10842 9.000000
1007 10965 9.000000
1008 10277 9.000000
1008 10280 9.000000
1008 10325 9.000000
1008 10659 9.000000
1008 10681 9.000000
1008 10745 9.000000
1008 10821 9.000000
1047 10731 9.000000
1053 10953 9.000000
1071 1093 9.000000
1093 1115 9.000000
1095 10955 9.000000
1514 1536 9.000000
397 419 8.000000
719 741 8.000000
949 971 8.000000
1014 10553 8.000000
1034 10409 8.000000
1533 1555 8.000000
355 356 7.000000
356 357 7.000000
357 379 7.000000
379 401 7.000000
416 417 7.000000
521 543 7.000000
641 642 7.000000
642 643 7.000000
643 644 7.000000
644 645 7.000000
645 646 7.000000
646 647 7.000000
647 648 7.000000
670 671 7.000000
671 672 7.000000
672 673 7.000000
673 674 7.000000
674 675 7.000000
675 676 7.000000
1002 10161 7.000000
1002 10276 7.000000
1008 10270 7.000000
1008 10721 7.000000
1009 10330 7.000000
1052 10752 7.000000
1094 1116 7.000000
1096 10982 7.000000
1111 1133 7.000000
1403 1425 7.000000
288 310 6.000000
604 626 6.000000
656 678 6.000000
907 908 6.000000
908 909 6.000000
909 910 6.000000
910 911 6.000000
911 912 6.000000
912 913 6.000000
913 914 6.000000
914 915 6.000000
1014 10340 6.000000
1017 10378 6.000000
1027 1049 6.000000
1049 1071 6.000000
1051 10816 6.000000
1051 10902 6.000000
1051 10951 6.000000
1051 10969 6.000000
1055 10730 6.000000
1073 10831 6.000000
1090 1112 6.000000
1175 1176 6.000000
494 516 5.000000
851 873 5.000000
1003 10590 5.000000
1009 10542 5.000000
1009 10554 5.000000
1010 10669 5.000000
1011 10113 5.000000
1011 10218 5.000000
1011 10246 5.000000
1011 10279 5.000000
1011 10372 5.000000
1011 10532 5.000000
1011 10550 5.000000
1011 10763 5.000000
1011 10895 5.000000
1011 10977 5.000000
1014 10431 5.000000
1014 10561 5.000000
1034 10947 5.000000
1034 10998 5.000000
1035 10403 5.000000
1051 10640 5.000000
1051 10703 5.000000
1051 10808 5.000000
1051 10934 5.000000
1055 10696 5.000000
1143 1165 5.000000
1205 1227 5.000000
306 328 4.000000
626 627 4.000000
627 628 4.000000
628 629 4.000000
629 630 4.000000
630 631 4.000000
631 632 4.000000
947 969 4.000000
1003 10999 4.000000
1036 1058 4.000000
1051 10775 4.000000
1051 10783 4.000000
1051 10848 4.000000
1051 10921 4.000000
1052 10694 4.000000
1214 1215 4.000000
1215 1216 4.000000
1216 1217 4.000000
1217 1218 4.000000
1218 1219 4.000000
1530 1552 4.000000
10 32 3.000000
168 190 3.000000
178 200 3.000000
354 355 3.000000
466 488 3.000000
538 539 3.000000
603 604 3.000000
633 655 3.000000
664 665 3.000000
665 666 3.000000
666 667 3.000000
667 668 3.000000
668 669 3.000000
669 670 3.000000
906 907 3.000000
944 966 3.000000
1002 10856 3.000000
1009 10529 3.000000
1009 10665 3.000000
1011 10702 3.000000
1034 10481 3.000000
1034 10997 3.000000
1047 10474 3.000000
1047 10711 3.000000
1047 10932 3.000000
1053 1075 3.000000
1053 10979 3.000000
1054 10613 3.000000
1054 10985 3.000000
1377 1399 3.000000
1489 1511 3.000000
418 419 2.000000
418 439 2.000000
438 439 2.000000
444 466 2.000000
450 451 2.000000
451 473 2.000000
466 467 2.000000
467 468 2.000000
468 469 2.000000
469 470 2.000000
470 471 2.000000
471 472 2.000000
582 604 2.000000
663 664 2.000000
925 947 2.000000
929 930 2.000000
930 931 2.000000
931 932 2.000000
932 933 2.000000
933 934 2.000000
934 935 2.000000
935 936 2.000000
936 937 2.000000
937 938 2.000000
1008 10114 2.000000
1008 10331 2.000000
1008 10357 2.000000
1008 10369 2.000000
1008 10811 2.000000
1008 10883 2.000000
1008 10946 2.000000
1008 10949 2.000000
1008 10955 2.000000
1052 10821 2.000000
1053 10618 2.000000
1053 10689 2.000000
1054 10668 2.000000
1095 10951 2.000000
1095 10969 2.000000
1199 1221 2.000000
1210 1232 2.000000
1232 1253 2.000000
1447 1469 2.000000
1550 1551 2.000000
2 3 1.000000
3 4 1.000000
4 5 1.000000
419 420 1.000000
420 421 1.000000
421 422 1.000000
422 423 1.000000
472 494 1.000000
571 593 1.000000
604 605 1.000000
605 606 1.000000
606 607 1.000000
607 608 1.000000
660 682 1.000000
723 745 1.000000
745 767 1.000000
837 838 1.000000
838 839 1.000000
839 840 1.000000
840 841 1.000000
841 863 1.000000
964 986 1.000000
1003 10234 1.000000
1003 10449 1.000000
1033 1055 1.000000
1066 1088 1.000000
1068 1090 1.000000
1076 1098 1.000000
1079 1101 1.000000
1088 1110 1.000000
1359 1381 1.000000
1398 1420 1.000000
1506 1507 1.000000
1506 1528 1.000000
1507 1508 1.000000
1518 1519 1.000000
1518 1539 1.000000
1519 1520 1.000000
1520 1521 1.000000
1521 1522 1.000000
1522 1523 1.000000
1523 1524 1.000000
1524 1525 1.000000
1525 1526 1.000000
1526 1527 1.000000
1527 1528 1.000000
1536 1537 1.000000
1537 1538 1.000000
1538 1539 1.000000
1540 1541 1.000000
1541 1542 1.000000
1542 1564 1.000000
