220 241 17356.000000
220 221 17235.000000
221 222 17235.000000
240 241 14461.000000
1234 1235 13107.000000
1278 1279 12998.000000
242 243 12458.000000
243 244 12458.000000
242 263 12448.000000
262 263 12448.000000
1015 1016 12280.000000
1191 1192 11357.000000
222 223 11275.000000
1190 1191 10858.000000
1256 1257 10811.000000
1277 1278 9778.000000
1014 1015 9741.000000
264 285 9528.000000
264 265 9518.000000
265 266 9518.000000
1276 1277 9451.000000
1189 1190 9440.000000
1254 1255 9368.000000
1426 1427 9245.000000
1255 1256 9231.000000
223 224 9219.000000
1233 1234 9173.000000
880 901 9080.000000
880 881 8963.000000
1232 1233 8522.000000
1427 1428 8517.000000
151 152 8473.000000
107 108 8373.000000
1212 1213 8177.000000
1211 1212 8060.000000
261 262 7975.000000
1058 1059 7970.000000
284 285 7944.000000
1080 1081 7901.000000
1036 1037 7874.000000
1235 1236 7858.000000
354 355 7599.000000
1059 1060 7504.000000
1276 1297 7301.000000
1147 1148 7054.000000
1013 1014 7048.000000
1210 1211 7034.000000
19 20 6953.000000
1232 1253 6932.000000
266 267 6919.000000
881 882 6742.000000
1428 1429 6683.000000
224 225 6640.000000
1254 1275 6610.000000
244 245 6541.000000
18 19 6508.000000
926 927 6495.000000
1272 1273 6405.000000
267 268 6243.000000
971 972 6236.000000
1188 1189 6160.000000
1057 1058 6127.000000
1168 1169 6122.000000
1210 1231 6116.000000
1270 1271 6090.000000
1271 1272 6090.000000
924 945 6032.000000
924 925 5987.000000
222 244 5975.000000
1016 1017 5861.000000
129 130 5829.000000
1293 1294 5757.000000
836 857 5726.000000
1079 1080 5692.000000
836 837 5675.000000
837 838 5675.000000
1035 1036 5649.000000
1273 1274 5628.000000
900 901 5513.000000
970 971 5496.000000
1078 1079 5440.000000
85 86 5425.000000
1296 1297 5400.000000
308 329 5393.000000
328 329 5393.000000
195 196 5391.000000
1316 1317 5298.000000
245 246 5279.000000
944 945 5276.000000
150 151 5273.000000
1274 1275 5267.000000
858 859 5253.000000
1056 1077 5244.000000
1075 1076 5244.000000
1076 1077 5244.000000
1102 1103 5229.000000
1081 1082 5212.000000
1037 1038 5210.000000
308 309 5209.000000
309 310 5209.000000
283 284 5208.000000
17 18 5204.000000
992 993 5196.000000
1408 1429 5187.000000
993 994 5172.000000
858 879 5136.000000
1295 1296 5133.000000
1314 1315 5119.000000
1315 1316 5119.000000
1249 1250 5090.000000
1251 1252 5085.000000
1294 1295 5044.000000
1103 1104 5000.000000
1252 1253 4988.000000
355 356 4986.000000
1382 1383 4953.000000
1383 1384 4953.000000
972 973 4915.000000
1074 1075 4874.000000
1317 1318 4873.000000
927 928 4849.000000
198 199 4840.000000
199 200 4840.000000
200 201 4838.000000
1146 1147 4771.000000
1250 1251 4769.000000
1167 1168 4763.000000
239 240 4721.000000
198 219 4719.000000
1145 1146 4606.000000
878 879 4576.000000
1320 1321 4560.000000
1060 1061 4549.000000
899 900 4540.000000
1321 1322 4518.000000
1269 1270 4515.000000
1404 1405 4404.000000
1061 1062 4390.000000
1384 1385 4380.000000
882 883 4346.000000
925 926 4307.000000
1169 1170 4278.000000
991 992 4166.000000
1144 1145 4137.000000
1343 1344 4132.000000
946 967 4085.000000
966 967 4085.000000
1101 1102 4045.000000
128 129 4043.000000
311 312 4015.000000
1322 1323 3998.000000
1320 1341 3985.000000
218 219 3918.000000
969 970 3887.000000
286 287 3879.000000
287 288 3879.000000
419 420 3878.000000
268 269 3877.000000
310 311 3877.000000
1405 1406 3843.000000
1082 1083 3785.000000
1299 1300 3779.000000
1292 1293 3759.000000
1313 1314 3717.000000
286 307 3695.000000
306 307 3695.000000
1408 1409 3635.000000
1034 1035 3626.000000
1104 1105 3605.000000
946 947 3586.000000
1581 1582 3563.000000
1298 1299 3544.000000
943 944 3490.000000
1342 1343 3465.000000
305 306 3436.000000
20 21 3426.000000
1100 1101 3424.000000
356 357 3398.000000
217 218 3397.000000
947 948 3380.000000
38 39 3362.000000
260 261 3350.000000
152 174 3341.000000
176 177 3312.000000
176 197 3312.000000
177 178 3312.000000
178 179 3299.000000
1056 1057 3261.000000
108 109 3250.000000
1342 1363 3249.000000
839 840 3239.000000
1248 1249 3230.000000
1230 1231 3227.000000
948 949 3223.000000
1340 1341 3207.000000
1364 1365 3202.000000
303 304 3173.000000
1365 1366 3173.000000
856 857 3168.000000
1298 1319 3155.000000
1338 1339 3138.000000
1339 1340 3138.000000
1360 1361 3133.000000
1406 1407 3124.000000
661 662 3105.000000
662 663 3105.000000
64 65 3103.000000
104 105 3057.000000
105 106 3057.000000
877 878 3056.000000
968 989 3043.000000
988 989 3043.000000
1318 1319 3041.000000
1516 1517 3040.000000
968 969 3038.000000
1148 1149 3035.000000
812 813 2987.000000
708 709 2982.000000
1166 1167 2968.000000
838 839 2950.000000
902 903 2921.000000
965 966 2909.000000
1364 1385 2898.000000
663 664 2891.000000
664 665 2890.000000
194 195 2888.000000
902 923 2876.000000
922 923 2876.000000
1409 1410 2858.000000
792 793 2836.000000
793 794 2836.000000
665 666 2802.000000
1450 1451 2765.000000
860 861 2764.000000
0 21 2763.000000
1188 1209 2752.000000
312 313 2751.000000
152 153 2748.000000
106 107 2689.000000
1580 1581 2657.000000
196 197 2638.000000
269 270 2636.000000
1148 1170 2632.000000
1362 1363 2628.000000
1536 1537 2628.000000
195 217 2583.000000
1386 1407 2574.000000
1012 1033 2571.000000
1031 1032 2571.000000
1032 1033 2571.000000
225 226 2540.000000
1537 1538 2537.000000
1124 1125 2536.000000
1123 1124 2526.000000
1361 1362 2492.000000
792 813 2464.000000
39 40 2451.000000
1430 1451 2448.000000
288 289 2434.000000
327 328 2412.000000
246 247 2408.000000
859 860 2406.000000
259 260 2403.000000
238 239 2382.000000
840 841 2382.000000
1118 1119 2365.000000
1119 1120 2365.000000
1120 1121 2357.000000
1336 1337 2338.000000
1166 1187 2318.000000
1100 1121 2317.000000
1016 1038 2312.000000
1559 1560 2310.000000
441 442 2296.000000
1205 1206 2293.000000
1105 1106 2291.000000
1206 1207 2290.000000
1207 1208 2287.000000
1034 1055 2280.000000
1052 1053 2280.000000
1053 1054 2280.000000
1054 1055 2280.000000
63 64 2254.000000
904 905 2227.000000
103 104 2212.000000
108 130 2210.000000
883 884 2210.000000
226 227 2209.000000
1012 1013 2207.000000
0 10328 2198.000000
1125 1126 2198.000000
729 730 2197.000000
1386 1387 2186.000000
130 131 2149.000000
442 443 2132.000000
247 248 2128.000000
1430 1431 2078.000000
37 38 2060.000000
325 326 2058.000000
84 85 2048.000000
86 87 2041.000000
1472 1473 2034.000000
1062 1063 2020.000000
1083 1084 2010.000000
1213 1214 2008.000000
814 815 1999.000000
815 816 1999.000000
1448 1449 1989.000000
1535 1536 1974.000000
964 965 1966.000000
707 708 1960.000000
326 327 1955.000000
1208 1209 1952.000000
814 835 1948.000000
16 17 1939.000000
1558 1559 1919.000000
40 41 1915.000000
1387 1388 1908.000000
1335 1336 1892.000000
1337 1338 1880.000000
19 41 1869.000000
1513 1514 1858.000000
289 290 1847.000000
179 180 1823.000000
994 995 1819.000000
173 174 1810.000000
304 305 1808.000000
64 86 1775.000000
1170 1171 1761.000000
1191 1213 1732.000000
1494 1495 1726.000000
1515 1516 1725.000000
1015 1037 1721.000000
642 643 1712.000000
1579 1580 1701.000000
248 249 1695.000000
1514 1515 1694.000000
1017 1018 1680.000000
216 217 1668.000000
639 640 1666.000000
640 641 1666.000000
641 642 1666.000000
883 905 1652.000000
796 797 1636.000000
1204 1205 1634.000000
666 667 1633.000000
861 862 1622.000000
82 83 1616.000000
83 84 1616.000000
709 710 1616.000000
704 705 1605.000000
705 706 1605.000000
706 707 1605.000000
41 42 1601.000000
398 399 1591.000000
929 951 1588.000000
44 65 1585.000000
972 994 1573.000000
1060 1082 1564.000000
282 283 1559.000000
303 325 1555.000000
795 796 1551.000000
1449 1450 1551.000000
928 929 1538.000000
1229 1230 1535.000000
355 377 1528.000000
949 950 1520.000000
730 731 1510.000000
1470 1471 1510.000000
1557 1558 1505.000000
1227 1228 1499.000000
1228 1229 1499.000000
1300 1301 1488.000000
179 201 1476.000000
290 291 1459.000000
1560 1561 1459.000000
950 951 1443.000000
61 62 1428.000000
748 749 1417.000000
749 750 1417.000000
794 795 1409.000000
249 250 1403.000000
750 751 1395.000000
1492 1493 1384.000000
227 228 1365.000000
797 798 1359.000000
313 314 1353.000000
1496 1517 1350.000000
905 906 1348.000000
314 315 1345.000000
1036 10544 1345.000000
921 922 1343.000000
142 143 1325.000000
143 144 1325.000000
144 145 1325.000000
145 146 1325.000000
1192 1193 1302.000000
903 904 1301.000000
1015 10283 1300.000000
752 753 1292.000000
401 402 1290.000000
62 63 1284.000000
151 173 1281.000000
1018 1040 1277.000000
1471 1472 1276.000000
1014 10254 1259.000000
334 335 1258.000000
270 271 1257.000000
1009 1010 1246.000000
1010 1011 1246.000000
60 61 1243.000000
1578 1579 1242.000000
1034 10407 1227.000000
1149 1150 1225.000000
174 196 1222.000000
731 732 1219.000000
1493 1494 1213.000000
174 175 1208.000000
196 218 1201.000000
987 988 1192.000000
751 752 1187.000000
311 333 1183.000000
81 82 1175.000000
336 337 1175.000000
973 995 1174.000000
400 401 1172.000000
352 373 1166.000000
370 371 1166.000000
371 372 1166.000000
372 373 1166.000000
1235 1257 1158.000000
335 336 1151.000000
399 400 1145.000000
352 353 1127.000000
353 354 1127.000000
281 282 1124.000000
376 377 1117.000000
1051 1052 1117.000000
1122 1123 1116.000000
685 686 1115.000000
770 771 1112.000000
771 772 1112.000000
753 754 1105.000000
1126 1127 1100.000000
224 246 1097.000000
770 791 1096.000000
347 348 1091.000000
1008 1009 1089.000000
1030 1031 1086.000000
146 147 1062.000000
147 148 1058.000000
148 149 1058.000000
149 150 1058.000000
315 316 1057.000000
686 687 1049.000000
1036 10446 1034.000000
726 727 1030.000000
727 728 1030.000000
728 729 1030.000000
1360 1382 1030.000000
201 202 1028.000000
834 835 1017.000000
1149 1171 1017.000000
621 622 1007.000000
225 247 1005.000000
163 164 1001.000000
164 165 1001.000000
165 166 1001.000000
166 167 1001.000000
167 168 1001.000000
168 169 1001.000000
169 170 1001.000000
170 171 1001.000000
1144 1165 997.000000
1538 1539 997.000000
773 774 996.000000
1096 1097 994.000000
1097 1098 994.000000
1098 1099 994.000000
1496 1497 980.000000
1291 1292 978.000000
1447 1448 978.000000
990 991 973.000000
294 295 959.000000
295 296 959.000000
296 297 959.000000
297 298 959.000000
298 299 959.000000
299 300 959.000000
300 301 959.000000
301 302 959.000000
660 661 956.000000
1104 1126 952.000000
217 239 948.000000
1236 1237 944.000000
377 378 933.000000
622 623 933.000000
313 335 930.000000
1225 1226 930.000000
1366 1367 926.000000
271 272 921.000000
107 129 907.000000
1279 1301 904.000000
42 43 892.000000
1534 1535 891.000000
109 131 888.000000
748 769 887.000000
839 861 887.000000
269 291 886.000000
172 173 883.000000
312 334 881.000000
173 195 877.000000
1247 1248 874.000000
1268 1269 874.000000
1469 1470 865.000000
667 668 863.000000
687 688 862.000000
463 464 860.000000
1226 1227 855.000000
877 899 851.000000
1582 1583 851.000000
1214 1215 840.000000
357 358 833.000000
704 725 829.000000
1056 10565 823.000000
223 245 817.000000
643 644 815.000000
1039 1040 807.000000
267 289 797.000000
927 949 796.000000
1038 1039 795.000000
1378 1379 794.000000
1379 1380 794.000000
1380 1381 794.000000
1161 1162 793.000000
1162 1163 793.000000
1163 1164 793.000000
1404 1426 793.000000
292 293 791.000000
660 681 791.000000
1164 1165 788.000000
774 775 780.000000
215 216 778.000000
402 403 769.000000
1186 1187 755.000000
1073 1074 749.000000
574 575 740.000000
575 576 740.000000
576 577 740.000000
22 43 738.000000
1381 1382 732.000000
333 334 729.000000
205 206 728.000000
710 711 727.000000
291 292 718.000000
1491 1492 710.000000
1034 10565 705.000000
1312 1313 704.000000
595 596 694.000000
596 597 694.000000
597 598 694.000000
1183 1184 691.000000
1184 1185 691.000000
1185 1186 691.000000
1078 1099 683.000000
379 380 681.000000
348 349 677.000000
1171 1172 676.000000
302 303 668.000000
1172 1173 664.000000
1173 1174 664.000000
726 747 661.000000
369 370 649.000000
1160 1161 648.000000
420 421 646.000000
380 381 636.000000
746 747 632.000000
240 262 630.000000
1063 1064 627.000000
330 331 626.000000
1013 10509 623.000000
1474 1495 621.000000
926 948 613.000000
816 817 605.000000
1061 1083 603.000000
203 204 602.000000
204 205 602.000000
710 732 598.000000
207 208 595.000000
208 209 595.000000
209 210 595.000000
210 211 595.000000
211 212 595.000000
212 213 595.000000
213 214 595.000000
214 215 595.000000
330 351 587.000000
349 350 587.000000
350 351 587.000000
1192 1214 587.000000
598 599 580.000000
104 10784 576.000000
59 60 575.000000
378 379 574.000000
1095 1096 569.000000
665 687 565.000000
1106 1107 565.000000
623 624 562.000000
1 2 559.000000
2 3 559.000000
3 4 559.000000
120 121 559.000000
121 122 559.000000
122 123 559.000000
123 124 559.000000
1215 1216 557.000000
1216 1217 557.000000
1217 1218 557.000000
884 906 548.000000
855 856 546.000000
768 769 541.000000
237 238 540.000000
1015 10421 540.000000
688 689 538.000000
817 818 533.000000
358 359 530.000000
1037 10950 530.000000
397 398 525.000000
1127 1128 525.000000
272 294 523.000000
229 230 522.000000
230 231 522.000000
231 232 522.000000
232 233 522.000000
233 234 522.000000
234 235 522.000000
235 236 522.000000
236 237 522.000000
682 703 518.000000
228 229 516.000000
293 294 515.000000
180 202 513.000000
202 203 512.000000
1237 1238 511.000000
1238 1239 511.000000
1239 1240 511.000000
1058 10953 510.000000
304 326 507.000000
1452 1473 504.000000
973 974 501.000000
1203 1204 497.000000
15 16 493.000000
227 249 485.000000
833 834 479.000000
273 274 477.000000
274 275 477.000000
275 276 477.000000
276 277 477.000000
277 278 477.000000
278 279 477.000000
279 280 477.000000
1105 1127 475.000000
280 281 474.000000
1082 10998 469.000000
1013 10268 467.000000
421 422 462.000000
1337 1359 462.000000
1013 10325 461.000000
1080 10979 461.000000
422 423 456.000000
423 424 456.000000
1085 1086 456.000000
1021 1043 454.000000
1084 1085 453.000000
838 860 448.000000
790 791 447.000000
107 10733 446.000000
1107 1108 442.000000
1108 1109 442.000000
1074 10944 434.000000
920 921 433.000000
443 444 431.000000
1294 1316 430.000000
141 142 427.000000
1316 1338 424.000000
1018 1019 423.000000
1019 1020 423.000000
1020 1021 423.000000
106 128 422.000000
332 333 421.000000
1058 10922 416.000000
667 689 414.000000
772 773 412.000000
153 175 409.000000
119 120 404.000000
1040 10523 403.000000
0 1 402.000000
1008 10430 399.000000
130 152 398.000000
702 703 397.000000
1429 1451 396.000000
617 618 394.000000
618 619 394.000000
619 620 394.000000
620 621 394.000000
775 776 394.000000
1150 1151 393.000000
1151 1152 393.000000
1062 1084 392.000000
402 424 389.000000
884 885 388.000000
862 863 387.000000
1014 10681 386.000000
577 578 385.000000
1073 10856 383.000000
986 987 379.000000
1074 10835 376.000000
1074 10852 376.000000
150 172 375.000000
1037 10372 374.000000
1037 10895 374.000000
1474 1475 372.000000
601 602 370.000000
1037 10763 370.000000
1194 1195 369.000000
1195 1196 369.000000
600 601 366.000000
818 819 366.000000
1079 10901 366.000000
638 639 363.000000
1562 1583 362.000000
813 835 360.000000
171 172 357.000000
1058 10752 351.000000
1359 1360 351.000000
1038 10502 349.000000
1038 10740 349.000000
1138 1139 349.000000
1 10767 343.000000
103 10418 343.000000
599 600 342.000000
621 643 342.000000
421 443 341.000000
1452 1453 341.000000
226 248 339.000000
816 838 339.000000
180 181 337.000000
103 10651 336.000000
1218 1219 336.000000
259 281 334.000000
1240 1241 334.000000
754 755 333.000000
1403 1404 332.000000
37 59 329.000000
1031 10898 329.000000
107 10818 324.000000
1038 10863 324.000000
1219 1220 324.000000
1220 1221 324.000000
1221 1222 324.000000
1222 1223 324.000000
1223 1224 324.000000
1250 1272 324.000000
613 614 323.000000
614 615 323.000000
331 332 322.000000
794 816 322.000000
609 610 320.000000
610 611 320.000000
611 612 320.000000
612 613 320.000000
682 683 320.000000
683 684 320.000000
684 685 320.000000
1016 10414 319.000000
1016 10894 319.000000
1057 10745 318.000000
216 238 317.000000
1014 10982 316.000000
239 261 315.000000
107 10769 311.000000
1344 1345 310.000000
1193 1194 309.000000
107 10789 308.000000
107 10862 307.000000
577 599 307.000000
124 125 306.000000
1145 1167 304.000000
1152 1153 304.000000
181 182 301.000000
182 183 301.000000
1279 1280 301.000000
125 126 299.000000
126 127 299.000000
127 128 299.000000
1014 10249 297.000000
1040 10844 297.000000
1058 10850 296.000000
1034 10386 295.000000
1338 1360 295.000000
1041 1042 294.000000
1060 10857 294.000000
1153 1175 294.000000
1052 10999 293.000000
1139 1140 293.000000
1140 1141 293.000000
1141 1142 293.000000
1257 1258 292.000000
377 399 291.000000
1058 10689 291.000000
1142 1143 291.000000
1040 1041 290.000000
316 317 288.000000
317 318 288.000000
318 319 288.000000
319 320 288.000000
320 321 288.000000
321 322 288.000000
322 323 288.000000
323 324 288.000000
1059 10668 288.000000
107 10837 287.000000
1106 1128 286.000000
1319 1341 286.000000
107 10824 285.000000
1040 10561 282.000000
325 347 281.000000
1064 1065 279.000000
1453 1454 278.000000
1540 1561 278.000000
493 515 276.000000
1038 10696 276.000000
63 85 275.000000
1059 10985 275.000000
622 644 273.000000
324 325 272.000000
354 376 272.000000
1357 1358 271.000000
1358 1359 271.000000
80 81 270.000000
635 636 270.000000
636 637 270.000000
183 184 268.000000
1038 10996 265.000000
1038 10886 264.000000
294 316 261.000000
1122 1143 261.000000
552 553 256.000000
553 554 256.000000
554 555 256.000000
1036 10487 254.000000
1058 10618 254.000000
128 150 253.000000
638 659 253.000000
185 186 251.000000
186 187 251.000000
187 188 251.000000
188 189 251.000000
189 190 251.000000
190 191 251.000000
191 192 251.000000
192 193 251.000000
645 646 250.000000
250 251 249.000000
251 252 249.000000
252 253 249.000000
253 254 249.000000
254 255 249.000000
255 256 249.000000
256 257 249.000000
257 258 249.000000
258 259 249.000000
1241 1242 249.000000
1242 1243 249.000000
1243 1244 249.000000
1244 1245 249.000000
1245 1246 249.000000
1384 1406 248.000000
1035 10982 247.000000
1431 1432 247.000000
1017 10715 246.000000
158 159 245.000000
159 160 245.000000
160 161 245.000000
161 162 245.000000
679 680 245.000000
1017 10244 245.000000
154 155 243.000000
154 175 243.000000
155 156 243.000000
156 157 243.000000
157 158 243.000000
840 862 243.000000
0 22 241.000000
41 63 241.000000
1182 1183 240.000000
1013 10277 238.000000
732 733 237.000000
281 303 236.000000
184 185 234.000000
680 681 234.000000
1082 10947 234.000000
1084 10927 234.000000
1016 10246 233.000000
1016 10550 233.000000
1559 1581 233.000000
1017 10240 232.000000
1017 10970 232.000000
1036 10669 232.000000
1051 10944 232.000000
1036 1058 231.000000
490 491 230.000000
491 492 230.000000
492 493 230.000000
663 685 230.000000
1038 10920 230.000000
1016 10218 227.000000
1052 1074 227.000000
1084 10846 227.000000
1094 1095 227.000000
62 84 226.000000
193 194 224.000000
1016 10717 224.000000
1016 10977 224.000000
1031 10878 223.000000
1428 1450 223.000000
218 240 222.000000
644 645 222.000000
882 904 222.000000
1042 1043 222.000000
1017 10269 221.000000
1017 10663 221.000000
1285 1286 221.000000
1286 1287 221.000000
1287 1288 221.000000
1288 1289 221.000000
1289 1290 221.000000
358 380 220.000000
1016 10702 220.000000
1060 10733 218.000000
578 579 217.000000
1081 10868 217.000000
360 361 215.000000
361 362 215.000000
362 363 215.000000
363 364 215.000000
364 365 215.000000
365 366 215.000000
366 367 215.000000
367 368 214.000000
1030 10406 213.000000
1008 10531 212.000000
163 185 211.000000
1062 10678 211.000000
194 216 209.000000
1034 1056 209.000000
798 799 208.000000
346 347 205.000000
1040 10431 205.000000
1083 10995 205.000000
1016 10605 203.000000
1014 10487 202.000000
1008 10444 201.000000
1224 1225 201.000000
1017 10175 197.000000
1017 10303 197.000000
1017 10383 197.000000
1017 10438 197.000000
1017 10500 197.000000
1117 1118 197.000000
1016 10237 196.000000
1016 10789 196.000000
1017 10871 196.000000
1128 1129 196.000000
1129 1130 196.000000
1057 1079 195.000000
646 647 194.000000
647 648 194.000000
648 649 194.000000
649 650 194.000000
650 651 194.000000
1017 10586 194.000000
1037 10857 194.000000
1037 10910 194.000000
1017 10346 193.000000
1060 10910 193.000000
1170 1192 192.000000
0 10345 191.000000
616 617 191.000000
1082 10924 189.000000
1181 1182 189.000000
579 580 188.000000
1017 10862 188.000000
1016 10301 186.000000
1030 10449 186.000000
106 10864 185.000000
1016 10824 185.000000
286 308 184.000000
1016 10435 184.000000
1038 10862 183.000000
1015 10950 181.000000
1063 10643 181.000000
248 270 179.000000
247 269 178.000000
444 445 178.000000
1081 10972 178.000000
445 446 177.000000
268 290 175.000000
1037 10702 175.000000
1210 1232 175.000000
797 819 174.000000
974 975 174.000000
975 976 174.000000
976 977 174.000000
1037 10717 174.000000
1322 1344 174.000000
1016 10364 173.000000
1037 10550 173.000000
1540 1541 173.000000
107 10740 171.000000
1008 10589 171.000000
333 355 170.000000
1517 1539 170.000000
970 992 169.000000
1016 10271 169.000000
1017 10428 169.000000
1334 1335 169.000000
1518 1539 169.000000
1060 10837 168.000000
1254 1276 168.000000
108 10917 167.000000
1017 10733 167.000000
1058 10627 167.000000
1410 1411 167.000000
928 950 166.000000
1037 10977 164.000000
338 339 162.000000
339 340 162.000000
340 341 162.000000
341 342 162.000000
342 343 162.000000
343 344 162.000000
344 345 162.000000
345 346 162.000000
995 996 162.000000
1037 10669 162.000000
132 133 161.000000
133 134 161.000000
134 135 161.000000
135 136 161.000000
1009 1031 161.000000
573 574 160.000000
1038 10586 160.000000
1038 10782 160.000000
1174 1175 160.000000
1038 10948 159.000000
1038 10976 159.000000
1491 1513 159.000000
120 142 158.000000
1060 10886 158.000000
1060 10996 157.000000
729 751 156.000000
1015 10796 156.000000
1258 1259 156.000000
1259 1260 156.000000
1260 1261 156.000000
1261 1262 156.000000
996 997 155.000000
997 998 155.000000
1037 10613 155.000000
971 993 154.000000
1514 1536 153.000000
580 602 152.000000
107 10886 150.000000
442 464 149.000000
1013 10298 149.000000
1017 10687 149.000000
1280 1281 149.000000
1281 1282 149.000000
1282 1283 149.000000
1283 1284 149.000000
1284 1285 149.000000
136 137 148.000000
137 138 148.000000
138 139 148.000000
139 140 148.000000
140 141 148.000000
711 733 148.000000
107 10996 146.000000
1013 10136 146.000000
1227 1249 146.000000
132 153 145.000000
1212 1234 145.000000
1233 1255 142.000000
1062 10844 141.000000
1014 10245 140.000000
1037 10435 138.000000
1406 1428 138.000000
1017 10837 137.000000
1015 10412 136.000000
1015 10677 136.000000
1015 10781 136.000000
1079 10850 136.000000
1060 10879 135.000000
359 381 134.000000
1035 10821 134.000000
1060 10619 134.000000
119 141 133.000000
292 314 133.000000
368 369 133.000000
1015 10287 133.000000
1015 10305 133.000000
1034 10509 133.000000
1270 1292 133.000000
102 103 131.000000
1490 1491 131.000000
1096 1118 130.000000
1447 1469 130.000000
131 153 129.000000
103 10396 128.000000
103 10540 128.000000
1038 10663 127.000000
1060 10696 127.000000
1081 10879 127.000000
203 225 126.000000
291 313 126.000000
314 336 126.000000
644 666 126.000000
899 921 126.000000
1013 1035 126.000000
288 310 124.000000
530 531 124.000000
531 532 124.000000
532 533 124.000000
1015 10190 124.000000
1214 1236 124.000000
631 632 123.000000
632 633 123.000000
633 634 123.000000
634 635 123.000000
1015 10390 123.000000
1015 10490 123.000000
1015 10563 123.000000
1038 10733 123.000000
1060 10868 123.000000
1518 1519 123.000000
1038 10868 122.000000
198 220 121.000000
272 273 121.000000
359 360 121.000000
1015 10925 121.000000
1323 1324 120.000000
616 637 119.000000
1015 10260 119.000000
1015 10393 119.000000
1015 10499 119.000000
1015 10713 119.000000
1036 10925 119.000000
556 557 118.000000
557 558 118.000000
1040 1062 118.000000
107 10730 117.000000
555 556 117.000000
858 880 117.000000
1017 10782 117.000000
107 10868 115.000000
1017 10920 115.000000
1012 10386 114.000000
1051 1073 114.000000
129 151 113.000000
357 379 113.000000
1323 1345 113.000000
1230 1252 112.000000
335 357 111.000000
600 622 111.000000
1008 10460 111.000000
1015 10469 111.000000
1038 10428 111.000000
528 549 110.000000
543 544 110.000000
544 545 110.000000
545 546 110.000000
546 547 110.000000
547 548 110.000000
548 549 110.000000
1038 10837 110.000000
1012 10407 109.000000
1017 10948 109.000000
1017 10976 109.000000
238 260 108.000000
1015 10669 108.000000
1035 10446 108.000000
1078 10965 108.000000
1366 1388 108.000000
107 10895 107.000000
1012 10575 107.000000
1035 10384 107.000000
1277 1299 107.000000
334 356 106.000000
1035 10357 106.000000
1246 1247 106.000000
1382 1404 105.000000
1036 10979 104.000000
1058 10982 104.000000
381 382 103.000000
382 383 103.000000
383 384 103.000000
384 385 103.000000
385 386 103.000000
386 387 103.000000
387 388 103.000000
388 389 103.000000
389 390 103.000000
1015 10253 103.000000
707 729 102.000000
776 777 102.000000
709 731 101.000000
1013 10738 101.000000
15 37 100.000000
266 288 100.000000
1013 10575 100.000000
1013 10788 100.000000
1147 1169 100.000000
1448 1470 100.000000
1034 10842 99.000000
1038 10475 99.000000
1038 10717 99.000000
1038 10730 99.000000
1143 1165 99.000000
1290 1291 99.000000
1101 1123 98.000000
1016 10857 97.000000
1016 10910 97.000000
1038 10972 96.000000
315 337 95.000000
1035 10955 95.000000
1057 10816 95.000000
1057 10848 95.000000
1057 10902 95.000000
1057 10921 95.000000
1126 1148 95.000000
603 604 94.000000
604 605 94.000000
605 606 94.000000
606 607 94.000000
607 608 94.000000
1035 10811 94.000000
107 10879 93.000000
271 293 93.000000
381 403 93.000000
751 773 93.000000
969 991 93.000000
107 10717 92.000000
533 555 92.000000
602 603 92.000000
1014 10148 92.000000
1016 10265 92.000000
1035 10721 92.000000
1056 1078 92.000000
337 338 91.000000
487 488 91.000000
488 489 91.000000
489 490 91.000000
951 973 91.000000
1058 10665 91.000000
1078 10934 91.000000
1 10911 90.000000
1013 10934 90.000000
1060 10730 90.000000
1060 10972 90.000000
1124 1146 90.000000
1363 1385 90.000000
1152 1174 89.000000
107 10894 88.000000
107 10977 88.000000
237 259 88.000000
1013 10167 88.000000
1061 10687 88.000000
1078 10783 88.000000
440 461 87.000000
455 456 87.000000
456 457 87.000000
457 458 87.000000
458 459 87.000000
459 460 87.000000
460 461 87.000000
1014 10554 87.000000
1057 10883 87.000000
1035 10399 86.000000
1057 10703 86.000000
1057 10946 86.000000
1057 10951 86.000000
1057 10969 86.000000
0 10889 85.000000
1013 10645 85.000000
1030 10999 85.000000
1057 10949 85.000000
390 391 84.000000
806 807 84.000000
807 808 84.000000
808 809 84.000000
809 810 84.000000
810 811 84.000000
1013 10179 84.000000
1013 10250 84.000000
1013 10484 84.000000
1013 10568 84.000000
1013 10640 84.000000
1013 10664 84.000000
1013 10718 84.000000
1013 10783 84.000000
1013 10965 84.000000
1034 10831 84.000000
1079 1101 84.000000
1122 1144 84.000000
1556 1557 84.000000
65 87 83.000000
447 448 83.000000
448 449 83.000000
942 943 83.000000
1035 10554 83.000000
1059 10669 83.000000
1078 1100 83.000000
1078 10808 83.000000
1078 10841 83.000000
1078 10877 83.000000
1340 1362 83.000000
18 40 82.000000
40 62 82.000000
107 10940 82.000000
818 840 82.000000
1535 1557 82.000000
1038 10432 81.000000
1038 10486 81.000000
1078 10810 81.000000
769 791 80.000000
819 820 80.000000
347 369 79.000000
572 573 79.000000
1035 10659 79.000000
688 710 78.000000
1248 1270 78.000000
651 652 77.000000
1017 10337 77.000000
1017 10968 77.000000
1036 10627 77.000000
1059 10613 77.000000
290 312 76.000000
107 10972 75.000000
862 884 75.000000
949 971 74.000000
1051 10531 74.000000
1051 10835 74.000000
1051 10852 74.000000
1473 1495 74.000000
440 441 73.000000
1015 10964 73.000000
1038 10387 73.000000
1231 1253 72.000000
1515 1537 72.000000
795 817 71.000000
1450 1472 71.000000
608 609 70.000000
1060 10769 70.000000
1079 10979 70.000000
1138 1160 70.000000
1388 1389 70.000000
904 926 69.000000
625 626 68.000000
626 627 68.000000
627 628 68.000000
628 629 68.000000
629 630 68.000000
1014 10330 68.000000
1182 1204 68.000000
399 421 67.000000
624 625 67.000000
1014 10446 67.000000
1043 1044 67.000000
1044 1045 67.000000
1045 1046 67.000000
1046 1047 67.000000
1047 1048 67.000000
1048 1049 67.000000
1049 1050 67.000000
1050 1051 67.000000
1060 10763 67.000000
141 163 66.000000
791 813 66.000000
921 943 66.000000
396 397 65.000000
396 417 65.000000
413 414 65.000000
414 415 65.000000
415 416 65.000000
416 417 65.000000
1014 10719 65.000000
1109 1110 65.000000
1110 1111 65.000000
1111 1112 65.000000
1112 1113 65.000000
1113 1114 65.000000
1114 1115 65.000000
1115 1116 65.000000
1014 10559 64.000000
1038 10453 64.000000
1057 10694 64.000000
1078 10821 64.000000
1168 1190 63.000000
773 795 62.000000
1036 10499 62.000000
1060 10789 62.000000
1013 10603 61.000000
1013 10777 61.000000
1013 10808 61.000000
1013 10841 61.000000
1013 10877 61.000000
599 621 60.000000
835 857 60.000000
906 928 60.000000
1038 10776 60.000000
1080 1102 60.000000
1181 1203 60.000000
1512 1513 60.000000
16 38 59.000000
374 375 59.000000
374 395 59.000000
391 392 59.000000
392 393 59.000000
393 394 59.000000
394 395 59.000000
811 812 59.000000
1014 10839 59.000000
1087 1088 59.000000
1088 1089 59.000000
1089 1090 59.000000
1090 1091 59.000000
1091 1092 59.000000
1092 1093 59.000000
1093 1094 59.000000
642 664 58.000000
689 690 58.000000
1036 10393 58.000000
1036 10713 58.000000
1060 10638 58.000000
1060 10824 58.000000
246 268 57.000000
375 376 57.000000
841 842 57.000000
1013 10380 57.000000
1065 1066 57.000000
1066 1067 57.000000
1067 1068 57.000000
1068 1069 57.000000
1069 1070 57.000000
1070 1071 57.000000
1071 1072 57.000000
202 224 56.000000
674 675 56.000000
675 676 56.000000
676 677 56.000000
677 678 56.000000
678 679 56.000000
1030 10444 56.000000
1030 10589 56.000000
1060 10940 56.000000
1153 1154 56.000000
1154 1155 56.000000
1155 1156 56.000000
1156 1157 56.000000
1157 1158 56.000000
578 600 55.000000
905 927 55.000000
907 929 55.000000
965 987 55.000000
1014 10493 55.000000
1158 1159 55.000000
336 358 54.000000
1013 10775 54.000000
1013 10810 54.000000
1017 10188 54.000000
1017 10864 54.000000
1030 10430 54.000000
1030 10531 54.000000
1381 1403 54.000000
245 267 53.000000
885 907 53.000000
1208 1230 53.000000
107 10863 52.000000
666 688 52.000000
1008 1030 52.000000
1175 1176 52.000000
1176 1177 52.000000
1177 1178 52.000000
1178 1179 52.000000
1179 1180 52.000000
1180 1181 52.000000
1425 1426 52.000000
659 681 51.000000
685 707 51.000000
740 741 51.000000
741 742 51.000000
742 743 51.000000
743 744 51.000000
744 745 51.000000
745 746 51.000000
814 836 51.000000
861 883 51.000000
1013 10225 51.000000
1013 10450 51.000000
1013 10505 51.000000
1013 10506 51.000000
1037 1059 51.000000
1060 10702 51.000000
1225 1247 51.000000
1226 1248 51.000000
1035 10542 50.000000
1072 1073 50.000000
1196 1197 50.000000
1197 1198 50.000000
1198 1199 50.000000
1199 1200 50.000000
1200 1201 50.000000
1201 1202 50.000000
1247 1269 50.000000
1257 1279 50.000000
1341 1363 50.000000
172 194 49.000000
206 207 49.000000
412 413 49.000000
817 839 48.000000
1014 10694 48.000000
1039 10715 48.000000
1060 10894 48.000000
1252 1274 48.000000
1302 1303 48.000000
1303 1304 48.000000
1304 1305 48.000000
1305 1306 48.000000
449 471 47.000000
471 493 47.000000
1038 10774 47.000000
1038 10865 47.000000
1038 10956 47.000000
724 725 46.000000
1038 10489 46.000000
1557 1579 46.000000
601 623 45.000000
668 669 45.000000
669 670 45.000000
670 671 45.000000
671 672 45.000000
672 673 45.000000
673 674 45.000000
796 818 45.000000
902 924 45.000000
925 947 45.000000
1016 10938 45.000000
22 44 44.000000
964 986 44.000000
1015 10971 44.000000
1056 10831 44.000000
1057 10681 44.000000
1057 10821 44.000000
1058 10796 44.000000
1074 10878 44.000000
1202 1203 44.000000
1407 1429 44.000000
1536 1558 44.000000
15 1577 43.000000
1056 10788 43.000000
184 206 42.000000
1013 10745 42.000000
1014 10922 42.000000
1035 1057 42.000000
1056 10842 42.000000
1116 1117 42.000000
1125 1147 42.000000
1159 1160 42.000000
1234 1256 42.000000
1301 1302 42.000000
1471 1493 42.000000
718 740 41.000000
449 450 40.000000
450 451 40.000000
451 452 40.000000
452 453 40.000000
453 454 40.000000
454 455 40.000000
515 516 40.000000
516 517 40.000000
517 518 40.000000
518 519 40.000000
519 520 40.000000
860 882 40.000000
1038 1060 40.000000
1056 10575 40.000000
1057 10659 40.000000
1057 10721 40.000000
1121 1143 40.000000
185 207 39.000000
330 352 39.000000
332 354 39.000000
551 552 39.000000
581 582 39.000000
582 583 39.000000
583 584 39.000000
584 585 39.000000
585 586 39.000000
1013 10816 39.000000
1013 10902 39.000000
1014 10542 39.000000
1229 1251 39.000000
1470 1492 39.000000
950 972 38.000000
1013 10256 38.000000
1013 10280 38.000000
1013 10331 38.000000
1013 10703 38.000000
1013 10946 38.000000
1013 10949 38.000000
1013 10951 38.000000
1013 10969 38.000000
1017 10193 38.000000
1061 10782 38.000000
1061 10948 38.000000
1061 10976 38.000000
1269 1291 38.000000
533 534 37.000000
1013 10369 37.000000
1013 10883 37.000000
1014 10665 37.000000
1057 10811 37.000000
1057 10955 37.000000
1086 1087 37.000000
162 163 36.000000
181 203 36.000000
403 404 36.000000
404 405 36.000000
529 530 36.000000
580 581 36.000000
624 646 36.000000
1013 10476 36.000000
1013 10848 36.000000
1013 10921 36.000000
1014 10529 36.000000
1014 10752 36.000000
1061 10663 36.000000
555 577 35.000000
712 713 35.000000
713 714 35.000000
714 715 35.000000
715 716 35.000000
716 717 35.000000
717 718 35.000000
1082 10886 35.000000
1082 10996 35.000000
1017 10182 34.000000
1060 10895 34.000000
1246 1268 34.000000
183 205 33.000000
405 406 33.000000
406 407 33.000000
407 408 33.000000
408 409 33.000000
409 410 33.000000
410 411 33.000000
594 615 33.000000
711 712 33.000000
755 756 33.000000
1060 10977 33.000000
1061 10740 33.000000
411 412 32.000000
754 776 32.000000
1017 10202 32.000000
1074 10999 32.000000
1082 10863 32.000000
1166 1188 32.000000
250 272 31.000000
645 667 31.000000
1017 10453 31.000000
1017 10776 31.000000
324 346 30.000000
338 360 30.000000
594 595 30.000000
703 725 30.000000
746 768 30.000000
977 978 30.000000
978 979 30.000000
979 980 30.000000
980 981 30.000000
981 982 30.000000
982 983 30.000000
983 984 30.000000
984 985 30.000000
985 986 30.000000
1017 10215 30.000000
1058 10979 30.000000
109 10930 29.000000
205 227 29.000000
282 304 29.000000
528 529 29.000000
579 601 29.000000
1427 1449 29.000000
98 99 28.000000
100 101 28.000000
101 102 28.000000
586 587 28.000000
643 665 27.000000
690 691 27.000000
691 692 27.000000
692 693 27.000000
693 694 27.000000
694 695 27.000000
1021 10255 27.000000
1187 1209 27.000000
1296 1318 27.000000
1318 1340 27.000000
43 65 26.000000
228 250 26.000000
1021 1022 26.000000
1022 1023 26.000000
1023 1024 26.000000
1024 1025 26.000000
1025 1026 26.000000
1026 1027 26.000000
1027 1028 26.000000
1028 1029 26.000000
1430 1452 26.000000
21 43 25.000000
97 98 25.000000
106 10774 25.000000
106 10776 25.000000
106 10865 25.000000
106 10956 25.000000
289 311 25.000000
337 359 25.000000
550 551 25.000000
572 593 25.000000
587 588 25.000000
588 589 25.000000
589 590 25.000000
590 591 25.000000
591 592 25.000000
592 593 25.000000
726 748 25.000000
820 821 25.000000
821 822 25.000000
822 823 25.000000
823 824 25.000000
824 825 25.000000
825 826 25.000000
826 827 25.000000
1060 10717 25.000000
1131 1132 25.000000
1132 1133 25.000000
1133 1134 25.000000
1134 1135 25.000000
1135 1136 25.000000
1136 1137 25.000000
1137 1138 25.000000
1 10826 24.000000
219 241 24.000000
424 425 24.000000
534 535 24.000000
535 536 24.000000
536 537 24.000000
565 587 24.000000
834 856 24.000000
1017 10263 24.000000
1017 10769 24.000000
1056 10568 24.000000
1056 10640 24.000000
1056 10664 24.000000
1056 10718 24.000000
1056 10965 24.000000
1102 1124 24.000000
1297 1319 24.000000
1301 1323 24.000000
856 878 23.000000
1081 1103 23.000000
1131 1153 23.000000
1275 1297 23.000000
206 228 22.000000
750 772 22.000000
1012 1034 22.000000
1056 10775 22.000000
1056 10783 22.000000
1130 1131 22.000000
22 23 21.000000
23 24 21.000000
24 25 21.000000
25 26 21.000000
44 45 21.000000
45 46 21.000000
46 47 21.000000
47 48 21.000000
158 180 21.000000
201 223 21.000000
542 543 21.000000
1081 10894 21.000000
1127 1149 21.000000
1474 1496 21.000000
556 578 20.000000
790 812 20.000000
1017 10489 20.000000
1017 10774 20.000000
1017 10865 20.000000
1017 10956 20.000000
1262 1263 20.000000
1263 1264 20.000000
1264 1265 20.000000
1265 1266 20.000000
1266 1267 20.000000
1267 1268 20.000000
270 292 19.000000
508 509 19.000000
509 510 19.000000
510 511 19.000000
511 512 19.000000
512 513 19.000000
513 514 19.000000
514 515 19.000000
762 763 19.000000
763 764 19.000000
764 765 19.000000
765 766 19.000000
766 767 19.000000
955 977 19.000000
1037 10938 19.000000
1084 10844 19.000000
1451 1473 19.000000
310 332 18.000000
623 645 18.000000
774 796 18.000000
1034 10357 18.000000
1038 10414 18.000000
1038 10894 18.000000
1472 1494 18.000000
1560 1582 18.000000
534 556 17.000000
550 571 17.000000
565 566 17.000000
566 567 17.000000
567 568 17.000000
568 569 17.000000
569 570 17.000000
570 571 17.000000
812 834 17.000000
948 970 17.000000
977 999 17.000000
1014 10627 17.000000
1035 10493 17.000000
1035 10529 17.000000
1035 10665 17.000000
1035 10752 17.000000
1056 10848 17.000000
1056 10921 17.000000
1074 10898 17.000000
730 752 16.000000
770 792 16.000000
1029 1030 16.000000
1038 10510 16.000000
1038 10940 16.000000
1083 1105 16.000000
1493 1515 16.000000
1516 1538 16.000000
200 222 15.000000
418 419 15.000000
702 724 15.000000
733 734 15.000000
734 735 15.000000
735 736 15.000000
736 737 15.000000
737 738 15.000000
738 739 15.000000
739 740 15.000000
775 797 15.000000
789 790 15.000000
1013 10270 15.000000
1013 10659 15.000000
1013 10721 15.000000
1013 10811 15.000000
1013 10955 15.000000
1034 10369 15.000000
1034 10380 15.000000
1034 10816 15.000000
1034 10883 15.000000
1034 10946 15.000000
1034 10949 15.000000
1034 10951 15.000000
1034 10969 15.000000
1036 10677 15.000000
1038 10789 15.000000
1164 1186 15.000000
1475 1476 15.000000
293 315 14.000000
418 440 14.000000
464 465 14.000000
465 466 14.000000
466 467 14.000000
467 468 14.000000
537 559 14.000000
777 778 14.000000
778 779 14.000000
779 780 14.000000
780 781 14.000000
781 782 14.000000
782 783 14.000000
1012 10842 14.000000
1036 10412 14.000000
1036 10781 14.000000
1038 10824 14.000000
1139 1161 14.000000
1495 1517 14.000000
1541 1542 14.000000
1542 1543 14.000000
1543 1544 14.000000
1544 1545 14.000000
136 158 13.000000
178 200 13.000000
767 789 13.000000
955 956 13.000000
956 957 13.000000
957 958 13.000000
958 959 13.000000
959 960 13.000000
960 961 13.000000
961 962 13.000000
962 963 13.000000
963 964 13.000000
974 996 13.000000
1013 10357 13.000000
1034 10703 13.000000
1034 10902 13.000000
1034 10934 13.000000
1109 1131 13.000000
1159 1181 13.000000
1213 1235 13.000000
1577 1578 13.000000
102 10402 12.000000
316 338 12.000000
630 631 12.000000
811 833 12.000000
1017 10510 12.000000
110 111 11.000000
110 131 11.000000
111 112 11.000000
112 113 11.000000
113 114 11.000000
114 115 11.000000
115 116 11.000000
116 117 11.000000
117 118 11.000000
118 119 11.000000
380 402 11.000000
558 559 11.000000
680 702 11.000000
1017 10349 11.000000
1017 10638 11.000000
1161 1183 11.000000
1497 1498 11.000000
242 264 10.000000
646 668 10.000000
1029 1051 10.000000
1142 1164 10.000000
602 624 9.000000
772 794 9.000000
1036 10964 9.000000
1087 1109 9.000000
1513 1535 9.000000
20 42 8.000000
42 64 8.000000
207 229 8.000000
433 455 8.000000
446 447 8.000000
753 775 8.000000
1014 1036 8.000000
1081 10857 8.000000
1081 10910 8.000000
1120 1142 8.000000
1209 1231 8.000000
1556 1578 8.000000
75 97 7.000000
486 487 7.000000
543 565 7.000000
1035 10694 7.000000
1036 10469 7.000000
1038 10638 7.000000
1038 10769 7.000000
1039 1061 7.000000
1072 1094 7.000000
1202 1224 7.000000
1253 1275 7.000000
1256 1278 7.000000
1494 1516 7.000000
411 433 6.000000
638 660 6.000000
652 653 6.000000
653 654 6.000000
654 655 6.000000
655 656 6.000000
687 709 6.000000
696 718 6.000000
767 768 6.000000
819 841 6.000000
833 855 6.000000
1034 10450 6.000000
1034 10476 6.000000
1034 10484 6.000000
1034 10505 6.000000
1034 10506 6.000000
1034 10640 6.000000
1034 10664 6.000000
1034 10718 6.000000
1034 10775 6.000000
1034 10783 6.000000
1034 10848 6.000000
1034 10921 6.000000
1036 10421 6.000000
1036 10796 6.000000
1165 1187 6.000000
1298 1320 6.000000
1302 1324 6.000000
58 59 5.000000
66 87 5.000000
506 507 5.000000
537 538 5.000000
538 539 5.000000
539 540 5.000000
540 541 5.000000
541 542 5.000000
733 755 5.000000
747 769 5.000000
756 757 5.000000
757 758 5.000000
758 759 5.000000
759 760 5.000000
760 761 5.000000
761 762 5.000000
929 930 5.000000
946 968 5.000000
1008 10217 5.000000
1035 10681 5.000000
1291 1313 5.000000
1490 1512 5.000000
48 49 4.000000
49 50 4.000000
50 51 4.000000
51 52 4.000000
52 53 4.000000
53 75 4.000000
215 237 4.000000
302 324 4.000000
427 449 4.000000
559 560 4.000000
560 561 4.000000
561 562 4.000000
562 563 4.000000
563 564 4.000000
637 659 4.000000
674 696 4.000000
855 877 4.000000
1008 10757 4.000000
1009 10326 4.000000
1034 10568 4.000000
1034 10788 4.000000
1034 10965 4.000000
1041 1063 4.000000
1052 10898 4.000000
1079 10982 4.000000
1081 10895 4.000000
1081 10977 4.000000
1082 1104 4.000000
1095 10999 4.000000
1183 1205 4.000000
1293 1315 4.000000
1306 1307 4.000000
1307 1308 4.000000
1308 1309 4.000000
1309 1310 4.000000
1310 1311 4.000000
1315 1337 4.000000
75 76 3.000000
76 77 3.000000
77 78 3.000000
78 79 3.000000
79 80 3.000000
280 302 3.000000
405 427 3.000000
468 469 3.000000
469 470 3.000000
470 471 3.000000
471 472 3.000000
472 473 3.000000
473 474 3.000000
474 475 3.000000
475 476 3.000000
507 508 3.000000
521 543 3.000000
586 608 3.000000
613 635 3.000000
776 798 3.000000
930 931 3.000000
931 932 3.000000
932 933 3.000000
933 955 3.000000
951 952 3.000000
952 953 3.000000
953 954 3.000000
954 955 3.000000
1017 1039 3.000000
1078 10811 3.000000
1078 10955 3.000000
1085 1107 3.000000
1188 1210 3.000000
1206 1228 3.000000
1207 1229 3.000000
1228 1250 3.000000
1258 1280 3.000000
1386 1408 3.000000
1425 1447 3.000000
1426 1448 3.000000
1538 1560 3.000000
1562 1563 3.000000
1563 1564 3.000000
1564 1565 3.000000
1565 1566 3.000000
249 271 2.000000
260 282 2.000000
425 426 2.000000
426 427 2.000000
506 527 2.000000
521 522 2.000000
522 523 2.000000
523 524 2.000000
524 525 2.000000
525 526 2.000000
526 527 2.000000
603 625 2.000000
906 907 2.000000
930 952 2.000000
952 974 2.000000
1034 10575 2.000000
1052 10878 2.000000
1100 1122 2.000000
1123 1145 2.000000
1128 1150 2.000000
1144 1166 2.000000
1203 1225 2.000000
1342 1364 2.000000
1345 1346 2.000000
1346 1347 2.000000
1347 1348 2.000000
1348 1349 2.000000
1349 1350 2.000000
1350 1351 2.000000
1351 1352 2.000000
1352 1353 2.000000
1353 1354 2.000000
1354 1355 2.000000
1558 1580 2.000000
26 27 1.000000
27 28 1.000000
28 29 1.000000
29 30 1.000000
30 31 1.000000
31 32 1.000000
32 33 1.000000
33 34 1.000000
34 35 1.000000
35 36 1.000000
60 82 1.000000
367 389 1.000000
389 411 1.000000
418 439 1.000000
427 428 1.000000
428 429 1.000000
429 430 1.000000
430 431 1.000000
431 432 1.000000
432 433 1.000000
433 434 1.000000
434 435 1.000000
435 436 1.000000
436 437 1.000000
437 438 1.000000
438 439 1.000000
445 467 1.000000
467 489 1.000000
489 511 1.000000
493 494 1.000000
494 495 1.000000
495 496 1.000000
496 497 1.000000
497 498 1.000000
498 499 1.000000
499 521 1.000000
511 533 1.000000
551 573 1.000000
695 696 1.000000
696 697 1.000000
697 698 1.000000
698 699 1.000000
699 700 1.000000
903 925 1.000000
943 965 1.000000
998 999 1.000000
1030 1052 1.000000
1030 10878 1.000000
1078 10816 1.000000
1078 10883 1.000000
1078 10946 1.000000
1078 10949 1.000000
1078 10951 1.000000
1078 10969 1.000000
1158 1180 1.000000
1180 1202 1.000000
1324 1325 1.000000
1325 1326 1.000000
1326 1327 1.000000
1327 1328 1.000000
1328 1329 1.000000
1329 1330 1.000000
1330 1331 1.000000
1331 1332 1.000000
1332 1333 1.000000
1333 1334 1.000000
1362 1384 1.000000
1403 1425 1.000000
