94 95 18357.000000
95 96 18357.000000
96 97 18357.000000
97 98 18357.000000
4 5 15214.000000
1066 1067 14909.000000
93 94 14148.000000
1110 1111 14093.000000
1257 1258 11467.000000
847 848 11440.000000
846 847 11121.000000
1258 1259 10953.000000
1108 1109 10882.000000
98 99 10807.000000
934 935 10763.000000
1109 1110 10582.000000
1065 1066 10561.000000
1064 1065 10003.000000
912 913 9970.000000
1087 1088 9892.000000
5 6 9860.000000
1259 1260 9846.000000
1131 1132 9549.000000
890 891 9110.000000
1260 1261 9004.000000
1022 1023 8764.000000
1130 1131 8687.000000
933 934 8369.000000
1261 1262 8147.000000
1129 1130 8137.000000
71 72 8043.000000
845 846 7999.000000
1063 1064 7972.000000
1086 1087 7900.000000
72 73 7899.000000
73 74 7899.000000
74 75 7899.000000
75 76 7899.000000
1124 1125 7819.000000
935 936 7705.000000
138 139 7694.000000
139 140 7694.000000
140 141 7694.000000
141 142 7650.000000
186 187 7592.000000
1107 1108 7590.000000
1126 1127 7515.000000
1128 1129 7499.000000
1125 1126 7333.000000
911 912 7283.000000
776 777 7267.000000
777 778 7267.000000
50 51 7244.000000
1088 1089 7144.000000
1023 1024 7025.000000
1021 1022 7023.000000
51 52 6844.000000
52 53 6844.000000
53 54 6844.000000
54 55 6823.000000
868 869 6821.000000
869 870 6771.000000
932 933 6704.000000
1146 1147 6692.000000
711 712 6604.000000
712 713 6604.000000
891 892 6603.000000
732 733 6586.000000
733 734 6586.000000
734 735 6586.000000
956 957 6512.000000
1147 1148 6487.000000
1153 1154 6456.000000
1085 1086 6404.000000
49 50 6315.000000
1127 1128 6297.000000
955 956 6201.000000
798 799 6194.000000
799 800 6194.000000
800 801 6183.000000
1148 1149 6170.000000
1152 1153 6146.000000
1149 1150 6120.000000
137 138 5977.000000
775 776 5955.000000
910 911 5944.000000
889 890 5851.000000
182 183 5820.000000
183 184 5820.000000
184 185 5820.000000
1044 1045 5814.000000
561 562 5699.000000
1262 1263 5652.000000
116 117 5582.000000
117 118 5582.000000
118 119 5582.000000
119 120 5582.000000
26 27 5569.000000
801 802 5554.000000
774 775 5445.000000
1151 1152 5444.000000
848 849 5433.000000
778 779 5364.000000
1123 1124 5315.000000
187 188 5284.000000
1106 1107 5188.000000
802 803 5110.000000
906 907 5089.000000
907 908 5089.000000
908 909 5089.000000
1150 1151 5021.000000
185 186 4976.000000
1104 1105 4922.000000
867 868 4871.000000
710 711 4836.000000
273 274 4810.000000
1102 1103 4810.000000
1103 1104 4810.000000
1067 1068 4798.000000
1043 1044 4752.000000
142 143 4718.000000
1391 1392 4694.000000
1042 1043 4687.000000
779 780 4662.000000
48 49 4632.000000
1145 1146 4536.000000
1174 1175 4401.000000
1105 1106 4382.000000
1173 1174 4379.000000
1084 1085 4374.000000
758 759 4357.000000
3 4 4345.000000
1020 1021 4295.000000
1175 1176 4293.000000
1390 1391 4284.000000
688 689 4269.000000
689 690 4269.000000
690 691 4269.000000
1067 1089 4259.000000
754 755 4244.000000
755 756 4244.000000
756 757 4244.000000
954 955 4224.000000
1197 1198 4048.000000
797 798 3979.000000
560 561 3970.000000
1083 1084 3949.000000
1501 1502 3931.000000
92 93 3895.000000
143 144 3893.000000
905 906 3879.000000
188 189 3878.000000
731 732 3861.000000
866 867 3855.000000
913 914 3806.000000
1172 1173 3772.000000
76 77 3710.000000
1082 1083 3707.000000
70 71 3701.000000
1545 1546 3685.000000
1080 1081 3650.000000
1081 1082 3650.000000
1196 1197 3632.000000
1214 1215 3621.000000
936 937 3618.000000
1101 1102 3593.000000
957 958 3592.000000
1195 1196 3556.000000
713 714 3531.000000
1154 1155 3530.000000
979 980 3528.000000
1041 1042 3528.000000
709 710 3505.000000
230 231 3499.000000
1215 1216 3495.000000
115 116 3491.000000
120 121 3477.000000
1347 1348 3440.000000
558 559 3410.000000
559 560 3410.000000
1544 1545 3372.000000
25 26 3369.000000
1324 1325 3325.000000
144 145 3278.000000
1389 1390 3274.000000
1062 1063 3267.000000
1213 1214 3249.000000
914 915 3214.000000
978 979 3173.000000
496 497 3101.000000
1412 1413 3060.000000
135 136 3018.000000
1388 1389 2984.000000
1498 1499 2972.000000
1499 1500 2972.000000
977 978 2949.000000
1000 1001 2915.000000
730 731 2912.000000
1216 1217 2906.000000
997 998 2874.000000
1236 1237 2872.000000
841 842 2845.000000
842 843 2845.000000
843 844 2845.000000
1023 1045 2836.000000
1217 1218 2836.000000
100 101 2834.000000
1413 1414 2831.000000
27 28 2819.000000
909 910 2796.000000
1218 1219 2791.000000
114 115 2782.000000
1323 1324 2767.000000
1019 1020 2758.000000
77 78 2733.000000
1079 1080 2714.000000
1479 1480 2662.000000
1500 1501 2651.000000
1325 1326 2633.000000
998 999 2632.000000
1476 1477 2613.000000
1477 1478 2613.000000
1171 1172 2598.000000
735 736 2592.000000
583 584 2582.000000
1237 1238 2564.000000
493 494 2562.000000
494 495 2562.000000
1170 1171 2551.000000
1059 1060 2538.000000
495 496 2529.000000
1060 1061 2522.000000
757 758 2513.000000
1497 1498 2505.000000
136 137 2498.000000
1061 1062 2489.000000
1238 1239 2455.000000
844 845 2454.000000
665 666 2428.000000
1089 1090 2421.000000
714 715 2408.000000
848 870 2395.000000
1345 1346 2391.000000
736 737 2387.000000
1280 1281 2375.000000
1326 1327 2375.000000
1392 1393 2371.000000
1239 1240 2364.000000
937 938 2363.000000
1122 1123 2362.000000
1369 1370 2349.000000
101 102 2341.000000
862 863 2335.000000
863 864 2335.000000
864 865 2335.000000
667 668 2328.000000
668 669 2328.000000
980 981 2320.000000
1192 1193 2316.000000
1344 1345 2314.000000
1455 1456 2313.000000
666 667 2312.000000
1194 1195 2304.000000
55 56 2288.000000
584 585 2267.000000
203 204 2255.000000
204 205 2255.000000
205 206 2255.000000
206 207 2255.000000
1240 1241 2255.000000
1346 1347 2230.000000
1169 1170 2193.000000
823 824 2144.000000
1001 1002 2130.000000
164 165 2122.000000
958 959 2116.000000
1037 1038 2106.000000
1038 1039 2106.000000
1039 1040 2106.000000
1282 1283 2104.000000
47 48 2101.000000
669 670 2083.000000
1478 1479 2078.000000
585 586 2073.000000
1454 1455 2072.000000
1522 1523 2071.000000
1193 1194 2070.000000
888 889 2069.000000
796 797 2058.000000
780 781 2006.000000
976 977 2005.000000
1368 1369 2000.000000
1036 1037 1995.000000
229 230 1991.000000
892 893 1982.000000
1001 10100 1970.000000
949 950 1964.000000
950 951 1964.000000
951 952 1964.000000
952 953 1964.000000
865 866 1952.000000
1024 1025 1943.000000
157 158 1942.000000
928 929 1928.000000
929 930 1928.000000
930 931 1928.000000
562 563 1921.000000
1 2 1900.000000
2 3 1899.000000
1327 1328 1897.000000
113 114 1844.000000
156 157 1834.000000
884 885 1829.000000
885 886 1829.000000
886 887 1829.000000
887 888 1829.000000
48 70 1823.000000
181 182 1819.000000
207 208 1819.000000
1523 1524 1816.000000
1281 1282 1814.000000
1456 1457 1808.000000
274 296 1799.000000
159 160 1798.000000
160 161 1798.000000
161 162 1798.000000
162 163 1798.000000
1433 1434 1798.000000
649 650 1794.000000
102 103 1773.000000
1189 1190 1764.000000
1190 1191 1764.000000
497 498 1761.000000
1370 1371 1760.000000
165 166 1753.000000
1040 1041 1722.000000
1241 1242 1717.000000
753 754 1694.000000
650 651 1683.000000
759 760 1679.000000
1411 1412 1671.000000
231 232 1670.000000
209 210 1663.000000
1367 1368 1634.000000
931 932 1618.000000
1566 1567 1618.000000
146 147 1605.000000
840 841 1604.000000
166 167 1596.000000
208 209 1596.000000
1035 1036 1554.000000
145 146 1547.000000
557 558 1547.000000
915 916 1527.000000
145 167 1513.000000
953 954 1504.000000
121 122 1486.000000
692 693 1485.000000
891 913 1478.000000
1475 1476 1471.000000
1301 1302 1466.000000
1541 1542 1464.000000
648 649 1461.000000
715 716 1461.000000
1542 1543 1460.000000
1058 1059 1452.000000
645 646 1432.000000
646 647 1432.000000
647 648 1432.000000
91 92 1414.000000
687 688 1414.000000
27 49 1411.000000
1302 1303 1409.000000
803 804 1402.000000
1279 1280 1395.000000
180 181 1375.000000
691 692 1367.000000
1434 1435 1360.000000
1432 1433 1359.000000
643 644 1351.000000
1068 1069 1347.000000
79 80 1343.000000
158 159 1343.000000
167 168 1342.000000
78 79 1331.000000
563 564 1324.000000
1540 1541 1323.000000
601 602 1315.000000
602 603 1315.000000
603 604 1315.000000
179 180 1302.000000
1021 10487 1297.000000
1000 10118 1295.000000
163 164 1292.000000
981 982 1291.000000
1023 10398 1285.000000
693 694 1281.000000
1546 1547 1281.000000
497 519 1277.000000
6 7 1272.000000
225 226 1272.000000
226 227 1272.000000
227 228 1272.000000
228 229 1272.000000
1543 1544 1269.000000
1348 1349 1267.000000
230 252 1266.000000
103 104 1259.000000
893 915 1244.000000
1 10168 1240.000000
56 78 1240.000000
1283 1284 1237.000000
627 628 1234.000000
517 518 1233.000000
1457 1458 1231.000000
233 234 1216.000000
122 123 1215.000000
541 542 1208.000000
1002 1003 1203.000000
1284 1285 1202.000000
519 520 1194.000000
1191 1192 1193.000000
100 122 1191.000000
232 233 1181.000000
1502 1503 1180.000000
296 297 1179.000000
189 190 1176.000000
1414 1415 1170.000000
498 499 1159.000000
187 209 1158.000000
893 894 1116.000000
644 645 1115.000000
49 71 1111.000000
580 581 1106.000000
581 582 1106.000000
1078 1079 1099.000000
993 994 1097.000000
994 995 1097.000000
995 996 1097.000000
80 81 1092.000000
514 515 1088.000000
515 516 1088.000000
516 517 1088.000000
971 972 1087.000000
972 973 1087.000000
973 974 1087.000000
234 235 1076.000000
737 738 1069.000000
201 202 1060.000000
202 203 1060.000000
520 521 1060.000000
1057 1058 1055.000000
1349 1350 1048.000000
847 869 1040.000000
1219 1220 1040.000000
671 672 1018.000000
190 191 1017.000000
582 583 1015.000000
200 201 1008.000000
605 606 1007.000000
670 671 1005.000000
1154 1176 1002.000000
499 500 988.000000
1022 10613 984.000000
1304 1305 970.000000
1303 1304 968.000000
274 275 948.000000
996 997 948.000000
1410 1411 947.000000
1366 1367 946.000000
824 825 942.000000
113 135 940.000000
518 519 940.000000
1415 1416 934.000000
606 607 933.000000
1371 1372 933.000000
492 493 932.000000
666 688 928.000000
1045 1046 928.000000
1026 1027 927.000000
1027 1028 927.000000
56 57 922.000000
57 58 921.000000
927 928 911.000000
604 605 907.000000
1545 1567 907.000000
1480 1481 903.000000
1025 1026 895.000000
1305 1306 879.000000
600 601 872.000000
123 124 868.000000
168 169 863.000000
628 629 847.000000
17 18 844.000000
44 65 843.000000
61 62 843.000000
62 63 843.000000
63 64 843.000000
64 65 843.000000
18 19 842.000000
26 48 817.000000
819 820 814.000000
820 821 814.000000
821 822 814.000000
19 20 812.000000
44 45 812.000000
45 46 812.000000
46 47 812.000000
540 541 802.000000
556 557 798.000000
948 949 798.000000
20 21 796.000000
134 135 794.000000
0 1 790.000000
1046 1047 789.000000
0 21 787.000000
1001 10203 778.000000
586 587 774.000000
759 781 765.000000
1453 1454 762.000000
143 165 742.000000
1328 1329 738.000000
716 717 736.000000
936 958 736.000000
1021 10979 734.000000
1458 1459 729.000000
561 583 722.000000
147 169 712.000000
578 579 707.000000
542 543 692.000000
1167 1168 683.000000
1168 1169 683.000000
210 211 682.000000
512 513 682.000000
579 580 679.000000
916 917 669.000000
297 298 662.000000
298 299 662.000000
71 93 655.000000
822 823 651.000000
1090 1091 651.000000
1091 1092 651.000000
1092 1093 651.000000
178 179 650.000000
211 212 645.000000
112 113 644.000000
124 125 641.000000
338 339 640.000000
58 59 628.000000
110 111 619.000000
111 112 619.000000
623 624 619.000000
624 625 619.000000
625 626 619.000000
974 996 615.000000
1235 1236 613.000000
110 131 612.000000
126 127 612.000000
127 128 612.000000
128 129 612.000000
129 130 612.000000
130 131 612.000000
1431 1432 610.000000
55 77 608.000000
132 153 607.000000
147 148 607.000000
148 149 607.000000
149 150 607.000000
150 151 607.000000
151 152 607.000000
152 153 607.000000
894 916 604.000000
1198 1199 601.000000
132 133 600.000000
133 134 600.000000
449 450 598.000000
450 451 598.000000
451 452 598.000000
629 630 589.000000
176 197 587.000000
192 193 587.000000
193 194 587.000000
194 195 587.000000
195 196 587.000000
196 197 587.000000
452 453 584.000000
513 514 583.000000
252 253 579.000000
1132 1133 577.000000
1065 10953 573.000000
69 70 570.000000
1072 1073 568.000000
176 177 555.000000
177 178 555.000000
1393 1394 555.000000
861 862 554.000000
622 623 553.000000
1546 1568 553.000000
1100 1101 549.000000
1069 1070 548.000000
1070 1071 548.000000
1071 1072 548.000000
186 208 546.000000
1519 1520 542.000000
1520 1521 542.000000
1521 1522 542.000000
188 210 539.000000
1417 1418 536.000000
1418 1419 536.000000
1419 1420 536.000000
277 278 531.000000
1087 10967 527.000000
59 60 517.000000
1021 10413 509.000000
714 736 506.000000
752 753 499.000000
992 993 499.000000
1047 1048 498.000000
1048 1049 498.000000
539 540 496.000000
959 960 494.000000
1413 1435 491.000000
253 254 480.000000
1188 1189 480.000000
1040 1062 478.000000
1518 1519 477.000000
904 905 472.000000
974 975 472.000000
1083 10867 472.000000
1390 1412 467.000000
134 156 465.000000
70 92 463.000000
818 819 462.000000
825 826 459.000000
804 805 456.000000
1232 1233 455.000000
1232 1253 455.000000
1233 1234 455.000000
1234 1235 455.000000
317 318 450.000000
1087 10957 450.000000
802 824 445.000000
1058 10882 444.000000
453 475 443.000000
1021 10512 443.000000
22 23 442.000000
23 24 442.000000
24 25 442.000000
970 971 438.000000
883 884 435.000000
536 537 434.000000
537 538 434.000000
1056 1057 433.000000
1065 10815 433.000000
1306 1307 433.000000
441 442 430.000000
442 443 430.000000
443 444 430.000000
1001 10770 425.000000
1459 1460 424.000000
223 224 422.000000
224 225 422.000000
826 827 422.000000
444 445 421.000000
445 446 421.000000
446 447 421.000000
982 983 421.000000
983 984 421.000000
22 43 420.000000
39 40 420.000000
40 41 420.000000
41 42 420.000000
42 43 420.000000
538 539 419.000000
1260 1282 419.000000
805 827 410.000000
254 255 409.000000
276 277 408.000000
81 82 407.000000
100 10570 407.000000
100 10962 407.000000
803 825 407.000000
100 10588 406.000000
100 10688 406.000000
102 10276 405.000000
1210 1211 399.000000
1210 1231 399.000000
1211 1212 399.000000
1020 10811 397.000000
1056 1077 394.000000
1073 1074 394.000000
1074 1075 394.000000
1075 1076 394.000000
1076 1077 394.000000
1474 1475 393.000000
715 737 392.000000
209 231 387.000000
275 276 386.000000
100 10084 380.000000
1567 1568 380.000000
1021 10344 379.000000
1214 1236 372.000000
975 976 371.000000
1025 10541 369.000000
1035 10381 369.000000
694 695 368.000000
1496 1497 367.000000
894 895 365.000000
895 896 365.000000
1170 1192 365.000000
1123 1145 364.000000
103 10381 361.000000
1002 10251 360.000000
38 39 357.000000
222 223 357.000000
66 67 356.000000
67 68 356.000000
68 69 356.000000
28 50 353.000000
66 87 350.000000
82 83 350.000000
83 84 350.000000
84 85 350.000000
85 86 350.000000
86 87 350.000000
626 627 350.000000
1144 1145 350.000000
1435 1436 350.000000
167 189 348.000000
251 252 348.000000
672 694 347.000000
917 918 346.000000
185 207 342.000000
1003 10751 342.000000
1524 1525 341.000000
69 91 338.000000
100 10884 338.000000
651 652 338.000000
672 673 338.000000
103 10592 336.000000
100 10422 333.000000
100 10548 333.000000
991 992 332.000000
100 10543 331.000000
960 961 331.000000
961 962 331.000000
1056 10616 331.000000
1025 10931 330.000000
1065 1087 330.000000
406 407 328.000000
407 408 328.000000
1500 1522 327.000000
1582 1583 325.000000
1028 10874 320.000000
104 10786 319.000000
826 848 319.000000
1057 10896 317.000000
1565 1566 317.000000
587 609 316.000000
1062 10831 315.000000
1024 10304 314.000000
1093 1094 314.000000
1502 1524 314.000000
1041 10703 312.000000
58 80 311.000000
1263 1264 311.000000
1191 1213 309.000000
1581 1582 309.000000
1024 10309 308.000000
1024 10887 308.000000
1540 1561 308.000000
1557 1558 308.000000
1558 1559 308.000000
1559 1560 308.000000
1560 1561 308.000000
1111 1112 305.000000
535 536 304.000000
212 213 303.000000
870 892 301.000000
896 897 299.000000
7 8 298.000000
8 9 298.000000
10 11 298.000000
775 797 298.000000
1166 1167 297.000000
101 123 296.000000
101 10149 296.000000
278 300 296.000000
862 884 296.000000
1002 10108 296.000000
713 735 295.000000
255 256 291.000000
938 939 291.000000
939 940 291.000000
940 941 291.000000
1062 10700 291.000000
165 187 290.000000
1034 1035 290.000000
1079 10798 289.000000
607 608 288.000000
1045 10452 287.000000
1045 10494 287.000000
1045 10801 287.000000
1045 10847 287.000000
1045 10990 287.000000
1372 1373 285.000000
1045 10675 284.000000
104 105 283.000000
105 106 283.000000
106 107 283.000000
107 108 283.000000
108 109 283.000000
144 166 283.000000
1045 10787 283.000000
1045 10802 283.000000
804 826 282.000000
1044 10917 282.000000
1089 1111 279.000000
1580 1581 279.000000
88 89 277.000000
89 90 277.000000
100 10537 277.000000
1045 10526 277.000000
1579 1580 277.000000
100 10353 273.000000
1212 1213 273.000000
1002 10533 272.000000
100 10978 270.000000
198 199 270.000000
1045 10991 270.000000
1368 1390 269.000000
157 179 268.000000
498 520 268.000000
33 55 266.000000
1066 1088 266.000000
191 192 264.000000
1000 10917 264.000000
1079 1101 264.000000
1235 1257 263.000000
669 691 261.000000
1285 1286 261.000000
198 219 259.000000
213 214 259.000000
214 215 259.000000
215 216 259.000000
216 217 259.000000
217 218 259.000000
218 219 259.000000
849 850 259.000000
1000 10985 259.000000
1578 1579 259.000000
938 960 257.000000
1430 1431 257.000000
408 409 253.000000
90 91 252.000000
191 213 252.000000
1002 10961 250.000000
234 256 244.000000
1003 10778 243.000000
1067 10983 242.000000
28 29 241.000000
29 30 241.000000
30 31 241.000000
31 32 241.000000
32 33 241.000000
1025 1047 238.000000
1045 10501 238.000000
890 912 236.000000
154 155 235.000000
155 156 235.000000
564 565 235.000000
1024 10471 232.000000
1028 10378 231.000000
1112 1113 230.000000
1113 1114 230.000000
1114 1115 230.000000
1115 1116 230.000000
1522 1544 230.000000
1001 10481 228.000000
453 454 226.000000
491 492 226.000000
630 631 224.000000
1003 10324 223.000000
1024 10273 222.000000
189 211 221.000000
1089 10906 219.000000
1067 10682 218.000000
166 188 216.000000
757 779 216.000000
1024 10420 216.000000
1024 10812 216.000000
1024 10840 216.000000
1024 10936 216.000000
1024 1046 215.000000
1069 10743 215.000000
1025 10578 214.000000
1024 10657 213.000000
1416 1417 213.000000
500 501 212.000000
501 502 212.000000
502 503 212.000000
503 504 212.000000
504 505 212.000000
1001 10409 212.000000
1024 10761 212.000000
1024 10845 212.000000
1024 10899 212.000000
1024 10959 212.000000
466 467 211.000000
467 468 211.000000
1024 10296 211.000000
1067 10729 211.000000
933 955 210.000000
1063 10681 210.000000
253 275 209.000000
1069 10828 209.000000
1002 10047 208.000000
409 431 207.000000
1000 10271 207.000000
1040 10603 207.000000
1300 1301 207.000000
542 564 206.000000
934 956 205.000000
1049 10874 205.000000
1067 10923 205.000000
1147 1169 205.000000
1001 10398 204.000000
1046 10931 204.000000
1436 1437 204.000000
154 175 203.000000
170 171 203.000000
171 172 203.000000
172 173 203.000000
173 174 203.000000
174 175 203.000000
50 72 201.000000
361 362 200.000000
1002 10456 200.000000
1035 10592 200.000000
1198 1220 200.000000
671 693 199.000000
850 851 199.000000
851 852 199.000000
1067 10834 198.000000
1084 10965 198.000000
1067 10869 197.000000
932 954 195.000000
1150 1172 195.000000
101 10444 194.000000
1067 10930 194.000000
360 361 192.000000
556 578 192.000000
670 692 192.000000
169 170 191.000000
1543 1565 191.000000
404 405 190.000000
869 891 190.000000
1110 1132 190.000000
599 600 189.000000
1067 10707 189.000000
178 200 188.000000
937 959 188.000000
1023 10998 188.000000
1024 10737 188.000000
1089 10929 188.000000
1089 10973 188.000000
1089 10974 188.000000
1089 10992 188.000000
1089 10891 187.000000
100 10562 186.000000
299 300 186.000000
368 390 186.000000
1020 10280 186.000000
156 178 184.000000
1456 1478 183.000000
1024 10533 182.000000
1045 10610 181.000000
1002 10403 180.000000
585 607 179.000000
100 10006 177.000000
1068 10692 177.000000
1020 10277 176.000000
125 126 175.000000
440 441 175.000000
1002 10607 175.000000
510 511 174.000000
511 512 174.000000
1062 10908 174.000000
11 33 173.000000
1068 10986 172.000000
1068 10987 172.000000
1068 10993 172.000000
984 985 170.000000
100 10077 169.000000
534 535 169.000000
621 622 169.000000
1063 10883 168.000000
100 10768 167.000000
889 911 167.000000
1022 10668 167.000000
1062 10724 166.000000
1023 10609 165.000000
1045 10812 165.000000
1045 10840 165.000000
1045 10936 165.000000
1045 10959 165.000000
100 10144 164.000000
100 10214 164.000000
100 10507 164.000000
100 10854 164.000000
100 10945 164.000000
427 428 164.000000
428 429 164.000000
429 430 164.000000
947 948 164.000000
1063 10903 162.000000
1045 10456 161.000000
1040 10624 160.000000
648 670 158.000000
737 759 157.000000
1089 10986 157.000000
1089 10987 157.000000
100 10261 156.000000
100 10370 156.000000
100 10480 156.000000
100 10773 156.000000
1067 10966 156.000000
1003 10155 155.000000
1047 10743 155.000000
319 320 154.000000
320 321 154.000000
321 322 154.000000
586 608 154.000000
1045 10729 154.000000
1043 10985 153.000000
1067 10728 153.000000
1045 10620 152.000000
955 977 151.000000
1000 10039 151.000000
1047 10828 151.000000
1067 10754 151.000000
1045 10649 150.000000
1045 10707 150.000000
1045 10834 150.000000
1045 10524 149.000000
1089 10993 149.000000
33 34 148.000000
100 10549 148.000000
926 927 147.000000
1063 10775 146.000000
1063 10783 146.000000
16 38 145.000000
179 201 145.000000
475 476 145.000000
448 449 144.000000
888 910 144.000000
892 914 144.000000
1043 1065 144.000000
1002 1024 143.000000
1067 10793 141.000000
454 455 140.000000
1216 1238 140.000000
564 586 139.000000
1024 10632 139.000000
1024 10961 139.000000
1085 10955 138.000000
102 10635 137.000000
102 10856 137.000000
340 341 136.000000
341 342 136.000000
342 343 136.000000
1124 1146 136.000000
1018 1019 135.000000
1035 10882 135.000000
1067 10918 135.000000
1045 10657 134.000000
1045 10761 134.000000
1045 10845 134.000000
1045 10899 134.000000
1133 1134 134.000000
1134 1135 134.000000
1135 1136 134.000000
1136 1137 134.000000
1137 1138 134.000000
104 10896 133.000000
687 709 132.000000
1063 10951 131.000000
1322 1323 131.000000
1564 1565 131.000000
1063 10645 130.000000
1063 10725 130.000000
1063 10777 130.000000
1063 10841 130.000000
1064 10665 130.000000
1067 10809 130.000000
1138 1139 130.000000
1139 1140 130.000000
1140 1141 130.000000
1141 1142 130.000000
1142 1143 130.000000
244 245 129.000000
245 246 129.000000
246 247 129.000000
247 248 129.000000
248 249 129.000000
249 250 129.000000
455 456 129.000000
1046 1068 129.000000
1064 10752 129.000000
1345 1367 128.000000
1237 1259 127.000000
1034 10557 126.000000
1563 1564 126.000000
11 12 125.000000
114 136 125.000000
781 803 125.000000
1258 1280 125.000000
135 157 124.000000
1000 10317 124.000000
911 933 123.000000
1002 10273 123.000000
1035 1057 123.000000
199 200 122.000000
608 609 122.000000
1042 10512 122.000000
626 648 121.000000
827 849 121.000000
1063 10738 120.000000
1063 10808 120.000000
1063 10848 120.000000
1063 10877 120.000000
1063 10934 120.000000
616 617 118.000000
617 618 118.000000
618 619 118.000000
619 620 118.000000
620 621 118.000000
1021 10417 118.000000
1562 1583 118.000000
1045 10793 117.000000
1080 1102 117.000000
774 796 116.000000
1001 10375 116.000000
34 35 115.000000
35 36 115.000000
36 37 115.000000
37 38 115.000000
977 999 115.000000
758 780 114.000000
1001 10863 114.000000
1045 10737 114.000000
12 13 113.000000
13 14 113.000000
14 15 113.000000
15 16 113.000000
169 191 113.000000
1388 1410 113.000000
346 368 112.000000
1003 10578 112.000000
1024 10869 112.000000
1067 10755 112.000000
1067 10827 112.000000
59 81 111.000000
322 323 111.000000
323 324 111.000000
324 346 111.000000
430 431 111.000000
1001 10998 111.000000
1003 1004 111.000000
1004 1005 111.000000
1005 1006 111.000000
1024 10682 111.000000
1037 1059 111.000000
104 10596 110.000000
484 505 109.000000
1045 10918 109.000000
158 180 107.000000
1040 10726 107.000000
1045 10471 106.000000
1068 10937 106.000000
1350 1351 106.000000
220 241 105.000000
235 236 105.000000
236 237 105.000000
237 238 105.000000
238 239 105.000000
239 240 105.000000
240 241 105.000000
582 604 105.000000
692 714 105.000000
1043 10661 105.000000
1063 10969 105.000000
601 623 104.000000
801 823 104.000000
1437 1438 104.000000
1562 1563 104.000000
60 61 103.000000
104 10495 103.000000
478 479 103.000000
479 480 103.000000
480 481 103.000000
481 482 103.000000
482 483 103.000000
645 667 103.000000
1020 10493 103.000000
104 10557 102.000000
605 627 102.000000
924 945 102.000000
941 942 102.000000
942 943 102.000000
943 944 102.000000
944 945 102.000000
1068 10739 102.000000
1068 10795 102.000000
1128 1150 102.000000
924 925 101.000000
1022 10917 101.000000
968 989 100.000000
985 986 100.000000
986 987 100.000000
987 988 100.000000
988 989 100.000000
1019 10299 100.000000
1019 10407 100.000000
1019 10903 100.000000
120 142 99.000000
121 143 99.000000
362 363 99.000000
363 364 99.000000
364 365 99.000000
499 521 99.000000
1100 1121 99.000000
1117 1118 99.000000
1118 1119 99.000000
1119 1120 99.000000
1120 1121 99.000000
541 563 98.000000
1019 10522 98.000000
39 61 97.000000
1111 1133 97.000000
845 867 96.000000
906 928 96.000000
1028 1029 96.000000
1431 1453 96.000000
1503 1504 96.000000
914 936 95.000000
1153 1175 95.000000
1325 1347 95.000000
104 10639 93.000000
405 406 93.000000
1015 1016 93.000000
256 278 92.000000
1016 1017 92.000000
1017 1018 92.000000
1045 10461 92.000000
454 476 91.000000
910 932 91.000000
946 947 91.000000
1000 10593 91.000000
1041 10883 91.000000
1089 10958 91.000000
1173 1195 91.000000
1257 1279 91.000000
16 17 90.000000
925 926 90.000000
1024 10923 90.000000
1045 10809 90.000000
1063 10703 90.000000
1063 10816 90.000000
1063 10902 90.000000
1063 10921 90.000000
1089 10915 90.000000
468 469 89.000000
1000 10279 89.000000
1094 1095 89.000000
1095 1096 89.000000
1096 1097 89.000000
1097 1098 89.000000
1098 1099 89.000000
1544 1566 89.000000
1000 10426 88.000000
1006 10085 88.000000
1024 10625 87.000000
1089 10926 87.000000
1344 1366 87.000000
1045 10466 86.000000
1045 10755 86.000000
1045 10827 86.000000
1089 10907 86.000000
817 818 85.000000
1012 1033 85.000000
1029 1030 85.000000
1030 1031 85.000000
1031 1032 85.000000
1032 1033 85.000000
1041 10816 85.000000
496 518 84.000000
968 969 84.000000
220 221 83.000000
221 222 83.000000
286 287 83.000000
287 288 83.000000
288 289 83.000000
289 290 83.000000
290 291 83.000000
291 292 83.000000
292 293 83.000000
293 294 83.000000
521 522 83.000000
522 523 83.000000
523 524 83.000000
524 525 83.000000
525 526 83.000000
526 527 83.000000
1045 10632 83.000000
476 477 82.000000
477 478 82.000000
1024 10456 82.000000
1324 1346 82.000000
208 230 81.000000
627 649 81.000000
1479 1501 81.000000
628 650 80.000000
1024 10251 80.000000
1041 10951 80.000000
1041 10969 80.000000
365 366 79.000000
366 367 79.000000
367 368 79.000000
808 830 79.000000
946 967 79.000000
963 964 79.000000
964 965 79.000000
965 966 79.000000
966 967 79.000000
1021 10819 79.000000
673 674 78.000000
686 687 78.000000
1041 10902 78.000000
1041 10921 78.000000
1045 10503 78.000000
1302 1324 78.000000
1326 1348 78.000000
688 710 77.000000
736 758 77.000000
250 251 76.000000
649 671 76.000000
872 894 76.000000
1019 10386 76.000000
1020 10401 76.000000
408 430 75.000000
431 432 75.000000
432 433 75.000000
433 434 75.000000
1049 1050 75.000000
213 235 74.000000
1082 1104 74.000000
1000 10218 73.000000
1000 10372 73.000000
1000 10532 73.000000
1000 10763 73.000000
1000 10895 73.000000
1000 10977 73.000000
1021 10415 73.000000
1088 10930 73.000000
462 463 72.000000
463 464 72.000000
464 465 72.000000
465 466 72.000000
1015 10731 72.000000
1019 10842 72.000000
1020 10821 72.000000
805 806 71.000000
806 807 71.000000
807 808 71.000000
1000 10702 71.000000
1042 10446 71.000000
1063 10810 71.000000
409 410 70.000000
579 601 70.000000
1022 10985 70.000000
1045 10682 70.000000
1126 1148 70.000000
1149 1171 70.000000
475 497 69.000000
651 673 69.000000
1000 10180 69.000000
1000 10335 69.000000
1000 10347 69.000000
1041 10745 69.000000
1042 10901 69.000000
1042 10982 69.000000
1050 1051 69.000000
447 448 68.000000
1041 10949 68.000000
469 470 67.000000
780 802 67.000000
827 828 67.000000
828 829 67.000000
829 830 67.000000
1019 10565 67.000000
1019 10831 67.000000
1020 10659 67.000000
1020 10721 67.000000
1020 10955 67.000000
1021 10618 67.000000
1021 10689 67.000000
1021 10850 67.000000
1034 1055 67.000000
1051 1052 67.000000
1052 1053 67.000000
1053 1054 67.000000
1054 1055 67.000000
1176 1177 67.000000
1019 10539 66.000000
1020 10681 66.000000
1041 10946 66.000000
1042 10542 66.000000
1042 10554 66.000000
410 411 65.000000
411 412 65.000000
412 413 65.000000
1045 10625 65.000000
1045 10923 65.000000
103 125 64.000000
123 145 64.000000
318 319 64.000000
1281 1303 64.000000
100 10655 63.000000
462 483 63.000000
1024 10997 63.000000
211 233 62.000000
691 713 62.000000
1045 1067 62.000000
104 10555 61.000000
391 392 61.000000
392 393 61.000000
393 394 61.000000
394 395 61.000000
1012 1013 61.000000
1084 1106 61.000000
1090 10931 61.000000
164 186 60.000000
850 872 60.000000
1047 10578 60.000000
1057 10592 60.000000
868 890 59.000000
1019 10250 58.000000
1019 10575 58.000000
1019 10640 58.000000
1019 10664 58.000000
1019 10718 58.000000
1022 10577 58.000000
122 144 57.000000
242 243 57.000000
824 846 57.000000
1089 10937 57.000000
1497 1519 57.000000
212 234 56.000000
962 963 56.000000
969 970 56.000000
1020 10694 56.000000
1369 1391 56.000000
382 383 55.000000
532 533 55.000000
533 534 55.000000
550 571 55.000000
1019 10568 55.000000
1019 10788 55.000000
1019 10965 55.000000
1045 10869 55.000000
126 148 53.000000
242 263 53.000000
257 258 53.000000
258 259 53.000000
259 260 53.000000
260 261 53.000000
261 262 53.000000
262 263 53.000000
1024 10409 53.000000
550 551 52.000000
551 552 52.000000
552 553 52.000000
553 554 52.000000
554 555 52.000000
825 847 52.000000
880 881 52.000000
880 901 52.000000
897 898 52.000000
898 899 52.000000
899 900 52.000000
900 901 52.000000
1022 10317 52.000000
163 185 51.000000
383 384 51.000000
384 385 51.000000
385 386 51.000000
386 387 51.000000
387 388 51.000000
388 389 51.000000
389 390 51.000000
431 453 51.000000
484 485 51.000000
485 486 51.000000
486 487 51.000000
487 488 51.000000
871 893 51.000000
881 882 51.000000
913 935 51.000000
1021 1043 50.000000
1063 10745 50.000000
1001 10329 49.000000
1001 10379 49.000000
264 286 48.000000
732 754 48.000000
844 866 48.000000
882 883 48.000000
1024 10481 48.000000
1063 10949 48.000000
1072 10874 48.000000
1432 1454 48.000000
1457 1479 48.000000
279 280 47.000000
861 883 47.000000
1040 10476 47.000000
1064 10901 47.000000
1064 10982 47.000000
1066 10917 47.000000
294 295 46.000000
1042 10979 46.000000
1063 10946 46.000000
1087 10917 46.000000
1116 1117 46.000000
34 56 45.000000
168 190 45.000000
190 212 45.000000
390 391 45.000000
425 426 45.000000
608 630 45.000000
814 815 45.000000
814 835 45.000000
815 816 45.000000
816 817 45.000000
823 845 45.000000
830 831 45.000000
831 832 45.000000
832 833 45.000000
833 834 45.000000
834 835 45.000000
1503 1525 45.000000
141 163 44.000000
488 489 44.000000
489 490 44.000000
870 871 44.000000
1067 10770 44.000000
1481 1482 44.000000
1482 1483 44.000000
1483 1484 44.000000
1484 1485 44.000000
426 427 43.000000
565 587 43.000000
1062 10624 43.000000
1194 1216 43.000000
1085 1107 42.000000
1131 1153 42.000000
295 296 41.000000
495 517 41.000000
1019 10738 41.000000
1021 10459 41.000000
1021 10953 41.000000
1366 1388 41.000000
1535 1536 41.000000
1535 1557 41.000000
1536 1537 41.000000
1537 1538 41.000000
1538 1539 41.000000
264 285 40.000000
280 281 40.000000
281 282 40.000000
282 283 40.000000
283 284 40.000000
284 285 40.000000
296 318 40.000000
544 545 40.000000
545 546 40.000000
546 547 40.000000
547 548 40.000000
548 549 40.000000
866 888 40.000000
1000 10619 40.000000
543 544 39.000000
693 715 39.000000
915 937 39.000000
1025 10927 39.000000
1087 1109 39.000000
1155 1156 39.000000
1156 1157 39.000000
1157 1158 39.000000
1158 1159 39.000000
1159 1160 39.000000
170 192 38.000000
1019 10645 38.000000
1019 10725 38.000000
1020 10249 38.000000
1020 10529 38.000000
1020 10665 38.000000
1020 10752 38.000000
1102 1124 38.000000
1367 1389 38.000000
1389 1411 38.000000
849 871 37.000000
1019 10225 37.000000
1019 10268 37.000000
1019 10298 37.000000
1019 10380 37.000000
1019 10450 37.000000
1019 10476 37.000000
1019 10484 37.000000
1019 10505 37.000000
1019 10506 37.000000
1019 10603 37.000000
1019 10775 37.000000
1019 10777 37.000000
1019 10783 37.000000
1019 10808 37.000000
1019 10841 37.000000
1019 10848 37.000000
1019 10877 37.000000
1019 10934 37.000000
1057 1079 37.000000
1089 10936 37.000000
1089 10959 37.000000
1122 1144 37.000000
490 512 36.000000
572 593 36.000000
587 588 36.000000
588 589 36.000000
589 590 36.000000
590 591 36.000000
591 592 36.000000
592 593 36.000000
607 629 36.000000
644 666 36.000000
674 675 36.000000
675 676 36.000000
676 677 36.000000
677 678 36.000000
678 679 36.000000
679 680 36.000000
680 681 36.000000
1041 1063 36.000000
540 562 35.000000
557 579 35.000000
1024 10770 35.000000
1063 10955 35.000000
17 39 34.000000
519 541 34.000000
563 585 34.000000
1085 10982 34.000000
72 94 33.000000
256 257 33.000000
760 761 33.000000
1001 10011 33.000000
1061 1083 33.000000
1062 1084 33.000000
125 147 32.000000
154 176 32.000000
474 475 32.000000
779 801 32.000000
975 997 32.000000
1026 10324 32.000000
22 44 31.000000
38 60 31.000000
528 549 31.000000
539 561 31.000000
846 868 31.000000
1000 10577 31.000000
1041 10694 31.000000
1058 1080 31.000000
1065 10661 31.000000
1172 1194 31.000000
871 872 30.000000
1041 10493 30.000000
1042 1064 30.000000
1056 1078 30.000000
1085 10901 30.000000
738 760 29.000000
875 897 29.000000
1084 10946 29.000000
1084 10949 29.000000
1084 10969 29.000000
339 340 28.000000
391 413 28.000000
521 543 28.000000
969 991 28.000000
1012 1034 28.000000
1063 10721 28.000000
1084 10951 28.000000
1086 1108 28.000000
1329 1330 28.000000
104 126 27.000000
1001 10609 27.000000
1047 10541 27.000000
146 168 26.000000
543 565 26.000000
1023 10924 26.000000
1023 10947 26.000000
1042 10459 26.000000
1042 10953 26.000000
1063 10811 26.000000
1089 10983 26.000000
1459 1481 26.000000
210 232 25.000000
694 716 25.000000
730 752 25.000000
761 783 25.000000
783 805 25.000000
902 903 25.000000
903 904 25.000000
1014 1015 25.000000
1023 10470 25.000000
1040 10842 25.000000
1043 10577 25.000000
1089 10899 25.000000
60 82 24.000000
148 170 24.000000
387 409 24.000000
456 478 24.000000
517 539 24.000000
902 923 24.000000
919 920 24.000000
920 921 24.000000
921 922 24.000000
922 923 24.000000
931 953 24.000000
1006 1028 24.000000
1063 10659 24.000000
1064 10689 24.000000
1064 10850 24.000000
1409 1410 24.000000
76 98 23.000000
278 279 23.000000
396 418 23.000000
963 985 23.000000
1013 1014 23.000000
1023 10762 23.000000
1040 10450 23.000000
1040 10505 23.000000
1040 10506 23.000000
1040 10703 23.000000
1040 10775 23.000000
1040 10783 23.000000
1040 10848 23.000000
1040 10902 23.000000
1040 10921 23.000000
1068 10801 23.000000
1068 10847 23.000000
1068 10961 23.000000
1068 10990 23.000000
1132 1154 23.000000
1392 1414 23.000000
1 1563 22.000000
550 572 22.000000
565 566 22.000000
566 567 22.000000
567 568 22.000000
568 569 22.000000
569 570 22.000000
570 571 22.000000
1089 10991 22.000000
1327 1349 22.000000
1518 1539 22.000000
54 76 21.000000
434 435 21.000000
435 436 21.000000
436 437 21.000000
437 438 21.000000
438 439 21.000000
470 471 21.000000
471 472 21.000000
472 473 21.000000
473 474 21.000000
572 573 21.000000
573 574 21.000000
574 575 21.000000
575 576 21.000000
576 577 21.000000
918 919 21.000000
1013 10258 21.000000
1019 10810 21.000000
1024 10995 21.000000
1068 10887 21.000000
1144 1165 21.000000
1304 1326 21.000000
1410 1432 21.000000
243 244 20.000000
365 387 20.000000
374 396 20.000000
520 542 20.000000
577 578 20.000000
600 622 20.000000
660 661 20.000000
660 681 20.000000
661 662 20.000000
662 663 20.000000
663 664 20.000000
852 853 20.000000
1034 1056 20.000000
1040 10484 20.000000
1040 10575 20.000000
1040 10664 20.000000
1040 10718 20.000000
1040 10965 20.000000
1042 10819 20.000000
352 374 19.000000
664 665 19.000000
853 875 19.000000
1001 10014 19.000000
1001 10083 19.000000
1001 10358 19.000000
1001 10488 19.000000
1001 10600 19.000000
1001 10818 19.000000
1024 10259 19.000000
1041 10821 19.000000
1347 1369 19.000000
1411 1433 19.000000
1013 1035 18.000000
1040 10816 18.000000
1046 10887 18.000000
1238 1260 18.000000
528 550 17.000000
652 674 17.000000
709 731 17.000000
1001 10924 17.000000
1001 10947 17.000000
1040 10407 17.000000
1040 10738 17.000000
1040 10808 17.000000
1040 10877 17.000000
1060 1082 17.000000
1068 10869 17.000000
1084 10848 17.000000
1084 10902 17.000000
1084 10921 17.000000
1155 1177 17.000000
418 419 16.000000
419 420 16.000000
420 421 16.000000
421 422 16.000000
422 423 16.000000
423 424 16.000000
424 425 16.000000
528 529 16.000000
529 530 16.000000
530 531 16.000000
531 532 16.000000
883 905 16.000000
1024 10503 16.000000
1024 10981 16.000000
1062 10726 16.000000
1106 1128 16.000000
1160 1161 16.000000
1161 1162 16.000000
1162 1163 16.000000
1163 1164 16.000000
1164 1165 16.000000
242 264 15.000000
266 267 15.000000
267 268 15.000000
268 269 15.000000
269 270 15.000000
270 271 15.000000
271 272 15.000000
272 273 15.000000
538 560 15.000000
1006 10090 15.000000
1101 1123 15.000000
1193 1215 15.000000
1435 1457 15.000000
1523 1545 15.000000
316 317 14.000000
452 474 14.000000
512 534 14.000000
872 873 14.000000
873 874 14.000000
959 981 14.000000
1043 10668 14.000000
1084 10841 14.000000
1089 10990 14.000000
1303 1325 14.000000
1460 1461 14.000000
1461 1462 14.000000
1462 1463 14.000000
1463 1464 14.000000
650 672 13.000000
927 949 13.000000
970 992 13.000000
1002 10981 13.000000
1051 1073 13.000000
1084 10877 13.000000
1433 1455 13.000000
12 34 12.000000
112 134 12.000000
470 492 12.000000
822 844 12.000000
916 938 12.000000
925 947 12.000000
946 968 12.000000
1001 10470 12.000000
1001 10762 12.000000
1040 10522 12.000000
1040 10568 12.000000
1040 10934 12.000000
1083 10908 12.000000
1084 10934 12.000000
1086 10953 12.000000
1089 10918 12.000000
1305 1327 12.000000
198 220 11.000000
220 242 11.000000
418 439 11.000000
440 461 11.000000
455 477 11.000000
456 457 11.000000
457 458 11.000000
458 459 11.000000
459 460 11.000000
460 461 11.000000
477 499 11.000000
800 822 11.000000
858 859 11.000000
858 879 11.000000
859 860 11.000000
860 861 11.000000
875 876 11.000000
876 877 11.000000
877 878 11.000000
878 879 11.000000
1014 10227 11.000000
1020 10330 11.000000
1020 10542 11.000000
1020 10554 11.000000
1020 10901 11.000000
1020 10982 11.000000
1029 1051 11.000000
1046 10533 11.000000
1452 1453 11.000000
369 391 10.000000
396 417 10.000000
413 414 10.000000
414 415 10.000000
415 416 10.000000
416 417 10.000000
609 610 10.000000
610 611 10.000000
611 612 10.000000
612 613 10.000000
613 614 10.000000
614 615 10.000000
716 738 10.000000
1002 10995 10.000000
1003 10846 10.000000
1040 10903 10.000000
1046 10961 10.000000
1068 10787 10.000000
1068 10802 10.000000
1069 10931 10.000000
0 22 9.000000
136 158 9.000000
396 397 9.000000
397 398 9.000000
398 399 9.000000
399 400 9.000000
400 401 9.000000
401 402 9.000000
402 403 9.000000
403 404 9.000000
444 466 9.000000
874 875 9.000000
958 980 9.000000
1002 10503 9.000000
1003 10927 9.000000
1019 10369 9.000000
1040 10788 9.000000
1100 1122 9.000000
1398 1420 9.000000
1438 1439 9.000000
1439 1440 9.000000
1440 1441 9.000000
1441 1442 9.000000
1478 1500 9.000000
142 164 8.000000
286 307 8.000000
300 301 8.000000
301 302 8.000000
302 303 8.000000
303 304 8.000000
304 305 8.000000
305 306 8.000000
306 307 8.000000
490 491 8.000000
534 556 8.000000
558 580 8.000000
606 628 8.000000
761 762 8.000000
762 763 8.000000
763 764 8.000000
764 786 8.000000
786 808 8.000000
1013 10592 8.000000
1018 10361 8.000000
1019 10357 8.000000
1019 10949 8.000000
1242 1264 8.000000
1282 1304 8.000000
1373 1374 8.000000
1374 1375 8.000000
1375 1376 8.000000
1376 1398 8.000000
77 99 7.000000
110 132 7.000000
280 302 7.000000
302 324 7.000000
324 325 7.000000
630 652 7.000000
1002 10036 7.000000
1002 10259 7.000000
1019 10256 7.000000
1019 10331 7.000000
1019 10703 7.000000
1019 10816 7.000000
1019 10902 7.000000
1019 10921 7.000000
1019 10946 7.000000
1019 10951 7.000000
1019 10969 7.000000
1040 10539 7.000000
1041 10659 7.000000
1041 10681 7.000000
1041 10721 7.000000
1041 10955 7.000000
1042 10487 7.000000
1042 10618 7.000000
1042 10689 7.000000
1042 10850 7.000000
1045 10770 7.000000
1046 10959 7.000000
1346 1368 7.000000
1391 1413 7.000000
1518 1540 7.000000
0 1562 6.000000
66 88 6.000000
252 274 6.000000
476 498 6.000000
478 500 6.000000
622 644 6.000000
695 717 6.000000
904 926 6.000000
960 982 6.000000
1018 1040 6.000000
1068 10737 6.000000
1068 10761 6.000000
1068 10812 6.000000
1068 10840 6.000000
1068 10845 6.000000
1068 10899 6.000000
1068 10936 6.000000
1307 1308 6.000000
1394 1395 6.000000
1569 1570 6.000000
1570 1571 6.000000
1571 1572 6.000000
1572 1573 6.000000
1573 1574 6.000000
1574 1575 6.000000
1575 1576 6.000000
1576 1577 6.000000
1577 1578 6.000000
264 265 5.000000
265 266 5.000000
325 347 5.000000
340 362 5.000000
347 369 5.000000
368 369 5.000000
410 432 5.000000
432 454 5.000000
555 556 5.000000
643 665 5.000000
710 732 5.000000
621 643 4.000000
652 653 4.000000
653 654 4.000000
654 655 4.000000
655 656 4.000000
656 657 4.000000
657 658 4.000000
658 659 4.000000
968 990 4.000000
1040 10565 4.000000
1040 10831 4.000000
1041 10811 4.000000
1084 10903 4.000000
1177 1178 4.000000
1178 1179 4.000000
1179 1180 4.000000
1180 1181 4.000000
1181 1182 4.000000
1182 1183 4.000000
1183 1184 4.000000
1184 1185 4.000000
1185 1186 4.000000
1186 1187 4.000000
1542 1564 4.000000
1568 1569 4.000000
673 695 3.000000
882 904 3.000000
919 941 3.000000
954 976 3.000000
1014 1036 3.000000
1068 10959 3.000000
1220 1242 3.000000
1300 1322 3.000000
1524 1546 3.000000
308 329 2.000000
325 326 2.000000
326 327 2.000000
327 328 2.000000
328 329 2.000000
418 440 2.000000
518 540 2.000000
583 605 2.000000
584 606 2.000000
629 651 2.000000
912 934 2.000000
990 991 2.000000
1006 1007 2.000000
1007 1008 2.000000
1008 1009 2.000000
1009 1010 2.000000
1010 1011 2.000000
1047 1069 2.000000
1188 1209 2.000000
1280 1302 2.000000
1349 1371 2.000000
1480 1502 2.000000
57 79 1.000000
308 309 1.000000
309 310 1.000000
310 311 1.000000
311 312 1.000000
312 313 1.000000
313 314 1.000000
314 315 1.000000
315 316 1.000000
343 344 1.000000
344 345 1.000000
345 346 1.000000
352 353 1.000000
353 354 1.000000
354 355 1.000000
355 356 1.000000
356 357 1.000000
357 358 1.000000
358 359 1.000000
359 360 1.000000
374 375 1.000000
375 376 1.000000
376 377 1.000000
377 378 1.000000
378 379 1.000000
379 380 1.000000
380 381 1.000000
381 382 1.000000
506 507 1.000000
506 527 1.000000
507 508 1.000000
508 509 1.000000
509 510 1.000000
577 599 1.000000
664 686 1.000000
665 687 1.000000
836 837 1.000000
836 857 1.000000
837 838 1.000000
838 839 1.000000
839 840 1.000000
853 854 1.000000
854 855 1.000000
855 856 1.000000
856 857 1.000000
881 903 1.000000
902 924 1.000000
903 925 1.000000
956 978 1.000000
1001 1023 1.000000
1016 1038 1.000000
1038 1060 1.000000
1044 1066 1.000000
1079 10882 1.000000
1109 1131 1.000000
1323 1345 1.000000
1395 1396 1.000000
1396 1397 1.000000
1397 1398 1.000000
1408 1409 1.000000
1408 1430 1.000000
1458 1480 1.000000
