278 279 20293.000000
279 280 20293.000000
280 281 20293.000000
277 278 17610.000000
1074 1075 15495.000000
281 282 14681.000000
1250 1251 12793.000000
1293 1294 12533.000000
322 323 12172.000000
323 324 12172.000000
324 325 12172.000000
1337 1338 11537.000000
1073 1074 11312.000000
1249 1250 11208.000000
1248 1249 9833.000000
282 283 9305.000000
1292 1293 9174.000000
299 300 9132.000000
300 301 9132.000000
301 302 9132.000000
302 303 9132.000000
1271 1272 9036.000000
1270 1271 8959.000000
938 939 8898.000000
939 940 8898.000000
1269 1270 8862.000000
325 326 8695.000000
1314 1315 8687.000000
1030 1031 8657.000000
1313 1314 8472.000000
1291 1292 8352.000000
1072 1073 8325.000000
144 145 8308.000000
1227 1228 7947.000000
321 322 7938.000000
1315 1316 7875.000000
188 189 7829.000000
326 327 7770.000000
1336 1337 7574.000000
1463 1464 7370.000000
1117 1118 7330.000000
1290 1291 7326.000000
1335 1336 7319.000000
1031 1032 7241.000000
1268 1269 7146.000000
12 13 6965.000000
1206 1207 6963.000000
122 123 6850.000000
940 941 6838.000000
283 284 6765.000000
1309 1310 6730.000000
298 299 6660.000000
413 414 6626.000000
894 895 6589.000000
895 896 6589.000000
896 897 6589.000000
256 257 6520.000000
257 258 6520.000000
258 259 6520.000000
259 260 6520.000000
1464 1465 6507.000000
1419 1420 6504.000000
1420 1421 6504.000000
1312 1313 6476.000000
1095 1096 6446.000000
1118 1119 6420.000000
1307 1308 6416.000000
1308 1309 6416.000000
1294 1295 6283.000000
1161 1162 6216.000000
1162 1163 6136.000000
1247 1248 6129.000000
166 167 6092.000000
937 938 6091.000000
1075 1076 6084.000000
1029 1030 6070.000000
1310 1311 5999.000000
1094 1095 5958.000000
1334 1335 5957.000000
1205 1206 5846.000000
1465 1466 5837.000000
1226 1227 5821.000000
1286 1287 5717.000000
255 256 5693.000000
281 303 5612.000000
916 917 5561.000000
917 918 5561.000000
1288 1289 5547.000000
1421 1422 5492.000000
11 12 5482.000000
1289 1290 5476.000000
327 328 5460.000000
1311 1312 5418.000000
985 986 5349.000000
254 255 5332.000000
34 35 5306.000000
1204 1205 5282.000000
1287 1288 5268.000000
370 371 5181.000000
941 942 5167.000000
915 916 5112.000000
187 188 5083.000000
320 321 5074.000000
1052 1053 4979.000000
303 304 4967.000000
986 987 4959.000000
936 937 4927.000000
1119 1120 4903.000000
1116 1117 4855.000000
165 166 4833.000000
276 277 4704.000000
1228 1229 4667.000000
1306 1307 4664.000000
1353 1354 4658.000000
233 234 4643.000000
1203 1204 4592.000000
1466 1467 4554.000000
1138 1139 4531.000000
1093 1094 4525.000000
1003 1004 4516.000000
1004 1005 4516.000000
1333 1334 4454.000000
1051 1052 4349.000000
10 11 4330.000000
1351 1352 4300.000000
234 235 4264.000000
235 236 4264.000000
236 237 4264.000000
237 238 4264.000000
1225 1226 4224.000000
33 34 4204.000000
1267 1268 4202.000000
1028 1029 4185.000000
304 305 4179.000000
1441 1442 4151.000000
1330 1331 4146.000000
1331 1332 4106.000000
1007 1008 4095.000000
1006 1007 4094.000000
981 982 4093.000000
982 983 4093.000000
983 984 4093.000000
1332 1333 4075.000000
1096 1097 4072.000000
897 898 4034.000000
1137 1138 3966.000000
1422 1423 3947.000000
1354 1355 3943.000000
914 915 3941.000000
1163 1164 3925.000000
1030 10979 3924.000000
1423 1424 3909.000000
13 14 3893.000000
1139 1140 3884.000000
1358 1359 3883.000000
1005 1006 3865.000000
1424 1425 3785.000000
101 102 3771.000000
1402 1403 3721.000000
189 211 3700.000000
1380 1381 3685.000000
893 894 3666.000000
1379 1380 3656.000000
1442 1443 3654.000000
1352 1353 3636.000000
1076 1077 3615.000000
898 899 3610.000000
1068 1069 3604.000000
1069 1070 3604.000000
1070 1071 3604.000000
1357 1358 3571.000000
1089 1090 3570.000000
1090 1091 3570.000000
1091 1092 3570.000000
1092 1093 3570.000000
1350 1351 3566.000000
328 329 3563.000000
55 56 3561.000000
32 33 3554.000000
1120 1121 3553.000000
478 479 3528.000000
1140 1141 3520.000000
1397 1398 3504.000000
1050 1051 3497.000000
1401 1402 3491.000000
919 920 3452.000000
145 146 3434.000000
56 57 3416.000000
100 101 3404.000000
1400 1401 3382.000000
414 415 3354.000000
1159 1160 3331.000000
1224 1225 3328.000000
232 233 3322.000000
723 724 3281.000000
851 852 3228.000000
852 853 3228.000000
984 985 3203.000000
1160 1161 3200.000000
1246 1247 3179.000000
371 372 3153.000000
1002 1003 3140.000000
1355 1356 3115.000000
1025 1026 3095.000000
1026 1027 3095.000000
1027 1028 3095.000000
1285 1286 3094.000000
1207 1229 3090.000000
720 721 3070.000000
721 722 3070.000000
1381 1382 3052.000000
1375 1376 3042.000000
1376 1377 3042.000000
1356 1357 3003.000000
238 239 2975.000000
1071 1072 2942.000000
1111 1112 2940.000000
1112 1113 2940.000000
1113 1114 2940.000000
1378 1379 2940.000000
1114 1115 2932.000000
54 55 2931.000000
722 723 2929.000000
1207 1208 2923.000000
253 254 2878.000000
31 32 2867.000000
75 76 2867.000000
1141 1142 2827.000000
942 943 2819.000000
1398 1399 2802.000000
143 144 2800.000000
1509 1510 2779.000000
1329 1330 2768.000000
296 297 2756.000000
123 124 2733.000000
850 851 2712.000000
297 298 2704.000000
415 416 2701.000000
1467 1468 2698.000000
365 366 2691.000000
366 367 2691.000000
367 368 2691.000000
368 369 2691.000000
1487 1488 2657.000000
872 873 2627.000000
873 874 2627.000000
874 875 2627.000000
1443 1444 2623.000000
1077 1099 2616.000000
959 960 2599.000000
960 961 2599.000000
961 962 2599.000000
1377 1378 2572.000000
918 919 2570.000000
35 36 2560.000000
701 702 2539.000000
1245 1246 2511.000000
1182 1183 2505.000000
700 701 2496.000000
698 699 2494.000000
699 700 2494.000000
284 285 2489.000000
98 99 2460.000000
980 981 2460.000000
102 10241 2451.000000
1250 1272 2435.000000
76 77 2423.000000
1264 1265 2422.000000
1265 1266 2422.000000
987 988 2401.000000
1266 1267 2375.000000
1507 1508 2363.000000
340 341 2353.000000
74 75 2351.000000
97 98 2348.000000
1075 1097 2320.000000
369 370 2315.000000
1183 1184 2307.000000
1242 1243 2305.000000
1243 1244 2302.000000
1244 1245 2300.000000
1399 1400 2292.000000
1488 1489 2284.000000
1444 1445 2280.000000
1115 1116 2225.000000
1008 1009 2218.000000
275 276 2216.000000
767 768 2190.000000
145 167 2183.000000
1263 1264 2179.000000
189 190 2172.000000
1553 1554 2141.000000
1067 1068 2128.000000
849 850 2112.000000
1181 1182 2093.000000
1445 1446 2074.000000
264 285 2067.000000
920 921 2063.000000
14 15 2055.000000
963 964 2049.000000
1272 1273 2027.000000
1009 1010 2025.000000
1373 1374 2021.000000
724 725 1991.000000
232 254 1966.000000
1208 1209 1940.000000
77 78 1936.000000
1489 1490 1935.000000
1184 1185 1933.000000
1508 1509 1925.000000
1155 1156 1922.000000
1156 1157 1922.000000
1157 1158 1922.000000
260 261 1911.000000
121 122 1905.000000
305 306 1892.000000
1374 1375 1888.000000
188 210 1854.000000
704 725 1851.000000
1164 1165 1841.000000
899 900 1819.000000
211 212 1815.000000
167 168 1794.000000
1001 1002 1770.000000
341 342 1768.000000
1446 1447 1741.000000
57 58 1723.000000
328 350 1706.000000
362 363 1701.000000
1241 1242 1690.000000
58 59 1685.000000
1024 1025 1679.000000
500 501 1678.000000
811 812 1665.000000
633 634 1650.000000
634 635 1650.000000
635 636 1650.000000
680 681 1645.000000
898 920 1630.000000
1573 1574 1617.000000
1251 1252 1615.000000
264 265 1605.000000
768 769 1603.000000
306 307 1601.000000
363 364 1601.000000
1552 1553 1599.000000
1574 1575 1577.000000
343 344 1556.000000
344 345 1556.000000
345 346 1556.000000
346 347 1556.000000
1468 1469 1553.000000
766 767 1551.000000
1485 1486 1541.000000
501 502 1519.000000
36 37 1507.000000
1229 1230 1502.000000
855 856 1484.000000
308 329 1482.000000
56 78 1480.000000
15 16 1473.000000
744 745 1460.000000
1506 1507 1459.000000
1372 1373 1445.000000
1223 1224 1431.000000
1572 1573 1421.000000
853 854 1417.000000
414 436 1415.000000
854 855 1411.000000
96 97 1400.000000
1098 1099 1398.000000
352 373 1396.000000
828 829 1396.000000
829 830 1396.000000
830 831 1396.000000
78 79 1388.000000
1097 1098 1387.000000
372 394 1381.000000
1142 1143 1374.000000
364 365 1371.000000
211 233 1365.000000
319 320 1364.000000
370 392 1340.000000
342 343 1334.000000
457 458 1334.000000
745 746 1333.000000
141 142 1325.000000
142 143 1325.000000
286 307 1315.000000
210 232 1311.000000
1531 1532 1309.000000
871 872 1308.000000
1031 1053 1302.000000
1359 1360 1293.000000
942 964 1290.000000
238 260 1289.000000
1100 1121 1286.000000
118 119 1281.000000
119 120 1281.000000
120 121 1281.000000
53 54 1279.000000
239 261 1277.000000
318 319 1274.000000
812 813 1269.000000
1284 1285 1244.000000
347 348 1236.000000
348 349 1231.000000
785 786 1223.000000
786 787 1223.000000
1176 1177 1213.000000
1177 1178 1213.000000
1178 1179 1213.000000
1179 1180 1213.000000
958 959 1209.000000
1163 1185 1207.000000
1440 1441 1204.000000
1088 1089 1202.000000
810 811 1200.000000
876 877 1198.000000
1294 1316 1193.000000
1550 1551 1193.000000
875 876 1192.000000
892 893 1180.000000
416 417 1172.000000
349 350 1152.000000
284 306 1143.000000
1397 1419 1143.000000
1551 1552 1139.000000
870 871 1132.000000
962 963 1129.000000
1220 1221 1125.000000
1221 1222 1125.000000
1222 1223 1125.000000
1158 1159 1124.000000
10 10230 1121.000000
200 201 1117.000000
201 202 1117.000000
202 203 1117.000000
203 204 1117.000000
204 205 1117.000000
205 206 1117.000000
206 207 1117.000000
207 208 1117.000000
1046 1047 1105.000000
1047 1048 1105.000000
1048 1049 1105.000000
1262 1263 1101.000000
807 808 1098.000000
808 809 1098.000000
352 353 1085.000000
393 394 1076.000000
784 785 1076.000000
1056 1077 1074.000000
809 810 1067.000000
856 857 1065.000000
1053 1054 1054.000000
102 103 1043.000000
308 309 1042.000000
394 395 1037.000000
789 790 1026.000000
1486 1487 1021.000000
1202 1203 1019.000000
636 637 1013.000000
374 395 1010.000000
914 936 1002.000000
788 789 989.000000
746 747 982.000000
460 461 973.000000
1295 1296 972.000000
140 141 970.000000
1006 10277 967.000000
1186 1187 967.000000
783 784 965.000000
763 764 942.000000
764 765 942.000000
765 766 942.000000
157 158 939.000000
158 159 939.000000
159 160 939.000000
160 161 939.000000
331 332 929.000000
332 333 929.000000
333 334 929.000000
334 335 929.000000
335 336 929.000000
336 337 929.000000
337 338 929.000000
338 339 929.000000
806 807 928.000000
282 304 926.000000
101 123 924.000000
877 878 914.000000
1008 10190 911.000000
339 340 908.000000
242 243 903.000000
660 681 898.000000
616 637 893.000000
1180 1181 889.000000
286 287 881.000000
1003 10628 879.000000
1045 1046 879.000000
340 362 878.000000
1529 1530 875.000000
1484 1485 868.000000
459 460 866.000000
719 720 863.000000
458 459 860.000000
1007 10330 858.000000
1349 1350 858.000000
790 791 847.000000
372 373 844.000000
1510 1511 837.000000
1328 1329 827.000000
964 965 826.000000
100 122 825.000000
179 180 824.000000
180 181 824.000000
181 182 824.000000
182 183 824.000000
1425 1426 823.000000
1530 1531 816.000000
210 211 814.000000
1554 1555 805.000000
156 157 790.000000
440 461 790.000000
184 185 785.000000
185 186 785.000000
186 187 785.000000
1075 10938 783.000000
1133 1134 769.000000
1134 1135 769.000000
1135 1136 769.000000
1120 1142 762.000000
262 263 760.000000
100 10012 759.000000
242 263 757.000000
283 305 756.000000
261 262 755.000000
407 408 755.000000
408 409 755.000000
409 410 755.000000
410 411 755.000000
411 412 755.000000
412 413 755.000000
144 166 753.000000
183 184 750.000000
396 417 746.000000
702 703 720.000000
1175 1176 719.000000
726 747 717.000000
616 617 715.000000
1185 1186 712.000000
1030 10585 710.000000
762 763 707.000000
1049 1050 703.000000
787 788 702.000000
1436 1437 699.000000
1437 1438 699.000000
1438 1439 699.000000
1439 1440 699.000000
1110 1111 698.000000
943 965 697.000000
1025 10326 691.000000
277 299 686.000000
718 719 685.000000
740 741 685.000000
1166 1167 685.000000
1219 1220 676.000000
244 245 671.000000
245 246 671.000000
246 247 671.000000
247 248 671.000000
248 249 671.000000
249 250 671.000000
250 251 671.000000
251 252 671.000000
252 253 671.000000
1032 1054 671.000000
748 769 658.000000
827 828 648.000000
1232 1253 648.000000
1251 1273 646.000000
265 266 640.000000
1121 1143 640.000000
79 80 639.000000
479 480 636.000000
1232 1233 631.000000
1338 1360 631.000000
274 275 623.000000
739 740 623.000000
805 806 623.000000
1466 1488 610.000000
1132 1133 608.000000
1029 10745 605.000000
1252 1253 605.000000
436 437 604.000000
697 698 602.000000
296 318 586.000000
233 255 584.000000
1210 1211 584.000000
1119 1141 583.000000
253 275 578.000000
1240 1241 578.000000
266 267 575.000000
267 268 575.000000
268 269 575.000000
269 270 575.000000
270 271 575.000000
271 272 575.000000
272 273 575.000000
833 834 572.000000
1166 1187 572.000000
273 274 571.000000
704 705 569.000000
239 240 568.000000
1210 1231 567.000000
1230 1231 567.000000
832 833 566.000000
1154 1155 563.000000
309 331 559.000000
146 168 557.000000
1007 10399 557.000000
1028 10407 553.000000
187 209 544.000000
330 351 544.000000
350 351 544.000000
1008 10698 541.000000
220 241 538.000000
240 241 538.000000
741 742 538.000000
742 743 538.000000
743 744 538.000000
167 189 533.000000
438 439 532.000000
1273 1274 528.000000
1305 1306 525.000000
326 348 521.000000
1198 1199 521.000000
1199 1200 521.000000
1200 1201 521.000000
1338 1339 516.000000
1555 1556 516.000000
617 639 513.000000
1188 1209 513.000000
209 210 511.000000
1030 10627 505.000000
80 81 497.000000
161 162 492.000000
1136 1137 492.000000
1068 10898 490.000000
1201 1202 490.000000
392 393 488.000000
12 34 487.000000
1056 1057 486.000000
1057 1058 486.000000
162 163 482.000000
163 164 482.000000
1528 1529 479.000000
1005 10386 465.000000
101 10118 462.000000
1002 10217 460.000000
456 457 453.000000
1287 1309 452.000000
418 439 449.000000
1023 1024 447.000000
1078 1079 446.000000
1276 1277 443.000000
1276 1297 443.000000
1296 1297 443.000000
831 832 442.000000
1008 10283 442.000000
480 481 441.000000
1007 10148 438.000000
310 311 437.000000
311 312 437.000000
312 313 437.000000
313 314 437.000000
314 315 437.000000
315 316 437.000000
316 317 437.000000
285 307 429.000000
1078 1099 429.000000
317 318 427.000000
190 212 426.000000
522 523 426.000000
660 661 423.000000
198 199 419.000000
1058 1059 418.000000
10 10472 417.000000
406 407 417.000000
417 439 417.000000
1006 10788 416.000000
1197 1198 416.000000
230 231 414.000000
679 680 414.000000
52 53 411.000000
676 677 411.000000
677 678 411.000000
678 679 411.000000
10 10377 410.000000
10 10608 409.000000
1396 1397 409.000000
341 363 407.000000
10 10667 405.000000
437 438 404.000000
325 347 402.000000
682 703 402.000000
254 276 400.000000
696 697 400.000000
1188 1189 400.000000
1571 1572 400.000000
1032 1033 398.000000
1122 1123 398.000000
1028 10565 389.000000
212 213 387.000000
213 214 387.000000
214 215 387.000000
215 216 387.000000
216 217 387.000000
198 219 386.000000
217 218 386.000000
218 219 386.000000
1122 1143 384.000000
481 482 381.000000
482 483 381.000000
1001 10149 380.000000
1032 10500 380.000000
1053 10733 379.000000
164 165 378.000000
941 963 374.000000
1024 10878 372.000000
636 658 370.000000
231 232 368.000000
371 393 368.000000
1277 1278 368.000000
208 209 366.000000
1001 10444 364.000000
1031 10857 364.000000
1010 10240 363.000000
1010 10970 363.000000
327 349 362.000000
853 875 361.000000
1532 1533 361.000000
1144 1165 360.000000
1206 1228 359.000000
1010 10303 358.000000
1075 10972 358.000000
792 813 357.000000
680 702 356.000000
1073 10982 356.000000
60 61 353.000000
61 62 353.000000
62 63 353.000000
330 331 353.000000
1031 10435 353.000000
1029 10330 350.000000
1006 10883 346.000000
1218 1219 345.000000
1010 10175 343.000000
1208 1230 343.000000
1030 10796 342.000000
100 10005 340.000000
921 922 338.000000
1032 10920 337.000000
1100 1101 336.000000
1101 1102 336.000000
1030 10646 326.000000
1031 10462 325.000000
1030 10559 323.000000
1278 1279 322.000000
1279 1280 322.000000
1280 1281 322.000000
1281 1282 322.000000
1282 1283 322.000000
10 10243 319.000000
222 223 319.000000
223 224 319.000000
224 225 319.000000
225 226 319.000000
226 227 319.000000
227 228 319.000000
228 229 319.000000
229 230 319.000000
30 31 318.000000
1254 1255 318.000000
1254 1275 318.000000
1274 1275 318.000000
384 385 314.000000
385 386 314.000000
1074 1096 314.000000
10 10606 313.000000
943 944 313.000000
1030 10382 311.000000
1030 10859 310.000000
100 10059 309.000000
632 633 307.000000
100 10638 306.000000
1075 10879 306.000000
1255 1256 304.000000
1189 1190 299.000000
1256 1257 298.000000
1257 1258 298.000000
1258 1259 298.000000
1259 1260 298.000000
1260 1261 298.000000
1008 10260 297.000000
1030 10315 297.000000
1008 10713 296.000000
121 143 295.000000
220 221 295.000000
1050 10821 293.000000
117 118 292.000000
396 418 287.000000
1381 1403 287.000000
123 145 286.000000
1089 10999 286.000000
353 354 285.000000
354 355 285.000000
355 356 285.000000
356 357 285.000000
357 358 285.000000
358 359 285.000000
359 360 285.000000
1067 10835 285.000000
1131 1132 285.000000
1067 10852 284.000000
360 361 283.000000
769 791 283.000000
1575 1576 283.000000
602 603 282.000000
603 604 282.000000
604 605 282.000000
605 606 282.000000
606 607 282.000000
607 608 282.000000
1160 1182 282.000000
1393 1394 278.000000
1394 1395 278.000000
1395 1396 278.000000
350 372 276.000000
32 54 274.000000
100 10163 274.000000
1353 1375 274.000000
1008 10287 271.000000
716 717 269.000000
1051 10554 268.000000
1007 10542 265.000000
361 362 264.000000
1007 10446 263.000000
704 726 260.000000
1010 10337 260.000000
1010 10864 260.000000
1010 10968 260.000000
1007 10529 259.000000
124 146 258.000000
1007 10665 258.000000
1010 10188 258.000000
101 10763 257.000000
589 590 257.000000
590 591 257.000000
591 592 257.000000
899 921 257.000000
1010 10193 257.000000
1010 10202 257.000000
1010 10383 257.000000
1010 10871 257.000000
1356 1378 255.000000
101 10279 254.000000
101 10398 254.000000
103 10566 253.000000
102 124 251.000000
1075 10763 251.000000
221 222 250.000000
480 502 249.000000
875 897 249.000000
1075 10977 249.000000
1075 10895 247.000000
1045 1067 246.000000
100 10351 244.000000
850 872 244.000000
1006 10831 244.000000
1010 10182 244.000000
1010 10776 244.000000
1001 10531 243.000000
1010 10215 243.000000
1010 10453 243.000000
1264 1286 243.000000
100 10865 242.000000
100 10956 242.000000
349 371 242.000000
1012 1033 242.000000
231 253 241.000000
307 329 241.000000
1007 10752 241.000000
122 144 240.000000
1014 10255 231.000000
1012 1013 229.000000
1013 1014 229.000000
1073 10839 229.000000
1095 1117 229.000000
274 296 228.000000
834 835 227.000000
101 10879 226.000000
1046 1068 226.000000
1053 10894 225.000000
103 10911 224.000000
386 387 223.000000
387 388 223.000000
388 389 223.000000
389 390 223.000000
1032 10349 223.000000
1053 10940 222.000000
1144 1145 222.000000
1145 1146 222.000000
1403 1404 222.000000
856 878 221.000000
1001 10430 221.000000
1001 10589 221.000000
1024 10598 220.000000
675 676 219.000000
1008 10964 219.000000
1023 10406 219.000000
1327 1328 219.000000
426 427 218.000000
1009 10189 218.000000
1030 10925 218.000000
1511 1512 218.000000
1465 1487 217.000000
1032 10638 216.000000
100 10510 215.000000
1032 10489 215.000000
1032 10774 215.000000
1032 10862 215.000000
1261 1262 215.000000
101 10426 214.000000
101 10532 214.000000
681 703 213.000000
1002 10058 213.000000
100 10246 212.000000
220 242 212.000000
1032 10837 212.000000
1371 1372 212.000000
1002 10165 211.000000
1007 10115 211.000000
638 639 210.000000
724 746 210.000000
1030 10390 210.000000
1441 1463 210.000000
1008 10680 208.000000
1032 10510 208.000000
1050 10883 208.000000
936 958 206.000000
1031 10938 206.000000
1008 10305 205.000000
1032 10865 204.000000
1032 10956 204.000000
1034 1035 204.000000
1030 10305 203.000000
1079 1080 203.000000
1088 1110 203.000000
418 440 202.000000
617 618 202.000000
1054 1055 202.000000
100 10824 201.000000
1054 10687 201.000000
1263 1285 201.000000
100 10265 198.000000
100 10857 198.000000
100 10910 198.000000
265 287 198.000000
1375 1397 198.000000
318 340 197.000000
435 436 197.000000
682 683 196.000000
1204 1226 196.000000
427 428 195.000000
1030 10941 192.000000
287 288 191.000000
288 289 191.000000
289 290 191.000000
290 291 191.000000
291 292 191.000000
292 293 191.000000
293 294 191.000000
294 295 191.000000
295 296 191.000000
530 552 191.000000
139 140 190.000000
374 396 189.000000
391 392 189.000000
1421 1443 189.000000
701 723 188.000000
1052 10669 188.000000
103 10318 187.000000
1030 10393 187.000000
1322 1323 187.000000
1323 1324 187.000000
1324 1325 187.000000
1325 1326 187.000000
1326 1327 187.000000
59 60 186.000000
209 231 186.000000
276 298 186.000000
309 310 185.000000
1071 10788 185.000000
1233 1234 185.000000
616 638 184.000000
1030 10499 184.000000
1034 1055 184.000000
1051 10719 184.000000
1076 10996 184.000000
501 523 183.000000
592 614 183.000000
1075 10769 183.000000
502 503 182.000000
503 504 182.000000
504 505 182.000000
1030 10713 182.000000
1053 10774 182.000000
1008 10758 181.000000
1030 10490 180.000000
1030 10964 180.000000
30 52 179.000000
711 733 179.000000
1075 10789 178.000000
1075 10940 178.000000
770 791 177.000000
10 10097 176.000000
331 353 176.000000
1053 10865 176.000000
1053 10956 176.000000
1009 10605 175.000000
1097 10976 175.000000
1045 10589 174.000000
101 10486 173.000000
1030 10677 173.000000
1002 10741 172.000000
1002 10757 172.000000
1053 10862 172.000000
242 264 171.000000
383 384 171.000000
722 744 171.000000
1030 10922 171.000000
191 192 170.000000
192 193 170.000000
193 194 170.000000
194 195 170.000000
717 718 170.000000
812 834 170.000000
1008 10462 170.000000
1008 10672 170.000000
1053 10837 170.000000
35 57 169.000000
436 458 168.000000
897 919 168.000000
1045 10531 168.000000
1003 10833 167.000000
1053 10638 167.000000
1075 10894 167.000000
100 10432 165.000000
638 659 165.000000
1029 10679 165.000000
178 179 164.000000
397 398 164.000000
398 399 164.000000
399 400 164.000000
400 401 164.000000
401 402 164.000000
402 403 164.000000
403 404 164.000000
1008 10971 164.000000
1331 1353 164.000000
1533 1534 164.000000
1076 10782 163.000000
1076 10948 163.000000
1076 10976 163.000000
1052 10938 162.000000
1030 1052 161.000000
16 17 160.000000
17 18 160.000000
18 19 160.000000
19 20 160.000000
102 10889 160.000000
1030 10567 160.000000
1484 1506 160.000000
100 10301 159.000000
1190 1212 159.000000
1005 10575 158.000000
73 74 157.000000
100 10435 157.000000
1003 10089 157.000000
1054 10782 157.000000
1054 10948 157.000000
1054 10976 157.000000
672 673 156.000000
673 674 156.000000
100 10349 155.000000
100 10733 155.000000
761 762 155.000000
810 832 155.000000
915 937 155.000000
1029 10357 155.000000
1054 10663 155.000000
157 179 154.000000
1490 1491 154.000000
1053 10717 153.000000
1262 1284 153.000000
1007 10679 152.000000
1032 10337 152.000000
1032 10864 152.000000
1032 10968 152.000000
1075 10824 152.000000
836 857 151.000000
1008 10490 150.000000
190 191 149.000000
404 405 149.000000
1008 10544 148.000000
1008 10935 148.000000
1074 10796 147.000000
176 177 146.000000
176 197 146.000000
177 178 146.000000
195 196 146.000000
196 197 146.000000
1030 10421 146.000000
1030 10744 146.000000
1211 1212 146.000000
1006 10640 144.000000
1074 10964 144.000000
1153 1154 144.000000
100 10837 143.000000
262 284 143.000000
1072 10738 143.000000
1008 10253 142.000000
1052 10563 142.000000
854 876 141.000000
1008 10390 141.000000
1008 10393 140.000000
1008 10925 140.000000
100 10062 139.000000
100 10263 139.000000
100 10769 139.000000
979 980 139.000000
1028 10386 139.000000
1028 10842 139.000000
1051 10964 139.000000
1443 1465 139.000000
101 10593 138.000000
1032 10769 138.000000
1400 1422 138.000000
426 448 137.000000
1002 1024 137.000000
1007 10315 137.000000
1007 10941 137.000000
1096 10977 137.000000
660 682 136.000000
1003 11000 136.000000
659 681 135.000000
1003 10394 135.000000
1003 10525 135.000000
1003 10792 135.000000
1032 10824 135.000000
1074 10950 135.000000
1028 1050 134.000000
1032 10383 134.000000
1032 10871 134.000000
146 147 133.000000
631 632 133.000000
1003 10538 133.000000
1003 10897 133.000000
1008 10941 133.000000
1031 10605 133.000000
1374 1396 133.000000
1051 1073 132.000000
1058 1080 132.000000
1312 1334 131.000000
1030 10563 130.000000
725 747 129.000000
1028 10357 129.000000
1030 10680 129.000000
1139 1161 128.000000
101 10619 127.000000
1007 10384 127.000000
1031 10672 127.000000
1032 10776 127.000000
1307 1329 127.000000
102 10302 126.000000
348 370 126.000000
1123 1124 124.000000
1007 10681 123.000000
31 53 122.000000
1002 10274 122.000000
102 10345 121.000000
200 222 121.000000
1030 10935 121.000000
1032 10789 120.000000
1074 10925 120.000000
34 56 119.000000
1029 10955 119.000000
1053 10910 119.000000
390 391 118.000000
1032 10453 117.000000
683 684 116.000000
684 685 116.000000
685 686 116.000000
686 687 116.000000
687 688 116.000000
1006 10167 116.000000
1283 1284 116.000000
1292 1314 116.000000
308 330 115.000000
1469 1470 115.000000
100 10039 114.000000
330 352 114.000000
674 675 114.000000
957 958 114.000000
1007 10922 114.000000
319 341 113.000000
580 581 113.000000
581 582 113.000000
582 583 113.000000
583 584 113.000000
584 585 113.000000
585 586 113.000000
586 587 113.000000
1001 10144 113.000000
1166 1188 113.000000
102 10930 112.000000
166 188 112.000000
1033 10715 112.000000
1073 10922 112.000000
1094 10982 112.000000
352 374 111.000000
1001 10945 111.000000
1030 10781 111.000000
1528 1550 111.000000
1530 1552 111.000000
1030 10544 110.000000
1075 10910 110.000000
913 914 109.000000
1512 1513 109.000000
1382 1404 108.000000
1030 10412 107.000000
1053 10769 107.000000
1320 1341 107.000000
1339 1340 107.000000
1340 1341 107.000000
1377 1399 107.000000
639 640 106.000000
640 641 106.000000
641 642 106.000000
642 643 106.000000
643 644 106.000000
644 645 106.000000
877 899 106.000000
1053 10789 106.000000
1067 10999 105.000000
418 419 104.000000
419 420 104.000000
420 421 104.000000
421 422 104.000000
422 423 104.000000
423 424 104.000000
424 425 104.000000
425 426 104.000000
1271 1293 104.000000
178 200 102.000000
1030 10469 102.000000
1072 10808 102.000000
1072 10934 102.000000
428 429 101.000000
429 430 101.000000
430 431 101.000000
431 432 101.000000
432 433 101.000000
433 434 101.000000
1029 10811 101.000000
1072 10965 101.000000
1189 1211 101.000000
1309 1331 101.000000
1050 10703 100.000000
1050 10816 100.000000
1050 10848 100.000000
1050 10902 100.000000
1050 10921 100.000000
243 244 99.000000
717 739 99.000000
434 435 98.000000
1029 10659 98.000000
1088 10944 98.000000
1336 1358 97.000000
1527 1528 97.000000
392 414 96.000000
1051 10796 96.000000
1124 1125 96.000000
1125 1126 96.000000
1126 1127 96.000000
1127 1128 96.000000
1128 1129 96.000000
1129 1130 96.000000
1130 1131 96.000000
662 663 95.000000
663 664 95.000000
664 665 95.000000
665 666 95.000000
666 667 95.000000
1054 10715 95.000000
1072 10783 95.000000
1190 1191 95.000000
1191 1192 95.000000
1192 1193 95.000000
1193 1194 95.000000
1194 1195 95.000000
1298 1299 95.000000
305 327 94.000000
508 530 94.000000
689 690 94.000000
690 691 94.000000
691 692 94.000000
692 693 94.000000
1007 10627 94.000000
1029 10721 94.000000
100 10550 93.000000
843 844 93.000000
844 845 93.000000
845 846 93.000000
846 847 93.000000
1008 10412 93.000000
1266 1288 93.000000
1553 1575 93.000000
744 766 92.000000
847 848 92.000000
1072 10775 92.000000
1195 1196 92.000000
1320 1321 92.000000
1321 1322 92.000000
405 406 91.000000
448 449 90.000000
304 326 89.000000
156 178 88.000000
658 659 88.000000
661 662 88.000000
1006 10568 88.000000
1073 10979 88.000000
1137 1159 88.000000
13 35 87.000000
100 10002 87.000000
143 165 87.000000
610 611 87.000000
611 612 87.000000
612 613 87.000000
613 614 87.000000
768 790 87.000000
1050 10951 87.000000
1050 10969 87.000000
1268 1290 87.000000
1006 10664 86.000000
1006 10965 86.000000
1007 10138 86.000000
1554 1576 86.000000
546 547 85.000000
547 548 85.000000
696 718 85.000000
1102 1124 85.000000
1487 1509 85.000000
134 156 84.000000
1006 10179 84.000000
1006 10250 84.000000
1006 10718 84.000000
1001 10768 83.000000
1006 10575 83.000000
1095 10979 83.000000
1116 1138 83.000000
592 593 82.000000
1102 1103 82.000000
1103 1104 82.000000
1104 1105 82.000000
1105 1106 82.000000
1106 1107 82.000000
1107 1108 82.000000
1108 1109 82.000000
806 828 81.000000
1008 10781 81.000000
1029 10384 81.000000
1053 1075 81.000000
1094 10955 81.000000
1109 1110 81.000000
486 508 80.000000
1298 1319 80.000000
1316 1317 80.000000
1317 1318 80.000000
1318 1319 80.000000
103 10591 79.000000
396 397 79.000000
1030 10900 79.000000
1072 10821 79.000000
449 450 78.000000
450 451 78.000000
451 452 78.000000
452 453 78.000000
453 454 78.000000
454 455 78.000000
455 456 78.000000
528 529 78.000000
528 549 78.000000
529 530 78.000000
548 549 78.000000
693 694 78.000000
694 695 78.000000
1051 10542 78.000000
1218 1240 78.000000
394 416 77.000000
484 485 77.000000
485 486 77.000000
1051 10529 77.000000
1051 10665 77.000000
1051 10752 77.000000
1076 10970 77.000000
199 200 76.000000
876 898 76.000000
1007 10694 76.000000
1050 10877 76.000000
1273 1295 76.000000
919 941 75.000000
1055 1077 75.000000
958 980 74.000000
1008 10469 74.000000
1050 1072 74.000000
1072 10777 74.000000
1072 10810 74.000000
1072 10841 74.000000
1006 10369 73.000000
317 339 72.000000
384 406 72.000000
688 689 72.000000
711 712 72.000000
712 713 72.000000
713 714 72.000000
714 715 72.000000
715 716 72.000000
748 749 72.000000
1006 10659 72.000000
1006 10721 72.000000
1051 10979 72.000000
1052 10713 72.000000
1053 10824 72.000000
74 96 71.000000
286 308 71.000000
287 309 71.000000
303 325 71.000000
1029 1051 71.000000
848 849 70.000000
1180 1202 70.000000
1293 1315 70.000000
306 328 69.000000
1072 10816 69.000000
1072 10877 69.000000
1146 1147 69.000000
1147 1148 69.000000
1148 1149 69.000000
1149 1150 69.000000
1150 1151 69.000000
1151 1152 69.000000
1152 1153 69.000000
1227 1249 69.000000
609 610 68.000000
1097 10996 67.000000
135 136 66.000000
136 137 66.000000
137 138 66.000000
138 139 66.000000
766 788 66.000000
1008 10677 66.000000
1059 1060 66.000000
1060 1061 66.000000
1061 1062 66.000000
1062 1063 66.000000
1063 1064 66.000000
1064 1065 66.000000
1140 1162 66.000000
1285 1307 66.000000
10 32 65.000000
1052 10925 65.000000
1065 1066 65.000000
1072 10902 65.000000
1072 10921 65.000000
1074 10971 65.000000
101 10335 64.000000
243 265 64.000000
618 619 64.000000
619 620 64.000000
620 621 64.000000
621 622 64.000000
622 623 64.000000
1284 1306 64.000000
55 77 63.000000
77 99 63.000000
705 706 62.000000
706 707 62.000000
707 708 62.000000
708 709 62.000000
709 710 62.000000
710 711 62.000000
966 988 62.000000
1002 10636 62.000000
1006 10136 62.000000
1076 10864 62.000000
1076 10968 62.000000
1185 1207 62.000000
12 1574 61.000000
134 135 61.000000
1008 10928 61.000000
1138 1160 61.000000
375 376 60.000000
376 377 60.000000
377 378 60.000000
378 379 60.000000
379 380 60.000000
380 381 60.000000
381 382 60.000000
382 383 60.000000
872 894 60.000000
1007 10254 60.000000
1050 10946 60.000000
1050 10949 60.000000
1196 1197 60.000000
1508 1530 60.000000
1025 10394 59.000000
1025 10525 59.000000
1025 10792 59.000000
1025 11000 59.000000
1050 10645 59.000000
1050 10777 59.000000
1050 10810 59.000000
1050 10841 59.000000
1072 10848 59.000000
567 568 58.000000
568 569 58.000000
569 570 58.000000
594 595 58.000000
594 615 58.000000
637 659 58.000000
1050 10603 58.000000
1462 1463 58.000000
550 551 57.000000
550 571 57.000000
551 552 57.000000
570 571 57.000000
614 615 57.000000
1023 10444 57.000000
1033 1055 57.000000
1229 1251 57.000000
1306 1328 57.000000
1002 10075 56.000000
1008 10499 56.000000
1071 1093 56.000000
1289 1311 56.000000
37 38 55.000000
38 39 55.000000
39 40 55.000000
40 41 55.000000
1006 10484 55.000000
1006 10783 55.000000
1577 1578 55.000000
59 81 54.000000
101 10917 54.000000
828 850 54.000000
1008 10157 54.000000
1076 10871 54.000000
1089 1111 54.000000
165 187 53.000000
788 810 53.000000
1031 10971 53.000000
739 761 52.000000
1025 10538 52.000000
1025 10897 52.000000
1031 10758 52.000000
1066 1067 52.000000
1067 10878 52.000000
1485 1507 52.000000
1576 1577 52.000000
75 97 51.000000
103 10836 51.000000
393 415 51.000000
1008 10744 51.000000
1014 1015 51.000000
1094 1116 51.000000
1008 10567 50.000000
1023 10599 50.000000
1023 10768 50.000000
221 243 49.000000
727 728 49.000000
728 729 49.000000
729 730 49.000000
730 731 49.000000
731 732 49.000000
1024 10814 49.000000
1072 10745 49.000000
1224 1246 49.000000
1355 1377 49.000000
726 727 48.000000
827 849 48.000000
1212 1213 48.000000
1213 1214 48.000000
1214 1215 48.000000
1215 1216 48.000000
1216 1217 48.000000
1217 1218 48.000000
682 704 47.000000
1028 10883 47.000000
1031 10950 47.000000
1073 10752 47.000000
572 593 46.000000
1006 10280 46.000000
1024 10274 46.000000
1072 10883 46.000000
1072 10969 46.000000
1076 10776 46.000000
1024 10741 45.000000
1024 10757 45.000000
1028 10369 45.000000
1034 1056 45.000000
1072 10946 45.000000
1072 10949 45.000000
1382 1383 45.000000
608 609 44.000000
1028 10831 44.000000
1076 10920 44.000000
1181 1203 44.000000
615 637 43.000000
1001 1023 43.000000
1029 10399 43.000000
1029 10529 43.000000
1029 10542 43.000000
1029 10665 43.000000
624 625 42.000000
625 626 42.000000
626 627 42.000000
627 628 42.000000
628 629 42.000000
629 630 42.000000
630 631 42.000000
726 748 42.000000
1024 10405 42.000000
1028 10788 42.000000
1072 10951 42.000000
11 1573 41.000000
395 417 41.000000
964 986 41.000000
1028 10575 41.000000
1029 10752 41.000000
1049 10831 41.000000
374 375 40.000000
572 573 40.000000
573 574 40.000000
789 811 40.000000
855 877 40.000000
921 943 40.000000
1031 10423 40.000000
53 75 39.000000
614 636 39.000000
1008 1030 39.000000
1075 10857 39.000000
373 395 38.000000
703 725 38.000000
920 942 38.000000
1031 10366 38.000000
100 10045 37.000000
100 10184 37.000000
100 10237 37.000000
100 10364 37.000000
100 10789 37.000000
100 10940 37.000000
217 239 37.000000
440 441 37.000000
441 442 37.000000
1007 10457 37.000000
1097 10972 37.000000
375 397 36.000000
593 615 36.000000
748 770 36.000000
777 778 36.000000
778 779 36.000000
779 780 36.000000
780 781 36.000000
781 782 36.000000
871 893 36.000000
1008 10563 36.000000
650 651 35.000000
651 652 35.000000
832 854 35.000000
1037 1059 35.000000
103 10963 34.000000
442 443 34.000000
443 444 34.000000
444 445 34.000000
445 446 34.000000
446 447 34.000000
447 448 34.000000
944 966 34.000000
1009 10423 34.000000
1023 10648 34.000000
1031 10698 34.000000
1080 1081 34.000000
1081 1082 34.000000
1082 1083 34.000000
1083 1084 34.000000
1084 1085 34.000000
1085 1086 34.000000
1086 1087 34.000000
1087 1088 34.000000
103 10767 33.000000
103 10826 33.000000
154 155 33.000000
154 175 33.000000
155 156 33.000000
168 169 33.000000
169 170 33.000000
170 171 33.000000
171 172 33.000000
172 173 33.000000
173 174 33.000000
174 175 33.000000
198 220 33.000000
1007 10080 33.000000
1007 10257 33.000000
1007 10559 33.000000
1234 1235 33.000000
1235 1236 33.000000
1236 1237 33.000000
1237 1238 33.000000
1238 1239 33.000000
814 835 32.000000
1007 10395 32.000000
1007 10585 32.000000
1050 10694 32.000000
1099 1121 32.000000
1196 1218 32.000000
1425 1447 32.000000
103 10794 31.000000
260 282 31.000000
645 646 31.000000
646 647 31.000000
647 648 31.000000
648 649 31.000000
649 650 31.000000
809 831 31.000000
1008 10900 31.000000
1015 1016 31.000000
1016 1017 31.000000
1017 1018 31.000000
1018 1019 31.000000
1019 1020 31.000000
1020 1021 31.000000
1021 1022 31.000000
1022 1023 31.000000
1051 10680 31.000000
1051 10935 31.000000
1201 1223 31.000000
240 262 30.000000
601 602 30.000000
1051 10544 30.000000
1051 10781 30.000000
1053 10857 30.000000
1447 1448 30.000000
261 283 29.000000
747 769 29.000000
1051 10677 29.000000
1158 1180 29.000000
103 104 28.000000
104 105 28.000000
105 106 28.000000
106 107 28.000000
255 277 28.000000
587 588 28.000000
588 589 28.000000
965 966 28.000000
1029 10839 28.000000
1186 1208 28.000000
256 278 27.000000
719 741 27.000000
1006 10270 27.000000
1007 10141 27.000000
1007 10245 27.000000
1007 10933 27.000000
1239 1240 27.000000
623 624 26.000000
661 683 26.000000
1028 10298 26.000000
1029 10694 26.000000
391 413 25.000000
858 859 25.000000
858 879 25.000000
859 860 25.000000
860 861 25.000000
861 862 25.000000
862 863 25.000000
863 864 25.000000
870 892 25.000000
1028 10568 25.000000
1028 10775 25.000000
1028 10808 25.000000
1028 10934 25.000000
1076 10865 25.000000
1076 10956 25.000000
1510 1532 25.000000
195 217 24.000000
596 597 24.000000
597 598 24.000000
598 599 24.000000
599 600 24.000000
600 601 24.000000
790 812 24.000000
878 879 24.000000
1006 10114 24.000000
1007 10719 24.000000
1007 10839 24.000000
1072 10811 24.000000
1076 10774 24.000000
1220 1242 24.000000
100 10730 23.000000
458 480 23.000000
638 660 23.000000
733 734 23.000000
734 735 23.000000
735 736 23.000000
736 737 23.000000
963 985 23.000000
1028 10450 23.000000
1028 10484 23.000000
1028 10505 23.000000
1028 10506 23.000000
1028 10640 23.000000
1028 10718 23.000000
1028 10783 23.000000
1029 10681 23.000000
1071 10842 23.000000
1072 10721 23.000000
1290 1312 23.000000
100 10121 22.000000
100 10239 22.000000
100 10308 22.000000
100 10475 22.000000
100 10894 22.000000
100 10972 22.000000
492 493 22.000000
493 494 22.000000
494 495 22.000000
495 496 22.000000
496 497 22.000000
497 498 22.000000
498 499 22.000000
499 500 22.000000
732 733 22.000000
737 738 22.000000
738 739 22.000000
740 762 22.000000
965 987 22.000000
1072 10955 22.000000
1184 1206 22.000000
1378 1400 22.000000
81 82 21.000000
82 83 21.000000
83 84 21.000000
84 85 21.000000
100 10113 21.000000
100 10218 21.000000
100 10372 21.000000
100 10486 21.000000
100 10717 21.000000
100 10977 21.000000
168 190 21.000000
574 596 21.000000
1009 10366 21.000000
1009 10698 21.000000
1010 1032 21.000000
1028 10664 21.000000
1028 10965 21.000000
1036 1058 21.000000
1076 10769 21.000000
1161 1183 21.000000
1223 1245 21.000000
1245 1267 21.000000
1507 1529 21.000000
58 80 20.000000
100 10221 20.000000
100 10387 20.000000
100 10414 20.000000
100 10593 20.000000
100 10702 20.000000
100 10868 20.000000
100 10879 20.000000
361 383 20.000000
1002 10326 20.000000
1006 10725 20.000000
1015 1037 20.000000
1136 1158 20.000000
1187 1209 20.000000
1399 1421 20.000000
100 10279 19.000000
100 10426 19.000000
100 10532 19.000000
124 125 19.000000
530 531 19.000000
531 532 19.000000
532 533 19.000000
533 534 19.000000
534 535 19.000000
658 680 19.000000
1551 1573 19.000000
1552 1574 19.000000
1002 10482 18.000000
1005 10407 18.000000
1006 10299 18.000000
1014 1036 18.000000
1052 10950 18.000000
1076 10862 18.000000
1093 10955 18.000000
1098 1120 18.000000
1115 1137 18.000000
1334 1356 18.000000
1463 1485 18.000000
1509 1531 18.000000
1531 1553 18.000000
404 426 17.000000
848 870 17.000000
1002 10425 17.000000
1076 10837 17.000000
1078 1100 17.000000
1210 1232 17.000000
1246 1268 17.000000
112 134 16.000000
1419 1441 16.000000
413 435 15.000000
484 505 15.000000
749 750 15.000000
750 751 15.000000
751 752 15.000000
752 753 15.000000
753 754 15.000000
754 755 15.000000
782 783 15.000000
1007 1029 15.000000
1298 1320 15.000000
1486 1508 15.000000
52 74 14.000000
353 375 14.000000
506 507 14.000000
506 527 14.000000
507 508 14.000000
697 719 14.000000
814 815 14.000000
815 816 14.000000
816 817 14.000000
817 818 14.000000
818 819 14.000000
819 820 14.000000
1023 10430 14.000000
1023 10531 14.000000
1023 10589 14.000000
1054 10920 14.000000
1071 10718 14.000000
1071 10965 14.000000
1093 10934 14.000000
1093 10946 14.000000
1093 10949 14.000000
1093 10969 14.000000
1096 1118 14.000000
1122 1144 14.000000
1142 1164 14.000000
369 391 13.000000
545 546 13.000000
1006 10522 13.000000
1012 1034 13.000000
1029 10719 13.000000
1066 1088 13.000000
1095 10964 13.000000
1131 1153 13.000000
1299 1300 13.000000
1300 1301 13.000000
1301 1302 13.000000
1302 1303 13.000000
1303 1304 13.000000
1444 1466 13.000000
112 113 12.000000
113 114 12.000000
114 115 12.000000
115 116 12.000000
116 117 12.000000
602 624 12.000000
668 669 12.000000
669 670 12.000000
670 671 12.000000
671 672 12.000000
1002 10071 12.000000
1006 10645 12.000000
1006 10738 12.000000
1006 10745 12.000000
1006 10777 12.000000
1006 10810 12.000000
1006 10811 12.000000
1006 10841 12.000000
1006 10903 12.000000
1028 10331 12.000000
1028 10949 12.000000
1029 10493 12.000000
1283 1305 12.000000
1418 1419 12.000000
702 724 11.000000
1006 10357 11.000000
1006 10949 11.000000
1006 10955 11.000000
1037 1038 11.000000
1038 1039 11.000000
1039 1040 11.000000
1040 1041 11.000000
1041 1042 11.000000
1042 1043 11.000000
1043 1044 11.000000
1488 1510 11.000000
103 10328 10.000000
275 297 10.000000
297 319 10.000000
523 524 10.000000
524 525 10.000000
525 526 10.000000
526 527 10.000000
595 596 10.000000
783 805 10.000000
1002 10791 10.000000
1005 10842 10.000000
1007 10493 10.000000
1049 10505 10.000000
1049 10506 10.000000
1049 10775 10.000000
1049 10783 10.000000
1049 10848 10.000000
1051 10941 10.000000
1093 10951 10.000000
1153 1175 10.000000
1532 1554 10.000000
1556 1557 10.000000
10 1572 9.000000
992 993 9.000000
993 994 9.000000
994 995 9.000000
995 996 9.000000
996 997 9.000000
997 998 9.000000
998 999 9.000000
1000 1001 9.000000
1028 10380 9.000000
1028 10476 9.000000
1028 10816 9.000000
1028 10848 9.000000
1028 10877 9.000000
1028 10902 9.000000
1028 10921 9.000000
1054 10864 9.000000
1054 10970 9.000000
1182 1204 9.000000
1239 1261 9.000000
1464 1486 9.000000
13 1575 8.000000
244 266 8.000000
570 592 8.000000
594 616 8.000000
652 653 8.000000
1028 10703 8.000000
1028 10946 8.000000
1028 10951 8.000000
1028 10969 8.000000
1051 10585 8.000000
1054 10871 8.000000
1054 10968 8.000000
1097 1119 8.000000
1114 1136 8.000000
1198 1220 8.000000
1202 1224 8.000000
1219 1241 8.000000
57 79 7.000000
132 133 7.000000
132 153 7.000000
133 134 7.000000
147 148 7.000000
148 149 7.000000
149 150 7.000000
150 151 7.000000
151 152 7.000000
152 153 7.000000
548 570 7.000000
653 654 7.000000
833 855 7.000000
849 871 7.000000
878 900 7.000000
1006 1028 7.000000
1006 10256 7.000000
1006 10268 7.000000
1006 10298 7.000000
1006 10331 7.000000
1006 10380 7.000000
1006 10476 7.000000
1006 10603 7.000000
1006 10703 7.000000
1006 10808 7.000000
1006 10816 7.000000
1006 10877 7.000000
1006 10902 7.000000
1006 10921 7.000000
1006 10934 7.000000
1006 10946 7.000000
1006 10951 7.000000
1006 10969 7.000000
1035 1036 7.000000
1049 10568 7.000000
1050 10681 7.000000
1051 10559 7.000000
1076 1098 7.000000
1168 1169 7.000000
1169 1170 7.000000
1170 1171 7.000000
1171 1172 7.000000
1172 1173 7.000000
1173 1174 7.000000
1174 1175 7.000000
8 9 6.000000
572 594 6.000000
667 668 6.000000
792 793 6.000000
793 794 6.000000
794 795 6.000000
795 796 6.000000
796 797 6.000000
797 798 6.000000
798 799 6.000000
831 853 6.000000
1093 10965 6.000000
1141 1163 6.000000
1162 1184 6.000000
1175 1197 6.000000
1241 1263 6.000000
1304 1305 6.000000
135 157 5.000000
565 566 5.000000
1002 10297 5.000000
1002 10405 5.000000
1002 10807 5.000000
1002 10814 5.000000
1051 10922 5.000000
1052 10971 5.000000
1054 10776 5.000000
1154 1176 5.000000
1316 1338 5.000000
14 36 4.000000
14 1576 4.000000
88 89 4.000000
89 90 4.000000
95 96 4.000000
107 108 4.000000
108 109 4.000000
273 295 4.000000
295 317 4.000000
566 567 4.000000
650 672 4.000000
654 655 4.000000
655 656 4.000000
656 657 4.000000
746 768 4.000000
770 771 4.000000
770 792 4.000000
771 772 4.000000
772 773 4.000000
773 774 4.000000
774 775 4.000000
775 776 4.000000
776 777 4.000000
784 806 4.000000
785 807 4.000000
799 800 4.000000
800 801 4.000000
801 802 4.000000
802 803 4.000000
803 804 4.000000
804 805 4.000000
893 915 4.000000
1006 10775 4.000000
1006 10848 4.000000
1036 1037 4.000000
1044 1045 4.000000
1044 10531 4.000000
1049 10640 4.000000
1049 10664 4.000000
1049 10718 4.000000
1049 10788 4.000000
1049 10965 4.000000
1072 1094 4.000000
1088 10999 4.000000
1165 1187 4.000000
1168 1190 4.000000
1225 1247 4.000000
1272 1294 4.000000
1360 1382 4.000000
15 1577 3.000000
263 285 3.000000
442 464 3.000000
464 486 3.000000
667 689 3.000000
674 696 3.000000
679 701 3.000000
683 705 3.000000
689 711 3.000000
767 789 3.000000
1006 10225 3.000000
1006 10450 3.000000
1006 10505 3.000000
1006 10506 3.000000
1050 10659 3.000000
1050 10721 3.000000
1050 10745 3.000000
1050 10811 3.000000
1051 10627 3.000000
1089 10898 3.000000
1167 1168 3.000000
1195 1217 3.000000
1217 1239 3.000000
1243 1265 3.000000
1247 1269 3.000000
1265 1287 3.000000
1342 1343 3.000000
1342 1363 3.000000
1343 1344 3.000000
1344 1345 3.000000
1345 1346 3.000000
1346 1347 3.000000
1347 1348 3.000000
1361 1362 3.000000
1362 1363 3.000000
1550 1572 3.000000
66 67 2.000000
66 87 2.000000
67 68 2.000000
68 69 2.000000
69 70 2.000000
70 71 2.000000
71 72 2.000000
72 73 2.000000
85 86 2.000000
86 87 2.000000
360 382 2.000000
362 384 2.000000
382 404 2.000000
558 559 2.000000
558 580 2.000000
559 560 2.000000
560 561 2.000000
561 562 2.000000
562 563 2.000000
563 564 2.000000
564 565 2.000000
639 661 2.000000
657 658 2.000000
700 722 2.000000
755 756 2.000000
756 757 2.000000
757 758 2.000000
758 759 2.000000
759 760 2.000000
760 761 2.000000
1001 10217 2.000000
1001 10548 2.000000
1001 10962 2.000000
1045 10598 2.000000
1050 10955 2.000000
1067 1089 2.000000
1109 1131 2.000000
1197 1219 2.000000
1240 1262 2.000000
1244 1266 2.000000
1360 1361 2.000000
1386 1387 2.000000
1386 1407 2.000000
1387 1388 2.000000
1388 1389 2.000000
1389 1390 2.000000
1390 1391 2.000000
1391 1392 2.000000
1404 1405 2.000000
1405 1406 2.000000
1406 1407 2.000000
222 244 1.000000
234 256 1.000000
264 286 1.000000
339 361 1.000000
462 463 1.000000
462 483 1.000000
463 464 1.000000
464 465 1.000000
465 466 1.000000
466 467 1.000000
467 468 1.000000
468 469 1.000000
695 696 1.000000
727 749 1.000000
811 833 1.000000
847 869 1.000000
869 891 1.000000
891 913 1.000000
1001 10460 1.000000
1001 10570 1.000000
1001 10598 1.000000
1001 10688 1.000000
1033 10337 1.000000
1033 10968 1.000000
1033 10970 1.000000
1049 10575 1.000000
1049 10842 1.000000
1065 1087 1.000000
1073 1095 1.000000
1087 1109 1.000000
1176 1198 1.000000
1311 1333 1.000000
1317 1339 1.000000
1361 1383 1.000000
1549 1550 1.000000
