314 315 20659.000000
315 316 20659.000000
316 317 20659.000000
317 318 20659.000000
313 314 13838.000000
1286 1287 13730.000000
1330 1331 12168.000000
271 272 11287.000000
272 273 11287.000000
273 274 11287.000000
318 319 11255.000000
1285 1286 10733.000000
1242 1243 10451.000000
1478 1479 10408.000000
1066 1067 10304.000000
1477 1478 10251.000000
1307 1308 10110.000000
1328 1329 10084.000000
1132 1133 9980.000000
1284 1285 9958.000000
1067 1068 9739.000000
1344 1345 9671.000000
1154 1155 9535.000000
319 320 9496.000000
270 271 9292.000000
292 293 9212.000000
293 294 9212.000000
294 295 9212.000000
295 296 9212.000000
1329 1330 9153.000000
1479 1480 9028.000000
1346 1347 8985.000000
1345 1346 8867.000000
274 275 8866.000000
1306 1307 8689.000000
181 182 8665.000000
5 6 8412.000000
1351 1352 8340.000000
1308 1309 8279.000000
1264 1265 8272.000000
1131 1132 8251.000000
1283 1284 8148.000000
1088 1089 7985.000000
1350 1351 7977.000000
996 997 7921.000000
997 998 7921.000000
1327 1328 7898.000000
1349 1350 7837.000000
1347 1348 7788.000000
1243 1244 7704.000000
180 181 7580.000000
1065 1066 7484.000000
1241 1242 7477.000000
931 932 7415.000000
932 933 7415.000000
406 407 7341.000000
1153 1154 7285.000000
1348 1349 7205.000000
1152 1153 7189.000000
291 292 7036.000000
1155 1156 6951.000000
1110 1111 6844.000000
224 225 6843.000000
1343 1344 6696.000000
1480 1481 6612.000000
4 5 6594.000000
1089 1090 6580.000000
137 138 6450.000000
952 953 6341.000000
953 954 6341.000000
954 955 6341.000000
493 494 6316.000000
1481 1482 6200.000000
1262 1263 6079.000000
358 359 5987.000000
359 360 5987.000000
360 361 5987.000000
1263 1264 5951.000000
361 362 5950.000000
995 996 5938.000000
1130 1131 5904.000000
1087 1088 5883.000000
6 7 5832.000000
1305 1306 5744.000000
1111 1112 5695.000000
362 363 5622.000000
1175 1176 5609.000000
998 999 5451.000000
1133 1134 5436.000000
3 4 5435.000000
1373 1374 5417.000000
1022 1023 5290.000000
27 28 5289.000000
1021 1022 5278.000000
1434 1435 5271.000000
1372 1373 5178.000000
1326 1327 5157.000000
225 226 5149.000000
994 995 5077.000000
1068 1069 5072.000000
1240 1241 5031.000000
1109 1110 5025.000000
1018 1019 4984.000000
1019 1020 4984.000000
1020 1021 4976.000000
246 247 4951.000000
407 408 4941.000000
1126 1127 4909.000000
1127 1128 4909.000000
1128 1129 4909.000000
269 270 4887.000000
1324 1325 4857.000000
1433 1434 4766.000000
1303 1304 4753.000000
115 116 4722.000000
930 931 4712.000000
1322 1323 4711.000000
1323 1324 4711.000000
1287 1288 4693.000000
1371 1372 4654.000000
1302 1303 4643.000000
1368 1369 4614.000000
296 297 4610.000000
1435 1436 4580.000000
1325 1326 4567.000000
1369 1370 4511.000000
363 364 4489.000000
978 979 4414.000000
974 975 4365.000000
975 976 4365.000000
976 977 4365.000000
1176 1177 4299.000000
1134 1135 4269.000000
1300 1301 4268.000000
1301 1302 4268.000000
357 358 4199.000000
1086 1087 4177.000000
1199 1200 4165.000000
1156 1157 4124.000000
1370 1371 4093.000000
1220 1221 4088.000000
933 934 4080.000000
1304 1305 4067.000000
320 321 4066.000000
1366 1367 4065.000000
7 8 4025.000000
312 313 3983.000000
1393 1394 3970.000000
951 952 3969.000000
716 717 3965.000000
1394 1395 3903.000000
1261 1262 3851.000000
1367 1368 3838.000000
364 365 3829.000000
1395 1396 3828.000000
908 909 3801.000000
909 910 3801.000000
910 911 3801.000000
1436 1437 3790.000000
781 782 3782.000000
1125 1126 3754.000000
26 27 3724.000000
49 50 3695.000000
28 29 3653.000000
1174 1175 3606.000000
1374 1375 3601.000000
887 888 3575.000000
888 889 3575.000000
336 337 3571.000000
337 338 3571.000000
338 339 3571.000000
339 340 3571.000000
48 49 3565.000000
1437 1438 3548.000000
1287 1309 3532.000000
275 276 3531.000000
1438 1439 3454.000000
1219 1220 3400.000000
297 298 3394.000000
1239 1240 3389.000000
1456 1457 3330.000000
225 247 3298.000000
889 890 3281.000000
268 269 3232.000000
1482 1483 3216.000000
1299 1300 3210.000000
408 409 3188.000000
112 113 3180.000000
113 114 3180.000000
1221 1222 3157.000000
1321 1322 3157.000000
158 159 3154.000000
713 714 3154.000000
714 715 3154.000000
929 930 3142.000000
1017 1018 3115.000000
1392 1393 3114.000000
1023 1024 3102.000000
1218 1219 3075.000000
335 336 3068.000000
1000 1001 3037.000000
715 716 3025.000000
934 935 3025.000000
90 91 3019.000000
114 115 2998.000000
956 957 2973.000000
1197 1198 2967.000000
1457 1458 2902.000000
1282 1283 2887.000000
1416 1417 2866.000000
134 135 2846.000000
135 136 2844.000000
1196 1197 2831.000000
182 183 2821.000000
1148 1149 2793.000000
1149 1150 2793.000000
1150 1151 2791.000000
91 92 2789.000000
290 291 2773.000000
1112 1113 2764.000000
159 160 2754.000000
1417 1418 2745.000000
955 956 2732.000000
1279 1280 2690.000000
1458 1459 2678.000000
1217 1218 2673.000000
1129 1130 2672.000000
977 978 2671.000000
1198 1199 2642.000000
247 248 2639.000000
138 139 2610.000000
340 341 2557.000000
1365 1366 2509.000000
136 137 2505.000000
1459 1460 2476.000000
355 356 2458.000000
1243 1265 2449.000000
133 134 2445.000000
274 296 2432.000000
1280 1281 2418.000000
111 112 2401.000000
1061 1062 2397.000000
1062 1063 2397.000000
1063 1064 2397.000000
1151 1152 2380.000000
1113 1114 2377.000000
1157 1158 2377.000000
1460 1461 2377.000000
950 951 2372.000000
494 495 2370.000000
1281 1282 2366.000000
321 322 2365.000000
377 378 2359.000000
1043 1044 2349.000000
2 3 2337.000000
24 25 2329.000000
912 913 2298.000000
1177 1178 2296.000000
423 424 2277.000000
424 425 2277.000000
425 426 2277.000000
426 427 2277.000000
92 93 2262.000000
1200 1201 2252.000000
886 887 2246.000000
1108 1109 2236.000000
1104 1105 2232.000000
1105 1106 2232.000000
1106 1107 2232.000000
1107 1108 2232.000000
780 781 2230.000000
1415 1416 2217.000000
245 246 2210.000000
25 26 2182.000000
401 402 2178.000000
402 403 2178.000000
403 404 2178.000000
404 405 2178.000000
1024 1046 2170.000000
778 779 2165.000000
779 780 2165.000000
276 298 2100.000000
1500 1501 2091.000000
181 203 2076.000000
68 69 2070.000000
1244 1245 2058.000000
47 48 2045.000000
1044 10446 2038.000000
1064 1065 2031.000000
717 739 2011.000000
1135 1136 2006.000000
50 51 2001.000000
1412 1413 1994.000000
1082 1083 1974.000000
1083 1084 1974.000000
1084 1085 1974.000000
116 117 1967.000000
365 366 1960.000000
1045 1046 1955.000000
356 357 1948.000000
759 760 1947.000000
760 761 1947.000000
913 914 1945.000000
979 980 1928.000000
907 908 1922.000000
1342 1343 1914.000000
1544 1545 1909.000000
1546 1547 1899.000000
223 224 1895.000000
202 203 1885.000000
405 406 1876.000000
1044 1045 1876.000000
973 974 1866.000000
93 94 1865.000000
376 377 1865.000000
494 516 1853.000000
366 367 1844.000000
247 269 1793.000000
384 385 1775.000000
803 804 1765.000000
782 783 1764.000000
29 30 1763.000000
1390 1391 1763.000000
1501 1502 1749.000000
429 430 1708.000000
1413 1414 1702.000000
869 870 1700.000000
1085 1086 1687.000000
289 290 1685.000000
717 718 1667.000000
407 429 1662.000000
49 71 1644.000000
322 323 1644.000000
1260 1261 1631.000000
911 912 1617.000000
1543 1544 1615.000000
935 936 1610.000000
51 52 1599.000000
1278 1279 1584.000000
311 312 1568.000000
427 428 1568.000000
1016 1017 1565.000000
1060 1061 1534.000000
182 204 1528.000000
1439 1440 1525.000000
1545 1546 1495.000000
1265 1266 1490.000000
1409 1410 1486.000000
1410 1411 1486.000000
1068 1090 1477.000000
1389 1390 1477.000000
1201 1202 1469.000000
89 90 1443.000000
558 559 1434.000000
385 386 1425.000000
1222 1223 1422.000000
69 70 1421.000000
1547 1548 1414.000000
868 869 1412.000000
1066 10979 1408.000000
1309 1310 1406.000000
450 451 1401.000000
341 342 1398.000000
386 387 1387.000000
158 180 1379.000000
1521 1522 1369.000000
387 388 1364.000000
428 429 1362.000000
1391 1392 1355.000000
1414 1415 1351.000000
804 805 1345.000000
1191 1192 1335.000000
1192 1193 1335.000000
1193 1194 1335.000000
1461 1462 1319.000000
334 335 1317.000000
400 401 1317.000000
1169 1170 1315.000000
1170 1171 1315.000000
1171 1172 1315.000000
333 334 1311.000000
1257 1258 1309.000000
1258 1259 1309.000000
1259 1260 1309.000000
1172 1173 1302.000000
342 343 1272.000000
1499 1500 1269.000000
203 204 1268.000000
885 886 1267.000000
1178 1179 1267.000000
299 300 1263.000000
378 379 1255.000000
1522 1523 1252.000000
8 9 1251.000000
298 299 1238.000000
1288 1289 1229.000000
94 95 1224.000000
865 866 1220.000000
866 867 1220.000000
867 868 1220.000000
1256 1257 1209.000000
365 387 1207.000000
226 227 1192.000000
276 277 1169.000000
367 368 1168.000000
761 762 1163.000000
319 341 1157.000000
1088 10979 1157.000000
399 400 1156.000000
379 380 1148.000000
380 381 1148.000000
381 382 1148.000000
382 383 1148.000000
870 871 1140.000000
1000 10493 1137.000000
1255 1256 1134.000000
739 740 1132.000000
890 891 1127.000000
277 278 1122.000000
363 385 1121.000000
756 757 1119.000000
757 758 1119.000000
1502 1503 1119.000000
821 822 1115.000000
822 823 1115.000000
823 824 1115.000000
863 864 1108.000000
453 454 1098.000000
67 68 1097.000000
110 111 1093.000000
221 222 1091.000000
222 223 1091.000000
758 759 1083.000000
1277 1278 1081.000000
783 784 1080.000000
800 801 1079.000000
801 802 1079.000000
1067 1089 1075.000000
755 756 1053.000000
802 803 1049.000000
70 71 1041.000000
805 806 1041.000000
1567 1568 1041.000000
449 450 1031.000000
248 249 1022.000000
249 250 1022.000000
250 251 1022.000000
251 252 1022.000000
718 719 1013.000000
252 253 1011.000000
343 344 1006.000000
1022 10529 1006.000000
388 389 1004.000000
275 297 1003.000000
1298 1299 997.000000
323 324 994.000000
1352 1353 993.000000
138 160 975.000000
300 301 973.000000
226 248 966.000000
1114 1136 965.000000
421 422 959.000000
422 423 959.000000
1194 1195 958.000000
1173 1174 956.000000
46 47 954.000000
383 384 951.000000
1039 1040 947.000000
1040 1041 947.000000
1041 1042 947.000000
267 268 943.000000
268 290 936.000000
1266 1267 934.000000
278 279 924.000000
864 865 921.000000
957 958 920.000000
847 848 919.000000
332 333 918.000000
408 430 918.000000
891 892 917.000000
451 452 916.000000
321 343 914.000000
330 331 902.000000
331 332 902.000000
1113 1135 896.000000
409 410 891.000000
354 355 890.000000
1022 10270 876.000000
330 351 870.000000
346 347 870.000000
347 348 870.000000
348 349 870.000000
349 350 870.000000
350 351 870.000000
799 800 865.000000
452 453 862.000000
1195 1196 857.000000
1021 10811 847.000000
279 280 844.000000
691 692 831.000000
692 693 831.000000
693 694 831.000000
848 849 829.000000
777 778 820.000000
269 291 817.000000
264 285 808.000000
281 282 808.000000
282 283 808.000000
283 284 808.000000
284 285 808.000000
454 455 804.000000
1136 1137 803.000000
410 411 800.000000
344 345 798.000000
177 178 791.000000
178 179 791.000000
1200 1222 791.000000
473 474 786.000000
176 177 780.000000
719 720 779.000000
1038 1039 768.000000
264 265 767.000000
265 266 767.000000
266 267 767.000000
740 741 761.000000
352 373 752.000000
368 369 752.000000
369 370 752.000000
370 371 752.000000
371 372 752.000000
372 373 752.000000
935 957 750.000000
1042 1043 749.000000
215 216 747.000000
216 217 747.000000
217 218 747.000000
218 219 747.000000
171 172 744.000000
172 173 744.000000
173 174 744.000000
174 175 744.000000
825 826 743.000000
430 431 737.000000
843 844 729.000000
844 845 729.000000
845 846 728.000000
431 432 727.000000
352 353 720.000000
353 354 720.000000
220 241 714.000000
237 238 714.000000
238 239 714.000000
239 240 714.000000
240 241 714.000000
179 180 713.000000
291 313 708.000000
1147 1148 707.000000
224 246 705.000000
798 799 701.000000
420 421 697.000000
220 221 689.000000
694 695 686.000000
824 825 682.000000
732 733 674.000000
1202 1203 674.000000
1203 1204 674.000000
1292 1293 672.000000
1374 1396 670.000000
1103 1104 663.000000
301 302 661.000000
1267 1268 660.000000
1268 1269 660.000000
1408 1409 658.000000
1411 1412 656.000000
1320 1321 650.000000
1289 1290 643.000000
1290 1291 643.000000
1291 1292 643.000000
826 827 638.000000
762 763 637.000000
1024 1025 636.000000
1046 1047 635.000000
1246 1247 634.000000
1247 1248 634.000000
1387 1388 628.000000
1388 1389 628.000000
820 821 626.000000
1411 1433 625.000000
673 695 624.000000
712 713 623.000000
1245 1246 619.000000
842 843 617.000000
1235 1236 617.000000
1236 1237 617.000000
1237 1238 617.000000
1000 10544 613.000000
669 670 610.000000
670 671 610.000000
671 672 610.000000
892 893 597.000000
1238 1239 593.000000
1523 1524 593.000000
364 386 590.000000
474 475 583.000000
672 673 578.000000
1000 10254 578.000000
1025 1047 570.000000
1023 1045 566.000000
1023 10421 565.000000
1066 10933 565.000000
1190 1191 563.000000
1045 10938 558.000000
155 156 554.000000
156 157 554.000000
157 158 553.000000
203 225 552.000000
1525 1526 546.000000
624 625 541.000000
1310 1311 540.000000
1311 1312 540.000000
1312 1313 540.000000
1418 1419 538.000000
737 738 535.000000
1000 10384 535.000000
1524 1525 534.000000
495 496 532.000000
354 376 530.000000
432 433 523.000000
733 734 523.000000
1168 1169 523.000000
154 175 519.000000
320 342 517.000000
1067 10938 516.000000
198 199 515.000000
199 200 515.000000
200 201 515.000000
776 777 506.000000
1044 10457 505.000000
1434 1456 505.000000
1565 1566 503.000000
1548 1549 497.000000
227 228 495.000000
228 229 495.000000
229 230 495.000000
230 231 495.000000
289 311 492.000000
198 219 490.000000
472 473 488.000000
1564 1565 485.000000
1023 10713 484.000000
849 850 481.000000
345 346 476.000000
1112 1134 474.000000
136 158 469.000000
496 497 466.000000
497 498 466.000000
1137 1138 466.000000
1430 1431 466.000000
1430 1451 466.000000
1431 1432 466.000000
1432 1433 466.000000
1021 10883 464.000000
1043 10603 462.000000
71 72 461.000000
290 312 458.000000
1124 1125 457.000000
454 476 451.000000
159 181 446.000000
871 872 446.000000
846 847 441.000000
246 268 435.000000
1285 1307 433.000000
1179 1180 431.000000
71 93 430.000000
936 937 430.000000
626 627 427.000000
627 628 427.000000
695 696 426.000000
450 472 421.000000
1503 1504 418.000000
95 96 417.000000
1017 10217 417.000000
1566 1567 412.000000
204 226 411.000000
231 253 410.000000
1276 1297 405.000000
1293 1294 405.000000
1294 1295 405.000000
1295 1296 405.000000
1296 1297 405.000000
242 243 401.000000
243 244 401.000000
244 245 401.000000
738 739 401.000000
1254 1255 397.000000
1194 1216 392.000000
1504 1505 391.000000
160 161 389.000000
516 517 389.000000
517 518 389.000000
518 519 389.000000
1022 1044 389.000000
537 538 387.000000
781 803 386.000000
1081 1082 386.000000
355 377 384.000000
934 956 384.000000
409 431 383.000000
718 740 381.000000
1046 10489 378.000000
1046 10774 378.000000
1046 10865 378.000000
1046 10956 378.000000
1216 1217 377.000000
1001 10253 376.000000
1114 1115 376.000000
1115 1116 376.000000
734 735 371.000000
735 736 371.000000
736 737 371.000000
1018 10355 371.000000
396 417 366.000000
412 413 366.000000
413 414 366.000000
414 415 366.000000
415 416 366.000000
416 417 366.000000
475 476 364.000000
242 263 360.000000
259 260 360.000000
260 261 360.000000
261 262 360.000000
262 263 360.000000
1087 10982 358.000000
66 67 357.000000
1156 1178 353.000000
1526 1527 353.000000
396 397 352.000000
397 398 352.000000
1234 1235 350.000000
398 399 347.000000
628 629 347.000000
972 973 342.000000
1001 10287 341.000000
1455 1456 341.000000
367 389 339.000000
1276 1277 338.000000
1065 10821 337.000000
387 409 335.000000
180 202 334.000000
907 929 334.000000
673 674 332.000000
1017 10757 331.000000
1111 1133 331.000000
1022 10825 330.000000
1002 10605 329.000000
1068 10769 329.000000
1452 1453 328.000000
1452 1473 328.000000
1453 1454 328.000000
24 46 327.000000
1454 1455 327.000000
1017 10547 324.000000
386 408 322.000000
892 914 320.000000
1313 1314 315.000000
72 73 313.000000
1158 1180 313.000000
891 913 308.000000
1116 1117 308.000000
1082 1104 307.000000
385 407 306.000000
1260 1282 306.000000
67 89 304.000000
1023 10260 299.000000
1018 10628 298.000000
1021 10270 298.000000
889 911 295.000000
1390 1412 294.000000
1483 1484 294.000000
154 155 293.000000
333 355 292.000000
1001 10419 292.000000
406 428 291.000000
1023 10305 289.000000
377 399 283.000000
1066 10796 282.000000
1364 1365 279.000000
1023 10964 277.000000
1000 10419 276.000000
661 662 274.000000
662 663 274.000000
663 664 274.000000
137 159 272.000000
1280 1302 272.000000
429 451 271.000000
498 520 266.000000
664 665 266.000000
665 666 266.000000
666 667 266.000000
1204 1226 266.000000
1180 1181 265.000000
1181 1182 265.000000
761 783 263.000000
1016 10444 262.000000
1022 10665 262.000000
1201 1223 261.000000
1001 1002 257.000000
1023 10861 257.000000
1069 10715 256.000000
784 785 255.000000
1038 10460 253.000000
1023 10677 251.000000
31 32 250.000000
32 33 250.000000
33 34 250.000000
776 798 250.000000
827 828 250.000000
52 53 248.000000
1001 10053 247.000000
160 182 246.000000
253 254 245.000000
1022 10752 245.000000
1157 1179 243.000000
53 54 241.000000
54 55 241.000000
55 56 241.000000
1331 1353 239.000000
253 275 238.000000
1018 10326 237.000000
1082 10878 237.000000
1146 1147 236.000000
1386 1387 236.000000
582 583 235.000000
583 584 235.000000
584 585 235.000000
1000 10817 235.000000
674 696 234.000000
912 934 234.000000
1001 10393 234.000000
1223 1224 234.000000
1224 1225 234.000000
1225 1226 234.000000
473 495 233.000000
257 258 231.000000
411 412 230.000000
686 687 229.000000
687 688 229.000000
1044 10796 229.000000
1024 10605 227.000000
1367 1389 227.000000
585 586 226.000000
586 587 226.000000
587 588 226.000000
588 589 226.000000
201 202 225.000000
308 329 225.000000
324 325 225.000000
325 326 225.000000
326 327 225.000000
327 328 225.000000
328 329 225.000000
1001 10490 225.000000
1001 10900 225.000000
270 292 224.000000
286 287 222.000000
287 288 222.000000
288 289 222.000000
308 309 222.000000
309 310 222.000000
1222 1244 220.000000
1330 1352 220.000000
254 255 219.000000
255 256 219.000000
256 257 219.000000
286 307 219.000000
302 303 219.000000
303 304 219.000000
304 305 219.000000
305 306 219.000000
306 307 219.000000
443 444 219.000000
444 445 219.000000
445 446 219.000000
446 447 219.000000
447 448 219.000000
448 449 219.000000
278 300 218.000000
1038 10878 218.000000
1045 10605 216.000000
1069 10776 216.000000
374 375 215.000000
375 376 215.000000
1000 10079 215.000000
1349 1371 214.000000
1046 10789 212.000000
1213 1214 212.000000
1214 1215 212.000000
1215 1216 212.000000
1286 1308 211.000000
1046 10638 210.000000
1016 10430 208.000000
26 48 207.000000
323 345 207.000000
806 807 207.000000
1001 10050 207.000000
1023 10469 207.000000
1069 1070 206.000000
1069 10948 206.000000
1069 10976 206.000000
1001 10390 204.000000
893 894 203.000000
1021 10539 203.000000
1069 10871 203.000000
346 368 202.000000
374 395 202.000000
390 391 202.000000
391 392 202.000000
392 393 202.000000
393 394 202.000000
394 395 202.000000
1090 10968 202.000000
1126 1148 202.000000
411 433 201.000000
1000 10604 201.000000
567 589 200.000000
1000 10109 200.000000
1047 10715 200.000000
1039 10425 199.000000
25 47 198.000000
1044 10627 197.000000
1023 10817 195.000000
1044 10713 195.000000
754 755 194.000000
1000 10694 194.000000
1023 10604 194.000000
1023 10892 194.000000
1082 10898 194.000000
629 651 193.000000
1023 10445 193.000000
1065 10883 193.000000
1023 10859 191.000000
310 311 190.000000
1023 10290 190.000000
1023 10382 190.000000
1154 1176 190.000000
1016 10589 189.000000
1455 1477 189.000000
1211 1212 188.000000
115 137 187.000000
139 161 186.000000
1001 10672 186.000000
1023 10257 186.000000
1212 1213 186.000000
1090 10970 181.000000
846 868 180.000000
1000 10174 180.000000
1000 10201 180.000000
1110 1132 180.000000
1152 1174 180.000000
1346 1368 180.000000
1000 10445 179.000000
1070 1071 179.000000
1071 1072 179.000000
1568 1569 178.000000
545 567 176.000000
1066 10680 175.000000
1068 10789 175.000000
389 390 174.000000
1001 10563 174.000000
1001 10925 174.000000
1068 10857 173.000000
1000 10585 172.000000
1000 10680 172.000000
1001 10567 172.000000
1001 10744 172.000000
1001 10781 172.000000
1001 10698 171.000000
1001 10758 171.000000
1090 10948 171.000000
1090 10976 171.000000
1001 10462 170.000000
1569 1570 170.000000
1000 10257 169.000000
1000 10315 169.000000
1000 10941 169.000000
1001 10283 168.000000
1331 1332 168.000000
890 912 167.000000
205 206 166.000000
206 207 166.000000
207 208 166.000000
208 209 166.000000
442 443 165.000000
542 543 165.000000
543 544 165.000000
544 545 165.000000
1001 10412 165.000000
1001 10499 165.000000
1018 10198 165.000000
1018 10706 165.000000
1045 10950 165.000000
399 421 164.000000
1018 10482 164.000000
1065 1087 164.000000
719 741 163.000000
1109 1131 163.000000
209 210 162.000000
210 211 162.000000
211 212 162.000000
212 213 162.000000
213 214 162.000000
1000 10290 161.000000
1000 10382 161.000000
1000 10859 161.000000
1022 10922 161.000000
1018 10684 160.000000
1204 1205 160.000000
1244 1266 160.000000
68 90 159.000000
259 281 159.000000
280 281 159.000000
841 842 159.000000
730 731 158.000000
731 732 158.000000
1021 10407 158.000000
1023 10419 158.000000
1138 1139 158.000000
1436 1458 158.000000
1001 10157 157.000000
1478 1500 157.000000
1069 10862 156.000000
1069 10782 155.000000
1069 10920 155.000000
1088 10971 155.000000
914 915 154.000000
1088 10935 154.000000
1199 1221 154.000000
1370 1392 154.000000
865 887 153.000000
1000 10935 153.000000
73 74 152.000000
1000 10115 152.000000
1000 10559 152.000000
1000 10646 152.000000
1067 10950 152.000000
1023 10315 151.000000
1023 10585 151.000000
1023 10646 151.000000
1023 10680 151.000000
1023 10941 151.000000
132 133 150.000000
1023 10559 150.000000
1348 1370 150.000000
1505 1506 150.000000
204 205 149.000000
1044 10719 149.000000
1000 10679 147.000000
1068 10910 147.000000
1000 10765 145.000000
1457 1479 145.000000
46 68 144.000000
258 259 144.000000
1017 10771 144.000000
1044 10604 143.000000
1067 10971 143.000000
1066 10941 142.000000
1245 1267 141.000000
471 472 140.000000
711 712 140.000000
828 829 140.000000
1039 10814 140.000000
1089 10910 140.000000
1254 1275 139.000000
1271 1272 139.000000
1272 1273 139.000000
1273 1274 139.000000
1274 1275 139.000000
1270 1271 138.000000
1223 1245 137.000000
1081 1103 136.000000
1022 10559 135.000000
1153 1175 135.000000
1044 10839 134.000000
1044 10964 134.000000
366 388 133.000000
715 737 133.000000
1045 10971 133.000000
1043 10645 132.000000
1043 10725 132.000000
1309 1331 132.000000
1021 10386 131.000000
1021 10842 131.000000
1023 10253 131.000000
1023 10393 131.000000
704 725 130.000000
720 721 130.000000
721 722 130.000000
722 723 130.000000
723 724 130.000000
724 725 130.000000
1066 10935 130.000000
1046 10824 129.000000
1067 10744 129.000000
1067 10781 129.000000
1396 1397 129.000000
202 224 128.000000
977 999 127.000000
1067 10925 127.000000
236 258 126.000000
334 356 126.000000
956 978 126.000000
1023 10490 126.000000
1023 10900 126.000000
1024 10366 126.000000
1021 10250 125.000000
1021 10640 125.000000
1022 10395 125.000000
1021 10575 124.000000
1021 10664 124.000000
1021 10718 124.000000
1021 10788 124.000000
1021 10965 124.000000
1038 10598 124.000000
1044 10567 124.000000
1158 1159 124.000000
1159 1160 124.000000
1160 1161 124.000000
1023 10567 123.000000
1047 10970 123.000000
1090 10920 122.000000
1480 1502 122.000000
1066 10719 121.000000
698 699 120.000000
699 700 120.000000
700 701 120.000000
701 702 120.000000
702 703 120.000000
1023 10390 120.000000
1089 10950 120.000000
1043 10752 119.000000
1044 10445 119.000000
559 560 118.000000
1000 10395 118.000000
1065 10951 118.000000
1066 10665 118.000000
1066 10752 118.000000
1269 1270 118.000000
30 31 117.000000
1044 10677 117.000000
114 136 116.000000
1000 10080 116.000000
1016 10562 116.000000
1047 10864 116.000000
1069 10864 116.000000
1069 10968 116.000000
957 979 115.000000
1047 10968 115.000000
1065 10775 115.000000
1065 10783 115.000000
1065 10848 115.000000
1065 10902 115.000000
1065 10921 115.000000
1320 1341 115.000000
1337 1338 115.000000
1338 1339 115.000000
1339 1340 115.000000
1340 1341 115.000000
674 675 114.000000
1023 10563 114.000000
1023 10744 114.000000
1023 10781 114.000000
1023 10925 114.000000
1068 10824 114.000000
1299 1321 114.000000
868 890 113.000000
1023 10283 113.000000
1023 10412 113.000000
1023 10499 113.000000
1069 10970 113.000000
675 676 112.000000
697 698 112.000000
418 419 111.000000
1021 10268 111.000000
1044 10744 111.000000
1255 1277 111.000000
1353 1354 111.000000
1354 1355 111.000000
1355 1356 111.000000
1356 1357 111.000000
1357 1358 111.000000
682 683 110.000000
683 684 110.000000
684 685 110.000000
685 686 110.000000
696 697 110.000000
1044 10563 110.000000
1044 10781 110.000000
1044 10925 110.000000
1305 1327 110.000000
869 891 109.000000
279 301 108.000000
418 439 108.000000
433 434 108.000000
434 435 108.000000
435 436 108.000000
436 437 108.000000
437 438 108.000000
438 439 108.000000
1021 1043 108.000000
1066 10839 108.000000
1067 10677 108.000000
1418 1440 108.000000
214 215 107.000000
398 420 107.000000
581 582 107.000000
741 742 107.000000
742 743 107.000000
743 744 107.000000
744 745 107.000000
745 746 107.000000
746 747 107.000000
1043 10703 106.000000
1108 1130 106.000000
1044 10499 105.000000
580 581 104.000000
886 908 103.000000
1038 1060 103.000000
1458 1480 103.000000
806 828 102.000000
933 955 102.000000
1067 10964 102.000000
70 92 101.000000
236 237 101.000000
594 595 101.000000
595 596 101.000000
596 597 101.000000
597 598 101.000000
598 599 101.000000
599 600 101.000000
600 601 101.000000
821 843 101.000000
1001 10892 101.000000
519 520 100.000000
1043 10969 100.000000
1065 10738 100.000000
1257 1279 100.000000
1358 1359 100.000000
1359 1360 100.000000
1360 1361 100.000000
1361 1362 100.000000
1362 1363 100.000000
1501 1523 100.000000
1122 1143 99.000000
1139 1140 99.000000
1140 1141 99.000000
1141 1142 99.000000
1142 1143 99.000000
390 412 98.000000
1122 1123 98.000000
1123 1124 98.000000
1219 1241 98.000000
1261 1283 98.000000
389 411 97.000000
539 540 97.000000
540 541 97.000000
541 542 97.000000
1000 10922 97.000000
1037 1038 97.000000
1044 1066 97.000000
668 669 96.000000
1000 1022 96.000000
1065 10808 94.000000
1065 10877 94.000000
1065 10934 94.000000
848 870 93.000000
342 364 92.000000
343 365 92.000000
836 837 92.000000
837 838 92.000000
838 839 92.000000
839 840 92.000000
840 841 92.000000
850 851 92.000000
908 930 91.000000
1022 10457 91.000000
1043 10841 91.000000
1521 1543 91.000000
341 363 90.000000
1065 10725 90.000000
1066 10694 90.000000
231 232 89.000000
1037 10531 88.000000
1300 1322 86.000000
405 427 85.000000
1173 1195 85.000000
267 289 84.000000
1047 1048 84.000000
1048 1049 84.000000
1049 1050 84.000000
1043 10816 83.000000
1088 10964 83.000000
1393 1415 83.000000
10 11 82.000000
11 12 82.000000
12 34 82.000000
183 184 82.000000
184 185 82.000000
185 186 82.000000
186 187 82.000000
187 188 82.000000
188 189 82.000000
189 190 82.000000
190 191 82.000000
191 192 82.000000
440 461 82.000000
455 456 82.000000
456 457 82.000000
457 458 82.000000
458 459 82.000000
459 460 82.000000
460 461 82.000000
179 201 81.000000
628 650 80.000000
1021 10568 80.000000
1022 10745 80.000000
1188 1209 80.000000
1205 1206 80.000000
1206 1207 80.000000
1207 1208 80.000000
1208 1209 80.000000
384 406 79.000000
616 638 79.000000
1021 10565 79.000000
1043 10777 79.000000
1352 1374 79.000000
1520 1521 79.000000
340 362 78.000000
1022 10933 78.000000
1168 1190 78.000000
232 233 77.000000
233 234 77.000000
234 235 77.000000
235 236 77.000000
419 420 77.000000
464 465 77.000000
465 466 77.000000
466 467 77.000000
467 468 77.000000
468 469 77.000000
469 470 77.000000
506 507 77.000000
507 508 77.000000
508 509 77.000000
509 510 77.000000
510 511 77.000000
511 512 77.000000
512 513 77.000000
513 514 77.000000
704 705 77.000000
705 706 77.000000
706 707 77.000000
707 708 77.000000
1022 10245 77.000000
1044 10859 77.000000
1175 1197 77.000000
1188 1189 77.000000
440 441 76.000000
441 442 76.000000
1022 10679 76.000000
1045 10900 76.000000
237 259 75.000000
1045 10490 75.000000
1066 10922 75.000000
752 753 74.000000
753 754 74.000000
1022 10493 74.000000
1375 1376 74.000000
1376 1377 74.000000
1377 1378 74.000000
1378 1379 74.000000
1379 1380 74.000000
625 626 73.000000
1022 10694 73.000000
1043 10811 73.000000
1043 10955 73.000000
299 321 72.000000
708 709 72.000000
709 710 72.000000
1043 1065 72.000000
1061 10814 72.000000
1067 10900 72.000000
1329 1351 72.000000
560 561 71.000000
561 562 71.000000
562 563 71.000000
647 648 71.000000
648 649 71.000000
649 650 71.000000
1021 10831 71.000000
1043 10810 71.000000
1086 10965 71.000000
1117 1139 71.000000
48 70 70.000000
1001 1023 70.000000
1043 10946 70.000000
1043 10949 70.000000
1132 1154 70.000000
1000 10015 69.000000
1025 1026 69.000000
1026 1027 69.000000
1027 1028 69.000000
1028 1050 69.000000
1022 10659 68.000000
1022 10681 68.000000
1022 10719 68.000000
1130 1152 68.000000
1166 1167 68.000000
1304 1326 68.000000
1322 1344 68.000000
28 50 67.000000
629 630 67.000000
1001 10092 67.000000
1043 10679 67.000000
1166 1187 67.000000
1183 1184 67.000000
1184 1185 67.000000
1185 1186 67.000000
1186 1187 67.000000
1067 10698 66.000000
1067 10758 66.000000
1088 10925 66.000000
1131 1153 66.000000
1169 1191 66.000000
324 346 65.000000
1022 10384 65.000000
1023 10928 65.000000
1217 1239 65.000000
69 91 64.000000
462 463 64.000000
645 646 64.000000
825 847 64.000000
847 869 64.000000
1044 10469 63.000000
1067 10713 63.000000
1302 1324 63.000000
1314 1315 63.000000
1315 1316 63.000000
1316 1317 63.000000
1317 1318 63.000000
1318 1319 63.000000
192 214 62.000000
462 483 61.000000
477 478 61.000000
478 479 61.000000
479 480 61.000000
480 481 61.000000
481 482 61.000000
482 483 61.000000
602 603 61.000000
646 647 61.000000
1022 10839 61.000000
1277 1299 61.000000
133 155 60.000000
1100 1101 60.000000
1100 1121 60.000000
1101 1102 60.000000
1117 1118 60.000000
1118 1119 60.000000
1119 1120 60.000000
1120 1121 60.000000
1197 1219 60.000000
1332 1333 60.000000
1333 1334 60.000000
1334 1335 60.000000
1335 1336 60.000000
1336 1337 60.000000
1375 1397 60.000000
298 320 59.000000
499 500 59.000000
500 501 59.000000
1414 1436 59.000000
161 183 58.000000
215 237 58.000000
368 390 58.000000
1023 10935 58.000000
651 652 57.000000
652 653 57.000000
653 654 57.000000
1044 10922 57.000000
476 477 56.000000
764 765 56.000000
765 766 56.000000
766 767 56.000000
767 768 56.000000
768 769 56.000000
952 974 55.000000
1065 10777 55.000000
1065 10810 55.000000
1065 10816 55.000000
1065 10841 55.000000
1088 1110 55.000000
1102 1103 55.000000
1266 1288 55.000000
695 717 54.000000
1134 1156 54.000000
1167 1168 54.000000
117 118 53.000000
1044 10544 53.000000
1065 10703 53.000000
1065 10969 53.000000
1024 10672 52.000000
1044 10646 52.000000
1278 1300 52.000000
1281 1303 52.000000
630 631 51.000000
631 632 51.000000
632 633 51.000000
688 689 51.000000
737 759 51.000000
1022 10280 51.000000
1022 10399 51.000000
1198 1220 51.000000
470 471 50.000000
819 820 50.000000
1090 1091 50.000000
1182 1183 50.000000
118 119 49.000000
119 120 49.000000
120 121 49.000000
318 340 49.000000
1021 10955 49.000000
1545 1567 49.000000
248 270 48.000000
433 455 48.000000
638 639 48.000000
639 640 48.000000
640 641 48.000000
641 642 48.000000
642 643 48.000000
643 644 48.000000
644 645 48.000000
690 691 48.000000
1021 10369 48.000000
1021 10522 48.000000
1090 10940 48.000000
277 299 47.000000
689 690 47.000000
1023 10544 47.000000
1189 1190 47.000000
1241 1263 47.000000
292 314 46.000000
1018 10833 46.000000
1044 10935 46.000000
1092 1114 46.000000
1549 1550 46.000000
2 24 45.000000
651 673 45.000000
759 781 45.000000
1018 10792 45.000000
1018 11000 45.000000
1044 10585 45.000000
1044 10680 45.000000
1144 1145 45.000000
1144 1165 45.000000
1145 1146 45.000000
1161 1162 45.000000
1162 1163 45.000000
1163 1164 45.000000
1164 1165 45.000000
748 769 44.000000
763 764 44.000000
1018 10394 44.000000
1089 10938 44.000000
428 450 43.000000
484 505 43.000000
501 502 43.000000
502 503 43.000000
503 504 43.000000
504 505 43.000000
572 594 43.000000
739 761 43.000000
762 784 43.000000
1000 10457 43.000000
1021 10299 43.000000
1022 10254 43.000000
1034 1035 43.000000
1034 1055 43.000000
1035 1036 43.000000
1036 1037 43.000000
1050 1051 43.000000
1051 1052 43.000000
1052 1053 43.000000
1053 1054 43.000000
1054 1055 43.000000
383 405 42.000000
894 895 42.000000
895 896 42.000000
896 897 42.000000
897 898 42.000000
898 899 42.000000
899 900 42.000000
900 901 42.000000
1021 10903 42.000000
242 264 41.000000
432 454 41.000000
476 498 41.000000
484 506 41.000000
1044 10559 41.000000
1065 10745 41.000000
1176 1198 41.000000
254 276 40.000000
498 499 40.000000
676 698 40.000000
1016 10370 40.000000
1016 10773 40.000000
1017 10440 40.000000
1044 10941 40.000000
1248 1249 40.000000
1522 1544 40.000000
710 732 39.000000
1000 10141 39.000000
1043 10721 39.000000
1064 1086 39.000000
27 49 38.000000
192 193 38.000000
1016 10599 38.000000
1016 10648 38.000000
1016 10962 38.000000
1017 10636 38.000000
1024 10423 38.000000
361 383 37.000000
1001 10266 37.000000
1001 10365 37.000000
1001 10805 37.000000
1016 10570 37.000000
1016 10688 37.000000
1016 10854 37.000000
1039 10833 37.000000
758 780 36.000000
863 885 36.000000
1000 10245 36.000000
1000 10719 36.000000
1000 10933 36.000000
1016 10261 36.000000
1016 10422 36.000000
1017 10741 36.000000
1018 10525 36.000000
1018 10538 36.000000
1018 10897 36.000000
1065 10946 36.000000
1232 1253 36.000000
1249 1250 36.000000
1250 1251 36.000000
1251 1252 36.000000
1252 1253 36.000000
176 197 35.000000
193 194 35.000000
194 195 35.000000
195 196 35.000000
196 197 35.000000
245 267 35.000000
514 515 35.000000
660 661 35.000000
682 703 35.000000
792 793 35.000000
792 813 35.000000
793 794 35.000000
794 795 35.000000
795 796 35.000000
796 797 35.000000
807 808 35.000000
808 809 35.000000
809 810 35.000000
810 811 35.000000
811 812 35.000000
812 813 35.000000
1043 10493 35.000000
1542 1543 35.000000
1543 1565 35.000000
797 798 34.000000
1016 10548 34.000000
1021 10357 34.000000
1042 10565 34.000000
1151 1173 34.000000
1195 1217 34.000000
410 432 33.000000
710 711 33.000000
864 886 33.000000
1000 10839 33.000000
1016 10214 33.000000
1016 10507 33.000000
1016 10549 33.000000
1016 10768 33.000000
1016 10945 33.000000
1043 10694 33.000000
1133 1155 33.000000
310 332 32.000000
330 352 32.000000
362 384 32.000000
515 516 32.000000
667 668 32.000000
802 824 32.000000
807 829 32.000000
1342 1364 32.000000
1065 10811 31.000000
1065 10949 31.000000
1065 10955 31.000000
1189 1211 30.000000
1262 1284 30.000000
777 799 29.000000
1017 10297 29.000000
1017 10791 29.000000
1017 10807 29.000000
1086 1108 29.000000
1091 1092 29.000000
1263 1285 29.000000
296 318 28.000000
616 637 28.000000
633 634 28.000000
634 635 28.000000
635 636 28.000000
636 637 28.000000
871 893 28.000000
1060 1082 28.000000
1210 1211 28.000000
1210 1231 28.000000
1226 1227 28.000000
1227 1228 28.000000
1228 1229 28.000000
1229 1230 28.000000
1230 1231 28.000000
1276 1298 28.000000
1321 1343 28.000000
258 280 27.000000
601 602 27.000000
650 651 27.000000
770 792 27.000000
1070 1092 27.000000
300 322 26.000000
345 367 26.000000
538 539 26.000000
1213 1235 26.000000
139 140 25.000000
193 215 25.000000
198 220 25.000000
748 749 25.000000
749 750 25.000000
750 751 25.000000
751 752 25.000000
880 881 25.000000
880 901 25.000000
881 882 25.000000
882 883 25.000000
883 884 25.000000
884 885 25.000000
1024 10287 25.000000
1024 10462 25.000000
1024 10698 25.000000
1024 10758 25.000000
1089 1111 25.000000
1091 1113 25.000000
1477 1499 25.000000
611 612 24.000000
612 613 24.000000
613 614 24.000000
614 615 24.000000
913 935 24.000000
1021 10256 24.000000
1021 10738 24.000000
1021 10808 24.000000
1021 10877 24.000000
1021 10934 24.000000
1021 10951 24.000000
1037 10562 24.000000
1221 1243 24.000000
297 319 23.000000
567 568 23.000000
568 569 23.000000
569 570 23.000000
570 571 23.000000
1017 10274 23.000000
1021 10225 23.000000
1021 10298 23.000000
1021 10380 23.000000
1021 10484 23.000000
1000 10138 22.000000
1021 10450 22.000000
1021 10476 22.000000
1021 10505 22.000000
1021 10506 22.000000
1021 10645 22.000000
1021 10775 22.000000
1021 10783 22.000000
1021 10848 22.000000
1021 10902 22.000000
1021 10921 22.000000
611 633 21.000000
748 770 21.000000
799 821 21.000000
842 864 21.000000
1017 10405 21.000000
1039 10394 21.000000
1232 1233 21.000000
149 171 20.000000
732 754 20.000000
1039 10792 20.000000
1039 11000 20.000000
1069 1091 20.000000
1265 1287 20.000000
1419 1420 20.000000
1420 1421 20.000000
1421 1422 20.000000
1422 1423 20.000000
1423 1424 20.000000
1424 1425 20.000000
1425 1426 20.000000
1426 1427 20.000000
1427 1428 20.000000
1428 1429 20.000000
1523 1545 20.000000
223 245 19.000000
100 10594 18.000000
132 153 18.000000
149 150 18.000000
150 151 18.000000
151 152 18.000000
152 153 18.000000
332 354 18.000000
344 366 18.000000
741 763 18.000000
820 842 18.000000
1087 10922 18.000000
1177 1199 18.000000
1307 1329 18.000000
486 487 17.000000
487 488 17.000000
488 489 17.000000
489 490 17.000000
490 491 17.000000
491 492 17.000000
492 493 17.000000
607 608 17.000000
608 609 17.000000
609 610 17.000000
654 655 17.000000
655 656 17.000000
656 657 17.000000
657 658 17.000000
658 659 17.000000
849 871 17.000000
1042 10703 17.000000
1183 1205 17.000000
1232 1254 17.000000
116 138 16.000000
501 523 16.000000
523 545 16.000000
630 652 16.000000
652 674 16.000000
929 951 16.000000
1103 1125 16.000000
96 97 15.000000
97 98 15.000000
98 99 15.000000
1038 10405 15.000000
1065 10721 15.000000
1172 1194 15.000000
1254 1276 15.000000
45 46 14.000000
603 604 14.000000
604 605 14.000000
605 606 14.000000
606 607 14.000000
829 830 14.000000
830 831 14.000000
831 832 14.000000
832 833 14.000000
833 834 14.000000
834 835 14.000000
1065 10659 14.000000
1065 10681 14.000000
1282 1304 14.000000
1547 1569 14.000000
44 66 13.000000
374 396 13.000000
506 527 13.000000
520 521 13.000000
521 522 13.000000
522 523 13.000000
523 524 13.000000
524 525 13.000000
525 526 13.000000
526 527 13.000000
783 805 13.000000
1001 10928 13.000000
1021 10603 13.000000
1021 10703 13.000000
1021 10725 13.000000
1021 10816 13.000000
1021 10841 13.000000
1021 10969 13.000000
1078 1079 13.000000
1079 1080 13.000000
1080 1081 13.000000
1086 10877 13.000000
1086 10883 13.000000
1086 10949 13.000000
1086 10955 13.000000
1174 1196 13.000000
1178 1200 13.000000
1364 1385 13.000000
1413 1435 13.000000
232 254 12.000000
257 279 12.000000
607 629 12.000000
638 659 12.000000
1064 10640 12.000000
1064 10664 12.000000
1064 10718 12.000000
1064 10788 12.000000
1064 10842 12.000000
1064 10965 12.000000
1078 1099 12.000000
1095 1096 12.000000
1095 1117 12.000000
1096 1097 12.000000
1097 1098 12.000000
1098 1099 12.000000
1238 1260 12.000000
44 45 11.000000
88 89 11.000000
252 274 11.000000
550 551 11.000000
551 552 11.000000
552 553 11.000000
553 554 11.000000
554 555 11.000000
555 556 11.000000
556 557 11.000000
557 558 11.000000
784 806 11.000000
1017 10425 11.000000
1021 10331 11.000000
1021 10777 11.000000
1021 10810 11.000000
1021 10946 11.000000
1021 10949 11.000000
1045 10672 11.000000
1499 1521 11.000000
698 720 10.000000
733 755 10.000000
824 846 10.000000
1017 10814 10.000000
1043 10825 10.000000
1086 10946 10.000000
1090 10956 10.000000
1092 1093 10.000000
1093 1094 10.000000
117 139 9.000000
376 398 9.000000
463 464 9.000000
585 607 9.000000
914 936 9.000000
1135 1157 9.000000
1179 1201 9.000000
1544 1566 9.000000
311 333 8.000000
664 686 8.000000
1020 1042 8.000000
1042 1064 8.000000
1094 1095 8.000000
1233 1255 8.000000
1326 1348 8.000000
1368 1390 8.000000
1462 1484 8.000000
1524 1546 8.000000
161 162 7.000000
162 163 7.000000
163 164 7.000000
164 165 7.000000
165 166 7.000000
166 167 7.000000
167 168 7.000000
168 169 7.000000
169 170 7.000000
170 171 7.000000
462 484 7.000000
484 485 7.000000
485 486 7.000000
594 616 7.000000
660 681 7.000000
676 677 7.000000
677 678 7.000000
678 679 7.000000
679 680 7.000000
680 681 7.000000
778 800 7.000000
1042 10951 7.000000
1042 10969 7.000000
1060 10878 7.000000
1086 10934 7.000000
1502 1524 7.000000
205 227 6.000000
472 494 6.000000
754 776 6.000000
827 849 6.000000
1072 1073 6.000000
1073 1095 6.000000
1086 10902 6.000000
1086 10921 6.000000
1086 10951 6.000000
1086 10969 6.000000
1380 1381 6.000000
1381 1382 6.000000
1382 1383 6.000000
1383 1384 6.000000
1384 1385 6.000000
1397 1398 6.000000
1398 1399 6.000000
1399 1400 6.000000
1400 1401 6.000000
1401 1402 6.000000
1402 1403 6.000000
1403 1404 6.000000
1404 1405 6.000000
1405 1406 6.000000
1406 1407 6.000000
1525 1547 6.000000
1527 1528 6.000000
1546 1568 6.000000
47 69 5.000000
74 75 5.000000
75 76 5.000000
76 77 5.000000
77 78 5.000000
528 550 5.000000
528 549 5.000000
545 546 5.000000
546 547 5.000000
547 548 5.000000
548 549 5.000000
550 572 5.000000
841 863 5.000000
872 873 5.000000
873 874 5.000000
874 875 5.000000
875 876 5.000000
876 877 5.000000
877 878 5.000000
878 879 5.000000
1016 10460 5.000000
1016 10598 5.000000
1042 10450 5.000000
1042 10476 5.000000
1042 10484 5.000000
1042 10505 5.000000
1042 10506 5.000000
1042 10775 5.000000
1042 10783 5.000000
1042 10831 5.000000
1042 10848 5.000000
1042 10902 5.000000
1042 10921 5.000000
1102 1124 5.000000
1233 1234 5.000000
1271 1293 5.000000
1320 1342 5.000000
209 231 4.000000
418 440 4.000000
440 462 4.000000
451 473 4.000000
638 660 4.000000
697 719 4.000000
1045 10462 4.000000
1045 10698 4.000000
1045 10758 4.000000
1046 1068 4.000000
1136 1158 4.000000
1180 1202 4.000000
1249 1271 4.000000
45 67 3.000000
100 101 3.000000
101 102 3.000000
102 103 3.000000
103 104 3.000000
157 179 3.000000
286 308 3.000000
302 324 3.000000
312 334 3.000000
322 344 3.000000
610 611 3.000000
696 718 3.000000
770 771 3.000000
770 791 3.000000
771 772 3.000000
772 773 3.000000
773 774 3.000000
774 775 3.000000
785 786 3.000000
786 787 3.000000
787 788 3.000000
788 789 3.000000
789 790 3.000000
790 791 3.000000
803 825 3.000000
826 848 3.000000
980 981 3.000000
1003 1025 3.000000
1039 10482 3.000000
1039 10525 3.000000
1039 10538 3.000000
1039 10706 3.000000
1039 10897 3.000000
1124 1146 3.000000
1239 1261 3.000000
1308 1330 3.000000
22 23 2.000000
22 44 2.000000
104 126 2.000000
126 148 2.000000
135 157 2.000000
148 170 2.000000
170 192 2.000000
301 323 2.000000
647 669 2.000000
675 697 2.000000
740 762 2.000000
775 776 2.000000
804 826 2.000000
805 827 2.000000
828 850 2.000000
950 972 2.000000
972 994 2.000000
1043 10659 2.000000
1043 10681 2.000000
1043 10745 2.000000
1090 1112 2.000000
1147 1169 2.000000
1150 1172 2.000000
1188 1210 2.000000
1210 1232 2.000000
1570 1571 2.000000
66 87 1.000000
73 95 1.000000
78 79 1.000000
79 80 1.000000
80 81 1.000000
81 82 1.000000
82 83 1.000000
83 84 1.000000
84 85 1.000000
85 86 1.000000
86 87 1.000000
104 105 1.000000
105 127 1.000000
127 149 1.000000
140 141 1.000000
141 142 1.000000
142 143 1.000000
143 144 1.000000
144 145 1.000000
145 146 1.000000
146 147 1.000000
147 148 1.000000
148 149 1.000000
396 418 1.000000
538 560 1.000000
563 564 1.000000
564 565 1.000000
565 566 1.000000
566 567 1.000000
616 617 1.000000
617 618 1.000000
618 619 1.000000
619 620 1.000000
620 621 1.000000
621 622 1.000000
622 623 1.000000
623 624 1.000000
690 712 1.000000
797 819 1.000000
845 867 1.000000
867 889 1.000000
872 894 1.000000
885 907 1.000000
1037 10430 1.000000
1037 10444 1.000000
1037 10589 1.000000
1037 10599 1.000000
1037 10648 1.000000
1037 10768 1.000000
1038 10741 1.000000
1038 10757 1.000000
1042 10568 1.000000
1042 10575 1.000000
1042 10640 1.000000
1042 10664 1.000000
1042 10718 1.000000
1042 10788 1.000000
1042 10842 1.000000
1042 10965 1.000000
1069 10774 1.000000
1069 10865 1.000000
1069 10956 1.000000
1078 1100 1.000000
1087 1109 1.000000
1100 1122 1.000000
1166 1188 1.000000
1327 1349 1.000000
1408 1429 1.000000
1454 1476 1.000000
1476 1498 1.000000
1481 1503 1.000000
1498 1520 1.000000
1520 1542 1.000000
