278 279 18893.000000
279 280 18893.000000
280 281 18893.000000
281 282 18423.000000
1074 1075 14472.000000
277 278 14442.000000
1293 1294 11992.000000
1292 1293 11911.000000
282 283 11517.000000
1073 1074 11494.000000
299 300 11297.000000
300 301 11297.000000
301 302 11297.000000
302 303 11297.000000
1250 1251 11221.000000
1206 1207 10940.000000
1271 1272 10310.000000
1294 1295 10064.000000
1249 1250 9924.000000
1118 1119 9783.000000
13 14 9701.000000
1248 1249 9514.000000
283 284 8909.000000
1291 1292 8706.000000
1330 1331 8509.000000
1119 1120 8379.000000
1205 1206 8284.000000
12 13 8252.000000
1315 1316 8232.000000
1337 1338 7863.000000
1072 1073 7727.000000
1117 1118 7704.000000
1075 1076 7619.000000
1288 1289 7578.000000
916 917 7512.000000
917 918 7512.000000
1336 1337 7415.000000
1332 1333 7408.000000
1290 1291 7406.000000
982 983 7351.000000
983 984 7351.000000
1204 1205 7212.000000
1333 1334 7170.000000
1030 1031 7102.000000
101 102 7077.000000
1331 1332 7059.000000
1270 1271 7056.000000
1335 1336 7025.000000
256 257 7011.000000
257 258 7011.000000
258 259 7011.000000
259 260 7011.000000
1289 1290 7009.000000
1286 1287 6999.000000
1287 1288 6999.000000
938 939 6988.000000
939 940 6988.000000
940 941 6988.000000
298 299 6882.000000
1227 1228 6877.000000
1247 1248 6770.000000
1441 1442 6714.000000
1329 1330 6698.000000
1313 1314 6688.000000
1463 1464 6666.000000
1464 1465 6666.000000
1031 1032 6652.000000
985 986 6644.000000
1095 1096 6602.000000
1052 1053 6497.000000
322 323 6441.000000
323 324 6441.000000
324 325 6441.000000
166 167 6410.000000
1226 1227 6397.000000
1334 1335 6328.000000
1207 1208 6293.000000
1228 1229 6291.000000
895 896 6178.000000
896 897 6178.000000
1442 1443 6165.000000
1314 1315 6141.000000
1443 1444 6120.000000
984 985 6076.000000
188 189 5988.000000
1269 1270 5924.000000
144 145 5897.000000
303 304 5863.000000
894 895 5846.000000
1116 1117 5829.000000
11 12 5788.000000
1051 1052 5783.000000
325 326 5779.000000
1203 1204 5732.000000
255 256 5713.000000
981 982 5692.000000
122 123 5668.000000
10 11 5655.000000
1312 1313 5561.000000
14 15 5558.000000
1029 1030 5533.000000
1096 1097 5389.000000
304 305 5369.000000
915 916 5353.000000
1139 1140 5344.000000
1268 1269 5329.000000
986 987 5325.000000
326 327 5088.000000
1419 1420 5083.000000
1420 1421 5083.000000
1465 1466 5030.000000
1285 1286 4977.000000
1272 1273 4934.000000
914 915 4917.000000
234 235 4793.000000
235 236 4793.000000
236 237 4793.000000
237 238 4785.000000
1444 1445 4756.000000
1421 1422 4754.000000
365 366 4707.000000
366 367 4707.000000
367 368 4707.000000
368 369 4707.000000
1050 1051 4634.000000
34 35 4625.000000
165 166 4609.000000
238 239 4604.000000
1120 1121 4537.000000
893 894 4488.000000
1267 1268 4477.000000
232 233 4444.000000
941 942 4395.000000
1094 1095 4368.000000
369 370 4333.000000
233 234 4332.000000
1137 1138 4280.000000
942 943 4274.000000
1138 1139 4266.000000
1445 1446 4225.000000
327 328 4174.000000
145 146 4160.000000
937 938 4104.000000
1422 1423 4097.000000
1140 1141 4093.000000
391 392 4088.000000
1266 1267 4069.000000
254 255 4053.000000
33 34 4043.000000
1264 1265 3973.000000
1265 1266 3973.000000
413 414 3960.000000
1423 1424 3944.000000
1380 1381 3937.000000
1381 1382 3910.000000
321 322 3904.000000
1424 1425 3875.000000
1379 1380 3867.000000
1354 1355 3807.000000
849 850 3727.000000
918 919 3718.000000
898 899 3707.000000
1308 1309 3652.000000
1353 1354 3621.000000
1311 1312 3529.000000
1161 1162 3494.000000
1357 1358 3487.000000
980 981 3473.000000
1007 1008 3473.000000
370 371 3457.000000
1089 1090 3428.000000
1090 1091 3428.000000
1091 1092 3428.000000
1092 1093 3428.000000
1309 1310 3417.000000
1358 1359 3344.000000
328 329 3339.000000
1225 1226 3334.000000
1356 1357 3230.000000
872 873 3226.000000
873 874 3226.000000
874 875 3226.000000
1030 10487 3221.000000
1310 1311 3216.000000
1141 1142 3173.000000
210 211 3155.000000
897 898 3144.000000
1162 1163 3136.000000
1466 1467 3130.000000
343 344 3125.000000
344 345 3125.000000
345 346 3125.000000
346 347 3125.000000
189 211 3119.000000
297 298 3092.000000
392 393 3087.000000
276 277 3067.000000
1112 1113 3064.000000
1113 1114 3064.000000
1114 1115 3064.000000
55 56 3008.000000
340 341 2990.000000
1397 1398 2989.000000
1402 1403 2938.000000
1446 1447 2931.000000
167 168 2920.000000
100 101 2906.000000
1467 1468 2885.000000
1355 1356 2842.000000
102 103 2834.000000
342 343 2832.000000
1401 1402 2808.000000
1053 1054 2788.000000
32 33 2777.000000
1468 1469 2758.000000
919 920 2756.000000
478 479 2755.000000
1076 1077 2748.000000
284 285 2718.000000
1359 1360 2710.000000
320 321 2701.000000
767 768 2694.000000
187 188 2692.000000
959 960 2683.000000
960 961 2683.000000
961 962 2683.000000
1246 1247 2681.000000
1006 1007 2678.000000
1531 1532 2672.000000
1398 1399 2668.000000
189 190 2657.000000
680 681 2649.000000
1307 1308 2633.000000
75 76 2614.000000
987 988 2595.000000
963 964 2583.000000
35 36 2575.000000
15 16 2553.000000
1208 1209 2553.000000
1378 1379 2545.000000
899 900 2525.000000
1008 1009 2497.000000
701 702 2496.000000
371 372 2491.000000
393 394 2476.000000
54 55 2475.000000
1400 1401 2444.000000
851 852 2440.000000
852 853 2440.000000
232 254 2429.000000
1100 1121 2415.000000
347 348 2414.000000
121 122 2409.000000
260 261 2404.000000
1133 1134 2392.000000
1134 1135 2392.000000
1135 1136 2392.000000
1136 1137 2392.000000
1111 1112 2389.000000
119 120 2355.000000
120 121 2355.000000
1399 1400 2349.000000
1160 1161 2308.000000
1207 1229 2289.000000
305 306 2253.000000
1553 1554 2232.000000
1028 1029 2217.000000
145 167 2205.000000
850 851 2203.000000
1046 1047 2199.000000
1047 1048 2199.000000
1048 1049 2199.000000
414 415 2187.000000
264 285 2178.000000
102 10302 2159.000000
101 123 2152.000000
1075 1097 2113.000000
698 699 2109.000000
699 700 2109.000000
700 701 2109.000000
372 373 2108.000000
36 37 2081.000000
1251 1252 2080.000000
1263 1264 2080.000000
296 297 2067.000000
745 746 2061.000000
56 57 2048.000000
1068 1069 2043.000000
1069 1070 2043.000000
1070 1071 2043.000000
209 210 2038.000000
1093 1094 2023.000000
1529 1530 2023.000000
1071 1072 2018.000000
853 854 1995.000000
1184 1185 1993.000000
677 678 1989.000000
678 679 1989.000000
1025 1026 1985.000000
1026 1027 1985.000000
1027 1028 1985.000000
1181 1182 1982.000000
1142 1143 1976.000000
744 745 1968.000000
1009 1010 1966.000000
829 830 1963.000000
830 831 1963.000000
679 680 1957.000000
1530 1531 1957.000000
936 937 1945.000000
1003 1004 1943.000000
1004 1005 1943.000000
1005 1006 1943.000000
341 342 1941.000000
1376 1377 1938.000000
1163 1164 1924.000000
118 119 1923.000000
1120 1142 1905.000000
764 765 1902.000000
765 766 1902.000000
920 921 1889.000000
76 77 1885.000000
479 480 1882.000000
811 812 1864.000000
1032 1033 1850.000000
1098 1099 1844.000000
1552 1553 1821.000000
284 306 1820.000000
1487 1488 1818.000000
704 725 1816.000000
319 320 1811.000000
1115 1116 1795.000000
306 307 1775.000000
964 965 1769.000000
1049 1050 1758.000000
1182 1183 1755.000000
1220 1221 1743.000000
1221 1222 1743.000000
1222 1223 1743.000000
1097 1098 1732.000000
98 99 1726.000000
1532 1533 1718.000000
1008 10190 1716.000000
1377 1378 1713.000000
348 349 1704.000000
958 959 1695.000000
211 212 1691.000000
855 856 1682.000000
766 767 1664.000000
141 142 1656.000000
142 143 1656.000000
828 829 1656.000000
1528 1529 1649.000000
1338 1339 1647.000000
1229 1230 1646.000000
74 75 1641.000000
807 808 1638.000000
808 809 1638.000000
809 810 1638.000000
1425 1426 1606.000000
812 813 1604.000000
1242 1243 1603.000000
1243 1244 1603.000000
1244 1245 1599.000000
415 416 1592.000000
77 78 1579.000000
1373 1374 1571.000000
1374 1375 1571.000000
123 124 1565.000000
1224 1225 1560.000000
1485 1486 1560.000000
1306 1307 1556.000000
1351 1352 1550.000000
1352 1353 1550.000000
1245 1246 1549.000000
13 35 1543.000000
31 32 1541.000000
414 436 1541.000000
1045 1046 1538.000000
1223 1224 1519.000000
308 329 1512.000000
1375 1376 1510.000000
102 10345 1503.000000
264 265 1498.000000
724 725 1492.000000
78 79 1486.000000
1183 1184 1486.000000
352 373 1474.000000
871 872 1466.000000
308 309 1449.000000
1219 1220 1445.000000
1056 1077 1444.000000
1551 1552 1428.000000
340 362 1427.000000
943 944 1410.000000
1328 1329 1409.000000
275 276 1404.000000
962 963 1378.000000
1077 1099 1377.000000
1250 1272 1365.000000
768 769 1359.000000
362 363 1354.000000
702 703 1354.000000
143 144 1351.000000
261 262 1336.000000
1031 1053 1325.000000
1486 1487 1312.000000
875 876 1304.000000
352 353 1295.000000
53 54 1287.000000
56 78 1287.000000
854 855 1281.000000
1251 1273 1281.000000
1029 10380 1274.000000
349 350 1271.000000
1284 1285 1257.000000
1488 1489 1244.000000
810 811 1236.000000
1072 10831 1236.000000
1002 1003 1229.000000
140 141 1227.000000
1489 1490 1225.000000
1273 1274 1209.000000
748 769 1195.000000
681 703 1190.000000
1550 1551 1183.000000
1241 1242 1177.000000
806 807 1169.000000
97 98 1158.000000
286 307 1154.000000
10 10230 1152.000000
1176 1177 1132.000000
1177 1178 1132.000000
1178 1179 1132.000000
1179 1180 1132.000000
1024 1025 1130.000000
363 364 1125.000000
720 721 1124.000000
721 722 1124.000000
1164 1165 1115.000000
723 724 1110.000000
436 437 1104.000000
211 233 1103.000000
330 351 1089.000000
1509 1510 1077.000000
242 243 1071.000000
385 386 1064.000000
102 124 1059.000000
1508 1509 1054.000000
722 723 1047.000000
522 523 1045.000000
856 857 1037.000000
396 417 1035.000000
416 417 1035.000000
719 720 1032.000000
1180 1181 1028.000000
1507 1508 1014.000000
1155 1156 1012.000000
1156 1157 1012.000000
1157 1158 1012.000000
943 965 1006.000000
210 232 1004.000000
364 365 1002.000000
1007 10270 1002.000000
1067 1068 999.000000
262 263 997.000000
242 263 994.000000
877 878 994.000000
876 877 992.000000
146 168 990.000000
328 350 988.000000
239 240 983.000000
1186 1187 966.000000
1350 1351 961.000000
1232 1253 960.000000
190 191 958.000000
370 392 944.000000
253 254 940.000000
718 719 940.000000
1032 1054 939.000000
57 58 930.000000
1175 1176 930.000000
1185 1186 924.000000
283 305 923.000000
660 681 922.000000
833 834 921.000000
233 255 917.000000
832 833 917.000000
231 232 915.000000
633 634 907.000000
634 635 907.000000
635 636 907.000000
286 287 901.000000
1007 10330 898.000000
79 80 890.000000
1232 1233 882.000000
282 304 879.000000
1252 1253 874.000000
310 311 864.000000
311 312 864.000000
312 313 864.000000
313 314 864.000000
314 315 864.000000
315 316 864.000000
316 317 864.000000
317 318 864.000000
834 835 863.000000
435 436 851.000000
827 828 847.000000
850 872 847.000000
460 461 845.000000
1294 1316 845.000000
1262 1263 839.000000
144 166 836.000000
1144 1165 823.000000
1415 1416 816.000000
1416 1417 816.000000
1417 1418 816.000000
1418 1419 816.000000
12 34 804.000000
384 385 801.000000
638 659 791.000000
741 742 788.000000
742 743 788.000000
743 744 788.000000
704 705 781.000000
330 331 774.000000
394 395 768.000000
1159 1160 766.000000
942 964 762.000000
1510 1511 762.000000
350 351 761.000000
440 461 757.000000
459 460 757.000000
265 266 756.000000
200 201 754.000000
201 202 754.000000
202 203 754.000000
203 204 754.000000
204 205 754.000000
205 206 754.000000
206 207 754.000000
207 208 754.000000
371 393 753.000000
480 481 751.000000
1372 1373 750.000000
325 347 745.000000
1078 1099 745.000000
309 331 744.000000
763 764 743.000000
740 741 742.000000
318 319 737.000000
636 637 732.000000
1030 10446 725.000000
638 639 724.000000
1331 1353 716.000000
789 790 713.000000
10 10228 709.000000
58 59 705.000000
831 832 704.000000
746 747 700.000000
103 10767 698.000000
1441 1463 695.000000
188 210 693.000000
788 789 692.000000
1466 1488 681.000000
10 10872 679.000000
179 180 677.000000
180 181 677.000000
181 182 677.000000
182 183 677.000000
1050 10509 674.000000
386 387 663.000000
387 388 663.000000
388 389 663.000000
389 390 663.000000
374 395 660.000000
1010 10489 657.000000
1338 1360 655.000000
654 655 644.000000
655 656 644.000000
656 657 644.000000
146 147 640.000000
1088 1089 639.000000
784 785 638.000000
1119 1141 635.000000
1295 1296 635.000000
783 784 633.000000
1052 10938 633.000000
658 659 632.000000
10 10408 624.000000
10 10742 624.000000
407 408 623.000000
408 409 623.000000
409 410 623.000000
410 411 623.000000
411 412 623.000000
412 413 623.000000
1163 1185 623.000000
437 438 619.000000
244 245 609.000000
245 246 609.000000
246 247 609.000000
247 248 609.000000
248 249 609.000000
249 250 609.000000
250 251 609.000000
251 252 609.000000
252 253 609.000000
805 806 608.000000
183 184 603.000000
184 185 603.000000
185 186 603.000000
186 187 603.000000
239 261 601.000000
157 158 599.000000
158 159 599.000000
159 160 599.000000
160 161 599.000000
1554 1555 594.000000
1158 1159 593.000000
657 658 589.000000
616 637 587.000000
958 980 577.000000
792 813 576.000000
785 786 575.000000
786 787 575.000000
787 788 575.000000
870 871 574.000000
240 241 572.000000
438 439 571.000000
220 241 570.000000
1008 10796 569.000000
1240 1241 561.000000
544 545 555.000000
898 920 553.000000
277 299 550.000000
96 97 549.000000
309 310 549.000000
326 348 546.000000
285 307 545.000000
1046 10898 545.000000
1511 1512 538.000000
1234 1235 534.000000
1465 1487 534.000000
1573 1574 534.000000
135 136 533.000000
136 137 533.000000
137 138 533.000000
138 139 533.000000
458 459 531.000000
161 162 530.000000
1154 1155 530.000000
682 683 526.000000
1074 10979 525.000000
156 157 524.000000
682 703 523.000000
1254 1255 513.000000
1254 1275 513.000000
1274 1275 513.000000
372 394 501.000000
790 791 497.000000
1188 1209 497.000000
1533 1534 496.000000
10 10608 492.000000
1078 1079 490.000000
390 391 489.000000
921 922 479.000000
281 303 478.000000
697 698 478.000000
457 458 477.000000
1003 10075 476.000000
1056 1057 476.000000
1057 1058 476.000000
418 439 474.000000
1100 1101 468.000000
1101 1102 468.000000
162 163 467.000000
163 164 467.000000
164 165 467.000000
1052 10677 465.000000
139 140 463.000000
1121 1143 455.000000
1010 10182 454.000000
1555 1556 453.000000
1397 1419 450.000000
853 875 445.000000
1188 1189 445.000000
1189 1190 445.000000
1210 1211 445.000000
1403 1404 444.000000
331 332 441.000000
332 333 441.000000
333 334 441.000000
334 335 441.000000
335 336 441.000000
336 337 441.000000
337 338 441.000000
338 339 441.000000
339 340 441.000000
1056 1078 440.000000
274 275 438.000000
266 267 437.000000
267 268 437.000000
268 269 437.000000
269 270 437.000000
270 271 437.000000
271 272 437.000000
272 273 437.000000
273 274 437.000000
1255 1256 436.000000
1202 1203 435.000000
396 397 433.000000
167 189 430.000000
1009 10938 430.000000
220 221 428.000000
100 122 425.000000
1110 1111 424.000000
1158 1180 419.000000
80 81 418.000000
762 763 417.000000
501 502 415.000000
1002 10217 414.000000
208 209 413.000000
396 418 413.000000
122 144 412.000000
240 262 411.000000
500 501 410.000000
1276 1277 405.000000
1276 1297 405.000000
1296 1297 405.000000
1010 10453 403.000000
10 10472 401.000000
1058 1059 400.000000
1400 1422 400.000000
1030 10719 398.000000
1032 10862 396.000000
38 39 394.000000
39 40 394.000000
40 41 394.000000
1010 10202 389.000000
897 919 387.000000
221 222 386.000000
481 482 386.000000
482 483 386.000000
102 10356 384.000000
1010 10188 383.000000
1010 10193 383.000000
1010 10864 383.000000
1010 10968 383.000000
1073 10982 382.000000
31 53 378.000000
1144 1145 377.000000
1145 1146 377.000000
1484 1485 375.000000
1307 1329 374.000000
1010 10215 371.000000
1008 10253 370.000000
1132 1133 369.000000
1095 10953 368.000000
406 407 367.000000
1210 1231 367.000000
1230 1231 367.000000
1053 10940 366.000000
616 617 365.000000
650 651 365.000000
651 652 365.000000
1029 10821 362.000000
1032 10510 362.000000
1032 10956 362.000000
10 10667 361.000000
1031 10605 360.000000
1006 10811 358.000000
10 10377 357.000000
255 277 355.000000
101 10271 352.000000
856 878 349.000000
1277 1278 348.000000
1024 10589 347.000000
1025 10425 347.000000
1008 10157 344.000000
1074 1096 344.000000
1235 1236 341.000000
1236 1237 341.000000
1237 1238 341.000000
1238 1239 341.000000
1239 1240 341.000000
1233 1234 340.000000
1007 10148 338.000000
1218 1219 335.000000
101 10121 334.000000
1075 10977 333.000000
1075 10895 332.000000
10 10243 329.000000
1051 10618 329.000000
617 639 323.000000
1001 1002 321.000000
143 165 318.000000
726 747 311.000000
1008 10964 308.000000
35 57 306.000000
100 10857 304.000000
1007 10249 303.000000
1008 10109 300.000000
375 376 297.000000
376 377 297.000000
377 378 297.000000
378 379 297.000000
379 380 297.000000
380 381 297.000000
381 382 297.000000
382 383 297.000000
696 697 297.000000
1166 1167 295.000000
611 612 294.000000
612 613 294.000000
613 614 294.000000
892 893 293.000000
1031 10938 290.000000
1008 10421 288.000000
1574 1575 288.000000
1263 1285 284.000000
353 354 283.000000
354 355 283.000000
355 356 283.000000
356 357 283.000000
357 358 283.000000
358 359 283.000000
359 360 283.000000
360 361 283.000000
361 362 283.000000
676 677 283.000000
1572 1573 282.000000
1096 10985 281.000000
941 963 280.000000
1075 10950 280.000000
637 659 277.000000
1068 10878 277.000000
369 391 275.000000
1030 10665 275.000000
223 224 273.000000
224 225 273.000000
225 226 273.000000
226 227 273.000000
227 228 273.000000
228 229 273.000000
229 230 273.000000
230 231 273.000000
660 661 273.000000
1051 10554 273.000000
101 10113 272.000000
52 53 270.000000
100 10005 270.000000
191 192 269.000000
192 193 269.000000
193 194 269.000000
194 195 269.000000
530 552 268.000000
1030 10395 268.000000
253 275 267.000000
1076 10871 267.000000
327 349 266.000000
1075 10763 266.000000
1024 10460 265.000000
1076 10970 265.000000
1256 1257 265.000000
1257 1258 265.000000
1258 1259 265.000000
1259 1260 265.000000
1260 1261 265.000000
176 177 264.000000
176 197 264.000000
177 178 264.000000
195 196 264.000000
196 197 264.000000
101 10130 260.000000
101 10432 260.000000
307 329 260.000000
1002 10547 260.000000
123 145 259.000000
101 10142 258.000000
341 363 254.000000
413 435 254.000000
1076 10886 251.000000
1007 10542 250.000000
1131 1132 250.000000
1206 1228 250.000000
1095 1117 247.000000
10 10606 245.000000
1008 10419 243.000000
1166 1187 243.000000
101 10717 242.000000
1002 10598 242.000000
1008 10559 242.000000
1382 1383 241.000000
1030 10979 240.000000
101 10977 239.000000
1001 10531 239.000000
1053 10894 239.000000
1010 10776 238.000000
100 10510 237.000000
100 10956 237.000000
101 10203 237.000000
101 10218 237.000000
101 10180 236.000000
101 10347 236.000000
101 10702 236.000000
1024 10878 236.000000
1053 10550 234.000000
1076 10996 234.000000
1305 1306 233.000000
1010 10865 232.000000
1029 10603 232.000000
1034 1035 232.000000
100 10865 229.000000
101 10279 229.000000
101 10372 229.000000
101 10532 229.000000
101 10895 229.000000
1010 10774 229.000000
101 10763 228.000000
964 986 228.000000
1008 10604 228.000000
59 60 227.000000
100 10012 227.000000
716 717 227.000000
855 877 227.000000
616 638 226.000000
102 10930 225.000000
646 647 225.000000
647 648 225.000000
648 649 225.000000
649 650 225.000000
1053 10717 225.000000
1006 10539 224.000000
1030 10925 224.000000
1054 10782 224.000000
704 726 223.000000
1006 10831 223.000000
10 32 222.000000
100 10638 222.000000
1030 10713 222.000000
1506 1507 222.000000
100 10059 221.000000
318 340 221.000000
1030 10305 221.000000
1224 1246 221.000000
659 681 220.000000
1053 10638 217.000000
1054 10948 217.000000
351 373 216.000000
748 749 216.000000
1421 1443 214.000000
103 10345 213.000000
1056 10561 212.000000
1089 10999 212.000000
1030 10542 210.000000
168 190 209.000000
1030 10563 208.000000
1075 10824 208.000000
1076 10976 207.000000
103 10952 206.000000
262 284 205.000000
1079 1080 205.000000
1008 10469 204.000000
1030 10499 204.000000
1054 10687 203.000000
1030 10677 201.000000
1033 10687 201.000000
374 375 200.000000
1032 10638 200.000000
1053 10789 199.000000
1030 10469 197.000000
717 718 196.000000
16 17 195.000000
17 18 195.000000
18 19 195.000000
19 20 195.000000
306 328 195.000000
1032 10349 193.000000
1033 10715 193.000000
1054 10715 193.000000
1030 10421 192.000000
1053 10769 192.000000
1008 10445 191.000000
1031 10669 191.000000
1122 1123 189.000000
1123 1124 189.000000
1375 1397 189.000000
1512 1513 188.000000
661 662 187.000000
1490 1491 187.000000
1032 10769 185.000000
1006 10167 184.000000
1009 10605 184.000000
297 319 182.000000
1073 1095 182.000000
238 260 181.000000
675 676 181.000000
1030 10964 181.000000
1032 10789 181.000000
1067 10835 181.000000
1067 10852 181.000000
331 353 180.000000
854 876 180.000000
1164 1186 180.000000
1273 1295 180.000000
124 146 179.000000
1051 10796 179.000000
814 835 178.000000
1053 10605 178.000000
101 10619 177.000000
725 747 177.000000
1030 10935 177.000000
1218 1240 177.000000
1012 1033 176.000000
1028 10565 176.000000
456 457 175.000000
1102 1124 175.000000
701 723 173.000000
242 264 172.000000
1030 10382 172.000000
1030 10744 172.000000
1030 10859 172.000000
1075 10894 172.000000
59 81 171.000000
74 96 171.000000
101 10868 171.000000
350 372 171.000000
653 654 170.000000
1054 10663 170.000000
1045 10999 169.000000
1054 10586 169.000000
1264 1286 169.000000
103 10836 168.000000
1076 10948 168.000000
1208 1230 168.000000
276 298 167.000000
1051 10839 167.000000
1029 10951 166.000000
1122 1143 166.000000
353 375 165.000000
1032 10776 165.000000
1419 1441 165.000000
100 10489 163.000000
101 10310 163.000000
101 10363 163.000000
1054 1055 163.000000
1075 10910 162.000000
101 10239 161.000000
101 10387 161.000000
101 10696 161.000000
101 10730 161.000000
899 921 161.000000
1053 10857 161.000000
418 440 160.000000
1003 10628 160.000000
1030 10559 160.000000
1031 10490 160.000000
1052 10950 160.000000
319 341 158.000000
546 547 158.000000
547 548 158.000000
548 549 158.000000
662 663 158.000000
663 664 158.000000
664 665 158.000000
665 666 158.000000
666 667 158.000000
914 936 158.000000
1031 10900 158.000000
298 320 157.000000
1008 10544 157.000000
1045 10531 157.000000
1054 10920 157.000000
528 529 156.000000
528 549 156.000000
529 530 156.000000
1012 1013 155.000000
1013 1014 155.000000
37 38 154.000000
1009 10950 154.000000
1034 1055 154.000000
1316 1317 154.000000
1008 10490 153.000000
1031 10390 153.000000
100 10837 152.000000
632 633 152.000000
1008 10900 152.000000
1097 10996 152.000000
1139 1161 152.000000
243 244 151.000000
1008 10390 151.000000
1008 10563 151.000000
1053 10910 151.000000
100 10774 150.000000
724 746 150.000000
1008 10925 150.000000
1553 1575 150.000000
212 213 148.000000
213 214 148.000000
214 215 148.000000
215 216 148.000000
216 217 148.000000
1030 10544 148.000000
101 10426 147.000000
1030 10412 147.000000
1076 10782 147.000000
893 915 146.000000
1550 1572 146.000000
178 200 145.000000
480 502 145.000000
1008 10174 145.000000
1008 10201 145.000000
1008 10290 145.000000
1008 10382 145.000000
1008 10859 145.000000
1008 10393 144.000000
1030 10315 144.000000
1030 10941 144.000000
254 276 143.000000
288 289 143.000000
289 290 143.000000
290 291 143.000000
291 292 143.000000
292 293 143.000000
293 294 143.000000
294 295 143.000000
295 296 143.000000
1008 10499 143.000000
1353 1375 143.000000
1030 10781 142.000000
1032 10865 142.000000
1334 1356 142.000000
101 10308 141.000000
101 10475 141.000000
101 10486 141.000000
101 10593 141.000000
101 10879 141.000000
101 10972 141.000000
362 384 140.000000
921 943 140.000000
1075 10857 140.000000
1469 1470 140.000000
220 242 139.000000
1028 1050 139.000000
1030 10585 139.000000
1030 10646 139.000000
1032 10489 139.000000
1032 10774 139.000000
1050 10725 139.000000
768 790 138.000000
871 893 138.000000
1278 1279 138.000000
1279 1280 138.000000
1280 1281 138.000000
1281 1282 138.000000
1282 1283 138.000000
1008 10260 137.000000
1023 1024 137.000000
1030 10680 137.000000
1008 10115 136.000000
1300 1301 136.000000
1301 1302 136.000000
1302 1303 136.000000
1303 1304 136.000000
1304 1305 136.000000
101 10398 135.000000
1485 1507 135.000000
739 740 134.000000
792 793 134.000000
1007 10138 134.000000
1008 10257 134.000000
1008 10315 134.000000
1008 10585 134.000000
1008 10646 134.000000
1008 10713 134.000000
1008 10941 134.000000
198 199 133.000000
199 200 133.000000
1008 10305 133.000000
1054 10837 133.000000
100 10265 132.000000
374 396 132.000000
1029 10369 131.000000
100 10910 130.000000
1014 10255 130.000000
329 351 129.000000
458 480 128.000000
1006 10386 127.000000
1007 10811 127.000000
1007 10825 127.000000
1032 10824 127.000000
287 309 126.000000
1007 10721 126.000000
1072 1094 126.000000
1033 10976 125.000000
1183 1205 125.000000
1050 10883 124.000000
178 179 123.000000
668 669 123.000000
669 670 123.000000
670 671 123.000000
671 672 123.000000
770 791 123.000000
1030 10796 123.000000
1198 1199 123.000000
1199 1200 123.000000
1200 1201 123.000000
672 673 122.000000
673 674 122.000000
1029 1051 122.000000
1444 1466 122.000000
652 653 121.000000
1058 1080 121.000000
1201 1202 121.000000
1293 1315 121.000000
198 219 120.000000
217 218 120.000000
218 219 120.000000
1006 10114 119.000000
1034 1056 119.000000
1046 1068 119.000000
1447 1448 119.000000
1033 10970 117.000000
1008 10922 115.000000
1033 10337 115.000000
1204 1226 115.000000
1076 10920 114.000000
200 222 113.000000
393 415 113.000000
1033 10383 113.000000
1033 10438 113.000000
1033 10500 113.000000
1033 10871 113.000000
486 508 112.000000
508 530 112.000000
1006 10842 111.000000
1029 10969 111.000000
1298 1299 111.000000
1298 1319 111.000000
1299 1300 111.000000
1317 1318 111.000000
1318 1319 111.000000
631 632 110.000000
1186 1208 110.000000
274 296 109.000000
1006 10407 109.000000
1029 10703 109.000000
1029 10816 109.000000
614 615 108.000000
1053 10824 108.000000
1354 1376 108.000000
100 10062 107.000000
100 10263 107.000000
100 10301 107.000000
100 10789 107.000000
100 10824 107.000000
103 10826 107.000000
726 727 107.000000
1003 10706 107.000000
1029 10645 106.000000
624 625 105.000000
625 626 105.000000
626 627 105.000000
627 628 105.000000
878 879 105.000000
1006 10640 105.000000
53 75 104.000000
417 439 104.000000
1094 10949 104.000000
1094 10955 104.000000
426 427 103.000000
1025 10482 103.000000
1031 10925 103.000000
1052 10964 103.000000
1094 10946 103.000000
683 684 102.000000
684 685 102.000000
685 686 102.000000
686 687 102.000000
687 688 102.000000
688 689 102.000000
1006 10179 102.000000
1006 10250 102.000000
1006 10575 102.000000
1006 10718 102.000000
1030 10922 102.000000
1052 10669 102.000000
628 629 101.000000
629 630 101.000000
630 631 101.000000
1008 10677 101.000000
124 125 100.000000
418 419 100.000000
419 420 100.000000
420 421 100.000000
421 422 100.000000
422 423 100.000000
423 424 100.000000
424 425 100.000000
425 426 100.000000
959 981 100.000000
1050 10775 100.000000
1072 10842 100.000000
1074 10964 100.000000
1076 10837 100.000000
1266 1288 100.000000
1054 10871 99.000000
1072 10788 99.000000
101 10335 98.000000
102 10917 98.000000
745 767 98.000000
722 744 97.000000
1008 1030 97.000000
1029 10331 97.000000
1072 10965 97.000000
1076 10868 97.000000
1349 1350 97.000000
1393 1394 97.000000
1394 1395 97.000000
1395 1396 97.000000
296 318 96.000000
680 702 96.000000
1029 10841 96.000000
1030 10627 96.000000
1074 10925 96.000000
806 828 95.000000
1024 10274 95.000000
1029 10777 95.000000
1029 10810 95.000000
1029 10955 95.000000
1074 10781 95.000000
287 288 94.000000
392 414 94.000000
484 485 94.000000
485 486 94.000000
696 718 94.000000
1029 10384 94.000000
1007 10277 93.000000
1054 10970 93.000000
1074 10796 93.000000
1197 1198 93.000000
134 156 92.000000
610 611 92.000000
788 810 92.000000
1052 10563 92.000000
580 581 91.000000
581 582 91.000000
582 583 91.000000
583 584 91.000000
584 585 91.000000
585 586 91.000000
586 587 91.000000
1029 10825 91.000000
1396 1397 91.000000
103 10794 90.000000
1052 10713 90.000000
1006 10883 89.000000
1031 10950 89.000000
1052 10781 89.000000
1283 1284 89.000000
222 223 88.000000
261 283 88.000000
349 371 88.000000
1097 10972 88.000000
1089 1111 87.000000
1333 1355 87.000000
589 590 86.000000
590 591 86.000000
591 592 86.000000
661 683 86.000000
821 822 86.000000
822 823 86.000000
823 824 86.000000
824 825 86.000000
825 826 86.000000
1025 10394 86.000000
1029 10357 86.000000
1029 10946 86.000000
1054 10976 86.000000
1356 1378 86.000000
1003 10065 85.000000
1003 10198 85.000000
1003 10326 85.000000
1006 10788 85.000000
1023 10406 85.000000
1029 10949 85.000000
1050 10505 85.000000
1050 10506 85.000000
1050 10783 85.000000
1050 10848 85.000000
1050 10902 85.000000
1050 10921 85.000000
1271 1293 85.000000
588 589 84.000000
944 966 84.000000
966 988 84.000000
1007 10659 84.000000
1007 10681 84.000000
30 31 83.000000
30 52 83.000000
1007 10922 82.000000
1088 1110 82.000000
100 10349 81.000000
303 325 81.000000
470 471 81.000000
471 472 81.000000
472 473 81.000000
473 474 81.000000
474 475 81.000000
475 476 81.000000
476 477 81.000000
477 478 81.000000
1007 10627 81.000000
1095 10964 81.000000
1010 1032 80.000000
1050 10821 80.000000
436 458 79.000000
705 706 79.000000
706 707 79.000000
707 708 79.000000
708 709 79.000000
709 710 79.000000
710 711 79.000000
1008 10935 79.000000
1190 1191 79.000000
636 658 78.000000
810 832 78.000000
877 899 78.000000
1050 10738 78.000000
1124 1125 78.000000
1125 1126 78.000000
1126 1127 78.000000
1127 1128 78.000000
1128 1129 78.000000
1129 1130 78.000000
1130 1131 78.000000
1210 1232 78.000000
305 327 77.000000
900 901 77.000000
1001 10562 77.000000
1050 10808 77.000000
1050 10934 77.000000
32 54 76.000000
154 155 76.000000
154 175 76.000000
155 156 76.000000
168 169 76.000000
169 170 76.000000
170 171 76.000000
171 172 76.000000
172 173 76.000000
173 174 76.000000
174 175 76.000000
766 788 76.000000
836 857 76.000000
1051 10979 76.000000
1229 1251 76.000000
157 179 75.000000
383 384 75.000000
1050 10877 75.000000
1073 10839 75.000000
1116 1138 75.000000
1031 10672 74.000000
1508 1530 74.000000
330 352 73.000000
1003 10095 73.000000
1076 10864 73.000000
1076 10968 73.000000
34 56 72.000000
113 135 72.000000
1051 10752 72.000000
1191 1192 72.000000
1192 1193 72.000000
1193 1194 72.000000
1194 1195 72.000000
1195 1196 72.000000
113 114 71.000000
114 115 71.000000
115 116 71.000000
116 117 71.000000
502 503 71.000000
503 504 71.000000
504 505 71.000000
12 1574 70.000000
231 253 70.000000
1072 10721 70.000000
1249 1271 70.000000
166 188 69.000000
667 668 69.000000
1007 10529 69.000000
1007 10665 69.000000
1008 10567 69.000000
1381 1403 69.000000
134 135 68.000000
1315 1337 67.000000
1031 10366 66.000000
1031 10393 66.000000
1031 10423 66.000000
1051 10694 66.000000
117 118 65.000000
1029 10493 64.000000
1029 10752 64.000000
1059 1060 64.000000
1060 1061 64.000000
1061 1062 64.000000
1062 1063 64.000000
1063 1064 64.000000
1064 1065 64.000000
1102 1103 64.000000
1187 1209 64.000000
1008 10744 63.000000
1065 1066 63.000000
100 10550 62.000000
352 374 62.000000
609 610 62.000000
1068 10898 61.000000
1268 1290 61.000000
286 308 60.000000
552 553 60.000000
553 554 60.000000
554 555 60.000000
555 556 60.000000
556 557 60.000000
1006 10369 60.000000
1008 10680 60.000000
1080 1081 60.000000
1081 1082 60.000000
1082 1083 60.000000
1083 1084 60.000000
1084 1085 60.000000
1085 1086 60.000000
1086 1087 60.000000
1087 1088 60.000000
1575 1576 60.000000
812 834 59.000000
920 942 59.000000
1007 10080 59.000000
1007 10493 59.000000
1007 10752 59.000000
1103 1104 59.000000
1104 1105 59.000000
1105 1106 59.000000
1106 1107 59.000000
1107 1108 59.000000
1108 1109 59.000000
1051 10529 58.000000
1028 10831 57.000000
814 836 56.000000
1006 10565 56.000000
1024 10598 56.000000
1031 10462 56.000000
1066 1067 56.000000
288 310 55.000000
462 483 55.000000
727 728 55.000000
728 729 55.000000
729 730 55.000000
730 731 55.000000
731 732 55.000000
1025 10326 55.000000
740 762 54.000000
832 854 54.000000
963 985 54.000000
990 991 54.000000
991 992 54.000000
1010 1011 54.000000
1075 10938 54.000000
1109 1110 54.000000
1290 1312 54.000000
965 987 53.000000
703 725 52.000000
872 894 52.000000
1025 10538 52.000000
1025 10897 52.000000
1031 10971 52.000000
1166 1188 52.000000
1382 1404 52.000000
395 417 51.000000
1007 10745 51.000000
1196 1197 51.000000
711 712 50.000000
756 757 50.000000
757 758 50.000000
758 759 50.000000
759 760 50.000000
760 761 50.000000
1002 1024 50.000000
1007 10280 50.000000
14 36 49.000000
1007 10141 49.000000
1007 10933 49.000000
1072 10808 49.000000
1072 10934 49.000000
1076 10789 49.000000
1137 1159 49.000000
260 282 48.000000
1029 10745 48.000000
689 690 47.000000
690 691 47.000000
691 692 47.000000
692 693 47.000000
1007 10399 47.000000
1051 1073 47.000000
1097 10977 47.000000
741 763 46.000000
1008 10781 46.000000
1009 10672 46.000000
1024 10741 46.000000
769 791 45.000000
992 993 45.000000
993 994 45.000000
994 995 45.000000
995 996 45.000000
996 997 45.000000
997 998 45.000000
998 999 45.000000
1000 1001 45.000000
1024 10757 45.000000
1029 10811 45.000000
1146 1147 45.000000
1147 1148 45.000000
1148 1149 45.000000
1149 1150 45.000000
1150 1151 45.000000
1151 1152 45.000000
221 243 44.000000
592 614 44.000000
640 641 44.000000
641 642 44.000000
642 643 44.000000
643 644 44.000000
644 645 44.000000
693 694 44.000000
694 695 44.000000
695 696 44.000000
1098 1120 44.000000
1152 1153 44.000000
1161 1183 44.000000
826 827 43.000000
1118 1140 43.000000
592 593 42.000000
617 618 42.000000
813 835 42.000000
1007 1029 42.000000
1072 10877 42.000000
1076 10776 42.000000
1181 1203 42.000000
1245 1267 42.000000
1527 1528 42.000000
373 395 41.000000
441 442 41.000000
748 770 41.000000
988 989 41.000000
1023 10648 41.000000
1072 10816 41.000000
1072 10841 41.000000
1072 10883 41.000000
1443 1465 41.000000
602 603 40.000000
603 604 40.000000
604 605 40.000000
605 606 40.000000
606 607 40.000000
607 608 40.000000
608 609 40.000000
1072 10775 40.000000
1072 10783 40.000000
1072 10848 40.000000
1072 10902 40.000000
1072 10921 40.000000
1072 10951 40.000000
1072 10969 40.000000
1073 10752 40.000000
1168 1169 40.000000
1169 1170 40.000000
1170 1171 40.000000
1171 1172 40.000000
1172 1173 40.000000
1173 1174 40.000000
1174 1175 40.000000
1327 1328 40.000000
132 133 39.000000
132 153 39.000000
133 134 39.000000
147 148 39.000000
148 149 39.000000
149 150 39.000000
150 151 39.000000
151 152 39.000000
152 153 39.000000
217 239 39.000000
348 370 39.000000
594 595 39.000000
594 615 39.000000
595 596 39.000000
849 871 39.000000
1006 10955 39.000000
1185 1207 39.000000
103 10328 38.000000
275 297 38.000000
726 748 38.000000
1094 1116 38.000000
121 143 37.000000
1008 10283 37.000000
1008 10412 37.000000
1320 1321 37.000000
1320 1341 37.000000
1321 1322 37.000000
1339 1340 37.000000
1340 1341 37.000000
1528 1550 37.000000
639 640 36.000000
682 704 36.000000
968 969 36.000000
968 989 36.000000
969 970 36.000000
970 992 36.000000
1371 1372 36.000000
1510 1532 36.000000
1551 1573 36.000000
265 287 35.000000
936 958 35.000000
1115 1137 35.000000
1230 1252 35.000000
1240 1262 35.000000
1242 1264 35.000000
11 1573 34.000000
448 470 34.000000
679 701 34.000000
876 898 34.000000
1484 1506 34.000000
1031 10698 33.000000
1031 10758 33.000000
1076 10774 33.000000
1076 10865 33.000000
1076 10956 33.000000
57 79 32.000000
397 398 32.000000
398 399 32.000000
399 400 32.000000
400 401 32.000000
401 402 32.000000
402 403 32.000000
403 404 32.000000
427 428 32.000000
450 451 32.000000
451 452 32.000000
452 453 32.000000
453 454 32.000000
454 455 32.000000
455 456 32.000000
712 713 32.000000
713 714 32.000000
714 715 32.000000
715 716 32.000000
749 750 32.000000
750 751 32.000000
751 752 32.000000
752 753 32.000000
753 754 32.000000
754 755 32.000000
755 756 32.000000
785 807 32.000000
789 811 32.000000
1076 10862 32.000000
717 739 31.000000
1037 1059 31.000000
52 74 30.000000
55 77 30.000000
77 99 30.000000
596 597 30.000000
597 598 30.000000
598 599 30.000000
599 600 30.000000
600 601 30.000000
100 10045 29.000000
394 416 29.000000
843 844 29.000000
844 845 29.000000
845 846 29.000000
846 847 29.000000
847 848 29.000000
1180 1202 29.000000
1009 10971 28.000000
1053 10938 28.000000
1261 1262 28.000000
404 405 27.000000
405 406 27.000000
524 525 27.000000
525 526 27.000000
526 527 27.000000
660 682 27.000000
1003 10089 27.000000
1052 10971 27.000000
1534 1535 27.000000
1554 1576 27.000000
256 278 26.000000
484 505 26.000000
638 660 26.000000
1014 1015 26.000000
1078 1100 26.000000
1165 1187 26.000000
81 82 25.000000
82 83 25.000000
83 84 25.000000
84 85 25.000000
593 615 25.000000
734 756 25.000000
761 762 25.000000
1071 1093 25.000000
1153 1175 25.000000
1313 1335 25.000000
347 369 24.000000
618 619 24.000000
619 620 24.000000
620 621 24.000000
621 622 24.000000
622 623 24.000000
793 794 24.000000
794 795 24.000000
795 796 24.000000
796 797 24.000000
797 798 24.000000
798 799 24.000000
848 849 24.000000
915 937 24.000000
1029 10399 24.000000
1055 1077 24.000000
222 244 23.000000
1015 1037 23.000000
1028 10386 23.000000
1028 10407 23.000000
1028 10568 23.000000
1028 10575 23.000000
1028 10640 23.000000
1028 10664 23.000000
1028 10718 23.000000
1028 10788 23.000000
1028 10842 23.000000
1028 10965 23.000000
1029 10659 23.000000
1029 10721 23.000000
442 443 22.000000
443 444 22.000000
444 445 22.000000
445 446 22.000000
446 447 22.000000
447 448 22.000000
1029 10681 22.000000
1051 10544 22.000000
1196 1218 22.000000
1378 1400 22.000000
1463 1485 22.000000
308 330 21.000000
440 441 21.000000
1012 1034 21.000000
1051 10559 21.000000
1076 10769 21.000000
1285 1307 21.000000
1357 1379 21.000000
1552 1574 21.000000
1556 1557 21.000000
58 80 20.000000
100 10221 20.000000
464 486 20.000000
572 593 20.000000
836 837 20.000000
837 838 20.000000
838 839 20.000000
839 840 20.000000
840 841 20.000000
841 842 20.000000
842 843 20.000000
1006 1028 20.000000
1006 10299 20.000000
1006 10357 20.000000
1051 10941 20.000000
1076 1098 20.000000
1076 10940 20.000000
1262 1284 20.000000
1531 1553 20.000000
100 10364 19.000000
100 10414 19.000000
100 10894 19.000000
243 265 19.000000
442 464 19.000000
623 624 19.000000
1067 10999 19.000000
1167 1168 19.000000
100 10184 18.000000
100 10237 18.000000
100 10769 18.000000
100 10940 18.000000
209 231 18.000000
244 266 18.000000
712 734 18.000000
1009 10189 18.000000
1009 10462 18.000000
1009 10698 18.000000
1009 10758 18.000000
1111 1133 18.000000
187 209 17.000000
587 588 17.000000
674 675 17.000000
875 897 17.000000
1006 10136 17.000000
1007 10719 17.000000
1009 10287 17.000000
1054 10862 17.000000
1072 10811 17.000000
1072 10946 17.000000
1072 10949 17.000000
1072 10955 17.000000
1486 1508 17.000000
1530 1552 17.000000
572 573 16.000000
573 574 16.000000
1007 10245 16.000000
1007 10839 16.000000
1117 1139 16.000000
1138 1160 16.000000
1213 1235 16.000000
1284 1306 16.000000
1289 1311 16.000000
100 10717 15.000000
1033 1055 15.000000
1045 1067 15.000000
1054 10864 15.000000
1054 10956 15.000000
1054 10968 15.000000
1227 1249 15.000000
1487 1509 15.000000
462 463 14.000000
463 464 14.000000
550 551 14.000000
550 571 14.000000
551 552 14.000000
683 705 14.000000
1093 10951 14.000000
1093 10969 14.000000
1241 1263 14.000000
147 169 13.000000
156 178 13.000000
169 191 13.000000
198 220 13.000000
464 465 13.000000
465 466 13.000000
466 467 13.000000
467 468 13.000000
468 469 13.000000
469 470 13.000000
567 568 13.000000
568 569 13.000000
569 570 13.000000
570 571 13.000000
698 720 13.000000
1052 10900 13.000000
1095 10979 13.000000
125 147 12.000000
304 326 12.000000
426 448 12.000000
601 602 12.000000
829 851 12.000000
1006 10777 12.000000
1050 10645 12.000000
1054 10776 12.000000
1184 1206 12.000000
1213 1214 12.000000
1214 1215 12.000000
1215 1216 12.000000
1216 1217 12.000000
1217 1218 12.000000
1322 1323 12.000000
1323 1324 12.000000
1324 1325 12.000000
1325 1326 12.000000
1326 1327 12.000000
1509 1531 12.000000
14 1576 11.000000
558 580 11.000000
615 637 11.000000
767 789 11.000000
828 850 11.000000
1028 10476 11.000000
1051 10719 11.000000
1051 10922 11.000000
1154 1176 11.000000
1162 1184 11.000000
1272 1294 11.000000
557 558 10.000000
580 602 10.000000
833 855 10.000000
1009 10366 10.000000
1009 10423 10.000000
1029 10694 10.000000
1050 10659 10.000000
1050 10681 10.000000
1050 10745 10.000000
1051 10627 10.000000
1153 1154 10.000000
1197 1219 10.000000
1225 1247 10.000000
1246 1268 10.000000
574 596 9.000000
834 856 9.000000
1007 10679 9.000000
1050 10721 9.000000
1050 10777 9.000000
1050 10810 9.000000
1051 10542 9.000000
1093 10965 9.000000
1122 1144 9.000000
1364 1365 9.000000
1364 1385 9.000000
1365 1366 9.000000
1366 1367 9.000000
1367 1368 9.000000
1368 1369 9.000000
1369 1370 9.000000
1370 1371 9.000000
1383 1384 9.000000
1384 1385 9.000000
1488 1510 9.000000
237 259 8.000000
259 281 8.000000
674 696 8.000000
762 784 8.000000
1009 1031 8.000000
1049 10568 8.000000
1049 10575 8.000000
1049 10640 8.000000
1049 10664 8.000000
1049 10718 8.000000
1049 10788 8.000000
1049 10842 8.000000
1049 10965 8.000000
1050 10603 8.000000
1050 10811 8.000000
1050 10841 8.000000
1050 10946 8.000000
1050 10949 8.000000
1050 10955 8.000000
1052 10925 8.000000
1089 10898 8.000000
1168 1190 8.000000
103 125 7.000000
391 413 7.000000
1002 10058 7.000000
1066 1088 7.000000
1067 1089 7.000000
1159 1181 7.000000
1191 1213 7.000000
1198 1220 7.000000
1219 1241 7.000000
266 288 6.000000
545 546 6.000000
702 724 6.000000
734 735 6.000000
735 736 6.000000
736 737 6.000000
770 771 6.000000
771 772 6.000000
772 773 6.000000
773 774 6.000000
774 775 6.000000
775 776 6.000000
776 777 6.000000
784 806 6.000000
835 857 6.000000
1002 10425 6.000000
1007 10254 6.000000
1007 10384 6.000000
1007 10694 6.000000
1028 10450 6.000000
1028 10484 6.000000
1028 10505 6.000000
1028 10506 6.000000
1028 10703 6.000000
1028 10775 6.000000
1028 10783 6.000000
1028 10848 6.000000
1028 10902 6.000000
1028 10921 6.000000
1036 1058 6.000000
1045 10598 6.000000
1051 10665 6.000000
1054 1076 6.000000
1109 1131 6.000000
1142 1164 6.000000
1247 1269 6.000000
44 45 5.000000
44 65 5.000000
45 46 5.000000
64 65 5.000000
75 97 5.000000
195 217 5.000000
263 285 5.000000
404 426 5.000000
645 646 5.000000
723 745 5.000000
737 738 5.000000
738 739 5.000000
790 812 5.000000
848 870 5.000000
1002 10297 5.000000
1002 10807 5.000000
1002 10814 5.000000
1011 1033 5.000000
1014 1036 5.000000
1028 10951 5.000000
1028 10969 5.000000
1037 1038 5.000000
1038 1039 5.000000
1039 1040 5.000000
1040 1041 5.000000
1041 1042 5.000000
1042 1043 5.000000
1043 1044 5.000000
1044 1045 5.000000
1050 10816 5.000000
1422 1444 5.000000
1577 1578 5.000000
10 1572 4.000000
13 1575 4.000000
492 493 4.000000
493 494 4.000000
494 495 4.000000
495 496 4.000000
496 497 4.000000
497 498 4.000000
498 499 4.000000
499 500 4.000000
572 594 4.000000
594 616 4.000000
614 636 4.000000
628 650 4.000000
718 740 4.000000
1006 10522 4.000000
1006 10738 4.000000
1006 10810 4.000000
1035 1036 4.000000
1050 10703 4.000000
1050 10951 4.000000
1050 10969 4.000000
1054 10774 4.000000
1054 10865 4.000000
1244 1266 4.000000
1283 1305 4.000000
15 1577 3.000000
46 68 3.000000
68 90 3.000000
112 134 3.000000
571 593 3.000000
640 662 3.000000
727 749 3.000000
746 768 3.000000
827 849 3.000000
1006 10256 3.000000
1006 10268 3.000000
1006 10298 3.000000
1006 10331 3.000000
1006 10380 3.000000
1006 10603 3.000000
1006 10703 3.000000
1006 10808 3.000000
1006 10816 3.000000
1006 10841 3.000000
1006 10877 3.000000
1006 10934 3.000000
1006 10946 3.000000
1006 10949 3.000000
1006 10951 3.000000
1006 10969 3.000000
1015 1016 3.000000
1016 1017 3.000000
1017 1018 3.000000
1018 1019 3.000000
1019 1020 3.000000
1020 1021 3.000000
1021 1022 3.000000
1022 1023 3.000000
1023 10430 3.000000
1023 10444 3.000000
1023 10531 3.000000
1024 1046 3.000000
1036 1037 3.000000
1211 1212 3.000000
1212 1213 3.000000
1489 1511 3.000000
46 47 2.000000
241 263 2.000000
486 487 2.000000
487 488 2.000000
488 489 2.000000
489 490 2.000000
490 491 2.000000
491 492 2.000000
549 571 2.000000
565 566 2.000000
566 567 2.000000
632 654 2.000000
658 680 2.000000
761 783 2.000000
763 785 2.000000
811 833 2.000000
814 815 2.000000
815 816 2.000000
816 817 2.000000
817 818 2.000000
818 819 2.000000
819 820 2.000000
820 821 2.000000
1002 10071 2.000000
1002 10165 2.000000
1002 10741 2.000000
1002 10757 2.000000
1003 10394 2.000000
1003 10525 2.000000
1003 10538 2.000000
1003 10792 2.000000
1003 10833 2.000000
1003 10897 2.000000
1003 11000 2.000000
1006 10225 2.000000
1006 10450 2.000000
1006 10476 2.000000
1006 10484 2.000000
1006 10505 2.000000
1006 10506 2.000000
1006 10775 2.000000
1006 10783 2.000000
1006 10848 2.000000
1006 10902 2.000000
1006 10921 2.000000
1053 1075 2.000000
1201 1223 2.000000
1202 1224 2.000000
1203 1225 2.000000
1220 1242 2.000000
1223 1245 2.000000
1309 1331 2.000000
1576 1577 2.000000
47 48 1.000000
47 69 1.000000
48 49 1.000000
49 50 1.000000
50 51 1.000000
51 52 1.000000
69 91 1.000000
558 559 1.000000
559 560 1.000000
560 561 1.000000
561 562 1.000000
562 563 1.000000
563 564 1.000000
564 565 1.000000
732 733 1.000000
733 734 1.000000
744 766 1.000000
783 805 1.000000
799 800 1.000000
800 801 1.000000
801 802 1.000000
802 803 1.000000
803 804 1.000000
804 805 1.000000
870 892 1.000000
878 900 1.000000
979 980 1.000000
1001 10144 1.000000
1001 10149 1.000000
1001 10214 1.000000
1001 10430 1.000000
1001 10444 1.000000
1001 10460 1.000000
1001 10507 1.000000
1001 10570 1.000000
1001 10589 1.000000
1001 10598 1.000000
1001 10599 1.000000
1001 10648 1.000000
1001 10688 1.000000
1001 10768 1.000000
1001 10854 1.000000
1001 10945 1.000000
1001 10962 1.000000
1002 10274 1.000000
1002 10405 1.000000
1002 10636 1.000000
1006 10568 1.000000
1006 10664 1.000000
1006 10965 1.000000
1033 10453 1.000000
1033 10864 1.000000
1033 10968 1.000000
1045 10589 1.000000
1045 10878 1.000000
1050 1072 1.000000
1065 1087 1.000000
1087 1109 1.000000
1152 1174 1.000000
1174 1196 1.000000
1532 1554 1.000000
