224 225 19739.000000
225 226 19739.000000
226 227 19739.000000
227 228 19657.000000
223 224 13311.000000
1152 1153 13297.000000
1261 1262 12335.000000
1020 1021 12115.000000
228 229 11719.000000
1196 1197 11466.000000
1195 1196 11214.000000
181 182 10869.000000
182 183 10869.000000
183 184 10869.000000
1151 1152 10500.000000
1239 1240 10142.000000
1238 1239 10103.000000
1240 1241 9979.000000
976 977 9914.000000
1064 1065 9858.000000
1021 1022 9808.000000
1194 1195 9726.000000
180 181 9711.000000
1217 1218 9651.000000
202 203 9637.000000
203 204 9637.000000
204 205 9637.000000
205 206 9637.000000
229 230 9548.000000
1019 1020 9345.000000
1387 1388 9268.000000
184 185 9260.000000
1153 1154 9126.000000
977 978 8809.000000
1388 1389 8697.000000
91 92 8484.000000
1193 1194 8444.000000
1260 1261 8321.000000
47 48 8267.000000
1174 1175 8234.000000
1389 1390 8116.000000
1259 1260 8105.000000
1065 1066 7804.000000
90 91 7734.000000
1237 1238 7716.000000
201 202 7672.000000
998 999 7507.000000
931 932 7474.000000
932 933 7223.000000
1258 1259 7013.000000
179 180 6972.000000
841 842 6971.000000
842 843 6971.000000
1063 1064 6908.000000
316 317 6887.000000
1254 1255 6845.000000
1216 1217 6747.000000
1 2 6627.000000
1062 1063 6624.000000
1172 1173 6446.000000
862 863 6408.000000
863 864 6408.000000
864 865 6408.000000
0 1 6367.000000
1173 1174 6343.000000
928 929 6335.000000
929 930 6335.000000
1218 1219 6296.000000
68 69 6288.000000
1256 1257 6273.000000
1255 1256 6204.000000
1344 1345 6199.000000
975 976 6191.000000
2 3 6102.000000
1041 1042 6099.000000
1236 1237 5995.000000
1390 1391 5949.000000
134 135 5936.000000
933 934 5903.000000
1234 1235 5853.000000
1232 1233 5802.000000
1150 1151 5766.000000
268 269 5761.000000
269 270 5761.000000
270 271 5761.000000
1233 1234 5748.000000
1257 1258 5666.000000
1215 1216 5621.000000
930 931 5615.000000
1235 1236 5513.000000
840 841 5448.000000
1343 1344 5404.000000
230 231 5397.000000
403 404 5349.000000
1018 1019 5305.000000
1212 1213 5156.000000
1345 1346 5111.000000
1042 1043 5088.000000
1066 1067 5056.000000
206 207 4921.000000
267 268 4890.000000
271 272 4869.000000
3 4 4857.000000
884 885 4854.000000
885 886 4854.000000
886 887 4854.000000
1210 1211 4849.000000
1211 1212 4849.000000
997 998 4822.000000
1278 1279 4764.000000
1213 1214 4752.000000
1276 1277 4741.000000
888 889 4740.000000
996 997 4687.000000
1254 1275 4674.000000
1171 1172 4642.000000
1283 1284 4546.000000
1282 1283 4481.000000
1499 1500 4453.000000
1279 1280 4439.000000
861 862 4435.000000
1214 1215 4434.000000
317 318 4420.000000
1232 1253 4381.000000
1022 1023 4344.000000
1023 1024 4294.000000
1149 1150 4282.000000
185 186 4230.000000
135 157 4202.000000
1277 1278 4168.000000
818 819 4140.000000
819 820 4140.000000
820 821 4140.000000
909 910 4036.000000
1109 1110 4016.000000
1040 1041 3973.000000
927 928 3968.000000
1366 1367 3966.000000
1303 1304 3958.000000
844 845 3956.000000
1280 1281 3944.000000
222 223 3915.000000
1281 1282 3894.000000
1391 1392 3892.000000
135 136 3852.000000
1304 1305 3840.000000
1014 1015 3800.000000
1015 1016 3800.000000
1016 1017 3800.000000
1017 1018 3800.000000
906 907 3790.000000
907 908 3790.000000
272 273 3763.000000
1107 1108 3761.000000
1543 1544 3758.000000
860 861 3694.000000
207 208 3673.000000
1192 1193 3646.000000
1036 1037 3643.000000
1037 1038 3643.000000
1038 1039 3643.000000
1130 1131 3624.000000
1498 1499 3579.000000
25 26 3575.000000
839 840 3571.000000
1542 1543 3561.000000
1327 1328 3534.000000
1108 1109 3533.000000
843 844 3499.000000
797 798 3483.000000
798 799 3483.000000
1305 1306 3480.000000
1085 1086 3477.000000
887 888 3441.000000
178 179 3424.000000
1346 1347 3408.000000
1347 1348 3405.000000
1348 1349 3380.000000
1367 1368 3379.000000
934 935 3377.000000
691 692 3374.000000
1276 1297 3365.000000
1302 1303 3305.000000
1035 1036 3285.000000
626 627 3254.000000
905 906 3156.000000
1019 10270 3090.000000
799 800 3074.000000
978 979 3050.000000
1129 1130 3026.000000
904 905 2981.000000
1392 1393 2939.000000
246 247 2924.000000
247 248 2924.000000
248 249 2924.000000
249 250 2924.000000
977 999 2916.000000
953 954 2915.000000
289 290 2899.000000
290 291 2899.000000
291 292 2899.000000
292 293 2899.000000
775 776 2885.000000
776 777 2885.000000
1086 1087 2885.000000
1197 1198 2885.000000
0 21 2882.000000
156 157 2879.000000
318 319 2878.000000
112 113 2853.000000
1210 1231 2814.000000
1043 1044 2809.000000
133 134 2763.000000
92 93 2761.000000
910 911 2749.000000
908 909 2728.000000
360 361 2722.000000
865 866 2715.000000
1326 1327 2703.000000
273 274 2702.000000
934 956 2694.000000
199 200 2686.000000
200 201 2686.000000
274 275 2686.000000
1153 1175 2685.000000
67 68 2683.000000
1325 1326 2680.000000
1044 1045 2676.000000
623 624 2656.000000
624 625 2656.000000
1189 1190 2654.000000
1477 1478 2654.000000
954 955 2644.000000
1084 1085 2643.000000
157 158 2642.000000
46 47 2641.000000
955 956 2639.000000
231 232 2604.000000
883 884 2603.000000
66 67 2601.000000
265 266 2594.000000
1497 1498 2594.000000
822 823 2593.000000
625 626 2573.000000
992 993 2568.000000
993 994 2568.000000
994 995 2568.000000
1106 1107 2556.000000
266 267 2522.000000
1067 1068 2512.000000
1190 1191 2511.000000
1191 1192 2502.000000
66 87 2487.000000
69 70 2484.000000
1154 1155 2462.000000
1322 1323 2368.000000
245 246 2367.000000
796 797 2367.000000
287 288 2356.000000
1284 1285 2345.000000
311 312 2327.000000
312 313 2327.000000
313 314 2327.000000
314 315 2327.000000
1128 1129 2318.000000
1410 1411 2316.000000
773 774 2308.000000
294 295 2304.000000
48 49 2286.000000
817 818 2286.000000
250 251 2276.000000
1368 1369 2269.000000
995 996 2232.000000
889 890 2227.000000
774 775 2226.000000
1166 1167 2224.000000
1167 1168 2224.000000
1168 1169 2220.000000
823 824 2203.000000
1369 1370 2200.000000
647 648 2157.000000
1324 1325 2157.000000
926 927 2135.000000
1188 1189 2131.000000
1412 1413 2118.000000
713 714 2099.000000
26 27 2095.000000
286 287 2088.000000
1131 1132 2080.000000
1300 1301 2072.000000
186 208 2069.000000
1169 1170 2064.000000
293 294 2056.000000
1456 1457 2055.000000
157 179 2043.000000
1476 1477 2011.000000
1541 1542 1979.000000
44 45 1960.000000
44 65 1960.000000
1323 1324 1944.000000
1413 1414 1942.000000
113 114 1907.000000
821 822 1899.000000
1299 1300 1885.000000
1170 1171 1882.000000
315 316 1852.000000
866 867 1831.000000
644 645 1827.000000
645 646 1827.000000
646 647 1827.000000
1301 1302 1820.000000
1197 1219 1812.000000
714 715 1807.000000
1058 1059 1800.000000
1059 1060 1800.000000
1060 1061 1800.000000
1370 1371 1798.000000
231 253 1796.000000
295 296 1796.000000
1127 1128 1791.000000
1433 1434 1781.000000
1039 1040 1780.000000
158 159 1772.000000
159 160 1772.000000
160 161 1772.000000
161 162 1772.000000
162 163 1767.000000
1475 1476 1767.000000
86 87 1760.000000
45 46 1759.000000
288 289 1724.000000
648 649 1724.000000
232 233 1686.000000
1411 1412 1682.000000
244 245 1677.000000
1087 1088 1663.000000
1083 1084 1655.000000
1431 1432 1655.000000
4 5 1641.000000
1455 1456 1638.000000
715 716 1620.000000
949 950 1618.000000
950 951 1618.000000
951 952 1618.000000
184 206 1614.000000
1110 1111 1605.000000
1474 1475 1596.000000
753 754 1585.000000
754 755 1585.000000
845 846 1579.000000
1500 1501 1578.000000
800 801 1567.000000
1132 1133 1559.000000
136 137 1552.000000
297 298 1550.000000
1371 1372 1549.000000
627 628 1542.000000
1109 1131 1542.000000
1414 1415 1540.000000
48 70 1512.000000
221 222 1505.000000
359 360 1503.000000
1274 1275 1496.000000
692 693 1477.000000
339 340 1449.000000
755 756 1436.000000
137 138 1432.000000
138 139 1432.000000
139 140 1432.000000
140 141 1432.000000
1432 1433 1428.000000
970 971 1426.000000
971 972 1426.000000
972 973 1426.000000
973 974 1426.000000
1101 1102 1422.000000
1102 1103 1422.000000
579 580 1420.000000
580 581 1420.000000
581 582 1420.000000
1166 1187 1411.000000
1103 1104 1408.000000
952 953 1398.000000
735 736 1397.000000
669 670 1385.000000
670 671 1385.000000
779 780 1384.000000
795 796 1384.000000
1061 1062 1383.000000
208 209 1379.000000
710 711 1366.000000
711 712 1366.000000
1540 1541 1357.000000
276 277 1356.000000
447 448 1354.000000
777 778 1354.000000
209 210 1352.000000
1518 1519 1329.000000
1 10658 1318.000000
582 583 1317.000000
778 779 1314.000000
690 691 1311.000000
252 253 1306.000000
1478 1479 1306.000000
1520 1521 1300.000000
275 276 1283.000000
186 187 1277.000000
1349 1350 1275.000000
1409 1410 1273.000000
251 252 1270.000000
1041 10922 1258.000000
1519 1520 1245.000000
5 6 1244.000000
731 732 1233.000000
732 733 1233.000000
733 734 1233.000000
649 650 1227.000000
319 320 1212.000000
1105 1106 1211.000000
404 405 1210.000000
712 713 1209.000000
187 188 1206.000000
1454 1455 1198.000000
1320 1321 1185.000000
1320 1341 1185.000000
1104 1105 1176.000000
229 251 1175.000000
243 244 1170.000000
974 975 1169.000000
780 781 1165.000000
1175 1176 1162.000000
1521 1522 1155.000000
363 364 1148.000000
361 362 1146.000000
404 426 1144.000000
233 234 1142.000000
141 163 1141.000000
1219 1220 1138.000000
687 688 1137.000000
688 689 1137.000000
689 690 1137.000000
1064 10796 1125.000000
1079 1080 1120.000000
1080 1081 1120.000000
1081 1082 1120.000000
1020 10412 1115.000000
1082 1083 1111.000000
709 710 1095.000000
242 243 1088.000000
1544 1545 1085.000000
1188 1209 1083.000000
736 737 1078.000000
1045 1046 1078.000000
210 211 1077.000000
296 297 1073.000000
317 339 1064.000000
734 735 1062.000000
320 321 1061.000000
671 672 1054.000000
338 339 1049.000000
298 299 1040.000000
468 469 1025.000000
1430 1431 1020.000000
177 178 1014.000000
1018 10407 1013.000000
1018 10565 1008.000000
627 649 1007.000000
801 802 1007.000000
1111 1112 999.000000
693 694 995.000000
1088 1089 995.000000
188 189 991.000000
108 109 989.000000
88 89 982.000000
650 651 975.000000
271 293 974.000000
1013 1014 961.000000
708 709 958.000000
264 265 954.000000
1479 1480 954.000000
22 43 953.000000
316 338 947.000000
125 126 940.000000
126 127 940.000000
127 128 940.000000
128 129 940.000000
253 254 931.000000
1230 1231 918.000000
111 112 915.000000
1057 1058 905.000000
1020 10446 902.000000
189 190 869.000000
583 584 869.000000
882 883 866.000000
1457 1458 865.000000
89 90 855.000000
362 363 853.000000
0 10558 848.000000
318 340 848.000000
310 311 847.000000
2 24 841.000000
264 285 840.000000
278 279 840.000000
279 280 840.000000
280 281 840.000000
281 282 840.000000
282 283 840.000000
283 284 840.000000
284 285 840.000000
583 605 836.000000
1148 1149 828.000000
672 673 811.000000
1100 1101 809.000000
1024 1046 808.000000
752 753 803.000000
24 25 795.000000
1344 1366 795.000000
132 153 793.000000
147 148 793.000000
148 149 793.000000
149 150 793.000000
150 151 793.000000
151 152 793.000000
152 153 793.000000
1252 1253 791.000000
757 758 790.000000
758 759 790.000000
1034 1035 789.000000
1562 1563 787.000000
1563 1564 787.000000
1240 1262 782.000000
132 133 781.000000
1262 1263 777.000000
340 341 775.000000
801 823 773.000000
622 623 769.000000
933 955 767.000000
185 207 760.000000
1024 1025 760.000000
1025 1026 760.000000
584 585 758.000000
1019 10399 758.000000
1453 1454 752.000000
103 104 746.000000
104 105 746.000000
105 106 746.000000
106 107 746.000000
107 108 746.000000
331 332 743.000000
332 333 743.000000
333 334 743.000000
334 335 743.000000
335 336 743.000000
336 337 743.000000
1365 1366 743.000000
22 23 740.000000
23 24 740.000000
666 667 739.000000
667 668 739.000000
176 197 734.000000
191 192 734.000000
192 193 734.000000
193 194 734.000000
194 195 734.000000
195 196 734.000000
196 197 734.000000
948 949 732.000000
364 365 730.000000
1155 1156 726.000000
1156 1157 726.000000
1157 1158 726.000000
176 177 725.000000
277 278 724.000000
341 342 723.000000
1145 1146 723.000000
1146 1147 723.000000
889 911 719.000000
668 669 706.000000
383 384 703.000000
1496 1497 702.000000
1063 10681 699.000000
802 803 696.000000
337 338 694.000000
1147 1148 685.000000
1284 1306 684.000000
242 263 677.000000
256 257 677.000000
257 258 677.000000
258 259 677.000000
259 260 677.000000
260 261 677.000000
261 262 677.000000
262 263 677.000000
991 992 677.000000
686 687 669.000000
42 43 666.000000
585 586 663.000000
642 643 662.000000
382 383 657.000000
384 385 655.000000
211 212 647.000000
155 156 643.000000
1021 10950 641.000000
201 223 639.000000
643 644 638.000000
536 537 635.000000
537 538 635.000000
605 606 632.000000
1321 1322 627.000000
254 255 626.000000
199 221 625.000000
1026 1027 622.000000
1 10216 617.000000
0 10626 612.000000
309 310 609.000000
134 156 607.000000
70 92 604.000000
665 666 603.000000
1068 1069 600.000000
1069 1070 600.000000
1176 1177 600.000000
538 539 590.000000
360 382 589.000000
1022 1044 589.000000
179 201 586.000000
759 760 583.000000
1110 1132 575.000000
1277 1299 573.000000
264 286 569.000000
381 382 568.000000
1545 1546 568.000000
1564 1565 567.000000
1321 1343 561.000000
113 135 558.000000
1041 10953 557.000000
1458 1459 557.000000
265 287 556.000000
730 731 556.000000
1186 1187 555.000000
1340 1341 553.000000
114 136 550.000000
867 868 546.000000
1177 1178 546.000000
1178 1179 546.000000
0 10606 545.000000
1434 1435 544.000000
273 295 541.000000
110 111 533.000000
68 90 528.000000
1020 10618 515.000000
110 131 513.000000
129 130 513.000000
130 131 513.000000
0 10073 510.000000
330 331 505.000000
277 299 500.000000
1039 10565 498.000000
628 629 496.000000
664 665 496.000000
64 65 487.000000
845 867 482.000000
230 252 476.000000
606 607 472.000000
0 10441 468.000000
0 10914 468.000000
1040 10401 467.000000
1198 1199 466.000000
756 757 463.000000
364 386 458.000000
1220 1221 457.000000
1221 1222 457.000000
1222 1223 457.000000
1021 10335 454.000000
1014 10207 453.000000
0 10784 447.000000
342 343 447.000000
1019 1041 442.000000
1046 1047 440.000000
1126 1127 439.000000
1089 1090 438.000000
0 10097 436.000000
385 386 434.000000
979 980 431.000000
1543 1565 430.000000
1014 10474 429.000000
1014 10234 426.000000
1364 1385 425.000000
1383 1384 425.000000
1384 1385 425.000000
1063 10901 422.000000
1364 1365 422.000000
1170 1192 417.000000
198 199 416.000000
1231 1253 416.000000
198 219 413.000000
212 213 413.000000
213 214 413.000000
214 215 413.000000
215 216 413.000000
216 217 413.000000
217 218 413.000000
218 219 413.000000
799 821 412.000000
177 199 411.000000
1024 10455 400.000000
1024 10523 399.000000
1112 1113 399.000000
1113 1114 399.000000
1435 1436 393.000000
1021 10763 391.000000
1202 1203 391.000000
1035 10590 389.000000
1203 1204 389.000000
1204 1205 389.000000
1205 1206 389.000000
1206 1207 389.000000
1207 1208 389.000000
628 650 387.000000
1044 10997 383.000000
1034 10635 380.000000
308 309 379.000000
275 297 378.000000
1090 1091 377.000000
1091 1092 377.000000
1058 10711 375.000000
1000 10715 372.000000
1034 10856 367.000000
1042 10985 365.000000
274 296 361.000000
1058 10932 361.000000
163 164 359.000000
339 361 359.000000
1014 10150 359.000000
1014 10272 359.000000
1014 10411 359.000000
1035 10391 357.000000
1133 1134 356.000000
1134 1135 356.000000
1135 1136 356.000000
69 91 354.000000
716 717 353.000000
1022 10329 353.000000
136 158 352.000000
46 68 351.000000
1035 10944 350.000000
405 406 349.000000
167 168 344.000000
1022 10502 344.000000
1022 10740 344.000000
1022 10886 344.000000
165 166 342.000000
166 167 342.000000
1041 10415 341.000000
1041 10850 341.000000
164 165 339.000000
178 200 339.000000
1035 10835 337.000000
1035 10852 337.000000
1056 1057 331.000000
1000 10244 330.000000
1021 10613 330.000000
1018 10331 328.000000
621 622 327.000000
1013 10161 327.000000
1021 1043 327.000000
406 407 321.000000
407 408 321.000000
1066 10924 321.000000
1158 1159 320.000000
70 71 318.000000
1411 1433 318.000000
1436 1437 317.000000
1064 10953 316.000000
243 265 314.000000
1328 1329 309.000000
45 67 307.000000
1111 1133 306.000000
1144 1165 306.000000
1020 1042 304.000000
1014 10449 302.000000
1014 10999 302.000000
1041 10413 302.000000
1199 1200 299.000000
1200 1201 299.000000
1201 1202 299.000000
737 738 298.000000
1318 1319 297.000000
1298 1299 295.000000
1298 1319 295.000000
255 256 294.000000
629 630 294.000000
596 597 292.000000
597 598 292.000000
1342 1363 292.000000
1361 1362 292.000000
1362 1363 292.000000
141 142 291.000000
756 778 291.000000
1068 10751 288.000000
1040 10509 286.000000
1066 1088 286.000000
1223 1224 286.000000
1342 1343 286.000000
1066 10762 285.000000
1066 10947 285.000000
956 957 284.000000
1280 1302 284.000000
156 178 282.000000
1144 1145 282.000000
1296 1297 279.000000
1019 10554 277.000000
1070 1071 274.000000
1046 10643 272.000000
286 307 271.000000
299 300 271.000000
300 301 271.000000
301 302 271.000000
302 303 271.000000
303 304 271.000000
304 305 271.000000
305 306 271.000000
306 307 271.000000
142 143 270.000000
143 144 270.000000
144 145 270.000000
145 146 270.000000
1022 10379 269.000000
1022 10863 269.000000
1002 1024 268.000000
1024 10844 263.000000
1041 10689 263.000000
1024 10340 261.000000
1024 10553 261.000000
1066 10998 261.000000
1046 10583 260.000000
1024 10327 259.000000
1024 10561 259.000000
353 354 258.000000
354 355 258.000000
355 356 258.000000
356 357 258.000000
357 358 258.000000
358 359 258.000000
1 10975 257.000000
1000 10586 255.000000
20 21 253.000000
935 957 253.000000
242 264 252.000000
180 202 251.000000
846 847 251.000000
1022 10375 251.000000
315 337 250.000000
1268 1269 250.000000
1269 1270 250.000000
1270 1271 250.000000
1271 1272 250.000000
1272 1273 250.000000
1166 1188 249.000000
1346 1368 248.000000
220 241 243.000000
234 235 243.000000
235 236 243.000000
236 237 243.000000
237 238 243.000000
238 239 243.000000
239 240 243.000000
240 241 243.000000
557 558 243.000000
558 559 243.000000
559 560 243.000000
629 651 241.000000
679 680 241.000000
1022 10976 241.000000
1104 1126 241.000000
154 155 240.000000
154 175 239.000000
169 170 239.000000
170 171 239.000000
171 172 239.000000
172 173 239.000000
173 174 239.000000
174 175 239.000000
188 210 239.000000
604 605 237.000000
1000 10037 237.000000
1064 1086 236.000000
1195 1217 235.000000
1088 10981 234.000000
1000 10970 233.000000
1022 10948 232.000000
751 752 231.000000
1043 10837 231.000000
691 713 228.000000
1019 10254 228.000000
1390 1412 227.000000
1065 10985 225.000000
1132 1154 225.000000
1475 1497 225.000000
1045 10678 224.000000
781 782 221.000000
1078 1079 221.000000
1021 10669 220.000000
816 817 219.000000
1087 10972 219.000000
168 169 217.000000
1022 10696 217.000000
1068 10927 217.000000
1022 10310 216.000000
1562 1583 216.000000
256 278 215.000000
1208 1209 215.000000
383 405 214.000000
322 323 213.000000
323 324 213.000000
324 325 213.000000
325 326 213.000000
326 327 213.000000
327 328 213.000000
426 427 213.000000
427 428 213.000000
428 429 213.000000
244 266 212.000000
308 329 212.000000
328 329 212.000000
980 981 211.000000
981 982 211.000000
1021 10372 209.000000
1021 10435 209.000000
1065 10972 209.000000
1022 10363 208.000000
1022 10920 208.000000
1501 1502 208.000000
295 317 207.000000
1044 10782 207.000000
1065 10868 207.000000
1114 1136 207.000000
1020 10627 206.000000
1022 10782 206.000000
1042 10668 206.000000
1196 1218 206.000000
220 221 205.000000
321 343 205.000000
844 866 205.000000
1568 1569 205.000000
1569 1570 205.000000
1570 1571 205.000000
297 319 203.000000
731 753 203.000000
1065 10730 203.000000
1067 10678 202.000000
71 93 201.000000
103 10557 201.000000
1021 10857 201.000000
1000 10383 200.000000
1000 10438 200.000000
1000 10500 200.000000
1000 10871 200.000000
1021 10910 200.000000
296 318 198.000000
1019 10821 198.000000
1365 1387 198.000000
1013 10276 197.000000
1021 10265 197.000000
1065 10879 197.000000
1258 1280 196.000000
1021 10246 193.000000
1021 10550 193.000000
1045 10561 192.000000
1087 10947 192.000000
1393 1394 192.000000
1044 10488 191.000000
1087 10998 191.000000
1300 1322 191.000000
1047 1048 190.000000
1064 10668 190.000000
343 344 189.000000
344 345 189.000000
345 346 189.000000
346 347 189.000000
347 348 189.000000
348 349 189.000000
349 350 189.000000
1068 10846 188.000000
350 351 187.000000
539 561 187.000000
904 926 187.000000
716 738 184.000000
560 561 182.000000
1020 10421 182.000000
1000 10303 181.000000
1013 10166 181.000000
1045 10844 180.000000
1224 1225 180.000000
1225 1226 180.000000
1226 1227 180.000000
1227 1228 180.000000
1228 1229 180.000000
910 932 179.000000
1022 10489 179.000000
1 1563 178.000000
103 10616 178.000000
800 822 178.000000
572 573 177.000000
572 593 177.000000
573 574 177.000000
253 275 176.000000
1000 10346 176.000000
1067 10995 176.000000
640 641 175.000000
641 642 175.000000
932 954 175.000000
1000 10687 175.000000
1547 1548 175.000000
1548 1549 175.000000
1549 1550 175.000000
1087 10879 174.000000
712 734 173.000000
1000 10175 173.000000
1000 10428 173.000000
1021 10702 173.000000
1045 10553 173.000000
1241 1263 173.000000
24 46 172.000000
1018 10298 172.000000
1087 10924 172.000000
1502 1503 172.000000
822 844 171.000000
1452 1453 171.000000
352 353 170.000000
1000 10996 170.000000
599 600 169.000000
189 211 168.000000
1123 1124 168.000000
1124 1125 168.000000
1125 1126 168.000000
112 134 167.000000
890 891 167.000000
146 168 166.000000
1263 1264 166.000000
1264 1265 166.000000
1265 1266 166.000000
1266 1267 166.000000
1267 1268 166.000000
1306 1307 166.000000
47 69 165.000000
574 575 164.000000
575 576 164.000000
576 577 164.000000
759 781 163.000000
1043 10696 163.000000
1522 1523 163.000000
1000 10163 162.000000
1041 10752 161.000000
891 913 159.000000
913 935 159.000000
146 147 158.000000
817 839 158.000000
1239 1261 158.000000
1021 10347 157.000000
1021 10895 157.000000
1021 10977 156.000000
1000 10351 155.000000
1021 10218 155.000000
686 708 154.000000
1064 10979 154.000000
209 231 153.000000
672 694 153.000000
25 47 152.000000
843 865 152.000000
1043 10733 152.000000
115 116 151.000000
116 117 151.000000
117 118 151.000000
118 119 151.000000
119 120 151.000000
120 121 151.000000
121 122 151.000000
122 123 151.000000
123 124 151.000000
1043 10996 151.000000
713 735 149.000000
755 777 149.000000
1019 10357 149.000000
1035 10898 149.000000
251 273 147.000000
1190 1212 147.000000
114 115 146.000000
1078 1100 146.000000
608 609 144.000000
609 610 144.000000
610 611 144.000000
611 612 144.000000
612 613 144.000000
1043 10857 144.000000
1063 10689 144.000000
1043 10910 142.000000
1084 10901 142.000000
1022 10586 141.000000
1518 1540 141.000000
1000 10837 139.000000
1022 10837 139.000000
1024 10431 139.000000
1061 10788 139.000000
1022 10269 138.000000
1022 10663 138.000000
1027 10378 138.000000
1043 10593 138.000000
1043 10619 138.000000
1022 10244 137.000000
1000 10221 136.000000
1000 10733 136.000000
1063 10850 136.000000
539 540 135.000000
1018 1040 135.000000
1042 10613 135.000000
1151 1173 134.000000
584 606 133.000000
630 631 133.000000
631 632 133.000000
632 633 133.000000
633 634 133.000000
634 635 133.000000
775 797 133.000000
607 608 132.000000
1020 10499 132.000000
1129 1151 132.000000
27 28 130.000000
28 29 130.000000
29 30 130.000000
30 31 130.000000
1018 10842 129.000000
1019 10949 129.000000
540 541 127.000000
1210 1232 126.000000
1089 10927 125.000000
506 507 124.000000
506 527 124.000000
507 508 124.000000
508 509 124.000000
509 510 124.000000
510 511 124.000000
796 818 124.000000
1022 10733 124.000000
155 177 123.000000
1000 10948 123.000000
49 71 122.000000
867 889 122.000000
1035 10932 122.000000
1122 1143 122.000000
233 255 121.000000
535 536 121.000000
598 599 121.000000
778 800 121.000000
1000 10782 121.000000
1019 10811 121.000000
1035 10711 121.000000
1068 1090 121.000000
1367 1389 121.000000
1019 10277 120.000000
1019 10721 120.000000
1019 10955 120.000000
1056 1077 120.000000
1071 1072 120.000000
1072 1073 120.000000
1073 1074 120.000000
1074 1075 120.000000
1075 1076 120.000000
1076 1077 120.000000
1171 1193 120.000000
1523 1524 120.000000
124 125 119.000000
190 191 119.000000
541 542 119.000000
1019 10982 119.000000
1022 10221 119.000000
1023 1045 119.000000
1040 1062 119.000000
1044 10818 119.000000
603 604 118.000000
1066 10818 118.000000
528 529 117.000000
528 549 117.000000
529 530 117.000000
530 531 117.000000
531 532 117.000000
532 533 117.000000
600 601 117.000000
601 602 117.000000
602 603 117.000000
647 669 117.000000
1018 10831 117.000000
1122 1123 117.000000
975 997 115.000000
66 88 114.000000
594 595 114.000000
594 615 114.000000
595 596 114.000000
614 615 114.000000
1022 10351 114.000000
802 824 113.000000
1000 10031 113.000000
1040 10694 113.000000
931 953 112.000000
1021 10271 112.000000
1433 1455 112.000000
947 948 111.000000
1020 10487 111.000000
694 716 110.000000
818 840 110.000000
1088 10995 110.000000
1242 1243 110.000000
1243 1244 110.000000
1244 1245 110.000000
1245 1246 110.000000
276 298 109.000000
561 562 109.000000
781 803 109.000000
1062 10645 109.000000
1062 10808 109.000000
1062 10841 109.000000
1062 10877 109.000000
207 229 108.000000
1022 10346 108.000000
1022 10428 108.000000
133 155 107.000000
492 493 107.000000
493 494 107.000000
494 495 107.000000
953 975 107.000000
1477 1499 107.000000
1 23 106.000000
23 45 106.000000
526 527 106.000000
561 583 106.000000
563 564 106.000000
1000 10029 106.000000
1000 10976 106.000000
1020 10677 106.000000
81 82 105.000000
82 83 105.000000
83 84 105.000000
84 85 105.000000
938 960 105.000000
1062 1084 105.000000
823 845 104.000000
866 888 104.000000
1019 10280 104.000000
1019 10659 104.000000
562 563 103.000000
1041 10982 103.000000
1062 10788 103.000000
187 209 102.000000
477 499 102.000000
635 636 102.000000
1000 10240 101.000000
1000 10920 100.000000
1020 10469 100.000000
1062 10640 100.000000
342 364 99.000000
1022 10239 98.000000
1022 10387 98.000000
1022 10730 98.000000
1022 10972 98.000000
1062 10664 98.000000
1062 10718 98.000000
1062 10965 98.000000
935 936 97.000000
936 937 97.000000
937 938 97.000000
1219 1241 97.000000
319 341 95.000000
888 910 95.000000
1020 10305 95.000000
1022 10996 95.000000
1040 10476 94.000000
957 958 93.000000
958 959 93.000000
959 960 93.000000
495 496 92.000000
496 497 92.000000
497 498 92.000000
498 499 92.000000
625 647 92.000000
887 909 92.000000
1022 10432 92.000000
1022 10475 92.000000
1022 10486 92.000000
1022 10308 91.000000
1022 10879 91.000000
1565 1566 91.000000
1020 10260 90.000000
1022 10868 90.000000
674 675 89.000000
675 676 89.000000
676 677 89.000000
677 678 89.000000
678 679 89.000000
1014 10186 89.000000
93 94 88.000000
94 95 88.000000
95 96 88.000000
96 97 88.000000
97 98 88.000000
98 99 88.000000
100 101 88.000000
101 102 88.000000
287 309 88.000000
446 447 88.000000
1040 10745 88.000000
1062 10777 88.000000
1062 10810 88.000000
1582 1583 88.000000
418 419 87.000000
418 439 87.000000
419 420 87.000000
420 421 87.000000
421 422 87.000000
422 423 87.000000
423 424 87.000000
438 439 87.000000
1000 10269 87.000000
1000 10663 87.000000
1415 1416 87.000000
365 366 86.000000
366 367 86.000000
367 368 86.000000
368 369 86.000000
369 370 86.000000
370 371 86.000000
371 372 86.000000
1013 10835 86.000000
1013 10852 86.000000
824 825 85.000000
1019 10542 85.000000
1020 10713 85.000000
1020 10964 85.000000
1021 10938 85.000000
491 492 83.000000
662 663 83.000000
1013 10944 83.000000
227 249 82.000000
249 271 82.000000
694 695 82.000000
1062 10934 82.000000
1241 1242 82.000000
1303 1325 82.000000
548 549 81.000000
673 674 81.000000
1273 1274 81.000000
490 491 80.000000
651 652 80.000000
652 653 80.000000
653 654 80.000000
654 655 80.000000
655 656 80.000000
656 657 80.000000
1083 1105 80.000000
1236 1258 80.000000
1476 1498 80.000000
343 365 79.000000
234 256 78.000000
556 557 78.000000
1014 10898 78.000000
1022 10774 78.000000
1040 10883 78.000000
1154 1176 78.000000
1328 1350 78.000000
102 103 77.000000
663 664 77.000000
1040 10951 77.000000
1040 10969 77.000000
1256 1278 77.000000
125 147 76.000000
578 579 76.000000
911 933 76.000000
1018 10386 75.000000
1062 10821 75.000000
1000 10337 74.000000
1040 10703 74.000000
1040 10816 74.000000
1040 10848 74.000000
1041 10529 74.000000
1041 10542 74.000000
1041 10554 74.000000
1041 10665 74.000000
1085 1107 74.000000
1040 10902 73.000000
1040 10921 73.000000
1040 10946 72.000000
1085 10850 72.000000
1086 1108 72.000000
1133 1155 72.000000
352 373 71.000000
372 373 71.000000
1063 10694 70.000000
455 477 69.000000
1023 10715 69.000000
1285 1307 69.000000
85 86 68.000000
671 693 68.000000
1043 10868 68.000000
1043 10972 68.000000
1063 10979 68.000000
1175 1197 68.000000
1041 10421 67.000000
1062 10775 67.000000
1062 10783 67.000000
1043 10730 66.000000
1063 1085 66.000000
1159 1160 66.000000
1160 1161 66.000000
1161 1162 66.000000
1162 1163 66.000000
1163 1164 66.000000
452 453 65.000000
453 454 65.000000
454 455 65.000000
1000 1001 65.000000
1001 1002 65.000000
1043 10432 65.000000
1043 10475 65.000000
1043 10486 65.000000
1043 10879 65.000000
1127 1149 65.000000
1041 10469 64.000000
1034 1055 63.000000
1041 1063 63.000000
1049 1050 63.000000
1050 1051 63.000000
1051 1052 63.000000
1052 1053 63.000000
1053 1054 63.000000
1054 1055 63.000000
1061 1083 63.000000
1217 1239 63.000000
1542 1564 63.000000
760 761 61.000000
1012 1033 61.000000
1027 1028 61.000000
1028 1029 61.000000
1029 1030 61.000000
1030 1031 61.000000
1031 1032 61.000000
1032 1033 61.000000
1079 1101 61.000000
1108 1130 61.000000
1136 1137 61.000000
1387 1409 61.000000
605 627 60.000000
1164 1165 60.000000
1279 1301 59.000000
1012 1013 58.000000
1046 10523 58.000000
102 124 57.000000
255 277 57.000000
1005 1027 57.000000
1022 10862 57.000000
1212 1234 57.000000
320 342 56.000000
649 671 56.000000
905 927 56.000000
1014 10878 56.000000
1137 1138 56.000000
1138 1139 56.000000
1139 1140 56.000000
1140 1141 56.000000
1141 1142 56.000000
1179 1180 56.000000
1180 1181 56.000000
1181 1182 56.000000
1182 1183 56.000000
1183 1184 56.000000
1184 1185 56.000000
1185 1186 56.000000
1233 1255 56.000000
1496 1518 56.000000
169 191 55.000000
1259 1281 55.000000
1456 1478 55.000000
202 224 54.000000
592 593 53.000000
779 801 53.000000
1142 1143 53.000000
1188 1210 53.000000
685 686 52.000000
1147 1169 52.000000
208 230 51.000000
687 709 51.000000
735 757 51.000000
974 996 51.000000
1014 10146 51.000000
1123 1145 51.000000
638 639 50.000000
638 659 50.000000
639 640 50.000000
658 659 50.000000
1020 10796 50.000000
1176 1198 50.000000
555 556 49.000000
657 658 49.000000
1000 10188 49.000000
1000 10193 49.000000
1000 10864 49.000000
1000 10968 49.000000
1044 1066 49.000000
512 513 48.000000
737 759 48.000000
1022 10510 48.000000
1048 1049 48.000000
164 186 47.000000
909 931 47.000000
982 983 47.000000
1022 10865 47.000000
1022 10956 47.000000
1043 10763 47.000000
1057 10590 47.000000
1088 1110 47.000000
1546 1547 47.000000
26 48 46.000000
163 185 46.000000
1022 10263 46.000000
1022 10349 46.000000
1022 10638 46.000000
1022 10769 46.000000
1066 10863 46.000000
538 560 45.000000
564 565 45.000000
565 566 45.000000
566 567 45.000000
567 568 45.000000
568 569 45.000000
770 771 45.000000
770 791 45.000000
771 772 45.000000
772 773 45.000000
789 790 45.000000
790 791 45.000000
1018 10934 45.000000
1019 10493 45.000000
1034 1056 45.000000
1041 10618 45.000000
1115 1116 45.000000
1116 1117 45.000000
1117 1118 45.000000
1118 1119 45.000000
1119 1120 45.000000
103 125 44.000000
729 730 44.000000
792 793 44.000000
792 813 44.000000
793 794 44.000000
811 812 44.000000
812 813 44.000000
1018 10380 44.000000
1083 10842 44.000000
424 425 43.000000
429 430 43.000000
511 512 43.000000
954 976 43.000000
956 978 43.000000
27 49 42.000000
206 228 42.000000
330 351 42.000000
946 947 42.000000
946 967 42.000000
960 961 42.000000
961 962 42.000000
962 963 42.000000
963 964 42.000000
964 965 42.000000
965 966 42.000000
966 967 42.000000
1022 10301 42.000000
1022 10824 42.000000
1022 10940 42.000000
1064 10669 42.000000
1114 1115 42.000000
1120 1121 42.000000
1324 1346 42.000000
321 322 41.000000
1013 10406 41.000000
1018 10225 41.000000
1018 10250 41.000000
1018 10450 41.000000
1018 10484 41.000000
1018 10506 41.000000
1018 10568 41.000000
1018 10640 41.000000
1018 10664 41.000000
1018 10718 41.000000
1018 10775 41.000000
1018 10783 41.000000
1018 10965 41.000000
10 10594 40.000000
660 661 40.000000
660 681 40.000000
661 662 40.000000
680 681 40.000000
1018 10505 40.000000
1019 10249 40.000000
1019 10681 40.000000
1019 10694 40.000000
1043 10550 40.000000
1092 1093 40.000000
1093 1094 40.000000
1094 1095 40.000000
1095 1096 40.000000
1096 1097 40.000000
1097 1098 40.000000
1098 1099 40.000000
1499 1521 40.000000
1524 1525 40.000000
1525 1526 40.000000
1526 1527 40.000000
1527 1528 40.000000
338 360 39.000000
504 526 39.000000
1018 10575 39.000000
1018 10788 39.000000
1043 10702 39.000000
425 426 38.000000
534 535 38.000000
613 614 38.000000
1020 10979 38.000000
1043 10895 38.000000
1043 10977 38.000000
1065 10763 38.000000
1065 10894 38.000000
1455 1477 38.000000
651 673 37.000000
1041 10796 37.000000
1043 10769 37.000000
1056 10856 37.000000
1214 1236 37.000000
577 578 36.000000
642 664 36.000000
704 705 36.000000
704 725 36.000000
705 706 36.000000
706 707 36.000000
724 725 36.000000
890 912 36.000000
912 934 36.000000
1022 10789 36.000000
1065 10717 36.000000
1172 1194 36.000000
6 7 35.000000
7 8 35.000000
8 9 35.000000
220 242 35.000000
1000 1022 35.000000
1043 10532 35.000000
1062 10745 35.000000
1083 10831 35.000000
1208 1230 35.000000
527 549 34.000000
1285 1286 34.000000
1286 1287 34.000000
1287 1288 34.000000
1288 1289 34.000000
1289 1290 34.000000
1323 1345 34.000000
1388 1410 34.000000
147 169 33.000000
210 232 33.000000
477 478 33.000000
478 479 33.000000
479 480 33.000000
480 481 33.000000
668 690 33.000000
1022 10237 33.000000
1022 10364 33.000000
1022 10717 33.000000
1022 10894 33.000000
1100 1121 33.000000
1368 1390 33.000000
773 795 32.000000
1000 10182 32.000000
1000 10202 32.000000
1000 10215 32.000000
1000 10453 32.000000
1056 10635 32.000000
1066 10740 32.000000
1066 10886 32.000000
1084 10955 32.000000
308 330 31.000000
600 622 31.000000
794 795 31.000000
1000 10940 31.000000
1044 10502 31.000000
1044 10740 31.000000
1044 10886 31.000000
1065 10857 31.000000
1065 10910 31.000000
1066 10996 31.000000
1086 10977 31.000000
1107 1129 31.000000
294 316 30.000000
1044 10663 30.000000
1086 10895 30.000000
1131 1153 30.000000
1246 1247 30.000000
1247 1248 30.000000
1248 1249 30.000000
1249 1250 30.000000
1250 1251 30.000000
1251 1252 30.000000
1454 1476 30.000000
1497 1519 30.000000
1567 1568 30.000000
416 438 29.000000
804 805 29.000000
805 806 29.000000
806 807 29.000000
807 808 29.000000
808 809 29.000000
809 810 29.000000
810 811 29.000000
1065 10702 29.000000
1065 10895 29.000000
1065 10977 29.000000
1066 10696 29.000000
1137 1159 29.000000
1431 1453 29.000000
839 861 28.000000
1057 10835 28.000000
1057 10852 28.000000
1057 10944 28.000000
1062 10848 28.000000
1063 10752 28.000000
1105 1127 28.000000
533 534 27.000000
616 617 27.000000
616 637 27.000000
617 618 27.000000
636 637 27.000000
868 890 27.000000
1018 10476 27.000000
1018 10703 27.000000
1018 10816 27.000000
1018 10848 27.000000
1018 10902 27.000000
1018 10921 27.000000
1018 10946 27.000000
1018 10883 26.000000
1019 10330 26.000000
1019 10529 26.000000
1019 10665 26.000000
1019 10752 26.000000
1066 10663 26.000000
286 308 25.000000
618 619 25.000000
619 620 25.000000
774 796 25.000000
1018 10256 25.000000
1018 10369 25.000000
1018 10951 25.000000
1018 10969 25.000000
1022 10414 25.000000
1043 10940 25.000000
293 315 24.000000
606 628 24.000000
707 708 23.000000
757 779 23.000000
1000 10184 23.000000
1004 10255 23.000000
1412 1434 23.000000
1430 1452 23.000000
650 672 22.000000
955 977 22.000000
1000 10005 22.000000
1000 10638 22.000000
1506 1528 22.000000
142 164 21.000000
795 817 21.000000
1057 10999 21.000000
1187 1209 21.000000
1302 1324 21.000000
110 132 20.000000
542 543 20.000000
569 570 20.000000
761 762 20.000000
762 763 20.000000
763 764 20.000000
764 765 20.000000
765 766 20.000000
766 767 20.000000
803 804 20.000000
1035 10878 20.000000
1041 10979 20.000000
1043 10789 20.000000
1087 10886 20.000000
1193 1215 20.000000
1459 1460 20.000000
1503 1504 20.000000
1504 1505 20.000000
1505 1506 20.000000
550 551 19.000000
550 571 19.000000
551 552 19.000000
552 553 19.000000
553 554 19.000000
554 555 19.000000
570 571 19.000000
1000 10263 19.000000
1000 10349 19.000000
1000 10769 19.000000
1014 10183 19.000000
1062 10703 19.000000
1062 10816 19.000000
1062 10883 19.000000
1062 10946 19.000000
1062 10949 19.000000
1062 10951 19.000000
1062 10969 19.000000
1063 10665 19.000000
1063 10982 19.000000
1078 1099 19.000000
1186 1208 19.000000
1230 1252 19.000000
67 89 18.000000
115 137 18.000000
372 394 18.000000
394 416 18.000000
409 410 18.000000
410 411 18.000000
470 471 18.000000
471 472 18.000000
472 473 18.000000
620 642 18.000000
952 974 18.000000
1043 10824 18.000000
1062 10902 18.000000
1062 10921 18.000000
1088 10997 18.000000
1115 1137 18.000000
1566 1567 18.000000
20 42 17.000000
563 585 17.000000
564 586 17.000000
990 991 17.000000
1000 10776 17.000000
1002 1003 17.000000
1003 1004 17.000000
1143 1165 17.000000
504 505 16.000000
505 527 16.000000
586 587 16.000000
587 588 16.000000
588 589 16.000000
589 590 16.000000
590 591 16.000000
591 592 16.000000
708 730 16.000000
1005 1006 16.000000
1006 1007 16.000000
1007 1008 16.000000
1008 1009 16.000000
1009 1010 16.000000
1010 1011 16.000000
1018 10949 16.000000
1042 10669 16.000000
1061 10842 16.000000
0 22 15.000000
386 387 15.000000
387 388 15.000000
388 389 15.000000
389 390 15.000000
390 391 15.000000
391 392 15.000000
392 393 15.000000
393 394 15.000000
394 395 15.000000
430 431 15.000000
431 432 15.000000
432 433 15.000000
495 517 15.000000
517 539 15.000000
669 691 15.000000
709 731 15.000000
1013 10286 15.000000
1040 10681 15.000000
1041 10487 15.000000
1041 10627 15.000000
1043 10894 15.000000
448 449 14.000000
449 450 14.000000
450 451 14.000000
451 452 14.000000
562 584 14.000000
730 752 14.000000
860 882 14.000000
930 952 14.000000
1000 10062 14.000000
1004 1005 14.000000
1041 10446 14.000000
1043 10717 14.000000
1045 1067 14.000000
1103 1125 14.000000
1125 1147 14.000000
158 180 13.000000
190 212 13.000000
433 434 13.000000
434 435 13.000000
435 436 13.000000
436 437 13.000000
437 438 13.000000
543 544 13.000000
544 545 13.000000
545 546 13.000000
546 547 13.000000
547 548 13.000000
574 596 13.000000
707 729 13.000000
715 737 13.000000
734 756 13.000000
794 816 13.000000
970 992 13.000000
1039 10450 13.000000
1039 10484 13.000000
1039 10505 13.000000
1039 10506 13.000000
1039 10568 13.000000
1039 10640 13.000000
1039 10664 13.000000
1039 10718 13.000000
1039 10775 13.000000
1039 10783 13.000000
1039 10831 13.000000
1039 10965 13.000000
1040 10821 13.000000
1209 1231 13.000000
221 243 12.000000
272 294 12.000000
299 321 12.000000
382 404 12.000000
586 608 12.000000
846 868 12.000000
1087 1109 12.000000
1164 1186 12.000000
1295 1296 12.000000
1480 1481 12.000000
411 412 11.000000
412 413 11.000000
413 414 11.000000
414 415 11.000000
415 416 11.000000
599 621 11.000000
693 715 11.000000
738 739 11.000000
752 774 11.000000
824 846 11.000000
1013 1035 11.000000
1039 10575 11.000000
1039 10788 11.000000
1046 1068 11.000000
1084 1106 11.000000
1087 10996 11.000000
1090 1112 11.000000
1192 1214 11.000000
1218 1240 11.000000
1000 10489 10.000000
1000 10862 10.000000
1062 10659 10.000000
1062 10721 10.000000
1062 10811 10.000000
1062 10955 10.000000
49 50 9.000000
154 176 9.000000
433 455 9.000000
513 514 9.000000
514 515 9.000000
515 516 9.000000
516 517 9.000000
517 518 9.000000
518 519 9.000000
519 520 9.000000
673 695 9.000000
695 717 9.000000
1013 10449 9.000000
1040 10659 9.000000
1040 10721 9.000000
1040 10811 9.000000
1040 10955 9.000000
1082 1104 9.000000
1084 10982 9.000000
1121 1143 9.000000
1191 1213 9.000000
1299 1321 9.000000
65 87 8.000000
132 154 8.000000
252 274 8.000000
408 409 8.000000
426 448 8.000000
540 562 8.000000
541 563 8.000000
891 892 8.000000
892 893 8.000000
893 894 8.000000
894 916 8.000000
916 938 8.000000
1000 10059 8.000000
1000 10510 8.000000
1000 10774 8.000000
1000 10865 8.000000
1000 10956 8.000000
1039 10407 8.000000
1039 10842 8.000000
1083 10841 8.000000
1083 10877 8.000000
1083 10883 8.000000
1086 10985 8.000000
1144 1166 8.000000
211 233 7.000000
222 244 7.000000
411 433 7.000000
620 621 7.000000
739 740 7.000000
740 741 7.000000
741 742 7.000000
742 743 7.000000
743 744 7.000000
744 745 7.000000
976 998 7.000000
1126 1148 7.000000
0 1562 6.000000
361 383 6.000000
663 685 6.000000
882 904 6.000000
1068 10844 6.000000
1089 1111 6.000000
1142 1164 6.000000
1290 1291 6.000000
1291 1292 6.000000
1292 1293 6.000000
1293 1294 6.000000
1294 1295 6.000000
1343 1365 6.000000
1519 1541 6.000000
1521 1543 6.000000
10 11 5.000000
11 12 5.000000
12 13 5.000000
13 14 5.000000
162 184 5.000000
165 187 5.000000
455 456 5.000000
456 457 5.000000
457 458 5.000000
458 459 5.000000
459 460 5.000000
608 630 5.000000
717 718 5.000000
718 719 5.000000
719 720 5.000000
720 721 5.000000
721 722 5.000000
722 723 5.000000
723 724 5.000000
838 839 5.000000
1040 10949 5.000000
1083 10946 5.000000
1083 10949 5.000000
1083 10951 5.000000
1083 10969 5.000000
1085 10953 5.000000
1522 1544 5.000000
14 15 4.000000
168 190 4.000000
212 234 4.000000
570 592 4.000000
664 686 4.000000
748 749 4.000000
748 769 4.000000
749 750 4.000000
750 751 4.000000
767 768 4.000000
768 769 4.000000
1049 1071 4.000000
1078 10835 4.000000
1078 10852 4.000000
1078 10944 4.000000
1168 1190 4.000000
1229 1230 4.000000
1253 1275 4.000000
1278 1300 4.000000
1391 1413 4.000000
15 37 3.000000
37 59 3.000000
59 81 3.000000
198 220 3.000000
350 372 3.000000
534 556 3.000000
658 680 3.000000
777 799 3.000000
1035 10411 3.000000
1035 10474 3.000000
1057 1079 3.000000
1085 10979 3.000000
1120 1142 3.000000
1149 1171 3.000000
1165 1187 3.000000
1364 1386 3.000000
1386 1408 3.000000
1408 1430 3.000000
1453 1475 3.000000
167 189 2.000000
232 254 2.000000
254 276 2.000000
440 441 2.000000
440 461 2.000000
441 442 2.000000
442 443 2.000000
443 444 2.000000
444 445 2.000000
445 446 2.000000
460 461 2.000000
636 658 2.000000
782 783 2.000000
783 784 2.000000
784 785 2.000000
785 786 2.000000
786 787 2.000000
787 788 2.000000
788 789 2.000000
1012 1034 2.000000
1189 1211 2.000000
1211 1233 2.000000
1339 1340 2.000000
1432 1454 2.000000
1460 1461 2.000000
1461 1462 2.000000
1462 1484 2.000000
1484 1506 2.000000
14 36 1.000000
15 16 1.000000
36 58 1.000000
16 17 1.000000
17 18 1.000000
18 19 1.000000
19 20 1.000000
58 80 1.000000
80 81 1.000000
328 350 1.000000
460 482 1.000000
469 470 1.000000
482 504 1.000000
526 548 1.000000
548 570 1.000000
603 625 1.000000
1035 10999 1.000000
1083 10848 1.000000
1083 10902 1.000000
1083 10921 1.000000
1083 10934 1.000000
1083 10965 1.000000
1148 1170 1.000000
1307 1308 1.000000
1308 1309 1.000000
1309 1310 1.000000
1310 1311 1.000000
1311 1312 1.000000
1312 1313 1.000000
1313 1314 1.000000
1314 1315 1.000000
1315 1316 1.000000
1316 1317 1.000000
1409 1431 1.000000
1435 1457 1.000000
