1190 1191 16361.000000
220 241 14126.000000
220 221 14056.000000
221 222 14056.000000
240 241 13852.000000
1234 1235 12772.000000
222 223 12764.000000
239 240 12109.000000
1189 1190 11663.000000
1058 1059 11569.000000
1403 1404 11402.000000
264 285 11085.000000
284 285 11085.000000
264 265 10997.000000
265 266 10922.000000
1233 1234 10836.000000
1036 1037 10804.000000
1232 1233 10678.000000
1404 1405 10525.000000
1277 1278 10380.000000
970 971 10000.000000
1255 1256 9829.000000
1211 1212 9693.000000
1276 1277 9544.000000
971 972 9543.000000
1188 1189 9365.000000
1254 1255 9312.000000
1405 1406 9054.000000
1272 1273 9039.000000
1059 1060 8940.000000
1278 1279 8895.000000
107 108 8855.000000
1270 1271 8694.000000
1271 1272 8694.000000
1212 1213 8639.000000
1232 1253 8530.000000
18 19 8429.000000
242 243 8395.000000
243 244 8395.000000
1188 1209 8357.000000
1057 1058 8317.000000
242 263 8307.000000
262 263 8307.000000
902 923 8076.000000
922 923 8076.000000
969 970 8048.000000
1273 1274 8010.000000
17 18 7896.000000
1276 1297 7889.000000
1254 1275 7838.000000
1191 1192 7824.000000
283 284 7799.000000
1274 1275 7787.000000
266 267 7758.000000
16 17 7696.000000
223 224 7635.000000
19 20 7627.000000
1014 1015 7451.000000
1299 1300 7390.000000
1210 1211 7333.000000
1034 1035 7224.000000
150 151 7112.000000
1035 1036 7103.000000
261 262 7006.000000
1294 1295 6793.000000
1292 1293 6753.000000
1056 1057 6691.000000
1295 1296 6470.000000
921 922 6440.000000
1293 1294 6440.000000
836 857 6366.000000
836 837 6303.000000
1296 1297 6290.000000
993 994 6154.000000
151 152 6112.000000
1386 1387 5955.000000
1406 1407 5953.000000
267 268 5942.000000
1386 1407 5833.000000
1269 1270 5709.000000
992 993 5620.000000
194 195 5587.000000
880 901 5578.000000
880 881 5542.000000
924 945 5535.000000
944 945 5535.000000
924 925 5516.000000
1146 1147 5460.000000
1298 1319 5429.000000
1015 1016 5400.000000
1298 1299 5386.000000
972 973 5384.000000
310 311 5376.000000
882 883 5356.000000
902 903 5342.000000
920 921 5324.000000
1103 1104 5318.000000
1447 1448 5318.000000
308 329 5069.000000
328 329 5069.000000
1448 1449 5049.000000
968 989 5047.000000
988 989 5047.000000
286 287 4953.000000
926 927 4953.000000
308 309 4943.000000
286 307 4827.000000
305 306 4827.000000
306 307 4827.000000
900 901 4800.000000
128 129 4774.000000
1145 1146 4745.000000
20 21 4730.000000
309 310 4652.000000
1079 1080 4620.000000
858 859 4581.000000
991 992 4565.000000
1013 1014 4556.000000
858 879 4545.000000
878 879 4545.000000
903 904 4531.000000
1210 1231 4517.000000
1080 1081 4515.000000
1060 1061 4504.000000
1291 1292 4498.000000
1052 1053 4474.000000
1053 1054 4474.000000
1054 1055 4474.000000
1101 1102 4462.000000
288 289 4424.000000
311 312 4371.000000
1338 1339 4322.000000
968 969 4286.000000
198 199 4269.000000
199 200 4269.000000
1147 1148 4256.000000
1318 1319 4230.000000
1336 1337 4203.000000
198 219 4199.000000
218 219 4199.000000
268 269 4193.000000
685 686 4160.000000
244 245 4140.000000
925 926 4107.000000
1321 1322 4044.000000
176 177 4035.000000
176 197 4035.000000
177 178 4035.000000
178 179 4035.000000
196 197 4026.000000
238 239 3987.000000
217 218 3979.000000
1102 1103 3975.000000
375 376 3917.000000
1320 1321 3843.000000
1123 1124 3812.000000
1493 1494 3776.000000
987 988 3754.000000
1339 1340 3726.000000
106 107 3676.000000
1100 1101 3652.000000
1320 1341 3646.000000
1340 1341 3641.000000
172 173 3632.000000
1104 1105 3623.000000
814 815 3618.000000
1256 1257 3589.000000
814 835 3555.000000
1124 1125 3545.000000
1061 1062 3525.000000
1074 1075 3512.000000
1075 1076 3512.000000
1076 1077 3512.000000
1252 1253 3491.000000
1168 1169 3480.000000
195 196 3464.000000
1056 1077 3461.000000
972 994 3400.000000
1335 1336 3365.000000
1337 1338 3358.000000
151 173 3339.000000
856 857 3253.000000
1449 1450 3253.000000
1078 1079 3248.000000
353 354 3218.000000
352 353 3209.000000
352 373 3209.000000
371 372 3209.000000
372 373 3209.000000
1034 1055 3209.000000
881 882 3201.000000
1191 1213 3187.000000
1166 1167 3170.000000
1037 1038 3120.000000
837 838 3115.000000
1144 1145 3111.000000
312 313 3098.000000
834 835 3097.000000
108 109 3065.000000
193 194 3064.000000
990 991 3064.000000
287 288 3027.000000
354 355 2985.000000
1515 1516 2981.000000
682 683 2936.000000
683 684 2936.000000
684 685 2936.000000
40 41 2901.000000
39 40 2886.000000
1208 1209 2881.000000
1051 1052 2876.000000
1167 1168 2865.000000
943 944 2815.000000
792 813 2780.000000
617 618 2777.000000
618 619 2777.000000
619 620 2775.000000
792 793 2770.000000
245 246 2751.000000
620 621 2741.000000
63 64 2732.000000
1558 1559 2727.000000
899 900 2696.000000
281 282 2694.000000
171 172 2686.000000
1125 1126 2663.000000
1450 1451 2655.000000
216 217 2638.000000
1492 1493 2613.000000
1081 1082 2589.000000
707 708 2579.000000
793 794 2553.000000
1316 1317 2532.000000
259 260 2528.000000
107 129 2523.000000
282 283 2518.000000
1166 1187 2485.000000
1491 1492 2485.000000
1426 1427 2476.000000
855 856 2472.000000
1360 1361 2466.000000
1213 1214 2455.000000
877 878 2453.000000
289 290 2451.000000
1364 1385 2440.000000
1430 1451 2425.000000
1317 1318 2389.000000
838 839 2388.000000
812 813 2364.000000
1364 1365 2360.000000
397 398 2356.000000
708 709 2353.000000
833 834 2346.000000
1361 1362 2342.000000
1122 1143 2331.000000
1359 1360 2311.000000
64 86 2270.000000
260 261 2266.000000
1122 1123 2248.000000
61 62 2235.000000
1315 1316 2224.000000
1428 1429 2221.000000
904 905 2197.000000
1229 1230 2196.000000
1559 1560 2196.000000
860 861 2194.000000
859 860 2170.000000
1427 1428 2133.000000
303 304 2131.000000
195 217 2129.000000
42 43 2120.000000
1536 1537 2113.000000
84 85 2111.000000
1365 1366 2110.000000
224 225 2109.000000
304 305 2109.000000
1537 1538 2107.000000
1015 1037 2100.000000
1118 1119 2092.000000
1119 1120 2092.000000
1120 1121 2092.000000
1226 1227 2092.000000
1227 1228 2092.000000
1228 1229 2092.000000
1342 1343 2090.000000
41 42 2082.000000
1342 1363 2082.000000
330 331 2081.000000
330 351 2081.000000
349 350 2081.000000
350 351 2081.000000
947 948 2074.000000
127 128 2070.000000
108 130 2069.000000
15 16 2063.000000
883 884 2062.000000
129 130 2056.000000
225 226 2044.000000
1382 1383 2044.000000
1082 1083 2030.000000
1557 1558 2030.000000
290 291 2009.000000
709 710 2004.000000
302 303 1996.000000
247 248 1987.000000
1535 1536 1987.000000
246 247 1974.000000
621 643 1970.000000
839 840 1961.000000
173 174 1955.000000
1470 1471 1946.000000
1472 1473 1939.000000
1384 1385 1935.000000
0 21 1931.000000
1314 1315 1927.000000
1205 1206 1925.000000
1206 1207 1925.000000
1248 1249 1921.000000
1249 1250 1919.000000
38 39 1909.000000
1207 1208 1908.000000
1230 1231 1888.000000
1105 1106 1878.000000
1117 1118 1874.000000
1534 1535 1860.000000
1095 1096 1857.000000
1096 1097 1857.000000
1097 1098 1857.000000
1098 1099 1857.000000
60 61 1851.000000
327 328 1849.000000
377 378 1845.000000
200 201 1839.000000
1144 1165 1839.000000
986 987 1838.000000
1192 1193 1832.000000
789 790 1807.000000
1362 1363 1798.000000
1469 1470 1797.000000
85 86 1793.000000
62 63 1786.000000
248 249 1770.000000
311 333 1758.000000
1250 1251 1745.000000
224 246 1740.000000
125 126 1738.000000
126 127 1738.000000
1225 1226 1738.000000
194 216 1734.000000
346 347 1728.000000
1251 1252 1728.000000
269 270 1712.000000
927 928 1695.000000
817 818 1658.000000
398 399 1641.000000
1038 1039 1639.000000
1516 1517 1613.000000
269 291 1607.000000
1490 1491 1605.000000
1169 1170 1598.000000
326 327 1588.000000
103 104 1582.000000
104 105 1582.000000
1268 1269 1579.000000
1383 1384 1571.000000
686 687 1569.000000
267 289 1565.000000
325 326 1552.000000
1494 1495 1543.000000
1313 1314 1542.000000
347 348 1513.000000
348 349 1513.000000
816 817 1513.000000
331 332 1511.000000
376 377 1476.000000
291 292 1469.000000
355 356 1469.000000
1538 1539 1461.000000
270 271 1453.000000
1008 1009 1438.000000
124 125 1436.000000
861 862 1427.000000
1471 1472 1411.000000
1343 1344 1410.000000
356 357 1409.000000
333 334 1393.000000
105 106 1384.000000
1247 1248 1358.000000
815 816 1357.000000
1039 1040 1348.000000
948 949 1342.000000
876 877 1336.000000
1060 1082 1323.000000
621 622 1304.000000
226 227 1298.000000
222 244 1292.000000
1387 1388 1291.000000
946 967 1286.000000
965 966 1286.000000
966 967 1286.000000
1408 1429 1286.000000
357 358 1281.000000
332 333 1266.000000
1474 1495 1265.000000
462 463 1264.000000
59 60 1252.000000
102 103 1236.000000
37 38 1226.000000
773 774 1223.000000
1148 1149 1220.000000
398 420 1197.000000
1514 1515 1192.000000
704 705 1161.000000
705 706 1161.000000
770 771 1159.000000
771 772 1159.000000
964 965 1157.000000
729 730 1152.000000
1009 1010 1152.000000
1010 1011 1152.000000
770 791 1149.000000
664 665 1134.000000
665 666 1132.000000
358 359 1130.000000
706 707 1123.000000
1378 1379 1106.000000
1379 1380 1106.000000
1380 1381 1106.000000
271 272 1104.000000
811 812 1101.000000
1408 1409 1096.000000
313 314 1089.000000
1126 1127 1089.000000
1078 1099 1081.000000
217 239 1080.000000
1012 1013 1058.000000
1452 1473 1045.000000
622 623 1036.000000
746 747 1031.000000
399 400 1024.000000
1452 1453 1021.000000
1150 1151 1020.000000
1151 1152 1020.000000
401 402 1017.000000
147 148 1015.000000
148 149 1015.000000
1149 1150 1013.000000
463 464 1004.000000
1073 1074 1002.000000
751 752 999.000000
752 753 999.000000
292 293 991.000000
942 943 991.000000
1170 1171 988.000000
130 152 985.000000
1334 1335 985.000000
1036 10796 982.000000
1139 1140 979.000000
1140 1141 979.000000
1141 1142 979.000000
687 688 975.000000
726 727 973.000000
727 728 973.000000
790 791 964.000000
1559 1581 962.000000
1204 1205 957.000000
946 947 955.000000
724 725 950.000000
1186 1187 950.000000
726 747 949.000000
1161 1162 945.000000
1162 1163 945.000000
1163 1164 945.000000
710 711 944.000000
81 82 940.000000
152 153 938.000000
774 775 938.000000
1430 1431 929.000000
772 773 921.000000
1012 1033 915.000000
1030 1031 915.000000
1031 1032 915.000000
1032 1033 915.000000
179 180 914.000000
185 186 908.000000
186 187 908.000000
187 188 908.000000
188 189 908.000000
189 190 908.000000
190 191 908.000000
191 192 908.000000
192 193 908.000000
314 315 906.000000
1322 1323 906.000000
658 659 902.000000
839 861 901.000000
1164 1165 896.000000
400 401 895.000000
840 841 893.000000
1235 1236 885.000000
146 147 883.000000
149 150 882.000000
1016 1017 882.000000
19 41 881.000000
82 83 879.000000
1147 1169 876.000000
638 659 873.000000
83 84 869.000000
1013 10703 867.000000
623 624 865.000000
730 731 862.000000
704 725 856.000000
1057 10659 838.000000
1235 1257 838.000000
1100 1121 837.000000
227 228 836.000000
223 245 835.000000
643 644 827.000000
1278 1300 827.000000
316 317 823.000000
317 318 823.000000
318 319 823.000000
319 320 823.000000
320 321 823.000000
321 322 823.000000
322 323 823.000000
323 324 823.000000
1214 1215 821.000000
335 336 816.000000
173 195 812.000000
179 201 811.000000
1560 1561 810.000000
1017 1018 807.000000
660 661 804.000000
661 662 804.000000
662 663 804.000000
1215 1216 801.000000
1216 1217 801.000000
663 664 800.000000
795 796 787.000000
818 819 784.000000
1061 1083 784.000000
62 84 778.000000
794 795 777.000000
883 905 771.000000
259 281 765.000000
1381 1382 763.000000
324 325 756.000000
748 749 752.000000
749 750 752.000000
728 729 738.000000
685 707 736.000000
753 754 729.000000
1224 1225 728.000000
1556 1557 727.000000
312 334 724.000000
644 645 720.000000
1094 1095 716.000000
666 667 705.000000
1017 1039 704.000000
796 797 703.000000
1409 1410 702.000000
1234 1256 699.000000
1356 1357 698.000000
1357 1358 698.000000
1358 1359 698.000000
971 993 697.000000
1083 1084 692.000000
334 335 690.000000
1183 1184 689.000000
1184 1185 689.000000
1185 1186 689.000000
1039 10561 685.000000
141 142 683.000000
142 143 683.000000
143 144 683.000000
144 145 683.000000
145 146 683.000000
1312 1313 683.000000
1104 1126 669.000000
1142 1143 668.000000
258 259 664.000000
1496 1517 660.000000
419 420 659.000000
201 202 657.000000
642 643 654.000000
1040 1041 654.000000
280 281 651.000000
1193 1194 647.000000
1194 1195 647.000000
1195 1196 647.000000
150 172 645.000000
1381 1403 634.000000
682 703 631.000000
129 151 622.000000
123 124 621.000000
595 596 621.000000
596 597 621.000000
597 598 621.000000
1540 1561 610.000000
250 251 608.000000
251 252 608.000000
252 253 608.000000
253 254 608.000000
254 255 608.000000
255 256 608.000000
256 257 608.000000
257 258 608.000000
1290 1291 603.000000
0 10911 595.000000
1182 1183 591.000000
1058 10953 590.000000
420 421 579.000000
237 238 568.000000
1203 1204 568.000000
86 87 558.000000
0 10069 557.000000
1018 1040 555.000000
1269 1291 553.000000
41 63 548.000000
1181 1182 548.000000
336 337 547.000000
1062 1084 543.000000
660 681 537.000000
80 81 533.000000
303 325 515.000000
152 174 513.000000
750 751 513.000000
402 424 511.000000
119 141 510.000000
1106 1107 505.000000
1107 1108 505.000000
324 346 503.000000
272 273 499.000000
273 274 499.000000
274 275 499.000000
275 276 499.000000
276 277 499.000000
277 278 499.000000
278 279 499.000000
279 280 499.000000
119 120 498.000000
120 121 498.000000
121 122 498.000000
122 123 498.000000
1014 10330 492.000000
64 65 489.000000
163 164 489.000000
164 165 489.000000
165 166 489.000000
166 167 489.000000
167 168 489.000000
168 169 489.000000
169 170 489.000000
170 171 489.000000
1196 1197 489.000000
22 23 486.000000
23 24 486.000000
24 25 486.000000
1116 1117 483.000000
748 769 480.000000
1513 1514 480.000000
180 181 477.000000
181 182 477.000000
1518 1539 474.000000
182 183 470.000000
183 184 470.000000
927 949 468.000000
1057 10901 467.000000
1425 1426 465.000000
1083 10927 463.000000
656 657 456.000000
657 658 456.000000
36 37 445.000000
172 194 444.000000
794 816 441.000000
1016 1038 440.000000
1064 1065 440.000000
180 202 438.000000
1083 10846 436.000000
315 316 433.000000
702 703 425.000000
354 376 417.000000
1337 1359 415.000000
229 230 407.000000
230 231 407.000000
231 232 407.000000
232 233 407.000000
233 234 407.000000
234 235 407.000000
235 236 407.000000
1013 10777 407.000000
1084 1085 401.000000
1085 1086 401.000000
898 899 399.000000
1062 1063 399.000000
1063 1064 399.000000
107 10996 398.000000
216 238 397.000000
1059 10985 397.000000
0 10767 396.000000
369 370 393.000000
370 371 393.000000
1014 10529 392.000000
964 986 390.000000
768 769 386.000000
215 216 381.000000
236 237 380.000000
378 379 379.000000
1037 10730 378.000000
309 331 373.000000
1035 10982 369.000000
280 302 367.000000
1013 10331 364.000000
1160 1161 364.000000
1316 1338 363.000000
205 206 358.000000
107 10730 357.000000
268 290 355.000000
1008 10878 355.000000
97 98 351.000000
98 99 351.000000
100 101 351.000000
101 102 351.000000
315 337 345.000000
688 689 340.000000
816 838 340.000000
1056 1078 340.000000
204 205 337.000000
731 732 336.000000
444 445 334.000000
445 446 334.000000
402 403 329.000000
1079 10850 329.000000
106 128 327.000000
206 207 327.000000
207 208 327.000000
208 209 327.000000
209 210 327.000000
210 211 327.000000
211 212 327.000000
212 213 327.000000
213 214 327.000000
214 215 326.000000
202 203 324.000000
203 204 324.000000
107 10972 322.000000
421 422 322.000000
1217 1218 320.000000
1016 10163 318.000000
1014 10487 317.000000
1197 1198 316.000000
1198 1199 316.000000
1199 1200 316.000000
1200 1201 316.000000
1201 1202 316.000000
443 444 315.000000
1293 1315 315.000000
1580 1581 315.000000
1030 10449 313.000000
1030 10999 313.000000
107 10763 310.000000
107 10895 310.000000
107 10879 309.000000
464 465 308.000000
465 466 308.000000
466 467 308.000000
1016 10351 308.000000
1037 10432 308.000000
1037 10475 308.000000
1037 10486 308.000000
1037 10972 308.000000
1254 1276 307.000000
530 531 304.000000
531 532 304.000000
532 533 304.000000
641 642 302.000000
1138 1139 302.000000
227 249 296.000000
249 250 295.000000
379 380 295.000000
1202 1203 294.000000
1148 1170 293.000000
1322 1344 288.000000
638 639 287.000000
639 640 287.000000
640 641 287.000000
616 617 285.000000
1471 1493 285.000000
1062 10844 284.000000
598 599 283.000000
1040 10455 281.000000
1512 1513 281.000000
622 644 280.000000
1040 10643 280.000000
1189 1211 280.000000
14 15 278.000000
44 65 274.000000
1190 1212 274.000000
1013 10821 273.000000
103 10626 272.000000
304 326 272.000000
422 423 271.000000
1018 1019 270.000000
1019 1020 270.000000
291 313 269.000000
1051 10835 269.000000
1051 10852 269.000000
1008 1030 268.000000
1051 10944 268.000000
107 10868 267.000000
106 10776 261.000000
1060 10609 261.000000
1383 1405 261.000000
1038 10502 260.000000
105 127 259.000000
1082 10997 259.000000
102 10224 254.000000
374 375 254.000000
374 395 254.000000
391 392 254.000000
392 393 254.000000
393 394 254.000000
394 395 254.000000
717 718 252.000000
1579 1580 251.000000
1008 10186 249.000000
102 10651 248.000000
1241 1242 247.000000
1242 1243 247.000000
1243 1244 247.000000
1244 1245 247.000000
1245 1246 247.000000
102 10418 246.000000
1060 10924 245.000000
1014 10618 244.000000
1052 10898 244.000000
1058 1080 243.000000
333 355 242.000000
881 903 241.000000
1052 1074 241.000000
22 43 240.000000
377 399 240.000000
1037 10638 239.000000
819 820 238.000000
18 40 237.000000
1078 10883 237.000000
1366 1367 237.000000
1037 10789 236.000000
1059 10938 236.000000
1060 10818 233.000000
1060 10863 233.000000
1037 10769 232.000000
797 798 231.000000
837 859 231.000000
1037 10532 231.000000
1008 10898 230.000000
1037 10940 230.000000
1015 10189 229.000000
1037 10414 228.000000
310 332 227.000000
1037 10868 227.000000
1037 10879 227.000000
1056 10841 227.000000
290 312 226.000000
1059 10613 226.000000
1014 10559 225.000000
1060 10600 225.000000
1058 10677 224.000000
1037 10387 220.000000
1377 1378 219.000000
1037 10763 218.000000
1037 10895 218.000000
666 688 217.000000
793 815 217.000000
1037 10372 217.000000
1037 10426 217.000000
1037 10593 217.000000
1037 10619 217.000000
102 10402 216.000000
1040 10523 215.000000
1123 1145 215.000000
1038 10996 213.000000
294 295 212.000000
295 296 212.000000
296 297 212.000000
297 298 212.000000
298 299 212.000000
299 300 212.000000
300 301 212.000000
301 302 212.000000
1015 10435 209.000000
1060 10696 209.000000
1236 1237 207.000000
289 311 206.000000
1257 1258 206.000000
1258 1259 206.000000
1259 1260 206.000000
1260 1261 206.000000
1261 1262 206.000000
302 324 205.000000
533 534 205.000000
534 535 205.000000
535 536 205.000000
882 904 204.000000
1015 10393 203.000000
1015 10253 202.000000
1034 10509 202.000000
106 10782 201.000000
106 10948 201.000000
573 574 201.000000
574 575 201.000000
575 576 201.000000
775 776 201.000000
929 951 201.000000
1108 1109 201.000000
506 507 198.000000
1213 1235 198.000000
1007 1008 197.000000
1051 10590 197.000000
358 380 196.000000
441 442 196.000000
928 929 196.000000
1246 1247 196.000000
1036 10925 195.000000
1128 1129 194.000000
1129 1130 194.000000
1015 10669 193.000000
106 10871 192.000000
106 10920 192.000000
1055 10568 192.000000
1149 1171 192.000000
368 369 191.000000
1059 10894 190.000000
1007 10406 189.000000
1081 10977 189.000000
1038 10886 187.000000
925 947 186.000000
1008 10217 184.000000
337 338 183.000000
338 339 183.000000
339 340 183.000000
340 341 183.000000
341 342 183.000000
342 343 183.000000
343 344 183.000000
344 345 183.000000
345 346 183.000000
1038 10740 183.000000
107 10818 182.000000
107 10863 182.000000
109 10952 182.000000
576 577 182.000000
665 687 182.000000
294 316 180.000000
1127 1128 180.000000
1300 1301 180.000000
587 588 179.000000
588 589 179.000000
589 590 179.000000
590 591 179.000000
591 592 179.000000
592 593 179.000000
1037 10977 179.000000
1360 1382 179.000000
645 646 178.000000
1021 1043 178.000000
1311 1312 178.000000
1404 1426 178.000000
107 10886 177.000000
388 389 177.000000
1270 1292 177.000000
381 382 176.000000
382 383 176.000000
383 384 176.000000
384 385 176.000000
385 386 176.000000
386 387 176.000000
387 388 176.000000
103 10784 175.000000
1250 1272 174.000000
1020 1021 173.000000
1237 1238 172.000000
1238 1239 172.000000
1239 1240 172.000000
1240 1241 172.000000
335 357 171.000000
1496 1497 170.000000
905 906 169.000000
1037 10894 169.000000
702 724 168.000000
107 10924 167.000000
791 813 167.000000
1034 1056 166.000000
646 647 165.000000
647 648 165.000000
648 649 165.000000
649 650 165.000000
650 651 165.000000
1137 1138 165.000000
226 248 164.000000
1016 10414 164.000000
1035 10487 164.000000
1058 10669 164.000000
1016 10184 163.000000
1016 10221 163.000000
1016 10940 163.000000
1081 10818 163.000000
1081 10863 163.000000
1262 1263 163.000000
1263 1264 163.000000
1264 1265 163.000000
1265 1266 163.000000
1266 1267 163.000000
247 269 162.000000
969 991 162.000000
1016 10239 162.000000
1016 10387 162.000000
1060 10638 162.000000
926 948 160.000000
1034 10645 160.000000
835 857 159.000000
1062 10643 159.000000
193 215 158.000000
271 293 158.000000
1041 1042 158.000000
1042 1043 158.000000
1059 10879 158.000000
577 599 157.000000
65 87 156.000000
1035 10979 156.000000
1057 1079 155.000000
106 10976 154.000000
1059 10593 154.000000
1059 10619 154.000000
1081 10886 154.000000
325 347 152.000000
396 397 152.000000
396 417 152.000000
413 414 152.000000
414 415 152.000000
415 416 152.000000
416 417 152.000000
678 679 151.000000
679 680 151.000000
1016 10776 151.000000
1578 1579 151.000000
106 10824 149.000000
1081 10924 149.000000
745 746 147.000000
1013 10256 147.000000
1057 10821 146.000000
1386 1408 146.000000
106 10789 145.000000
1016 10868 145.000000
1474 1475 143.000000
380 381 140.000000
1016 10489 140.000000
1059 10717 140.000000
237 259 136.000000
861 883 136.000000
951 973 136.000000
1015 10938 136.000000
1034 10821 136.000000
1037 10702 136.000000
1059 10763 136.000000
1059 10895 136.000000
652 653 135.000000
653 654 135.000000
654 655 135.000000
655 656 135.000000
1016 10920 135.000000
1072 1073 135.000000
674 675 134.000000
675 676 134.000000
676 677 134.000000
677 678 134.000000
1059 10702 134.000000
63 85 133.000000
1038 10428 133.000000
1050 1051 133.000000
1446 1447 133.000000
40 62 132.000000
184 185 132.000000
1036 10964 132.000000
1035 10796 131.000000
1012 10407 130.000000
1059 10977 130.000000
1170 1192 130.000000
1319 1341 130.000000
1015 10260 129.000000
1078 10969 129.000000
1083 10844 129.000000
1095 10999 129.000000
245 267 128.000000
390 391 128.000000
1016 10865 127.000000
1016 10956 127.000000
1036 10669 127.000000
1272 1294 127.000000
1296 1318 127.000000
106 10663 126.000000
286 308 126.000000
1016 10586 126.000000
1058 10964 126.000000
380 402 125.000000
59 81 123.000000
293 315 123.000000
1013 10752 123.000000
355 377 122.000000
1013 10270 122.000000
1035 10421 122.000000
1060 10996 122.000000
1016 10774 121.000000
1072 10856 120.000000
1078 10946 120.000000
1186 1208 120.000000
667 668 119.000000
1013 10369 119.000000
1013 10384 119.000000
1016 10510 119.000000
1016 10862 119.000000
536 558 118.000000
174 196 116.000000
616 637 116.000000
833 855 116.000000
1014 10190 116.000000
1034 10450 116.000000
1034 10783 116.000000
423 424 115.000000
1037 10550 115.000000
1037 10717 115.000000
1101 1123 115.000000
1406 1428 115.000000
288 310 114.000000
533 555 114.000000
1081 10996 114.000000
1016 10733 113.000000
1016 10837 113.000000
1034 10484 113.000000
1034 10505 113.000000
1034 10506 113.000000
1034 10775 113.000000
1036 10950 113.000000
154 155 112.000000
154 175 112.000000
155 156 112.000000
156 157 112.000000
623 645 112.000000
1015 10287 112.000000
1230 1252 112.000000
0 1 111.000000
1 2 111.000000
2 3 111.000000
3 4 111.000000
536 537 111.000000
1013 10816 111.000000
1013 10951 111.000000
601 602 110.000000
1014 10665 110.000000
1014 10713 110.000000
1014 10752 110.000000
1016 10364 110.000000
599 600 109.000000
600 601 109.000000
994 995 109.000000
1051 10531 109.000000
1427 1449 109.000000
1056 10831 108.000000
1074 10878 108.000000
174 175 107.000000
1038 10715 107.000000
1015 10366 106.000000
1057 10982 106.000000
228 229 105.000000
313 335 105.000000
1470 1492 105.000000
238 260 104.000000
1012 10167 104.000000
1255 1277 104.000000
1014 10446 103.000000
1020 10255 103.000000
1056 10575 103.000000
1056 10640 103.000000
1056 10842 103.000000
0 10794 102.000000
0 10826 102.000000
106 10638 102.000000
718 719 102.000000
719 720 102.000000
720 721 102.000000
721 722 102.000000
722 723 102.000000
1012 10476 102.000000
1059 10857 102.000000
0 10963 101.000000
157 158 101.000000
651 652 101.000000
750 772 101.000000
772 794 101.000000
1057 10721 101.000000
158 159 100.000000
159 160 100.000000
160 161 100.000000
161 162 100.000000
293 294 100.000000
1056 10788 100.000000
37 59 99.000000
565 566 99.000000
566 567 99.000000
567 568 99.000000
568 569 99.000000
569 570 99.000000
570 571 99.000000
1013 10810 99.000000
1059 10910 99.000000
1226 1248 99.000000
680 681 98.000000
1183 1205 98.000000
1014 10542 97.000000
1035 10618 97.000000
108 10873 96.000000
551 552 96.000000
552 553 96.000000
553 554 96.000000
554 555 96.000000
812 834 96.000000
1014 10680 96.000000
1016 10894 96.000000
1034 10841 96.000000
1225 1247 96.000000
109 10963 95.000000
240 262 95.000000
246 268 95.000000
381 403 95.000000
1060 10740 95.000000
1274 1296 95.000000
905 927 94.000000
1013 10946 94.000000
1013 10969 94.000000
1014 10964 94.000000
995 996 93.000000
1472 1494 93.000000
1056 10664 92.000000
1056 10718 92.000000
1056 10568 91.000000
1056 10965 91.000000
1231 1253 91.000000
108 10930 90.000000
1036 10713 90.000000
1102 1124 90.000000
1016 10550 89.000000
1034 10380 89.000000
1034 10603 89.000000
1034 10808 89.000000
1034 10877 89.000000
1034 10934 89.000000
1037 1059 89.000000
1057 10681 89.000000
1295 1317 89.000000
242 264 88.000000
860 882 88.000000
1014 10315 88.000000
1051 10878 88.000000
163 185 87.000000
1014 10941 87.000000
1060 10886 87.000000
838 860 86.000000
1058 10979 86.000000
1536 1558 86.000000
624 625 85.000000
625 626 85.000000
626 627 85.000000
627 628 85.000000
628 629 85.000000
629 630 85.000000
796 818 84.000000
1014 10922 84.000000
1034 10476 84.000000
1034 10848 84.000000
1034 10921 84.000000
1581 1582 84.000000
0 10295 83.000000
412 413 83.000000
949 950 83.000000
950 951 83.000000
996 997 83.000000
997 998 83.000000
1013 10357 83.000000
1013 10949 83.000000
1034 10902 83.000000
1035 10694 83.000000
75 97 82.000000
287 309 82.000000
711 712 82.000000
712 713 82.000000
713 714 82.000000
714 715 82.000000
715 716 82.000000
716 717 82.000000
1109 1110 82.000000
1110 1111 82.000000
1111 1112 82.000000
1112 1113 82.000000
1113 1114 82.000000
1114 1115 82.000000
75 76 81.000000
76 77 81.000000
77 78 81.000000
78 79 81.000000
418 439 81.000000
432 433 81.000000
433 434 81.000000
434 435 81.000000
435 436 81.000000
436 437 81.000000
437 438 81.000000
438 439 81.000000
1035 10493 81.000000
1277 1299 81.000000
132 133 80.000000
132 153 80.000000
133 134 80.000000
134 135 80.000000
762 763 80.000000
763 764 80.000000
764 765 80.000000
765 766 80.000000
766 767 80.000000
1016 10789 80.000000
1035 10554 80.000000
1014 10627 79.000000
1034 10883 79.000000
1126 1148 79.000000
420 442 78.000000
1171 1172 78.000000
1172 1173 78.000000
1173 1174 78.000000
1275 1297 78.000000
403 404 77.000000
404 405 77.000000
405 406 77.000000
406 407 77.000000
407 408 77.000000
408 409 77.000000
409 410 77.000000
442 464 77.000000
663 685 77.000000
668 669 77.000000
669 670 77.000000
670 671 77.000000
671 672 77.000000
672 673 77.000000
710 732 77.000000
1013 10254 77.000000
1143 1165 77.000000
878 900 76.000000
970 992 76.000000
1016 10717 76.000000
1078 1100 76.000000
1115 1116 76.000000
1279 1280 76.000000
1280 1281 76.000000
1281 1282 76.000000
1282 1283 76.000000
1283 1284 76.000000
265 287 75.000000
1124 1146 75.000000
564 565 74.000000
1065 1066 74.000000
1066 1067 74.000000
1067 1068 74.000000
1068 1069 74.000000
1069 1070 74.000000
1070 1071 74.000000
1071 1072 74.000000
1078 10949 74.000000
1087 1088 74.000000
1088 1089 74.000000
1089 1090 74.000000
1090 1091 74.000000
1091 1092 74.000000
1092 1093 74.000000
1093 1094 74.000000
1014 10283 73.000000
1014 10412 73.000000
1014 10499 73.000000
1014 10781 73.000000
1014 10935 73.000000
1051 1073 73.000000
215 237 72.000000
723 724 72.000000
1012 1034 72.000000
1014 10544 72.000000
1428 1450 72.000000
79 80 71.000000
1060 10782 71.000000
1060 10948 71.000000
198 220 70.000000
442 443 69.000000
968 990 69.000000
973 974 69.000000
1340 1362 69.000000
515 537 68.000000
555 556 68.000000
556 557 68.000000
557 558 68.000000
602 603 68.000000
603 604 68.000000
604 605 68.000000
605 606 68.000000
606 607 68.000000
1016 10237 68.000000
1218 1219 68.000000
1219 1220 68.000000
1220 1221 68.000000
1221 1222 68.000000
1222 1223 68.000000
1016 10638 67.000000
594 595 66.000000
921 943 66.000000
1016 10263 66.000000
1492 1514 66.000000
225 247 65.000000
1014 10979 65.000000
1079 10953 65.000000
729 751 64.000000
834 856 64.000000
1058 10713 64.000000
1279 1301 64.000000
814 836 63.000000
1078 10811 63.000000
1078 10955 63.000000
1214 1236 63.000000
130 131 62.000000
948 970 62.000000
1086 1087 62.000000
1121 1143 62.000000
1453 1454 62.000000
202 224 61.000000
974 975 61.000000
975 976 61.000000
754 755 60.000000
798 799 60.000000
359 360 59.000000
360 361 59.000000
361 362 59.000000
362 363 59.000000
363 364 59.000000
364 365 59.000000
365 366 59.000000
1060 10976 59.000000
1094 1116 59.000000
572 573 58.000000
976 998 58.000000
1043 1044 58.000000
1044 1045 58.000000
1045 1046 58.000000
1046 1047 58.000000
1047 1048 58.000000
1048 1049 58.000000
1049 1050 58.000000
1248 1270 58.000000
250 272 57.000000
862 863 57.000000
1013 10249 57.000000
1057 10627 57.000000
262 284 56.000000
272 294 56.000000
410 432 56.000000
711 733 56.000000
877 899 56.000000
106 10865 55.000000
106 10956 55.000000
818 840 55.000000
904 926 55.000000
1540 1541 55.000000
157 179 54.000000
266 288 54.000000
366 367 54.000000
367 368 54.000000
1060 10920 54.000000
1013 10745 53.000000
1016 10769 53.000000
1057 10694 53.000000
1180 1181 53.000000
42 64 52.000000
550 551 52.000000
643 665 52.000000
1013 10280 52.000000
1013 10399 52.000000
1038 10776 52.000000
1079 1101 52.000000
0 10328 51.000000
61 83 51.000000
106 10774 51.000000
106 10862 51.000000
490 491 51.000000
491 492 51.000000
550 571 51.000000
1016 10349 51.000000
1077 1099 51.000000
1145 1167 51.000000
201 223 50.000000
747 769 50.000000
767 768 50.000000
1014 10796 50.000000
1036 1058 50.000000
1074 10898 50.000000
1210 1232 50.000000
1013 10955 49.000000
1164 1186 49.000000
244 266 48.000000
376 398 48.000000
1013 10811 48.000000
1038 10864 48.000000
1038 10968 48.000000
1038 10970 48.000000
1080 10985 48.000000
1099 1121 48.000000
1138 1160 48.000000
356 378 47.000000
688 710 47.000000
1058 10796 47.000000
751 773 46.000000
1130 1131 46.000000
1131 1132 46.000000
1132 1133 46.000000
1133 1134 46.000000
1134 1135 46.000000
1135 1136 46.000000
1136 1137 46.000000
1060 10663 45.000000
1362 1384 45.000000
1384 1406 45.000000
58 59 44.000000
630 631 44.000000
631 632 44.000000
632 633 44.000000
633 634 44.000000
1037 10824 44.000000
1038 1060 44.000000
1182 1204 44.000000
1448 1470 44.000000
135 157 43.000000
359 381 43.000000
673 674 43.000000
1060 10774 43.000000
1060 10862 43.000000
1060 10865 43.000000
1060 10956 43.000000
1431 1432 43.000000
184 206 42.000000
206 228 42.000000
248 270 42.000000
577 578 42.000000
998 999 42.000000
1130 1152 42.000000
1152 1153 42.000000
1153 1154 42.000000
1154 1155 42.000000
1155 1156 42.000000
1156 1157 42.000000
1157 1158 42.000000
1233 1255 42.000000
334 356 41.000000
634 635 41.000000
635 636 41.000000
1000 1001 41.000000
1001 1002 41.000000
1002 1003 41.000000
1003 1004 41.000000
1004 1005 41.000000
1005 1006 41.000000
1006 1007 41.000000
706 728 40.000000
928 950 40.000000
950 972 40.000000
1060 10972 40.000000
1174 1175 40.000000
1473 1495 40.000000
389 390 39.000000
410 411 39.000000
411 412 39.000000
1013 1035 39.000000
1036 10971 39.000000
1056 10934 39.000000
141 163 38.000000
515 516 38.000000
516 517 38.000000
517 518 38.000000
518 519 38.000000
578 579 38.000000
1017 10715 38.000000
135 136 37.000000
136 137 37.000000
137 138 37.000000
138 139 37.000000
139 140 37.000000
140 141 37.000000
418 419 37.000000
440 441 37.000000
947 969 37.000000
1038 10438 37.000000
1038 10687 37.000000
1175 1176 37.000000
1176 1177 37.000000
1177 1178 37.000000
1178 1179 37.000000
1179 1180 37.000000
1246 1268 37.000000
1450 1472 37.000000
572 593 36.000000
858 880 36.000000
1017 10175 36.000000
1060 10730 36.000000
1060 10733 36.000000
1060 10837 36.000000
1166 1188 36.000000
1556 1578 36.000000
799 800 35.000000
800 801 35.000000
801 802 35.000000
802 803 35.000000
803 804 35.000000
804 805 35.000000
1366 1388 35.000000
1535 1557 35.000000
579 580 34.000000
1014 10677 34.000000
1015 10950 34.000000
1015 10971 34.000000
1060 10769 34.000000
1060 10894 34.000000
1060 10940 34.000000
1247 1269 34.000000
1252 1274 34.000000
1577 1578 34.000000
110 111 33.000000
110 131 33.000000
111 112 33.000000
112 113 33.000000
113 114 33.000000
114 115 33.000000
115 116 33.000000
116 117 33.000000
117 118 33.000000
1056 10603 33.000000
1056 10808 33.000000
1056 10811 33.000000
1056 10877 33.000000
1081 10879 33.000000
1202 1224 33.000000
493 515 32.000000
746 768 32.000000
1013 10148 32.000000
1014 10421 32.000000
1014 10469 32.000000
1038 10489 32.000000
1038 10920 32.000000
1082 1104 32.000000
1180 1202 32.000000
1342 1364 32.000000
492 493 31.000000
773 795 31.000000
1056 10703 31.000000
1056 10775 31.000000
1056 10783 31.000000
1056 10816 31.000000
1056 10848 31.000000
1056 10902 31.000000
1056 10921 31.000000
1056 10951 31.000000
1057 10665 31.000000
1081 10895 31.000000
1181 1203 31.000000
594 615 30.000000
723 745 30.000000
856 878 30.000000
1012 10225 30.000000
1035 1057 30.000000
1122 1144 30.000000
281 303 29.000000
586 587 29.000000
1017 10182 29.000000
1017 10193 29.000000
1017 10202 29.000000
1017 10215 29.000000
1017 10383 29.000000
1017 10453 29.000000
1017 10500 29.000000
1017 10871 29.000000
1038 10586 29.000000
1038 10865 29.000000
1038 10956 29.000000
1039 1061 29.000000
1057 10752 29.000000
1169 1191 29.000000
1339 1361 29.000000
1490 1512 29.000000
204 226 28.000000
236 258 28.000000
1038 10510 28.000000
1038 10733 28.000000
1038 10837 28.000000
1038 10862 28.000000
1284 1285 28.000000
1285 1286 28.000000
1286 1287 28.000000
1287 1288 28.000000
1288 1289 28.000000
1301 1302 28.000000
1302 1303 28.000000
1303 1304 28.000000
1304 1305 28.000000
1305 1306 28.000000
1306 1307 28.000000
1307 1308 28.000000
1308 1309 28.000000
1309 1310 28.000000
1310 1311 28.000000
337 359 27.000000
687 709 27.000000
1038 10774 27.000000
1073 10835 27.000000
1073 10852 27.000000
1073 10944 27.000000
1289 1290 27.000000
1491 1513 27.000000
1540 1562 27.000000
555 577 26.000000
689 690 26.000000
690 691 26.000000
691 692 26.000000
692 693 26.000000
693 694 26.000000
694 695 26.000000
817 839 26.000000
1037 10435 26.000000
1043 1065 26.000000
1060 10868 26.000000
1158 1159 26.000000
565 587 25.000000
1030 10878 25.000000
1034 10681 25.000000
106 10733 24.000000
106 10769 24.000000
106 10837 24.000000
106 10940 24.000000
492 514 24.000000
514 536 24.000000
726 748 24.000000
797 819 24.000000
1008 10405 24.000000
1012 10831 24.000000
1017 10188 24.000000
1017 10240 24.000000
1017 10303 24.000000
1017 10337 24.000000
1017 10438 24.000000
1017 10663 24.000000
1017 10687 24.000000
1017 10864 24.000000
1017 10968 24.000000
1035 10446 24.000000
102 10396 23.000000
102 10540 23.000000
529 530 23.000000
607 608 23.000000
645 667 23.000000
795 817 23.000000
805 806 23.000000
806 807 23.000000
807 808 23.000000
808 809 23.000000
809 810 23.000000
810 811 23.000000
1012 10179 23.000000
1012 10250 23.000000
1012 10386 23.000000
1012 10568 23.000000
1012 10575 23.000000
1012 10640 23.000000
1012 10664 23.000000
1012 10718 23.000000
1012 10788 23.000000
1012 10842 23.000000
1012 10965 23.000000
1013 10659 23.000000
1013 10721 23.000000
1017 10970 23.000000
1034 10659 23.000000
1034 10721 23.000000
1034 10745 23.000000
1034 10777 23.000000
1034 10810 23.000000
1209 1231 23.000000
20 42 22.000000
1013 10277 22.000000
1013 10681 22.000000
1055 10575 22.000000
1055 10640 22.000000
1055 10664 22.000000
1055 10718 22.000000
1055 10788 22.000000
1055 10842 22.000000
1055 10965 22.000000
1403 1425 22.000000
205 227 21.000000
218 240 21.000000
292 314 21.000000
467 468 21.000000
636 658 21.000000
946 968 21.000000
1038 10383 21.000000
1038 10500 21.000000
1038 10871 21.000000
128 150 20.000000
332 354 20.000000
599 621 20.000000
636 637 20.000000
1016 10857 20.000000
1016 10910 20.000000
1035 10922 20.000000
1038 10453 20.000000
1081 10837 20.000000
1515 1537 20.000000
1541 1542 20.000000
1542 1543 20.000000
1543 1544 20.000000
1544 1566 20.000000
22 44 19.000000
88 89 19.000000
89 90 19.000000
90 91 19.000000
91 92 19.000000
92 93 19.000000
93 94 19.000000
94 95 19.000000
95 96 19.000000
96 97 19.000000
228 250 19.000000
576 598 19.000000
732 733 19.000000
819 841 19.000000
1007 10149 19.000000
1013 10493 19.000000
1014 10305 19.000000
1038 10663 19.000000
1038 10782 19.000000
1038 10948 19.000000
1038 10976 19.000000
1268 1290 19.000000
131 153 18.000000
581 582 18.000000
582 583 18.000000
583 584 18.000000
584 585 18.000000
585 586 18.000000
1159 1160 18.000000
1338 1360 18.000000
641 663 17.000000
902 924 17.000000
1016 10301 17.000000
1016 10824 17.000000
1036 10393 17.000000
1207 1229 17.000000
1493 1515 17.000000
175 197 16.000000
790 812 16.000000
1017 10782 16.000000
1017 10948 16.000000
1017 10976 16.000000
1040 1062 16.000000
1108 1130 16.000000
1158 1180 16.000000
1333 1334 16.000000
511 533 15.000000
775 797 15.000000
920 942 15.000000
1009 10394 15.000000
1430 1452 15.000000
1513 1535 15.000000
608 609 14.000000
609 610 14.000000
610 611 14.000000
611 612 14.000000
612 613 14.000000
613 614 14.000000
614 615 14.000000
731 753 14.000000
949 971 14.000000
1035 10542 14.000000
1035 10627 14.000000
1037 10857 14.000000
1037 10910 14.000000
14 36 13.000000
153 175 13.000000
486 487 13.000000
487 488 13.000000
488 489 13.000000
489 511 13.000000
537 538 13.000000
538 539 13.000000
539 540 13.000000
540 541 13.000000
541 542 13.000000
1035 10665 13.000000
1056 10883 13.000000
1056 10946 13.000000
1056 10949 13.000000
1056 10955 13.000000
1223 1224 13.000000
1256 1278 13.000000
127 149 12.000000
462 483 12.000000
476 477 12.000000
477 478 12.000000
478 479 12.000000
479 480 12.000000
480 481 12.000000
481 482 12.000000
482 483 12.000000
659 681 12.000000
1034 10357 12.000000
1034 10369 12.000000
1034 10811 12.000000
1034 10946 12.000000
1034 10949 12.000000
1034 10955 12.000000
1056 10969 12.000000
1081 10940 12.000000
1087 1109 12.000000
1167 1189 12.000000
1518 1540 12.000000
15 37 11.000000
17 39 11.000000
446 447 11.000000
447 448 11.000000
696 718 11.000000
732 754 11.000000
1035 10529 11.000000
1079 10796 11.000000
1081 10868 11.000000
1081 10972 11.000000
1094 10944 11.000000
1451 1473 11.000000
171 193 10.000000
270 292 10.000000
282 304 10.000000
388 410 10.000000
528 529 10.000000
674 696 10.000000
770 792 10.000000
1034 10703 10.000000
1034 10816 10.000000
1034 10969 10.000000
1035 10752 10.000000
1073 1095 10.000000
1079 10979 10.000000
1315 1337 10.000000
1344 1345 10.000000
1534 1556 10.000000
1558 1580 10.000000
0 1562 9.000000
15 1577 9.000000
336 358 9.000000
733 734 9.000000
734 735 9.000000
735 736 9.000000
736 737 9.000000
737 738 9.000000
738 739 9.000000
776 777 9.000000
973 995 9.000000
1013 10694 9.000000
1016 10265 9.000000
1034 10951 9.000000
1081 10894 9.000000
1146 1168 9.000000
58 80 8.000000
314 336 8.000000
424 425 8.000000
425 426 8.000000
426 427 8.000000
427 428 8.000000
428 429 8.000000
429 430 8.000000
430 431 8.000000
431 432 8.000000
448 449 8.000000
564 586 8.000000
580 581 8.000000
680 702 8.000000
974 996 8.000000
1127 1149 8.000000
1204 1226 8.000000
1518 1519 8.000000
1562 1583 8.000000
1582 1583 8.000000
162 163 7.000000
182 204 7.000000
580 602 7.000000
682 704 7.000000
753 775 7.000000
862 884 7.000000
1012 10450 7.000000
1012 10484 7.000000
1012 10505 7.000000
1012 10506 7.000000
1012 10775 7.000000
1012 10783 7.000000
1012 10848 7.000000
1012 10902 7.000000
1012 10921 7.000000
1029 1030 7.000000
1073 10999 7.000000
1078 10821 7.000000
1159 1181 7.000000
109 131 6.000000
602 624 6.000000
768 790 6.000000
840 862 6.000000
1115 1137 6.000000
1116 1138 6.000000
1187 1209 6.000000
1203 1225 6.000000
1512 1534 6.000000
196 218 5.000000
258 280 5.000000
366 388 5.000000
449 450 5.000000
450 451 5.000000
451 452 5.000000
452 453 5.000000
453 454 5.000000
550 572 5.000000
601 623 5.000000
634 656 5.000000
707 729 5.000000
777 778 5.000000
778 779 5.000000
779 780 5.000000
780 781 5.000000
781 782 5.000000
782 783 5.000000
855 877 5.000000
907 929 5.000000
1007 10599 5.000000
1083 1105 5.000000
470 492 4.000000
471 493 4.000000
498 520 4.000000
520 542 4.000000
578 600 4.000000
579 601 4.000000
600 622 4.000000
644 666 4.000000
767 789 4.000000
885 907 4.000000
1012 10951 4.000000
1359 1381 4.000000
1474 1496 4.000000
1537 1559 4.000000
448 470 3.000000
449 471 3.000000
468 469 3.000000
469 470 3.000000
493 494 3.000000
494 495 3.000000
495 496 3.000000
496 497 3.000000
497 498 3.000000
689 711 3.000000
709 731 3.000000
811 833 3.000000
899 921 3.000000
976 977 3.000000
977 999 3.000000
1021 1022 3.000000
1022 1023 3.000000
1023 1024 3.000000
1024 1025 3.000000
1025 1026 3.000000
1026 1027 3.000000
1027 1028 3.000000
1029 10406 3.000000
1029 10531 3.000000
1030 10898 3.000000
1051 10999 3.000000
1175 1197 3.000000
1253 1275 3.000000
1323 1324 3.000000
1324 1325 3.000000
1325 1326 3.000000
1326 1327 3.000000
1327 1328 3.000000
1328 1329 3.000000
1329 1330 3.000000
1330 1331 3.000000
1331 1332 3.000000
1332 1333 3.000000
1562 1563 3.000000
1563 1564 3.000000
1564 1565 3.000000
1565 1566 3.000000
4 5 2.000000
5 6 2.000000
6 7 2.000000
7 8 2.000000
8 9 2.000000
43 65 2.000000
149 171 2.000000
440 461 2.000000
454 455 2.000000
455 456 2.000000
456 457 2.000000
457 458 2.000000
458 459 2.000000
459 460 2.000000
460 461 2.000000
470 471 2.000000
511 512 2.000000
512 513 2.000000
513 514 2.000000
514 515 2.000000
528 549 2.000000
542 543 2.000000
543 544 2.000000
544 545 2.000000
545 546 2.000000
546 547 2.000000
547 548 2.000000
548 549 2.000000
586 608 2.000000
619 641 2.000000
724 746 2.000000
815 837 2.000000
884 885 2.000000
906 928 2.000000
924 946 2.000000
1007 10430 2.000000
1007 10589 2.000000
1028 1029 2.000000
1165 1187 2.000000
1168 1190 2.000000
1249 1271 2.000000
1271 1293 2.000000
1447 1469 2.000000
1469 1491 2.000000
10 11 1.000000
31 53 1.000000
11 12 1.000000
12 13 1.000000
13 14 1.000000
14 1576 1.000000
53 75 1.000000
158 180 1.000000
214 236 1.000000
471 472 1.000000
472 473 1.000000
473 474 1.000000
474 475 1.000000
475 476 1.000000
476 498 1.000000
558 559 1.000000
559 560 1.000000
560 561 1.000000
561 562 1.000000
562 563 1.000000
563 564 1.000000
658 680 1.000000
681 703 1.000000
696 697 1.000000
697 698 1.000000
698 699 1.000000
699 700 1.000000
700 701 1.000000
701 702 1.000000
769 791 1.000000
906 907 1.000000
1007 10444 1.000000
1007 10531 1.000000
1007 10648 1.000000
1008 10165 1.000000
1008 10274 1.000000
1008 10741 1.000000
1008 10757 1.000000
1028 1050 1.000000
1029 1051 1.000000
1072 1094 1.000000
1084 1106 1.000000
1298 1320 1.000000
1318 1340 1.000000
1494 1516 1.000000
1576 1577 1.000000
