223 224 17612.000000
224 225 17612.000000
225 226 17612.000000
226 227 17287.000000
1019 1020 16657.000000
222 223 14395.000000
1238 1239 13202.000000
1018 1019 11356.000000
1216 1217 11272.000000
1215 1216 11151.000000
1237 1238 11088.000000
1195 1196 10884.000000
1172 1173 9996.000000
1017 1018 9649.000000
1194 1195 9627.000000
267 268 9616.000000
268 269 9616.000000
269 270 9616.000000
1171 1172 9602.000000
1151 1152 9463.000000
227 228 9446.000000
1236 1237 9403.000000
1214 1215 9304.000000
244 245 8928.000000
245 246 8928.000000
246 247 8928.000000
247 248 8928.000000
1235 1236 8773.000000
1233 1234 8756.000000
1232 1253 8636.000000
1232 1233 8447.000000
1234 1235 8444.000000
1213 1214 8424.000000
89 90 8391.000000
883 884 8261.000000
884 885 8261.000000
1193 1194 8204.000000
1282 1283 7935.000000
1239 1240 7593.000000
1364 1365 7588.000000
1365 1366 7588.000000
201 202 7468.000000
202 203 7468.000000
203 204 7468.000000
204 205 7468.000000
270 271 7420.000000
997 998 7378.000000
271 272 7227.000000
1258 1259 7073.000000
1366 1367 7002.000000
179 180 6953.000000
180 181 6953.000000
181 182 6953.000000
182 183 6953.000000
975 976 6947.000000
1259 1260 6945.000000
885 886 6923.000000
1020 1021 6913.000000
839 840 6886.000000
840 841 6886.000000
841 842 6886.000000
1192 1193 6853.000000
111 112 6789.000000
1173 1174 6680.000000
1040 1041 6678.000000
133 134 6675.000000
228 229 6621.000000
861 862 6611.000000
862 863 6611.000000
1281 1282 6458.000000
1260 1261 6449.000000
1408 1409 6398.000000
1409 1410 6368.000000
199 200 6321.000000
1280 1281 6315.000000
931 932 6296.000000
200 201 6253.000000
358 359 6209.000000
1150 1151 6125.000000
1252 1253 6105.000000
67 68 6036.000000
178 179 6009.000000
0 1 5988.000000
930 931 5948.000000
110 111 5837.000000
976 977 5825.000000
996 997 5767.000000
1106 1107 5767.000000
1062 1063 5761.000000
1107 1108 5691.000000
882 883 5637.000000
1257 1258 5606.000000
243 244 5605.000000
1170 1171 5572.000000
886 887 5475.000000
1149 1150 5469.000000
860 861 5456.000000
1410 1411 5288.000000
1039 1040 5238.000000
859 860 5208.000000
2 3 5198.000000
1212 1213 5193.000000
0 21 5182.000000
248 249 5125.000000
1 2 5105.000000
272 273 5073.000000
1063 1064 5033.000000
183 184 4945.000000
1061 1062 4895.000000
1148 1149 4770.000000
1279 1280 4750.000000
1298 1299 4731.000000
249 250 4724.000000
266 267 4709.000000
646 647 4640.000000
1064 1065 4595.000000
1041 1042 4562.000000
1021 1022 4521.000000
796 797 4509.000000
797 798 4509.000000
926 927 4504.000000
927 928 4504.000000
928 929 4504.000000
1342 1343 4451.000000
315 316 4438.000000
995 996 4431.000000
1299 1300 4407.000000
1276 1297 4365.000000
974 975 4310.000000
310 311 4181.000000
311 312 4181.000000
312 313 4181.000000
313 314 4181.000000
423 424 4181.000000
1519 1520 4181.000000
1169 1170 4175.000000
1210 1211 4160.000000
1085 1086 4152.000000
1210 1231 4152.000000
1369 1370 4082.000000
1211 1212 4079.000000
881 882 4073.000000
1368 1369 4067.000000
46 47 4051.000000
265 266 4036.000000
1082 1083 4026.000000
932 933 4007.000000
1152 1153 3996.000000
887 888 3972.000000
1367 1368 3948.000000
838 839 3940.000000
1277 1278 3896.000000
864 865 3885.000000
1254 1255 3868.000000
132 133 3867.000000
951 952 3838.000000
1108 1109 3833.000000
952 953 3827.000000
1256 1257 3786.000000
273 274 3780.000000
1254 1275 3780.000000
1274 1275 3780.000000
643 644 3758.000000
644 645 3758.000000
645 646 3758.000000
314 315 3744.000000
22 43 3709.000000
1411 1412 3689.000000
1255 1256 3661.000000
1276 1277 3619.000000
1432 1433 3582.000000
843 844 3566.000000
1518 1519 3563.000000
795 796 3542.000000
1084 1085 3542.000000
1278 1279 3534.000000
863 864 3525.000000
1346 1347 3523.000000
1345 1346 3506.000000
1038 1039 3493.000000
1083 1084 3489.000000
1454 1455 3478.000000
1034 1035 3466.000000
1035 1036 3466.000000
1036 1037 3466.000000
1037 1038 3466.000000
221 222 3453.000000
1057 1058 3442.000000
1058 1059 3442.000000
1343 1344 3432.000000
198 199 3410.000000
929 930 3405.000000
90 91 3387.000000
42 43 3380.000000
842 843 3358.000000
1347 1348 3347.000000
1302 1303 3236.000000
953 954 3233.000000
1300 1301 3226.000000
1105 1106 3216.000000
1303 1304 3210.000000
242 263 3189.000000
1296 1297 3166.000000
359 360 3141.000000
20 21 3121.000000
933 955 3118.000000
817 818 3107.000000
818 819 3107.000000
819 820 3107.000000
22 23 3100.000000
23 24 3099.000000
1013 1014 3098.000000
1014 1015 3098.000000
1015 1016 3098.000000
1518 1539 3059.000000
1056 1057 3043.000000
1191 1192 3031.000000
1152 1174 2990.000000
134 135 2973.000000
1065 1066 2923.000000
1344 1345 2888.000000
242 243 2867.000000
948 949 2865.000000
949 950 2865.000000
1318 1319 2864.000000
1301 1302 2853.000000
134 156 2828.000000
1230 1231 2820.000000
205 206 2811.000000
794 795 2805.000000
1086 1087 2784.000000
973 974 2766.000000
690 691 2765.000000
1016 1017 2758.000000
229 230 2736.000000
360 361 2699.000000
689 690 2698.000000
950 951 2696.000000
24 25 2682.000000
1059 1060 2677.000000
1239 1261 2626.000000
1562 1563 2609.000000
3 4 2603.000000
954 955 2576.000000
1273 1274 2575.000000
1498 1499 2561.000000
1563 1564 2507.000000
904 905 2505.000000
905 906 2505.000000
906 907 2505.000000
41 42 2489.000000
1174 1175 2489.000000
1217 1218 2473.000000
1324 1325 2462.000000
1476 1477 2451.000000
1325 1326 2433.000000
1386 1387 2410.000000
1412 1413 2408.000000
1430 1431 2398.000000
908 909 2367.000000
1317 1318 2363.000000
316 317 2334.000000
1326 1327 2334.000000
1022 1023 2321.000000
66 67 2314.000000
250 251 2299.000000
112 113 2272.000000
1019 10305 2241.000000
1387 1388 2240.000000
1190 1191 2237.000000
1168 1169 2224.000000
925 926 2214.000000
1153 1154 2207.000000
1298 1319 2203.000000
286 307 2202.000000
1323 1324 2177.000000
1497 1498 2163.000000
773 774 2153.000000
774 775 2153.000000
775 776 2153.000000
1104 1105 2140.000000
68 69 2119.000000
1020 1042 2119.000000
1431 1432 2109.000000
1087 1088 2104.000000
1188 1209 2090.000000
1127 1128 2088.000000
1188 1189 2087.000000
1433 1434 2082.000000
1189 1190 2081.000000
177 178 2069.000000
156 157 2054.000000
183 205 2008.000000
756 757 2002.000000
230 231 1989.000000
903 904 1986.000000
665 666 1983.000000
666 667 1983.000000
578 579 1979.000000
579 580 1979.000000
580 581 1979.000000
625 626 1970.000000
844 845 1969.000000
668 669 1944.000000
251 252 1919.000000
669 670 1909.000000
1320 1321 1904.000000
1321 1322 1904.000000
670 671 1899.000000
998 999 1889.000000
667 668 1885.000000
798 799 1873.000000
1388 1389 1863.000000
1043 1044 1860.000000
1012 1013 1849.000000
1475 1476 1824.000000
44 65 1818.000000
1042 1043 1816.000000
286 287 1807.000000
752 753 1806.000000
753 754 1806.000000
1128 1129 1806.000000
1562 1583 1801.000000
991 992 1799.000000
992 993 1799.000000
993 994 1799.000000
1208 1209 1778.000000
865 866 1768.000000
47 48 1739.000000
264 265 1727.000000
1129 1130 1722.000000
1389 1390 1722.000000
220 221 1716.000000
184 206 1709.000000
990 991 1693.000000
424 425 1679.000000
1166 1167 1671.000000
1166 1187 1671.000000
1167 1168 1671.000000
1022 1044 1669.000000
1496 1517 1665.000000
108 109 1664.000000
1018 10254 1652.000000
1060 1061 1645.000000
1390 1391 1641.000000
264 285 1624.000000
133 155 1619.000000
1453 1454 1619.000000
64 65 1617.000000
1126 1127 1607.000000
1195 1217 1598.000000
1496 1497 1583.000000
1370 1371 1581.000000
1108 1130 1578.000000
757 758 1567.000000
1078 1079 1567.000000
1079 1080 1567.000000
1080 1081 1567.000000
88 89 1538.000000
318 319 1524.000000
799 800 1521.000000
1455 1456 1511.000000
712 713 1507.000000
647 648 1506.000000
970 971 1506.000000
971 972 1506.000000
972 973 1506.000000
843 865 1495.000000
184 185 1478.000000
231 232 1473.000000
581 582 1472.000000
1339 1340 1469.000000
1340 1341 1469.000000
45 46 1464.000000
288 289 1464.000000
289 290 1464.000000
290 291 1464.000000
291 292 1464.000000
1430 1451 1464.000000
252 253 1461.000000
1322 1323 1449.000000
315 337 1448.000000
816 817 1448.000000
359 381 1447.000000
969 970 1435.000000
178 200 1429.000000
272 294 1424.000000
44 45 1423.000000
1320 1341 1410.000000
751 752 1394.000000
1564 1565 1394.000000
1251 1252 1393.000000
227 249 1383.000000
772 773 1376.000000
1582 1583 1374.000000
1122 1123 1371.000000
1122 1143 1371.000000
1123 1124 1371.000000
1124 1125 1371.000000
317 318 1356.000000
294 295 1347.000000
1477 1478 1339.000000
907 908 1332.000000
1304 1305 1327.000000
155 156 1326.000000
800 801 1326.000000
1452 1453 1321.000000
1109 1110 1318.000000
274 275 1317.000000
755 756 1308.000000
888 910 1304.000000
947 948 1295.000000
46 68 1290.000000
754 755 1289.000000
308 329 1271.000000
1434 1435 1264.000000
1196 1197 1258.000000
976 998 1256.000000
228 250 1209.000000
319 320 1200.000000
1391 1392 1195.000000
338 339 1191.000000
1342 1364 1190.000000
1066 1067 1186.000000
1413 1414 1185.000000
1020 10938 1184.000000
0 10145 1177.000000
167 168 1172.000000
168 169 1172.000000
169 170 1172.000000
170 171 1172.000000
171 172 1172.000000
172 173 1172.000000
173 174 1172.000000
174 175 1172.000000
1081 1082 1169.000000
909 910 1163.000000
287 288 1161.000000
107 108 1150.000000
1019 10979 1145.000000
582 583 1133.000000
820 821 1115.000000
1499 1500 1112.000000
994 995 1111.000000
626 627 1103.000000
208 209 1089.000000
1541 1542 1087.000000
207 208 1077.000000
642 643 1077.000000
1229 1230 1075.000000
1540 1561 1075.000000
253 254 1070.000000
750 751 1067.000000
691 692 1062.000000
206 207 1061.000000
933 934 1061.000000
1 23 1052.000000
209 210 1049.000000
1125 1126 1048.000000
293 294 1044.000000
45 67 1024.000000
887 909 1022.000000
292 293 1019.000000
308 309 1018.000000
309 310 1018.000000
339 340 1005.000000
273 295 1002.000000
275 276 1002.000000
1017 10568 1002.000000
1040 10446 996.000000
361 362 988.000000
1520 1521 981.000000
821 822 980.000000
66 87 977.000000
85 86 977.000000
86 87 977.000000
340 341 972.000000
1540 1541 971.000000
815 816 969.000000
1474 1475 957.000000
1017 10788 946.000000
1147 1148 941.000000
1295 1296 941.000000
734 735 937.000000
63 64 935.000000
229 251 930.000000
713 714 927.000000
1034 1055 927.000000
1142 1143 918.000000
733 734 915.000000
1498 1520 908.000000
1065 1087 903.000000
671 672 884.000000
1038 10407 879.000000
583 584 872.000000
156 178 869.000000
1538 1539 867.000000
19 20 856.000000
778 779 854.000000
177 199 850.000000
777 778 849.000000
362 363 845.000000
1230 1252 844.000000
1019 10190 842.000000
779 780 826.000000
185 186 823.000000
186 187 823.000000
154 155 816.000000
648 649 783.000000
1207 1208 782.000000
946 947 779.000000
801 802 775.000000
1186 1187 774.000000
1059 1081 765.000000
1452 1473 762.000000
198 219 761.000000
1175 1176 751.000000
1176 1177 751.000000
1177 1178 751.000000
1100 1101 735.000000
1101 1102 735.000000
1102 1103 735.000000
735 736 730.000000
1272 1273 727.000000
730 731 724.000000
731 732 724.000000
732 733 724.000000
1 10189 719.000000
298 299 712.000000
299 300 712.000000
300 301 712.000000
301 302 712.000000
302 303 712.000000
303 304 712.000000
304 305 712.000000
305 306 712.000000
1056 1077 703.000000
1218 1219 702.000000
977 999 701.000000
1198 1199 700.000000
1199 1200 700.000000
837 838 698.000000
1040 10953 698.000000
425 426 695.000000
112 134 694.000000
263 285 682.000000
1154 1155 682.000000
1155 1156 682.000000
1156 1157 682.000000
1542 1543 681.000000
714 715 680.000000
211 212 673.000000
212 213 673.000000
213 214 673.000000
214 215 673.000000
215 216 673.000000
216 217 673.000000
217 218 673.000000
218 219 673.000000
798 820 668.000000
47 69 666.000000
102 103 665.000000
103 104 665.000000
104 105 665.000000
105 106 665.000000
381 382 659.000000
337 338 657.000000
276 298 654.000000
135 136 653.000000
708 709 651.000000
709 710 651.000000
710 711 651.000000
1411 1433 649.000000
1197 1198 639.000000
932 954 628.000000
859 881 623.000000
220 241 617.000000
402 403 614.000000
106 107 609.000000
154 175 603.000000
1500 1501 603.000000
426 427 599.000000
427 428 599.000000
102 10616 591.000000
1283 1284 591.000000
230 252 581.000000
822 823 578.000000
124 125 576.000000
125 126 576.000000
126 127 576.000000
127 128 576.000000
729 730 576.000000
23 45 574.000000
307 329 574.000000
624 625 574.000000
25 26 573.000000
621 622 572.000000
622 623 572.000000
623 624 572.000000
1044 1045 570.000000
467 468 569.000000
641 642 569.000000
685 686 568.000000
758 759 568.000000
776 777 567.000000
5 6 559.000000
6 7 559.000000
7 8 559.000000
686 687 556.000000
687 688 556.000000
688 689 556.000000
1474 1495 555.000000
445 446 553.000000
446 447 552.000000
233 234 551.000000
234 235 551.000000
235 236 551.000000
236 237 551.000000
237 238 551.000000
238 239 551.000000
239 240 551.000000
240 241 551.000000
296 297 545.000000
1316 1317 545.000000
155 177 543.000000
711 712 534.000000
1045 1046 531.000000
1130 1131 527.000000
1478 1479 526.000000
1038 10565 521.000000
754 776 517.000000
1066 1088 517.000000
123 124 514.000000
44 66 513.000000
232 233 509.000000
1013 10146 507.000000
352 353 505.000000
353 354 505.000000
354 355 505.000000
355 356 505.000000
356 357 505.000000
357 358 505.000000
684 685 505.000000
1089 1090 504.000000
222 244 503.000000
295 296 502.000000
728 729 501.000000
1088 1089 501.000000
1019 10421 498.000000
1084 10953 492.000000
627 628 489.000000
0 10658 487.000000
271 293 487.000000
0 10975 481.000000
187 188 479.000000
1078 10932 473.000000
584 606 469.000000
4 5 467.000000
277 278 457.000000
278 279 457.000000
279 280 457.000000
280 281 457.000000
281 282 457.000000
282 283 457.000000
283 284 457.000000
284 285 457.000000
1565 1566 456.000000
1298 1320 445.000000
670 692 442.000000
1023 1024 442.000000
1024 1025 442.000000
363 385 441.000000
1110 1111 439.000000
1083 10901 437.000000
664 665 432.000000
188 189 431.000000
663 664 430.000000
1185 1186 428.000000
163 164 427.000000
164 165 427.000000
165 166 427.000000
405 406 427.000000
692 693 426.000000
232 254 425.000000
162 163 422.000000
383 384 419.000000
1034 10474 416.000000
1144 1145 415.000000
1144 1165 415.000000
1145 1146 415.000000
1077 10856 410.000000
1103 1104 409.000000
403 404 407.000000
404 405 407.000000
584 585 403.000000
800 822 402.000000
1157 1158 395.000000
157 158 394.000000
158 159 394.000000
159 160 394.000000
160 161 394.000000
161 162 394.000000
1013 10186 394.000000
1456 1457 394.000000
306 307 391.000000
128 129 390.000000
620 621 388.000000
1025 1026 388.000000
111 133 386.000000
382 383 386.000000
285 307 384.000000
84 85 380.000000
176 198 363.000000
297 298 363.000000
795 817 363.000000
1018 10982 362.000000
1276 1298 362.000000
977 978 361.000000
1078 1099 361.000000
1219 1220 361.000000
1220 1221 361.000000
1221 1222 361.000000
241 263 360.000000
1222 1223 359.000000
198 220 356.000000
270 292 353.000000
1019 1041 353.000000
1 10824 352.000000
187 209 352.000000
1360 1361 352.000000
1361 1362 352.000000
1362 1363 352.000000
1020 10730 351.000000
1320 1342 350.000000
1131 1132 349.000000
1146 1147 349.000000
1223 1224 349.000000
1224 1225 349.000000
1225 1226 349.000000
1226 1227 349.000000
1227 1228 349.000000
1034 10411 348.000000
1044 10561 348.000000
581 603 343.000000
252 274 342.000000
1067 1068 338.000000
1068 1069 338.000000
129 130 337.000000
130 131 337.000000
1020 10426 337.000000
888 889 335.000000
1062 10689 335.000000
1062 10850 335.000000
1410 1432 335.000000
1040 10413 332.000000
649 650 329.000000
1042 10600 328.000000
1042 10818 328.000000
1041 10668 327.000000
1044 10553 327.000000
1044 10844 327.000000
132 153 326.000000
146 147 326.000000
147 148 326.000000
148 149 326.000000
149 150 326.000000
150 151 326.000000
151 152 326.000000
152 153 326.000000
1231 1253 326.000000
226 248 325.000000
1020 10308 324.000000
1020 10475 324.000000
1020 10486 324.000000
1020 10593 324.000000
1020 10619 324.000000
1020 10879 324.000000
330 331 323.000000
330 351 323.000000
1348 1349 320.000000
242 264 316.000000
1164 1165 314.000000
1301 1323 313.000000
1283 1305 312.000000
0 10569 310.000000
0 10732 310.000000
1021 10329 308.000000
1111 1112 306.000000
1112 1113 306.000000
406 407 303.000000
842 864 301.000000
1023 10455 300.000000
1023 10523 300.000000
1023 10643 300.000000
619 620 297.000000
110 131 296.000000
577 578 295.000000
1086 10998 294.000000
1342 1363 294.000000
68 90 292.000000
69 91 292.000000
286 308 291.000000
1012 10166 289.000000
617 618 287.000000
618 619 287.000000
1581 1582 286.000000
605 606 279.000000
627 649 279.000000
1021 10502 276.000000
1021 10740 276.000000
1098 1099 276.000000
736 737 275.000000
1151 1173 275.000000
1018 10681 274.000000
207 229 273.000000
583 605 272.000000
358 380 271.000000
595 596 271.000000
596 597 271.000000
1064 1086 271.000000
1345 1367 271.000000
384 385 269.000000
1046 1047 268.000000
320 321 266.000000
321 322 266.000000
322 323 266.000000
323 324 266.000000
324 325 266.000000
325 326 266.000000
326 327 266.000000
1 10366 265.000000
1 10423 265.000000
1018 10618 265.000000
154 176 264.000000
646 668 264.000000
1013 10183 264.000000
1021 10687 262.000000
1021 10948 262.000000
1021 10976 262.000000
1023 10327 262.000000
327 328 261.000000
328 329 261.000000
556 557 261.000000
557 558 261.000000
558 559 261.000000
132 154 260.000000
1 10605 259.000000
1019 10499 258.000000
1013 10898 256.000000
1041 10613 255.000000
294 316 254.000000
1020 10372 254.000000
1020 10532 254.000000
1020 10763 254.000000
1020 10895 254.000000
1020 10279 253.000000
331 332 250.000000
332 333 250.000000
333 334 250.000000
334 335 250.000000
1041 10985 250.000000
336 337 249.000000
671 693 248.000000
1087 10995 248.000000
254 255 247.000000
255 256 247.000000
256 257 247.000000
257 258 247.000000
258 259 247.000000
259 260 247.000000
260 261 247.000000
261 262 247.000000
262 263 247.000000
1056 10590 246.000000
1056 10835 246.000000
1056 10852 246.000000
625 647 245.000000
1020 10977 244.000000
1056 10944 244.000000
1020 10218 241.000000
91 92 240.000000
1 10938 238.000000
1018 10487 238.000000
1158 1159 238.000000
1159 1160 238.000000
1160 1161 238.000000
1161 1162 238.000000
1034 10711 237.000000
1020 10702 235.000000
1196 1218 234.000000
1042 10863 233.000000
67 89 232.000000
1017 10298 232.000000
616 617 231.000000
616 637 231.000000
635 636 231.000000
636 637 231.000000
1062 10953 230.000000
1020 10347 229.000000
1001 1002 228.000000
799 821 225.000000
1016 10407 225.000000
1034 10449 225.000000
1002 10255 224.000000
1045 10583 223.000000
317 339 220.000000
604 605 220.000000
707 708 217.000000
1000 1001 217.000000
1040 1062 217.000000
1065 10997 216.000000
189 190 215.000000
190 191 215.000000
191 192 215.000000
192 193 215.000000
193 194 215.000000
194 195 215.000000
195 196 215.000000
196 197 215.000000
1086 10997 212.000000
1088 10927 212.000000
1240 1241 212.000000
1241 1242 212.000000
1242 1243 212.000000
1243 1244 212.000000
1244 1245 212.000000
1020 10335 211.000000
1020 10301 209.000000
1044 10678 209.000000
276 277 208.000000
1178 1179 208.000000
1020 10789 207.000000
1 10012 205.000000
844 866 205.000000
1020 10940 205.000000
1543 1544 205.000000
534 535 203.000000
535 536 203.000000
536 537 203.000000
626 648 203.000000
1020 10237 202.000000
1012 10944 201.000000
136 137 200.000000
137 138 200.000000
138 139 200.000000
139 140 200.000000
903 925 200.000000
1457 1458 200.000000
199 221 199.000000
604 626 199.000000
1020 10414 199.000000
1012 10590 198.000000
1012 10835 198.000000
1012 10852 198.000000
1020 10239 198.000000
1020 10894 198.000000
1020 10972 198.000000
1012 10391 197.000000
1041 10669 196.000000
1042 10609 195.000000
1042 10696 195.000000
978 979 194.000000
1184 1185 193.000000
1495 1517 193.000000
801 823 192.000000
1019 10669 191.000000
185 207 190.000000
714 736 190.000000
1020 10387 190.000000
1019 10253 189.000000
1386 1408 188.000000
715 716 185.000000
1232 1254 184.000000
1020 10364 183.000000
176 197 182.000000
352 373 181.000000
1521 1522 181.000000
860 882 177.000000
140 141 176.000000
576 577 174.000000
80 81 173.000000
81 82 173.000000
82 83 173.000000
83 84 173.000000
176 177 173.000000
1021 10346 173.000000
1021 10428 173.000000
1040 10713 173.000000
1055 1077 173.000000
1216 1238 173.000000
250 272 172.000000
757 779 172.000000
1020 10271 172.000000
79 80 171.000000
1020 10824 170.000000
1084 1106 170.000000
968 969 169.000000
1034 10999 169.000000
1087 10981 169.000000
550 551 167.000000
550 571 167.000000
551 552 167.000000
552 553 167.000000
569 570 167.000000
570 571 167.000000
1042 10663 167.000000
1042 10782 167.000000
886 908 166.000000
1017 10325 166.000000
1021 10996 166.000000
1494 1495 165.000000
141 142 164.000000
142 143 164.000000
143 144 164.000000
144 145 164.000000
316 338 164.000000
1042 10586 164.000000
1090 1091 164.000000
661 662 162.000000
931 953 162.000000
678 700 161.000000
1041 10550 161.000000
381 403 160.000000
1366 1388 160.000000
1041 10910 159.000000
1338 1339 159.000000
1067 10751 158.000000
298 320 157.000000
1021 10886 156.000000
1174 1196 156.000000
669 691 155.000000
755 777 155.000000
537 538 153.000000
1021 10375 153.000000
1451 1473 153.000000
1 10857 150.000000
1041 10702 147.000000
1044 10455 147.000000
1044 10523 147.000000
1044 10643 147.000000
1435 1436 147.000000
1065 10947 146.000000
1261 1262 145.000000
1211 1233 144.000000
1018 10922 143.000000
1056 10731 143.000000
1064 10863 143.000000
1105 1127 143.000000
264 286 142.000000
1064 10886 142.000000
1017 1039 141.000000
1041 10717 141.000000
1064 10996 141.000000
1020 10717 138.000000
1056 10932 138.000000
1257 1279 138.000000
66 88 136.000000
1069 1091 136.000000
582 604 135.000000
1017 10268 134.000000
1162 1184 134.000000
341 363 133.000000
1019 10677 133.000000
1038 10842 133.000000
1083 10979 133.000000
667 689 132.000000
930 952 132.000000
1125 1147 132.000000
780 781 131.000000
866 888 131.000000
1018 10554 131.000000
1041 10532 130.000000
1041 10763 130.000000
1041 10895 130.000000
1066 10844 130.000000
0 22 129.000000
1023 1045 129.000000
1041 10938 129.000000
1021 10244 128.000000
385 407 127.000000
393 394 127.000000
1021 10351 127.000000
1083 10850 127.000000
1262 1263 127.000000
1263 1264 127.000000
1264 1265 127.000000
1265 1266 127.000000
338 360 126.000000
1019 10796 126.000000
1042 10502 126.000000
1042 10740 126.000000
1245 1246 126.000000
1246 1247 126.000000
1247 1248 126.000000
1248 1249 126.000000
1249 1250 126.000000
380 381 125.000000
1041 10977 125.000000
1064 10696 125.000000
1064 10702 125.000000
845 846 124.000000
339 361 123.000000
113 135 121.000000
1017 10738 121.000000
22 44 120.000000
597 598 120.000000
629 630 120.000000
630 631 120.000000
631 632 120.000000
632 633 120.000000
633 634 120.000000
1213 1235 120.000000
650 651 119.000000
651 652 119.000000
652 653 119.000000
653 654 119.000000
654 655 119.000000
1019 10469 119.000000
1021 10269 119.000000
1021 10663 119.000000
1021 10782 119.000000
1 10910 118.000000
166 167 118.000000
902 903 117.000000
911 933 117.000000
1025 1047 117.000000
1132 1133 117.000000
1133 1134 117.000000
337 359 116.000000
1001 1023 116.000000
1018 10249 116.000000
1274 1296 115.000000
909 931 114.000000
1289 1290 114.000000
1290 1291 114.000000
1291 1292 114.000000
1292 1293 114.000000
1293 1294 114.000000
1322 1344 114.000000
979 980 113.000000
980 981 113.000000
1041 10857 112.000000
1017 10179 111.000000
1086 10947 111.000000
425 447 110.000000
1017 10509 110.000000
1162 1163 110.000000
362 384 109.000000
598 599 109.000000
628 629 109.000000
929 951 109.000000
1017 10934 109.000000
1021 10586 108.000000
1062 10982 108.000000
713 735 107.000000
866 867 107.000000
243 265 106.000000
1016 10386 106.000000
1017 10250 106.000000
1017 10575 106.000000
1017 10640 106.000000
1017 10718 106.000000
1063 10985 106.000000
1200 1201 106.000000
1201 1202 106.000000
1202 1203 106.000000
1203 1204 106.000000
1204 1205 106.000000
1205 1206 106.000000
1206 1207 106.000000
1294 1295 106.000000
335 336 105.000000
1065 10924 105.000000
1082 1104 105.000000
792 793 104.000000
792 813 104.000000
810 811 104.000000
811 812 104.000000
812 813 104.000000
1082 10821 104.000000
447 448 103.000000
448 449 103.000000
449 450 103.000000
889 911 103.000000
1017 10664 103.000000
1017 10965 103.000000
1020 10910 103.000000
1229 1251 103.000000
1040 10487 102.000000
1040 10618 102.000000
1042 10432 102.000000
394 395 101.000000
1012 10207 101.000000
296 318 100.000000
497 519 100.000000
1017 10484 99.000000
1019 10563 99.000000
1019 10925 99.000000
1019 10713 98.000000
1040 10964 98.000000
1235 1257 98.000000
1260 1282 98.000000
1544 1545 98.000000
560 561 97.000000
561 562 97.000000
1019 10260 97.000000
1019 10393 97.000000
1019 10971 97.000000
1020 10246 97.000000
1020 10550 97.000000
1120 1121 97.000000
1149 1171 97.000000
1019 10964 96.000000
1039 10399 95.000000
1042 10489 95.000000
1100 1121 95.000000
594 595 94.000000
594 615 94.000000
613 614 94.000000
614 615 94.000000
1091 1092 94.000000
1092 1093 94.000000
1093 1094 94.000000
1094 1095 94.000000
1095 1096 94.000000
1096 1097 94.000000
1097 1098 94.000000
559 560 92.000000
1038 10831 92.000000
1039 10821 92.000000
1081 10831 92.000000
974 996 91.000000
342 343 90.000000
343 344 90.000000
344 345 90.000000
345 346 90.000000
346 347 90.000000
347 348 90.000000
348 349 90.000000
349 350 89.000000
1522 1523 89.000000
1560 1561 89.000000
251 273 88.000000
585 586 88.000000
586 587 88.000000
587 588 88.000000
588 589 88.000000
589 590 88.000000
1034 10878 88.000000
1163 1164 88.000000
1327 1328 88.000000
1017 10277 87.000000
1063 10669 87.000000
1066 10678 87.000000
1185 1207 87.000000
1 1563 86.000000
254 276 86.000000
393 415 85.000000
662 684 84.000000
1012 10406 84.000000
1061 10816 84.000000
1061 10848 84.000000
1061 10921 84.000000
1327 1349 84.000000
401 402 83.000000
1 10265 82.000000
1038 10386 82.000000
101 123 81.000000
1039 10659 81.000000
1039 10721 81.000000
1042 10428 81.000000
319 341 80.000000
1040 10627 80.000000
1061 10703 80.000000
1061 10902 80.000000
1061 10951 80.000000
528 529 79.000000
528 549 79.000000
529 530 79.000000
530 531 79.000000
531 532 79.000000
547 548 79.000000
548 549 79.000000
655 656 79.000000
1061 10883 79.000000
1086 10924 79.000000
24 46 78.000000
634 635 78.000000
662 663 78.000000
1039 10811 78.000000
1039 10955 78.000000
1061 10745 78.000000
1238 1260 78.000000
975 997 77.000000
1017 10603 77.000000
1017 10645 77.000000
1017 10777 77.000000
1017 10808 77.000000
1017 10810 77.000000
1017 10841 77.000000
1017 10877 77.000000
110 132 76.000000
672 673 76.000000
673 674 76.000000
674 675 76.000000
675 676 76.000000
676 677 76.000000
677 678 76.000000
1082 10965 76.000000
1228 1229 76.000000
1039 10554 75.000000
1061 10969 75.000000
751 773 74.000000
947 969 74.000000
1017 10380 74.000000
1018 10493 74.000000
1012 10286 73.000000
1040 10677 73.000000
101 102 72.000000
641 663 72.000000
822 844 72.000000
1039 10982 72.000000
295 317 71.000000
952 974 71.000000
1056 10999 71.000000
1062 10665 71.000000
1062 10752 71.000000
1218 1240 71.000000
210 211 70.000000
864 886 70.000000
1017 10280 70.000000
1061 10946 70.000000
1061 10949 70.000000
1234 1256 70.000000
937 959 69.000000
1016 10575 69.000000
1042 10996 69.000000
162 184 68.000000
385 386 68.000000
386 387 68.000000
387 388 68.000000
388 389 68.000000
389 390 68.000000
390 391 68.000000
391 392 68.000000
392 393 68.000000
690 712 68.000000
1018 1040 68.000000
1040 10421 68.000000
1042 10886 68.000000
1070 1071 68.000000
1071 1072 68.000000
1072 1073 68.000000
1073 1074 68.000000
1074 1075 68.000000
1075 1076 68.000000
403 425 67.000000
934 935 67.000000
935 936 67.000000
936 937 67.000000
1040 10469 67.000000
124 146 66.000000
1017 10775 66.000000
1146 1168 66.000000
1017 10225 64.000000
1017 10450 64.000000
1017 10505 64.000000
1017 10506 64.000000
1017 10783 64.000000
1018 10694 64.000000
1021 10303 64.000000
1021 10438 64.000000
1021 10970 64.000000
1076 1077 64.000000
1063 10668 63.000000
1064 10733 63.000000
113 114 62.000000
1021 10240 62.000000
1021 10337 62.000000
1021 10968 62.000000
1284 1285 62.000000
1285 1286 62.000000
1286 1287 62.000000
1287 1288 62.000000
1288 1289 62.000000
114 115 61.000000
115 116 61.000000
116 117 61.000000
117 118 61.000000
118 119 61.000000
119 120 61.000000
120 121 61.000000
121 122 61.000000
122 123 61.000000
777 799 61.000000
912 934 61.000000
1082 10934 61.000000
1278 1300 61.000000
201 223 60.000000
1012 10531 60.000000
1153 1175 60.000000
1392 1393 60.000000
758 780 59.000000
889 890 59.000000
1341 1363 59.000000
890 912 58.000000
660 681 57.000000
678 679 57.000000
679 680 57.000000
680 681 57.000000
1025 10255 57.000000
1026 1027 57.000000
1027 1028 57.000000
1028 1029 57.000000
1029 1030 57.000000
1030 1031 57.000000
1031 1032 57.000000
1475 1497 57.000000
25 47 56.000000
606 607 56.000000
607 608 56.000000
608 609 56.000000
609 610 56.000000
610 611 56.000000
611 612 56.000000
660 661 56.000000
1032 1033 56.000000
1000 1022 55.000000
1061 1083 55.000000
1082 10841 55.000000
1082 10877 55.000000
396 397 54.000000
396 417 54.000000
397 398 54.000000
398 399 54.000000
399 400 54.000000
400 401 54.000000
415 416 54.000000
416 417 54.000000
1043 1065 54.000000
206 228 53.000000
374 375 53.000000
374 395 53.000000
375 376 53.000000
376 377 53.000000
377 378 53.000000
378 379 53.000000
649 671 53.000000
817 839 53.000000
865 887 53.000000
1042 10426 53.000000
1541 1563 53.000000
42 64 52.000000
274 296 52.000000
494 495 52.000000
495 496 52.000000
496 497 52.000000
603 604 52.000000
773 795 52.000000
793 794 52.000000
793 815 52.000000
1012 1033 52.000000
1497 1519 52.000000
379 380 51.000000
694 695 51.000000
695 696 51.000000
696 697 51.000000
697 698 51.000000
698 699 51.000000
1017 10745 51.000000
1453 1475 51.000000
491 492 50.000000
492 493 50.000000
493 494 50.000000
537 559 50.000000
628 650 50.000000
693 694 50.000000
955 956 50.000000
956 957 50.000000
957 958 50.000000
958 959 50.000000
1017 10331 50.000000
1017 10357 50.000000
1017 10949 50.000000
336 358 49.000000
1017 10816 49.000000
1169 1191 49.000000
188 210 48.000000
1017 10256 48.000000
1017 10369 48.000000
1017 10703 48.000000
1017 10883 48.000000
1017 10902 48.000000
1017 10946 48.000000
1017 10951 48.000000
1017 10969 48.000000
1018 10330 48.000000
1018 10529 48.000000
1018 10542 48.000000
1018 10665 48.000000
1018 10752 48.000000
1432 1454 48.000000
69 70 47.000000
209 231 47.000000
248 270 47.000000
1042 10774 47.000000
1042 10865 47.000000
1069 1070 47.000000
1109 1131 47.000000
0 1562 46.000000
2 24 46.000000
26 27 46.000000
27 28 46.000000
28 29 46.000000
29 30 46.000000
693 715 46.000000
823 824 46.000000
1020 10265 46.000000
973 995 45.000000
1060 1082 45.000000
1061 10694 45.000000
1064 10868 45.000000
1113 1114 45.000000
1114 1115 45.000000
1115 1116 45.000000
1116 1117 45.000000
1117 1118 45.000000
605 627 44.000000
946 967 44.000000
959 960 44.000000
960 961 44.000000
961 962 44.000000
962 963 44.000000
963 964 44.000000
964 965 44.000000
965 966 44.000000
966 967 44.000000
1021 10864 44.000000
1040 10796 44.000000
1021 10383 43.000000
1021 10871 43.000000
1179 1180 43.000000
1180 1181 43.000000
1181 1182 43.000000
1182 1183 43.000000
1183 1184 43.000000
1252 1274 43.000000
1496 1518 43.000000
1021 10215 42.000000
1021 10453 42.000000
1021 10500 42.000000
1021 10776 42.000000
1064 10977 42.000000
1128 1150 42.000000
1131 1153 42.000000
538 539 41.000000
821 843 41.000000
1017 10476 41.000000
1017 10848 41.000000
1017 10921 41.000000
1021 10920 41.000000
1064 10763 41.000000
1064 10895 41.000000
1414 1415 41.000000
612 613 40.000000
1039 1061 40.000000
1118 1119 40.000000
1119 1120 40.000000
1408 1430 40.000000
590 591 39.000000
692 714 39.000000
1042 10920 39.000000
1085 10985 38.000000
1499 1521 38.000000
210 232 37.000000
364 365 37.000000
365 366 37.000000
366 367 37.000000
367 368 37.000000
368 369 37.000000
369 370 37.000000
370 371 37.000000
1042 10789 37.000000
341 342 36.000000
820 842 36.000000
1020 10435 36.000000
1047 1048 36.000000
1048 1049 36.000000
1049 1050 36.000000
1050 1051 36.000000
1051 1052 36.000000
1052 1053 36.000000
1053 1054 36.000000
1054 1055 36.000000
1062 10627 36.000000
599 600 35.000000
600 601 35.000000
601 602 35.000000
1020 10857 35.000000
1062 10796 35.000000
1207 1229 35.000000
19 41 34.000000
197 219 34.000000
1018 10446 34.000000
1042 10486 34.000000
1042 10593 34.000000
1042 10619 34.000000
1042 10868 34.000000
1042 10879 34.000000
1172 1194 34.000000
167 189 33.000000
560 582 33.000000
648 670 33.000000
910 932 33.000000
1064 10940 33.000000
145 146 32.000000
205 227 32.000000
329 351 32.000000
533 534 32.000000
572 573 32.000000
572 593 32.000000
573 574 32.000000
574 575 32.000000
575 576 32.000000
591 592 32.000000
592 593 32.000000
686 708 32.000000
1065 10740 32.000000
1065 10886 32.000000
1126 1148 32.000000
1217 1239 32.000000
1431 1453 32.000000
221 243 31.000000
440 441 31.000000
440 461 31.000000
441 442 31.000000
442 443 31.000000
443 444 31.000000
444 445 31.000000
459 460 31.000000
460 461 31.000000
554 555 31.000000
568 569 31.000000
780 802 31.000000
781 782 31.000000
782 783 31.000000
783 784 31.000000
784 785 31.000000
785 786 31.000000
786 787 31.000000
881 903 31.000000
1018 10627 31.000000
1042 10475 31.000000
1042 10730 31.000000
1323 1345 31.000000
1517 1539 31.000000
539 540 30.000000
540 541 30.000000
924 925 30.000000
1064 10730 30.000000
1064 10879 30.000000
1064 10894 30.000000
1064 10972 30.000000
1065 10818 30.000000
1130 1152 30.000000
1409 1431 30.000000
1542 1564 30.000000
453 475 29.000000
475 497 29.000000
1021 10263 29.000000
1021 10349 29.000000
1021 10510 29.000000
1021 10638 29.000000
1021 10837 29.000000
1021 10865 29.000000
1021 10956 29.000000
293 315 28.000000
538 560 28.000000
1041 10435 28.000000
1064 10717 28.000000
1364 1386 28.000000
451 452 27.000000
452 453 27.000000
602 603 27.000000
706 707 27.000000
1021 10489 27.000000
1021 10774 27.000000
1021 10862 27.000000
1042 10510 27.000000
1042 10638 27.000000
1042 10837 27.000000
1042 10862 27.000000
1042 10956 27.000000
1561 1583 27.000000
532 533 26.000000
559 581 26.000000
1021 10769 26.000000
1042 10717 26.000000
1042 10894 26.000000
1042 10972 26.000000
1062 10979 26.000000
1086 10996 26.000000
145 167 25.000000
547 569 25.000000
711 733 25.000000
1016 1038 25.000000
26 48 24.000000
57 79 24.000000
140 162 24.000000
363 364 24.000000
371 393 24.000000
407 408 24.000000
408 409 24.000000
597 619 24.000000
682 683 24.000000
682 703 24.000000
683 684 24.000000
700 701 24.000000
701 702 24.000000
702 703 24.000000
733 755 24.000000
1004 1026 24.000000
1086 10863 24.000000
1106 1128 24.000000
1433 1455 24.000000
497 498 23.000000
498 499 23.000000
499 500 23.000000
500 501 23.000000
501 502 23.000000
541 563 23.000000
734 756 23.000000
1016 10842 23.000000
1017 10270 23.000000
1017 10659 23.000000
1017 10721 23.000000
1017 10811 23.000000
1017 10955 23.000000
1061 10681 23.000000
1061 10821 23.000000
1087 10997 23.000000
70 71 22.000000
71 72 22.000000
72 73 22.000000
73 74 22.000000
74 75 22.000000
75 76 22.000000
76 77 22.000000
77 78 22.000000
78 79 22.000000
219 241 22.000000
297 319 22.000000
350 351 22.000000
409 410 22.000000
410 411 22.000000
411 412 22.000000
412 413 22.000000
413 414 22.000000
414 415 22.000000
562 563 22.000000
563 564 22.000000
564 565 22.000000
565 566 22.000000
566 567 22.000000
567 568 22.000000
816 838 22.000000
981 982 22.000000
1060 10788 22.000000
1060 10831 22.000000
1163 1185 22.000000
1165 1187 22.000000
1388 1410 22.000000
163 185 21.000000
553 554 21.000000
954 976 21.000000
955 977 21.000000
1021 10733 21.000000
1103 1125 21.000000
1279 1301 21.000000
200 222 20.000000
1085 1107 20.000000
1191 1213 20.000000
1254 1276 20.000000
314 336 19.000000
371 372 19.000000
372 373 19.000000
1012 10234 19.000000
1012 10999 19.000000
1021 10221 19.000000
1021 10940 19.000000
1452 1474 19.000000
838 860 18.000000
1039 10493 18.000000
1042 10733 18.000000
1042 10769 18.000000
512 513 17.000000
513 514 17.000000
514 515 17.000000
515 516 17.000000
516 517 17.000000
517 518 17.000000
518 519 17.000000
603 625 17.000000
699 700 17.000000
772 794 17.000000
778 800 17.000000
910 911 17.000000
1012 10449 17.000000
1082 10883 17.000000
1251 1273 17.000000
208 230 16.000000
555 556 16.000000
726 727 16.000000
726 747 16.000000
727 728 16.000000
744 745 16.000000
745 746 16.000000
746 747 16.000000
1120 1142 16.000000
779 801 15.000000
794 816 15.000000
1038 10949 15.000000
1042 10940 15.000000
1060 10842 15.000000
1061 10811 15.000000
1061 10955 15.000000
1208 1230 15.000000
776 798 14.000000
1012 10878 14.000000
1038 10883 14.000000
1039 10529 14.000000
1039 10542 14.000000
1039 10665 14.000000
1039 10752 14.000000
1060 10640 14.000000
1060 10664 14.000000
1060 10718 14.000000
1060 10775 14.000000
1060 10783 14.000000
1060 10965 14.000000
1061 10659 14.000000
1061 10721 14.000000
1135 1136 14.000000
1136 1137 14.000000
1137 1138 14.000000
1138 1139 14.000000
1139 1140 14.000000
30 31 13.000000
31 32 13.000000
32 33 13.000000
33 34 13.000000
34 35 13.000000
48 49 13.000000
49 50 13.000000
50 51 13.000000
51 52 13.000000
52 53 13.000000
53 54 13.000000
54 55 13.000000
55 56 13.000000
56 57 13.000000
220 242 13.000000
730 752 13.000000
735 757 13.000000
1038 10380 13.000000
1038 10703 13.000000
1038 10816 13.000000
1038 10902 13.000000
1038 10934 13.000000
1038 10946 13.000000
1038 10951 13.000000
1038 10969 13.000000
1085 10879 13.000000
1085 10894 13.000000
1085 10972 13.000000
1134 1135 13.000000
1140 1141 13.000000
1141 1142 13.000000
1142 1164 13.000000
1190 1212 13.000000
141 163 12.000000
179 201 12.000000
619 641 12.000000
685 707 12.000000
756 778 12.000000
1060 10848 12.000000
1060 10921 12.000000
1087 1109 12.000000
1129 1151 12.000000
1538 1560 12.000000
35 57 11.000000
318 340 11.000000
340 362 11.000000
539 561 11.000000
561 583 11.000000
760 761 11.000000
761 762 11.000000
762 763 11.000000
763 764 11.000000
764 765 11.000000
765 766 11.000000
951 973 11.000000
1038 10476 11.000000
1038 10775 11.000000
1038 10848 11.000000
1038 10921 11.000000
1056 10711 11.000000
1083 1105 11.000000
1175 1197 11.000000
1186 1208 11.000000
1187 1209 11.000000
1210 1232 11.000000
1250 1251 11.000000
1389 1411 11.000000
1501 1502 11.000000
759 760 10.000000
815 837 10.000000
1040 10979 10.000000
1044 1066 10.000000
1107 1129 10.000000
1545 1546 10.000000
1546 1547 10.000000
1547 1548 10.000000
1548 1549 10.000000
123 145 9.000000
211 233 9.000000
1039 10694 9.000000
1266 1267 9.000000
1267 1268 9.000000
1268 1269 9.000000
1269 1270 9.000000
1270 1271 9.000000
1271 1272 9.000000
647 669 8.000000
907 929 8.000000
1038 10450 8.000000
1038 10484 8.000000
1038 10505 8.000000
1038 10506 8.000000
1038 10640 8.000000
1038 10664 8.000000
1038 10718 8.000000
1038 10783 8.000000
1038 10965 8.000000
1039 10681 8.000000
1062 1084 8.000000
1262 1284 8.000000
1518 1540 8.000000
275 297 7.000000
650 672 7.000000
885 907 7.000000
953 975 7.000000
1034 1056 7.000000
1038 10568 7.000000
1038 10788 7.000000
1098 1120 7.000000
1132 1154 7.000000
1516 1517 7.000000
1520 1542 7.000000
349 371 6.000000
423 445 6.000000
490 491 6.000000
638 659 6.000000
656 657 6.000000
657 658 6.000000
658 659 6.000000
684 706 6.000000
1003 1025 6.000000
1034 10898 6.000000
1038 10575 6.000000
1081 10842 6.000000
1135 1157 6.000000
1140 1162 6.000000
1189 1211 6.000000
1209 1231 6.000000
20 42 5.000000
327 349 5.000000
450 451 5.000000
634 656 5.000000
656 678 5.000000
1045 1067 5.000000
1076 1098 5.000000
1082 10955 5.000000
1083 10982 5.000000
1085 10895 5.000000
1085 10977 5.000000
1118 1140 5.000000
1127 1149 5.000000
1168 1190 5.000000
1479 1480 5.000000
102 124 4.000000
249 271 4.000000
510 511 4.000000
606 628 4.000000
728 750 4.000000
729 751 4.000000
748 749 4.000000
748 769 4.000000
749 750 4.000000
766 767 4.000000
767 768 4.000000
768 769 4.000000
1002 1003 4.000000
1012 1034 4.000000
1033 1055 4.000000
1136 1158 4.000000
1147 1169 4.000000
1192 1214 4.000000
1261 1283 4.000000
1344 1366 4.000000
62 63 3.000000
157 179 3.000000
511 512 3.000000
694 716 3.000000
911 912 3.000000
1082 10946 3.000000
1082 10949 3.000000
1082 10951 3.000000
1082 10969 3.000000
1089 1111 3.000000
1188 1210 3.000000
1305 1327 3.000000
1306 1307 3.000000
1307 1308 3.000000
1308 1309 3.000000
1309 1310 3.000000
1310 1311 3.000000
1311 1312 3.000000
1312 1313 3.000000
1313 1314 3.000000
1314 1315 3.000000
1328 1329 3.000000
1329 1330 3.000000
1330 1331 3.000000
1331 1332 3.000000
1332 1333 3.000000
1333 1334 3.000000
1334 1335 3.000000
1335 1336 3.000000
1336 1337 3.000000
1337 1338 3.000000
1390 1412 3.000000
1455 1477 3.000000
1476 1498 3.000000
1566 1567 3.000000
1567 1568 3.000000
1568 1569 3.000000
1569 1570 3.000000
35 36 2.000000
36 37 2.000000
37 38 2.000000
38 39 2.000000
39 40 2.000000
409 431 2.000000
428 429 2.000000
429 430 2.000000
430 431 2.000000
431 432 2.000000
431 453 2.000000
432 433 2.000000
433 434 2.000000
434 435 2.000000
435 436 2.000000
494 516 2.000000
516 538 2.000000
555 577 2.000000
569 591 2.000000
624 646 2.000000
672 694 2.000000
691 713 2.000000
968 989 2.000000
982 983 2.000000
983 984 2.000000
984 985 2.000000
985 986 2.000000
986 987 2.000000
987 988 2.000000
988 989 2.000000
1003 1004 2.000000
1004 1005 2.000000
1005 1006 2.000000
1006 1007 2.000000
1007 1008 2.000000
1008 1009 2.000000
1009 1010 2.000000
1010 1011 2.000000
1041 1063 2.000000
1055 10590 2.000000
1055 10835 2.000000
1055 10852 2.000000
1055 10944 2.000000
1082 10902 2.000000
1121 1143 2.000000
1148 1170 2.000000
1164 1186 2.000000
1306 1328 2.000000
1454 1476 2.000000
1474 1496 2.000000
70 92 1.000000
114 136 1.000000
175 197 1.000000
506 507 1.000000
506 527 1.000000
507 508 1.000000
508 509 1.000000
509 510 1.000000
525 526 1.000000
525 547 1.000000
526 527 1.000000
638 660 1.000000
668 690 1.000000
689 711 1.000000
712 734 1.000000
715 737 1.000000
737 738 1.000000
737 759 1.000000
738 739 1.000000
739 740 1.000000
740 741 1.000000
741 742 1.000000
742 743 1.000000
743 744 1.000000
890 891 1.000000
891 892 1.000000
892 893 1.000000
893 915 1.000000
915 937 1.000000
924 945 1.000000
925 947 1.000000
937 938 1.000000
938 939 1.000000
939 940 1.000000
940 941 1.000000
941 942 1.000000
942 943 1.000000
943 944 1.000000
944 945 1.000000
1011 10406 1.000000
1032 1054 1.000000
1054 1076 1.000000
1063 1085 1.000000
1086 10886 1.000000
1305 1306 1.000000
1473 1495 1.000000
1540 1562 1.000000
