221 222 19206.000000
222 223 19206.000000
223 224 19206.000000
224 225 18829.000000
220 221 14651.000000
1236 1237 13331.000000
1235 1236 12978.000000
1017 1018 12892.000000
1149 1150 12573.000000
1237 1238 11444.000000
243 244 11227.000000
244 245 11227.000000
245 246 11227.000000
225 226 10595.000000
1193 1194 10470.000000
1214 1215 10341.000000
242 243 9956.000000
1258 1259 9704.000000
1192 1193 9701.000000
1016 1017 9396.000000
1148 1149 9149.000000
1406 1407 9090.000000
1191 1192 8965.000000
44 45 8896.000000
1061 1062 8778.000000
1234 1235 8740.000000
1386 1407 8551.000000
226 227 8317.000000
973 974 8285.000000
974 975 8151.000000
859 860 8003.000000
860 861 8003.000000
1018 1019 7816.000000
1256 1257 7788.000000
1257 1258 7776.000000
1232 1253 7531.000000
925 926 7505.000000
926 927 7505.000000
265 266 7461.000000
266 267 7461.000000
267 268 7461.000000
928 929 7361.000000
995 996 7350.000000
1251 1252 7325.000000
1252 1253 7325.000000
400 401 7219.000000
1386 1387 7153.000000
1295 1296 7060.000000
1255 1256 6970.000000
1213 1214 6940.000000
132 153 6914.000000
1150 1151 6847.000000
1060 1061 6837.000000
1280 1281 6802.000000
1232 1233 6747.000000
1038 1039 6683.000000
1233 1234 6642.000000
1190 1191 6605.000000
199 200 6518.000000
200 201 6518.000000
201 202 6518.000000
202 203 6517.000000
1015 1016 6497.000000
20 21 6413.000000
1279 1280 6388.000000
1059 1060 6315.000000
0 21 6310.000000
1408 1429 6267.000000
1428 1429 6267.000000
1147 1148 6261.000000
1276 1297 6227.000000
927 928 6217.000000
1171 1172 6216.000000
838 839 6136.000000
839 840 6136.000000
1276 1277 6129.000000
269 270 6099.000000
1062 1063 6094.000000
1387 1388 6088.000000
268 269 5998.000000
972 973 5992.000000
1039 1040 5952.000000
1212 1213 5929.000000
929 930 5899.000000
242 263 5896.000000
1082 1083 5854.000000
110 131 5784.000000
1215 1216 5754.000000
881 882 5751.000000
882 883 5751.000000
883 884 5751.000000
837 838 5747.000000
1294 1295 5687.000000
264 265 5666.000000
178 179 5657.000000
179 180 5657.000000
180 181 5653.000000
181 182 5646.000000
1210 1211 5612.000000
1211 1212 5601.000000
924 925 5588.000000
1296 1297 5588.000000
1278 1279 5540.000000
1388 1389 5493.000000
246 247 5488.000000
858 859 5467.000000
66 87 5418.000000
88 89 5362.000000
1250 1251 5335.000000
1277 1278 5316.000000
198 199 5231.000000
19 20 5169.000000
1408 1409 5136.000000
1273 1274 5089.000000
177 178 5029.000000
247 248 4952.000000
1169 1170 4865.000000
858 879 4846.000000
1170 1171 4843.000000
994 995 4835.000000
176 177 4786.000000
1274 1275 4717.000000
308 309 4690.000000
309 310 4690.000000
310 311 4690.000000
311 312 4690.000000
270 271 4660.000000
1037 1038 4638.000000
1104 1105 4609.000000
861 862 4599.000000
1146 1147 4579.000000
1210 1231 4465.000000
1083 1084 4450.000000
1229 1230 4435.000000
1230 1231 4435.000000
1254 1275 4411.000000
1254 1255 4398.000000
993 994 4354.000000
312 313 4293.000000
176 197 4280.000000
996 997 4257.000000
1081 1082 4242.000000
1034 1035 4208.000000
1034 1055 4208.000000
1035 1036 4208.000000
1054 1055 4208.000000
1105 1106 4194.000000
1301 1302 4186.000000
1080 1081 4130.000000
1300 1301 4125.000000
885 886 4056.000000
130 131 4016.000000
1063 1064 3996.000000
1540 1541 3990.000000
836 837 3986.000000
0 1 3937.000000
884 885 3843.000000
334 335 3841.000000
1409 1410 3798.000000
45 46 3789.000000
1364 1385 3728.000000
924 945 3678.000000
1324 1325 3678.000000
1389 1390 3676.000000
313 314 3663.000000
1323 1324 3616.000000
1322 1323 3590.000000
271 272 3562.000000
1496 1497 3562.000000
1299 1300 3525.000000
1272 1273 3523.000000
154 175 3516.000000
1084 1085 3505.000000
815 816 3501.000000
816 817 3501.000000
817 818 3501.000000
132 133 3415.000000
906 907 3398.000000
198 219 3374.000000
1302 1303 3369.000000
1410 1411 3362.000000
792 793 3328.000000
262 263 3313.000000
1345 1346 3226.000000
880 881 3186.000000
1411 1412 3158.000000
794 795 3148.000000
795 796 3148.000000
132 154 3130.000000
1364 1365 3126.000000
335 336 3115.000000
1344 1345 3111.000000
203 204 3103.000000
1298 1319 3093.000000
1150 1172 3066.000000
1540 1561 3023.000000
903 904 3019.000000
904 905 3019.000000
1384 1385 3004.000000
1318 1319 2979.000000
1168 1169 2939.000000
975 976 2924.000000
688 689 2922.000000
220 241 2901.000000
110 111 2861.000000
840 841 2824.000000
1 2 2814.000000
1124 1125 2805.000000
644 645 2802.000000
1056 1057 2802.000000
1056 1077 2802.000000
1057 1058 2802.000000
1430 1431 2784.000000
1343 1344 2774.000000
152 153 2772.000000
84 85 2768.000000
85 86 2768.000000
1019 1020 2764.000000
1362 1363 2738.000000
1298 1299 2720.000000
841 842 2687.000000
18 19 2686.000000
796 797 2665.000000
862 863 2611.000000
336 337 2599.000000
1127 1128 2597.000000
623 624 2573.000000
793 794 2572.000000
1342 1343 2571.000000
197 219 2566.000000
314 315 2562.000000
264 285 2546.000000
1151 1152 2544.000000
1078 1079 2531.000000
1079 1080 2531.000000
1078 1099 2530.000000
1098 1099 2530.000000
902 903 2528.000000
63 64 2520.000000
86 87 2502.000000
950 951 2480.000000
1342 1363 2468.000000
1085 1086 2463.000000
64 65 2446.000000
1496 1517 2436.000000
1103 1104 2422.000000
0 10199 2418.000000
305 306 2413.000000
1125 1126 2407.000000
1228 1229 2378.000000
1106 1107 2342.000000
1321 1322 2318.000000
1064 1065 2303.000000
990 991 2298.000000
991 992 2298.000000
710 711 2278.000000
248 249 2272.000000
1474 1475 2272.000000
286 287 2270.000000
287 288 2270.000000
288 289 2270.000000
289 290 2270.000000
641 642 2270.000000
642 643 2270.000000
643 644 2270.000000
154 155 2258.000000
1015 10407 2257.000000
1036 1037 2244.000000
1041 1042 2201.000000
356 357 2191.000000
227 228 2189.000000
971 972 2177.000000
1494 1495 2157.000000
401 423 2148.000000
1189 1190 2132.000000
286 307 2103.000000
284 285 2088.000000
44 65 2068.000000
315 316 2066.000000
1366 1367 2049.000000
1367 1368 2046.000000
83 84 2025.000000
968 969 2004.000000
969 970 2004.000000
970 971 2004.000000
1365 1366 2001.000000
1516 1517 1978.000000
204 205 1966.000000
750 751 1965.000000
751 752 1965.000000
752 753 1965.000000
1076 1077 1965.000000
1166 1187 1960.000000
1185 1186 1960.000000
1186 1187 1960.000000
1040 1041 1951.000000
306 307 1950.000000
1126 1127 1940.000000
687 688 1931.000000
905 906 1925.000000
1320 1341 1914.000000
1281 1282 1893.000000
1541 1542 1891.000000
992 993 1880.000000
66 67 1867.000000
620 621 1862.000000
621 622 1862.000000
1194 1195 1842.000000
622 623 1840.000000
378 379 1816.000000
902 923 1812.000000
261 262 1807.000000
1493 1494 1805.000000
1537 1538 1793.000000
754 755 1771.000000
930 931 1770.000000
1166 1167 1768.000000
1474 1495 1760.000000
863 864 1745.000000
907 908 1730.000000
1167 1168 1729.000000
1368 1369 1720.000000
227 249 1715.000000
1538 1539 1709.000000
228 229 1706.000000
707 708 1698.000000
708 709 1698.000000
946 947 1690.000000
947 948 1690.000000
948 949 1690.000000
272 273 1687.000000
357 358 1679.000000
1453 1454 1676.000000
819 820 1674.000000
40 41 1661.000000
668 669 1661.000000
1058 1059 1656.000000
931 953 1646.000000
249 250 1645.000000
196 197 1637.000000
1320 1321 1632.000000
41 42 1628.000000
42 43 1628.000000
273 274 1622.000000
21 43 1612.000000
797 798 1604.000000
951 952 1596.000000
818 819 1587.000000
820 821 1579.000000
949 950 1579.000000
798 799 1571.000000
291 292 1565.000000
1518 1539 1561.000000
1018 1040 1558.000000
576 577 1550.000000
577 578 1550.000000
578 579 1550.000000
22 43 1548.000000
268 290 1541.000000
814 815 1538.000000
667 668 1534.000000
842 843 1526.000000
1452 1473 1496.000000
240 241 1494.000000
1515 1516 1494.000000
182 183 1491.000000
1450 1451 1491.000000
1020 1042 1487.000000
645 646 1478.000000
1194 1216 1475.000000
45 67 1472.000000
174 175 1471.000000
1472 1473 1467.000000
1452 1453 1465.000000
755 756 1454.000000
1454 1455 1418.000000
1128 1129 1413.000000
1562 1583 1406.000000
624 646 1398.000000
1216 1217 1396.000000
709 710 1393.000000
776 777 1390.000000
1020 1021 1382.000000
1012 1013 1378.000000
1012 1033 1378.000000
1013 1014 1378.000000
106 107 1373.000000
107 108 1373.000000
1338 1339 1372.000000
1339 1340 1372.000000
1582 1583 1368.000000
1172 1173 1365.000000
205 206 1360.000000
206 207 1357.000000
1014 1015 1357.000000
207 208 1350.000000
294 295 1350.000000
1293 1294 1349.000000
1107 1108 1347.000000
290 291 1340.000000
777 778 1330.000000
1184 1185 1329.000000
1559 1560 1329.000000
327 328 1310.000000
1430 1451 1306.000000
1063 1085 1295.000000
749 750 1292.000000
1316 1317 1289.000000
1317 1318 1289.000000
712 713 1286.000000
292 293 1283.000000
229 230 1278.000000
579 580 1274.000000
1249 1250 1271.000000
711 712 1268.000000
1560 1561 1256.000000
1271 1272 1248.000000
62 63 1246.000000
316 317 1244.000000
1206 1207 1238.000000
1475 1476 1238.000000
379 380 1235.000000
0 10002 1231.000000
1017 10487 1227.000000
176 198 1222.000000
358 359 1222.000000
975 997 1216.000000
271 293 1209.000000
666 667 1198.000000
753 754 1197.000000
880 901 1188.000000
1340 1341 1182.000000
328 329 1181.000000
775 776 1181.000000
317 318 1178.000000
1129 1130 1176.000000
1207 1208 1162.000000
1208 1209 1162.000000
1010 1011 1153.000000
886 887 1151.000000
968 989 1136.000000
22 23 1135.000000
974 996 1130.000000
1188 1209 1130.000000
105 106 1117.000000
1100 1121 1116.000000
1120 1121 1116.000000
1100 1101 1115.000000
689 690 1105.000000
108 109 1100.000000
952 953 1090.000000
350 351 1085.000000
1497 1498 1080.000000
1016 10399 1067.000000
133 134 1049.000000
1188 1189 1046.000000
1476 1477 1035.000000
732 733 1031.000000
250 251 1016.000000
663 664 1012.000000
664 665 1012.000000
1518 1519 1010.000000
731 732 999.000000
665 666 993.000000
1581 1582 992.000000
1562 1563 990.000000
662 663 989.000000
402 403 981.000000
360 361 979.000000
401 402 979.000000
1042 1043 974.000000
0 10938 964.000000
669 670 964.000000
1123 1124 961.000000
684 685 960.000000
685 686 960.000000
686 687 960.000000
946 967 949.000000
218 219 948.000000
886 908 937.000000
175 197 934.000000
1017 10283 931.000000
293 294 922.000000
1039 10971 922.000000
799 800 921.000000
1036 10565 919.000000
308 329 904.000000
2 3 896.000000
89 90 896.000000
144 145 887.000000
145 146 887.000000
146 147 887.000000
147 148 887.000000
661 662 887.000000
154 176 886.000000
1237 1259 881.000000
706 707 870.000000
403 404 865.000000
1106 1128 863.000000
1 10118 856.000000
772 773 838.000000
773 774 838.000000
295 296 830.000000
225 247 827.000000
1122 1123 826.000000
1122 1143 826.000000
1141 1142 826.000000
1142 1143 826.000000
423 424 825.000000
793 815 825.000000
756 757 820.000000
283 284 819.000000
380 381 819.000000
1227 1228 818.000000
359 360 817.000000
226 248 815.000000
733 734 814.000000
1498 1499 809.000000
1053 1054 808.000000
1032 1033 799.000000
274 296 794.000000
1406 1428 776.000000
183 184 774.000000
184 185 774.000000
1563 1564 769.000000
305 327 768.000000
230 231 758.000000
727 728 756.000000
1296 1318 752.000000
726 727 749.000000
404 405 730.000000
165 166 724.000000
166 167 724.000000
167 168 724.000000
168 169 724.000000
169 170 724.000000
170 171 724.000000
171 172 724.000000
172 173 724.000000
1140 1141 718.000000
774 775 714.000000
153 175 711.000000
275 276 711.000000
276 277 711.000000
277 278 711.000000
278 279 711.000000
279 280 711.000000
280 281 711.000000
281 282 711.000000
282 283 711.000000
1315 1316 711.000000
705 706 710.000000
1102 1103 710.000000
148 149 708.000000
149 150 708.000000
150 151 708.000000
151 152 708.000000
1038 10752 705.000000
580 581 704.000000
1409 1431 702.000000
313 335 695.000000
337 338 693.000000
1108 1109 679.000000
251 252 676.000000
330 331 676.000000
330 351 676.000000
331 332 676.000000
332 333 676.000000
333 334 676.000000
349 350 676.000000
1238 1239 675.000000
647 648 674.000000
646 647 673.000000
728 729 673.000000
729 730 673.000000
730 731 673.000000
1337 1338 673.000000
1431 1432 669.000000
274 275 657.000000
1195 1196 654.000000
1017 10544 649.000000
1119 1120 647.000000
1101 1102 644.000000
771 772 640.000000
1196 1197 635.000000
1197 1198 635.000000
683 684 634.000000
1281 1303 631.000000
1432 1433 626.000000
1038 10413 625.000000
1015 10831 623.000000
1205 1206 623.000000
624 625 621.000000
602 603 619.000000
357 379 615.000000
381 382 606.000000
185 186 605.000000
338 339 602.000000
1065 1066 599.000000
1066 1067 599.000000
314 336 596.000000
1016 10277 591.000000
1153 1154 587.000000
1154 1155 587.000000
23 24 581.000000
690 691 572.000000
1037 10401 571.000000
1193 1215 569.000000
183 205 568.000000
1062 1084 566.000000
601 602 564.000000
61 62 563.000000
1380 1381 560.000000
1381 1382 560.000000
1382 1383 560.000000
1383 1384 560.000000
1152 1153 557.000000
1043 1044 556.000000
109 131 555.000000
182 204 553.000000
186 187 553.000000
209 210 542.000000
210 211 542.000000
211 212 542.000000
212 213 542.000000
213 214 542.000000
214 215 542.000000
215 216 542.000000
216 217 542.000000
217 218 542.000000
581 582 542.000000
39 40 541.000000
361 362 541.000000
65 87 540.000000
1021 1043 537.000000
1217 1218 537.000000
1218 1219 537.000000
1219 1220 537.000000
352 353 535.000000
352 373 535.000000
353 354 535.000000
354 355 535.000000
355 356 535.000000
372 373 535.000000
1199 1200 534.000000
1239 1240 528.000000
1240 1241 528.000000
1241 1242 528.000000
1060 10694 513.000000
1174 1175 511.000000
1175 1176 511.000000
315 337 510.000000
382 383 509.000000
0 10475 504.000000
126 127 496.000000
1346 1347 494.000000
228 250 486.000000
841 863 484.000000
640 641 483.000000
796 818 483.000000
1561 1583 481.000000
1542 1543 480.000000
603 604 479.000000
1058 10831 475.000000
1343 1365 475.000000
582 604 474.000000
1173 1174 472.000000
1101 1123 471.000000
100 10616 469.000000
1364 1386 467.000000
465 466 466.000000
1021 10523 465.000000
122 123 462.000000
123 124 462.000000
124 125 462.000000
125 126 462.000000
923 945 462.000000
1016 10254 461.000000
770 771 460.000000
1017 1039 456.000000
1015 10167 453.000000
1097 1098 450.000000
864 865 444.000000
928 950 444.000000
1042 10844 443.000000
1018 10950 442.000000
748 749 441.000000
109 10920 437.000000
127 128 433.000000
128 129 433.000000
129 130 433.000000
100 101 432.000000
101 102 432.000000
102 103 432.000000
103 104 432.000000
424 425 432.000000
425 426 432.000000
1076 10944 432.000000
1060 10901 431.000000
1054 10590 425.000000
1053 10856 424.000000
1084 10998 422.000000
1036 10476 419.000000
198 220 415.000000
840 862 408.000000
1362 1384 408.000000
104 105 400.000000
231 232 399.000000
232 233 399.000000
233 234 399.000000
234 235 399.000000
235 236 399.000000
236 237 399.000000
237 238 399.000000
238 239 399.000000
929 951 397.000000
1080 10831 397.000000
111 133 396.000000
1455 1456 386.000000
121 122 385.000000
109 10956 384.000000
224 246 382.000000
1220 1221 381.000000
173 174 380.000000
594 595 379.000000
594 615 379.000000
1054 10999 376.000000
1242 1243 375.000000
1 10917 373.000000
1011 10186 369.000000
1016 10982 363.000000
1519 1520 363.000000
239 240 362.000000
1272 1294 362.000000
17 18 361.000000
444 445 361.000000
262 284 360.000000
1038 10953 359.000000
1145 1146 359.000000
443 444 357.000000
218 240 356.000000
306 328 353.000000
639 640 351.000000
821 822 350.000000
1200 1201 350.000000
1201 1202 350.000000
1202 1203 350.000000
1203 1204 350.000000
1204 1205 350.000000
1018 10977 347.000000
1449 1450 345.000000
1018 10702 344.000000
1018 10763 344.000000
1018 10895 344.000000
1018 10218 343.000000
1018 10372 343.000000
371 372 339.000000
1198 1199 339.000000
1471 1472 337.000000
272 294 335.000000
799 821 333.000000
1011 10146 333.000000
1228 1250 333.000000
1580 1581 333.000000
1087 1088 332.000000
1088 1089 332.000000
1019 10502 329.000000
1019 10740 329.000000
110 132 328.000000
340 341 326.000000
341 342 326.000000
342 343 326.000000
343 344 326.000000
344 345 326.000000
345 346 326.000000
346 347 326.000000
347 348 326.000000
253 254 323.000000
254 255 323.000000
255 256 323.000000
256 257 323.000000
257 258 323.000000
258 259 323.000000
259 260 323.000000
260 261 323.000000
884 906 318.000000
1019 10864 318.000000
1325 1326 317.000000
66 88 316.000000
1358 1359 315.000000
1359 1360 315.000000
1360 1361 315.000000
1039 10985 311.000000
1565 1566 310.000000
1566 1567 310.000000
1567 1568 310.000000
2 24 307.000000
625 626 305.000000
1039 10668 305.000000
270 292 303.000000
1086 10927 300.000000
296 297 295.000000
297 298 295.000000
298 299 295.000000
299 300 295.000000
300 301 295.000000
301 302 295.000000
302 303 295.000000
303 304 295.000000
304 305 295.000000
798 820 295.000000
1023 1045 292.000000
361 383 291.000000
668 690 291.000000
188 189 287.000000
189 190 287.000000
190 191 287.000000
191 192 287.000000
192 193 287.000000
193 194 287.000000
194 195 287.000000
195 196 287.000000
0 10012 286.000000
1086 1087 279.000000
283 305 278.000000
713 714 278.000000
1085 10981 278.000000
318 319 277.000000
319 320 277.000000
320 321 277.000000
321 322 277.000000
322 323 277.000000
323 324 277.000000
324 325 277.000000
325 326 277.000000
326 327 277.000000
134 135 276.000000
135 136 276.000000
136 137 276.000000
137 138 276.000000
626 627 276.000000
1010 10406 276.000000
1021 1022 275.000000
1022 1023 275.000000
312 334 274.000000
1038 10850 274.000000
1129 1151 274.000000
108 130 273.000000
1075 1076 273.000000
907 929 271.000000
1033 10878 271.000000
1042 10553 271.000000
1085 10995 271.000000
1065 10751 267.000000
1130 1131 267.000000
1131 1132 267.000000
1042 10431 265.000000
1062 10696 264.000000
0 10265 263.000000
0 10121 261.000000
1011 10898 261.000000
43 65 259.000000
1037 10745 259.000000
0 10910 258.000000
109 10976 258.000000
778 779 258.000000
1433 1434 258.000000
1044 1045 256.000000
1040 10730 255.000000
155 156 254.000000
156 157 254.000000
157 158 254.000000
158 159 254.000000
159 160 254.000000
1038 10689 253.000000
842 864 250.000000
930 952 250.000000
997 998 249.000000
109 10948 248.000000
580 602 248.000000
208 209 245.000000
1019 10346 242.000000
1019 10996 242.000000
1076 10835 242.000000
1076 10852 242.000000
734 735 241.000000
0 10972 240.000000
138 139 240.000000
1018 10271 240.000000
619 620 239.000000
644 666 238.000000
1040 10432 238.000000
22 44 237.000000
1018 10180 237.000000
1018 10347 237.000000
1065 10846 237.000000
1000 10255 236.000000
1019 10886 235.000000
1040 10733 234.000000
139 140 233.000000
140 141 233.000000
141 142 233.000000
142 143 233.000000
1019 10303 233.000000
1019 10383 233.000000
1019 10500 233.000000
1019 10871 233.000000
1167 1189 233.000000
1387 1409 233.000000
611 612 232.000000
612 613 232.000000
613 614 232.000000
614 615 232.000000
1019 10193 232.000000
1183 1184 232.000000
531 532 231.000000
669 691 230.000000
0 10857 229.000000
966 967 228.000000
67 89 227.000000
1408 1430 227.000000
495 517 226.000000
1270 1271 226.000000
0 10486 224.000000
1016 1038 224.000000
1019 10428 224.000000
885 907 223.000000
951 973 221.000000
1017 10563 221.000000
1017 10925 221.000000
160 161 219.000000
284 306 219.000000
1040 10696 219.000000
1040 10862 219.000000
205 227 217.000000
143 165 216.000000
1221 1222 216.000000
1222 1223 216.000000
1223 1224 216.000000
1224 1225 216.000000
1225 1226 216.000000
161 162 215.000000
162 163 215.000000
163 164 215.000000
164 165 215.000000
106 10784 214.000000
998 999 214.000000
1077 10898 214.000000
1130 1152 213.000000
1216 1238 212.000000
1361 1362 211.000000
1496 1518 210.000000
1018 10613 208.000000
1021 10561 208.000000
44 66 207.000000
1019 10733 207.000000
1067 1089 207.000000
1040 10837 206.000000
1384 1406 206.000000
0 10593 204.000000
0 10619 204.000000
0 10879 204.000000
1497 1519 204.000000
1085 10997 202.000000
1109 1110 202.000000
1110 1111 202.000000
1319 1341 202.000000
533 534 201.000000
534 535 201.000000
1039 10435 201.000000
1064 1086 201.000000
1019 10438 200.000000
0 10081 198.000000
423 445 198.000000
1043 10643 198.000000
1063 10924 198.000000
0 10308 197.000000
1540 1562 197.000000
688 710 195.000000
814 835 195.000000
0 10435 192.000000
1043 10583 192.000000
1515 1537 192.000000
185 207 191.000000
250 272 191.000000
1017 10421 191.000000
1038 10618 187.000000
1043 10455 186.000000
1067 1068 186.000000
249 271 185.000000
339 340 184.000000
0 10426 183.000000
0 10532 183.000000
220 242 183.000000
0 10279 182.000000
1019 10453 182.000000
1040 10586 182.000000
638 639 181.000000
638 659 181.000000
143 144 180.000000
1019 10920 180.000000
1038 10529 180.000000
1061 10613 180.000000
1062 10868 180.000000
0 10894 179.000000
1042 10678 179.000000
1063 10947 176.000000
627 628 175.000000
628 629 175.000000
629 630 175.000000
630 631 175.000000
631 632 175.000000
1010 10286 175.000000
1083 10879 175.000000
1412 1413 174.000000
1010 10234 173.000000
1229 1251 173.000000
976 977 172.000000
1039 10669 172.000000
1040 10428 172.000000
1040 10996 172.000000
1017 10979 171.000000
1018 10910 171.000000
1063 10762 171.000000
902 924 170.000000
1010 10449 170.000000
1018 10265 170.000000
1062 10730 170.000000
581 603 169.000000
1038 10922 169.000000
1040 10886 168.000000
1516 1538 168.000000
1 10317 165.000000
1017 10393 165.000000
1084 10972 165.000000
1015 1037 164.000000
1019 10221 164.000000
105 10540 163.000000
336 358 163.000000
1040 10972 161.000000
294 316 160.000000
596 597 160.000000
1040 10475 160.000000
1040 10486 160.000000
1107 1129 160.000000
575 576 159.000000
24 25 158.000000
25 26 158.000000
26 27 158.000000
27 28 158.000000
814 836 158.000000
1016 10821 158.000000
1062 10940 158.000000
535 536 157.000000
1032 10835 156.000000
1032 10852 156.000000
1151 1173 156.000000
1010 10531 154.000000
248 270 153.000000
269 291 153.000000
1018 10364 153.000000
0 10702 152.000000
1018 10857 152.000000
0 10113 151.000000
0 10977 151.000000
252 274 150.000000
1096 1097 150.000000
1390 1391 150.000000
293 315 148.000000
1038 1060 148.000000
296 318 147.000000
1019 10868 147.000000
1039 10950 146.000000
1128 1150 146.000000
1017 10669 145.000000
0 10335 144.000000
0 10364 144.000000
292 314 144.000000
1040 10857 144.000000
977 978 143.000000
978 979 143.000000
1265 1266 143.000000
1266 1267 143.000000
1267 1268 143.000000
1268 1269 143.000000
1269 1270 143.000000
263 285 142.000000
1016 10384 142.000000
1019 10351 141.000000
1082 1104 141.000000
0 10372 139.000000
0 10895 139.000000
105 10651 139.000000
579 601 139.000000
1243 1244 139.000000
1244 1245 139.000000
1245 1246 139.000000
1246 1247 139.000000
1247 1248 139.000000
0 10039 138.000000
0 10218 138.000000
1019 10687 138.000000
1040 10910 138.000000
318 340 137.000000
1018 10246 137.000000
1018 10550 137.000000
1340 1362 137.000000
1016 10721 136.000000
1277 1299 136.000000
1019 10363 135.000000
1060 10922 135.000000
618 619 134.000000
1059 10808 134.000000
111 112 133.000000
252 253 131.000000
0 10550 130.000000
383 405 130.000000
1010 10149 130.000000
589 590 129.000000
590 591 129.000000
591 592 129.000000
592 593 129.000000
602 624 129.000000
1016 10446 129.000000
1042 10561 129.000000
1054 1076 129.000000
0 10717 128.000000
187 188 128.000000
1061 10668 128.000000
1236 1258 127.000000
572 573 126.000000
572 593 126.000000
573 574 126.000000
0 10763 125.000000
1015 10509 124.000000
1040 10868 124.000000
1172 1194 124.000000
667 689 123.000000
1019 10940 123.000000
1037 10883 123.000000
1059 10777 123.000000
1059 10810 123.000000
1059 10841 123.000000
1450 1472 123.000000
0 10246 122.000000
0 10347 122.000000
67 68 122.000000
1017 10260 122.000000
1018 10717 122.000000
1019 10976 122.000000
1059 10783 122.000000
0 10180 121.000000
451 473 121.000000
473 495 121.000000
1019 10782 121.000000
1019 10948 121.000000
1064 10678 121.000000
0 10985 120.000000
1059 10775 120.000000
64 86 119.000000
682 683 118.000000
775 797 118.000000
0 10271 117.000000
1016 10811 117.000000
1016 10955 117.000000
1063 10818 117.000000
1016 10280 116.000000
1062 10972 115.000000
1063 10863 115.000000
422 423 114.000000
1039 10613 114.000000
1019 10387 113.000000
1259 1260 113.000000
261 283 111.000000
691 692 111.000000
713 735 111.000000
836 857 111.000000
1019 10862 111.000000
1260 1261 111.000000
1261 1262 111.000000
1262 1263 111.000000
1263 1264 111.000000
1264 1265 111.000000
711 733 110.000000
421 422 109.000000
797 819 109.000000
1038 10677 109.000000
489 490 108.000000
490 491 108.000000
491 492 108.000000
1019 10269 108.000000
1019 10663 108.000000
1126 1148 108.000000
327 349 107.000000
449 450 107.000000
450 451 107.000000
633 634 107.000000
634 635 107.000000
635 636 107.000000
636 637 107.000000
1060 10689 107.000000
1081 10901 107.000000
1248 1249 106.000000
492 493 105.000000
493 494 105.000000
494 495 105.000000
574 575 105.000000
1016 10554 104.000000
1019 10244 104.000000
1040 10619 104.000000
239 261 103.000000
1015 10386 103.000000
1015 10842 103.000000
1564 1565 103.000000
536 537 102.000000
1015 10575 102.000000
1015 10640 102.000000
1038 10554 102.000000
1040 10426 102.000000
1040 10532 102.000000
1040 10593 102.000000
1040 10879 102.000000
595 596 101.000000
623 645 101.000000
731 753 101.000000
1015 10268 101.000000
1017 10412 101.000000
1017 10499 101.000000
1017 10781 101.000000
1019 10202 101.000000
712 734 100.000000
1017 10305 100.000000
1017 10677 100.000000
1017 10964 100.000000
1082 10953 100.000000
616 617 99.000000
616 637 99.000000
1015 10568 99.000000
1016 10659 99.000000
1060 10982 99.000000
1015 10250 98.000000
1016 10249 98.000000
1017 10469 98.000000
1060 10850 98.000000
1084 10924 98.000000
1084 10947 98.000000
1089 1090 98.000000
1090 1091 98.000000
1091 1092 98.000000
1092 1093 98.000000
1093 1094 98.000000
1094 1095 98.000000
1095 1096 98.000000
639 661 97.000000
691 713 97.000000
819 841 97.000000
1015 10179 97.000000
1015 10788 97.000000
1016 10681 97.000000
1059 10934 97.000000
1155 1156 97.000000
843 844 96.000000
165 187 95.000000
537 538 95.000000
538 539 95.000000
671 672 94.000000
672 673 94.000000
673 674 94.000000
674 675 94.000000
675 676 94.000000
971 993 92.000000
360 382 91.000000
820 842 91.000000
1019 10837 91.000000
1084 10863 91.000000
1105 1127 91.000000
1537 1559 91.000000
1059 10603 90.000000
1059 10877 90.000000
1081 10821 90.000000
836 858 89.000000
1038 10469 89.000000
532 533 88.000000
660 681 88.000000
753 775 88.000000
1059 10816 88.000000
1084 10868 88.000000
1173 1195 88.000000
1214 1236 88.000000
219 241 87.000000
670 671 87.000000
1018 10435 87.000000
1040 10940 87.000000
1325 1347 87.000000
1156 1157 86.000000
1157 1158 86.000000
1158 1159 86.000000
1159 1160 86.000000
1160 1161 86.000000
1255 1277 86.000000
0 10613 85.000000
46 68 85.000000
68 90 85.000000
241 263 85.000000
864 886 85.000000
1037 10969 85.000000
1038 10665 85.000000
1147 1169 85.000000
112 113 84.000000
113 114 84.000000
114 115 84.000000
115 116 84.000000
116 117 84.000000
117 118 84.000000
118 119 84.000000
119 120 84.000000
120 121 84.000000
1017 10713 84.000000
1192 1214 84.000000
528 529 83.000000
528 549 83.000000
529 530 83.000000
545 546 83.000000
546 547 83.000000
547 548 83.000000
548 549 83.000000
1062 10879 83.000000
418 419 82.000000
418 439 82.000000
419 420 82.000000
420 421 82.000000
435 436 82.000000
436 437 82.000000
437 438 82.000000
438 439 82.000000
632 633 82.000000
1019 10215 82.000000
1059 1081 82.000000
1059 10703 82.000000
1059 10848 82.000000
1059 10902 82.000000
1059 10921 82.000000
1060 10618 82.000000
1080 10842 82.000000
1124 1146 82.000000
1144 1145 82.000000
1144 1165 82.000000
1163 1164 82.000000
1164 1165 82.000000
755 777 81.000000
815 837 81.000000
1037 10951 81.000000
1046 1047 81.000000
1047 1048 81.000000
1048 1049 81.000000
1049 1050 81.000000
1050 1051 81.000000
1051 1052 81.000000
1052 1053 81.000000
1183 1205 81.000000
109 10940 80.000000
709 731 80.000000
1019 10586 80.000000
1037 10946 80.000000
1037 10949 80.000000
1041 10438 80.000000
160 182 79.000000
1162 1163 79.000000
246 268 78.000000
391 392 78.000000
1520 1521 78.000000
18 40 77.000000
122 144 77.000000
348 349 77.000000
626 648 77.000000
1036 10703 77.000000
1068 1069 77.000000
1069 1070 77.000000
1070 1071 77.000000
1071 1072 77.000000
1072 1073 77.000000
1073 1074 77.000000
1210 1232 77.000000
757 758 76.000000
1038 10446 76.000000
1038 10542 76.000000
1 10577 75.000000
445 446 75.000000
446 447 75.000000
447 448 75.000000
1010 10444 75.000000
1038 10627 75.000000
1473 1495 75.000000
1517 1539 75.000000
383 384 74.000000
384 385 74.000000
385 386 74.000000
386 387 74.000000
387 388 74.000000
388 389 74.000000
389 390 74.000000
390 391 74.000000
1258 1280 74.000000
204 226 73.000000
1108 1130 73.000000
1499 1500 73.000000
109 10972 72.000000
648 649 72.000000
649 650 72.000000
650 651 72.000000
651 652 72.000000
652 653 72.000000
653 654 72.000000
597 598 71.000000
598 599 71.000000
599 600 71.000000
600 601 71.000000
1074 1075 71.000000
1543 1544 71.000000
1544 1545 71.000000
1545 1546 71.000000
1546 1547 71.000000
39 61 70.000000
379 401 70.000000
908 930 70.000000
196 218 69.000000
953 975 69.000000
1032 10406 69.000000
253 275 68.000000
582 583 68.000000
728 750 68.000000
554 555 67.000000
555 556 67.000000
556 557 67.000000
1188 1210 67.000000
858 880 66.000000
931 932 66.000000
1019 10894 66.000000
1038 10964 66.000000
1063 10740 66.000000
1015 10298 64.000000
1104 1126 64.000000
1276 1298 64.000000
1300 1322 64.000000
3 4 63.000000
4 5 63.000000
5 6 63.000000
6 7 63.000000
1040 10510 63.000000
1040 10956 63.000000
1041 1063 63.000000
1041 10687 63.000000
1045 1046 63.000000
1062 10857 63.000000
1062 10910 63.000000
786 787 62.000000
787 788 62.000000
788 789 62.000000
789 790 62.000000
790 791 62.000000
1040 10865 62.000000
1061 1083 62.000000
1231 1253 62.000000
78 79 61.000000
79 80 61.000000
80 81 61.000000
81 82 61.000000
1336 1337 61.000000
82 83 60.000000
133 155 60.000000
426 427 60.000000
536 558 60.000000
1015 10664 59.000000
1015 10718 59.000000
1015 10965 59.000000
1037 10752 59.000000
1060 10796 59.000000
1083 10985 59.000000
1020 10715 58.000000
1080 10965 58.000000
199 221 57.000000
339 361 57.000000
660 661 57.000000
778 800 57.000000
906 928 57.000000
1037 10493 57.000000
1082 10979 57.000000
1207 1229 57.000000
186 208 56.000000
240 262 56.000000
605 606 56.000000
606 607 56.000000
607 608 56.000000
608 609 56.000000
609 610 56.000000
648 670 56.000000
1205 1227 56.000000
1017 10796 55.000000
1032 10444 55.000000
604 605 54.000000
646 668 54.000000
967 989 54.000000
1016 10627 54.000000
1492 1493 54.000000
1032 10531 53.000000
448 449 52.000000
1 1563 51.000000
362 363 51.000000
363 364 51.000000
364 365 51.000000
365 366 51.000000
366 367 51.000000
367 368 51.000000
368 369 51.000000
704 725 51.000000
721 722 51.000000
722 723 51.000000
723 724 51.000000
724 725 51.000000
972 994 51.000000
1161 1162 51.000000
692 693 50.000000
693 694 50.000000
694 695 50.000000
695 696 50.000000
696 697 50.000000
901 923 50.000000
1233 1255 50.000000
676 677 49.000000
887 909 49.000000
909 931 49.000000
1559 1581 49.000000
338 360 48.000000
24 46 47.000000
230 252 47.000000
1019 10776 47.000000
1041 10976 47.000000
109 10996 46.000000
1254 1276 46.000000
1386 1408 46.000000
20 42 45.000000
42 64 45.000000
369 370 45.000000
370 371 45.000000
553 554 45.000000
957 958 45.000000
958 959 45.000000
959 960 45.000000
960 961 45.000000
961 962 45.000000
962 963 45.000000
963 964 45.000000
964 965 45.000000
965 966 45.000000
1037 1059 45.000000
0 22 44.000000
62 84 44.000000
517 518 44.000000
518 519 44.000000
519 520 44.000000
520 521 44.000000
521 522 44.000000
535 557 44.000000
654 655 44.000000
655 656 44.000000
656 657 44.000000
657 658 44.000000
1038 10421 44.000000
1032 10430 43.000000
1063 10996 43.000000
1076 10999 43.000000
317 339 42.000000
683 705 42.000000
1019 10824 42.000000
1019 10789 41.000000
1040 10702 41.000000
1040 10763 41.000000
1040 10977 41.000000
1298 1320 41.000000
187 209 40.000000
772 794 40.000000
935 957 40.000000
1038 10796 40.000000
1041 10663 40.000000
557 558 39.000000
732 754 39.000000
953 954 39.000000
954 955 39.000000
955 956 39.000000
956 957 39.000000
1040 10895 39.000000
1063 10886 39.000000
1111 1112 39.000000
1112 1113 39.000000
1113 1114 39.000000
1114 1115 39.000000
1115 1116 39.000000
1116 1117 39.000000
1117 1118 39.000000
1292 1293 39.000000
550 551 38.000000
550 571 38.000000
551 552 38.000000
567 568 38.000000
568 569 38.000000
569 570 38.000000
570 571 38.000000
658 659 38.000000
1018 10938 38.000000
1019 10237 38.000000
1019 10301 38.000000
1019 10414 38.000000
1133 1134 38.000000
1134 1135 38.000000
1135 1136 38.000000
1136 1137 38.000000
1137 1138 38.000000
1138 1139 38.000000
1139 1140 38.000000
1212 1234 38.000000
0 1562 37.000000
396 397 37.000000
396 417 37.000000
397 398 37.000000
398 399 37.000000
399 400 37.000000
415 416 37.000000
416 417 37.000000
552 553 37.000000
1041 10782 37.000000
1041 10948 37.000000
1123 1145 37.000000
138 160 36.000000
770 791 36.000000
932 933 36.000000
933 934 36.000000
934 935 36.000000
1015 10934 36.000000
1232 1254 36.000000
1299 1321 36.000000
406 407 35.000000
735 736 35.000000
818 840 35.000000
1039 10938 35.000000
1061 10669 35.000000
1062 10702 35.000000
1062 10763 35.000000
1062 10895 35.000000
1062 10977 35.000000
1161 1183 35.000000
1227 1249 35.000000
1321 1343 35.000000
203 225 34.000000
316 338 34.000000
714 715 34.000000
715 716 34.000000
716 717 34.000000
717 718 34.000000
718 719 34.000000
719 720 34.000000
720 721 34.000000
749 771 34.000000
1015 10380 34.000000
1015 10603 34.000000
1015 10808 34.000000
1015 10816 34.000000
1015 10877 34.000000
1033 10898 34.000000
1040 10550 34.000000
1053 1075 34.000000
23 45 33.000000
665 687 33.000000
808 809 33.000000
809 810 33.000000
810 811 33.000000
811 812 33.000000
812 813 33.000000
1015 10357 33.000000
1015 10703 33.000000
1016 10493 33.000000
1016 10694 33.000000
1019 10489 33.000000
1019 10774 33.000000
1063 10782 33.000000
1063 10948 33.000000
1474 1496 33.000000
380 402 32.000000
413 435 32.000000
561 562 32.000000
562 563 32.000000
563 564 32.000000
564 565 32.000000
565 566 32.000000
863 885 32.000000
1015 10225 32.000000
1015 10450 32.000000
1015 10476 32.000000
1015 10484 32.000000
1015 10505 32.000000
1015 10506 32.000000
1015 10775 32.000000
1015 10783 32.000000
1015 10848 32.000000
1015 10902 32.000000
1015 10921 32.000000
1017 10190 32.000000
1019 10510 32.000000
1019 10865 32.000000
1019 10956 32.000000
1206 1228 32.000000
1209 1231 32.000000
1430 1452 32.000000
1 23 31.000000
558 559 31.000000
559 560 31.000000
560 561 31.000000
660 682 31.000000
677 678 31.000000
678 679 31.000000
679 680 31.000000
680 681 31.000000
1059 10969 31.000000
1060 10665 31.000000
1282 1283 31.000000
1283 1284 31.000000
1284 1285 31.000000
1285 1286 31.000000
1286 1287 31.000000
1342 1364 31.000000
290 312 30.000000
932 954 30.000000
950 972 30.000000
954 976 30.000000
335 357 29.000000
539 561 29.000000
792 813 29.000000
977 999 29.000000
1019 10349 29.000000
1023 10255 29.000000
1059 10951 29.000000
17 39 28.000000
392 393 28.000000
647 669 28.000000
1023 1024 28.000000
1024 1025 28.000000
1025 1026 28.000000
1026 1027 28.000000
1027 1028 28.000000
1028 1029 28.000000
1029 1030 28.000000
1040 10638 28.000000
1040 10824 28.000000
1060 10752 28.000000
295 317 27.000000
1030 1031 27.000000
1058 1080 27.000000
1059 10745 27.000000
1083 10977 27.000000
1477 1478 27.000000
340 362 26.000000
467 468 26.000000
468 469 26.000000
469 470 26.000000
714 736 26.000000
859 881 26.000000
1040 10717 26.000000
1040 10769 26.000000
1040 10789 26.000000
1062 10894 26.000000
1083 10895 26.000000
1303 1325 26.000000
699 721 25.000000
90 91 24.000000
91 92 24.000000
92 93 24.000000
93 94 24.000000
94 95 24.000000
95 96 24.000000
96 97 24.000000
97 98 24.000000
98 99 24.000000
622 644 24.000000
1011 1033 24.000000
1063 10663 24.000000
1118 1140 24.000000
1211 1233 24.000000
1428 1450 24.000000
1493 1515 24.000000
704 705 23.000000
792 814 23.000000
949 971 23.000000
1019 10263 23.000000
1019 10638 23.000000
1019 10769 23.000000
1075 10856 23.000000
1449 1471 23.000000
1495 1517 23.000000
291 313 22.000000
927 949 22.000000
1040 10414 22.000000
1453 1475 22.000000
1014 1036 21.000000
1132 1133 21.000000
208 230 20.000000
407 408 20.000000
408 409 20.000000
409 410 20.000000
410 411 20.000000
411 412 20.000000
412 413 20.000000
821 843 20.000000
1016 10330 20.000000
1016 10529 20.000000
1016 10542 20.000000
1016 10665 20.000000
1037 10399 20.000000
1037 10694 20.000000
1040 10894 20.000000
1178 1200 20.000000
1189 1211 20.000000
1326 1327 20.000000
1327 1328 20.000000
1328 1329 20.000000
1329 1330 20.000000
1330 1331 20.000000
1331 1332 20.000000
1332 1333 20.000000
1333 1334 20.000000
1334 1335 20.000000
1335 1336 20.000000
337 359 19.000000
523 545 19.000000
800 801 19.000000
801 802 19.000000
802 803 19.000000
803 804 19.000000
804 805 19.000000
805 806 19.000000
806 807 19.000000
807 808 19.000000
1015 10331 19.000000
1015 10969 19.000000
1016 10752 19.000000
1038 10979 19.000000
1062 10717 19.000000
131 153 18.000000
583 584 18.000000
584 585 18.000000
585 586 18.000000
586 587 18.000000
587 588 18.000000
588 589 18.000000
677 699 18.000000
1015 10256 18.000000
1015 10883 18.000000
1015 10951 18.000000
1046 1068 18.000000
1076 1098 18.000000
1086 1108 18.000000
207 229 17.000000
209 231 17.000000
356 378 17.000000
405 406 17.000000
684 706 17.000000
945 967 17.000000
1015 10369 17.000000
1015 10946 17.000000
1015 10949 17.000000
1031 1032 17.000000
1036 10450 17.000000
1036 10484 17.000000
1036 10505 17.000000
1036 10506 17.000000
1036 10775 17.000000
1036 10783 17.000000
1036 10848 17.000000
1036 10902 17.000000
1036 10921 17.000000
1036 10951 17.000000
1166 1188 17.000000
1250 1272 17.000000
1431 1453 17.000000
1558 1559 17.000000
155 177 16.000000
242 264 16.000000
429 451 16.000000
501 523 16.000000
545 567 16.000000
558 580 16.000000
770 792 16.000000
879 901 16.000000
1170 1192 16.000000
273 295 15.000000
407 429 15.000000
427 428 15.000000
428 429 15.000000
1036 10831 15.000000
1054 10898 15.000000
1080 10810 15.000000
1080 10841 15.000000
1102 1124 15.000000
1178 1179 15.000000
1179 1180 15.000000
1180 1181 15.000000
1181 1182 15.000000
1182 1183 15.000000
1388 1410 15.000000
429 430 14.000000
430 431 14.000000
431 432 14.000000
432 433 14.000000
433 434 14.000000
434 435 14.000000
510 511 14.000000
511 512 14.000000
512 513 14.000000
513 514 14.000000
514 515 14.000000
515 516 14.000000
516 517 14.000000
530 531 14.000000
690 712 14.000000
754 776 14.000000
758 759 14.000000
759 760 14.000000
760 761 14.000000
761 762 14.000000
762 763 14.000000
763 764 14.000000
1037 10821 14.000000
1053 10835 14.000000
1053 10852 14.000000
1059 10883 14.000000
1060 10627 14.000000
1060 10979 14.000000
1249 1271 14.000000
1452 1474 14.000000
625 647 13.000000
705 727 13.000000
776 798 13.000000
1037 10659 13.000000
1037 10681 13.000000
1059 10811 13.000000
1059 10946 13.000000
1059 10949 13.000000
1059 10955 13.000000
1060 1082 13.000000
391 413 12.000000
566 567 12.000000
976 998 12.000000
988 989 12.000000
1001 1002 12.000000
1001 10255 12.000000
1002 1003 12.000000
1003 1004 12.000000
1004 1005 12.000000
1005 1006 12.000000
1006 1007 12.000000
1007 1008 12.000000
1008 1009 12.000000
1009 1010 12.000000
1015 10811 12.000000
1015 10955 12.000000
1032 10449 12.000000
1036 10386 12.000000
1036 10407 12.000000
1036 10568 12.000000
1036 10575 12.000000
1036 10640 12.000000
1036 10664 12.000000
1036 10718 12.000000
1036 10788 12.000000
1036 10842 12.000000
1036 10965 12.000000
1081 10982 12.000000
1085 1107 12.000000
1190 1212 12.000000
1287 1288 12.000000
1288 1289 12.000000
1289 1290 12.000000
1290 1291 12.000000
1291 1292 12.000000
161 183 11.000000
610 611 11.000000
666 688 11.000000
736 737 11.000000
737 738 11.000000
738 739 11.000000
739 740 11.000000
740 741 11.000000
741 742 11.000000
771 793 11.000000
1019 1041 11.000000
1038 10487 11.000000
1054 10878 11.000000
1081 1103 11.000000
1156 1178 11.000000
1318 1340 11.000000
1451 1473 11.000000
603 625 10.000000
777 799 10.000000
1010 1032 10.000000
1031 1053 10.000000
1058 10640 10.000000
1058 10788 10.000000
1058 10842 10.000000
1059 10659 10.000000
1080 10808 10.000000
1080 10811 10.000000
1080 10877 10.000000
1080 10883 10.000000
1080 10946 10.000000
1080 10949 10.000000
1080 10955 10.000000
1087 1109 10.000000
1119 1141 10.000000
121 143 9.000000
174 196 9.000000
231 253 9.000000
593 615 9.000000
727 749 9.000000
1058 10664 9.000000
1058 10718 9.000000
1058 10965 9.000000
1059 10681 9.000000
1059 10721 9.000000
1059 10821 9.000000
1080 10816 9.000000
1080 10934 9.000000
1080 10969 9.000000
1084 10996 9.000000
112 134 8.000000
152 174 8.000000
617 639 8.000000
756 778 8.000000
952 974 8.000000
1001 1023 8.000000
1032 1054 8.000000
1065 10844 8.000000
1133 1155 8.000000
1162 1184 8.000000
1215 1237 8.000000
1365 1387 8.000000
139 161 7.000000
181 203 7.000000
537 559 7.000000
557 579 7.000000
559 581 7.000000
710 732 7.000000
1010 10598 7.000000
1037 10721 7.000000
1074 1096 7.000000
1084 10886 7.000000
1184 1206 7.000000
369 391 6.000000
617 618 6.000000
699 700 6.000000
700 701 6.000000
701 702 6.000000
865 887 6.000000
1037 10811 6.000000
1037 10955 6.000000
1118 1119 6.000000
1176 1177 6.000000
1177 1178 6.000000
1432 1454 6.000000
177 199 5.000000
202 224 5.000000
488 489 5.000000
514 536 5.000000
645 667 5.000000
661 683 5.000000
682 703 5.000000
702 703 5.000000
733 755 5.000000
7 8 4.000000
8 9 4.000000
10 11 4.000000
180 202 4.000000
508 509 4.000000
509 510 4.000000
692 714 4.000000
706 728 4.000000
813 835 4.000000
887 888 4.000000
888 889 4.000000
889 890 4.000000
890 891 4.000000
891 913 4.000000
913 935 4.000000
1000 1001 4.000000
1043 1065 4.000000
1226 1227 4.000000
1248 1270 4.000000
1518 1540 4.000000
206 228 3.000000
334 356 3.000000
440 441 3.000000
440 461 3.000000
441 442 3.000000
442 443 3.000000
457 458 3.000000
458 459 3.000000
459 460 3.000000
460 461 3.000000
492 514 3.000000
506 507 3.000000
506 527 3.000000
507 508 3.000000
523 524 3.000000
524 525 3.000000
525 526 3.000000
526 527 3.000000
689 711 3.000000
726 748 3.000000
748 769 3.000000
764 765 3.000000
765 766 3.000000
766 767 3.000000
767 768 3.000000
768 769 3.000000
779 780 3.000000
780 781 3.000000
781 782 3.000000
782 783 3.000000
783 784 3.000000
784 785 3.000000
785 786 3.000000
1080 10848 3.000000
1080 10902 3.000000
1080 10921 3.000000
1080 10951 3.000000
1579 1580 3.000000
11 12 2.000000
11 33 2.000000
33 55 2.000000
55 77 2.000000
77 99 2.000000
358 380 2.000000
451 452 2.000000
452 453 2.000000
453 454 2.000000
454 455 2.000000
455 456 2.000000
456 457 2.000000
487 488 2.000000
601 623 2.000000
605 627 2.000000
704 726 2.000000
748 770 2.000000
1040 1062 2.000000
1080 1102 2.000000
1145 1167 2.000000
1163 1185 2.000000
1256 1278 2.000000
1297 1319 2.000000
12 13 1.000000
12 34 1.000000
13 14 1.000000
34 56 1.000000
14 15 1.000000
15 16 1.000000
16 17 1.000000
56 78 1.000000
670 692 1.000000
682 704 1.000000
697 698 1.000000
698 699 1.000000
835 857 1.000000
946 968 1.000000
1010 10878 1.000000
1030 1052 1.000000
1052 1074 1.000000
1078 1100 1.000000
1475 1497 1.000000
1558 1580 1.000000
