316 317 20257.000000
317 318 20257.000000
318 319 20257.000000
319 320 20257.000000
315 316 13325.000000
1288 1289 13269.000000
273 274 13016.000000
274 275 13016.000000
275 276 13016.000000
320 321 12055.000000
1244 1245 11135.000000
272 273 11061.000000
1287 1288 10279.000000
183 184 10124.000000
321 322 10019.000000
1286 1287 9835.000000
1332 1333 9760.000000
276 277 9191.000000
1480 1481 9115.000000
1479 1480 9078.000000
1069 1070 9074.000000
1309 1310 9003.000000
1112 1113 8999.000000
7 8 8931.000000
1346 1347 8903.000000
1243 1244 8888.000000
182 183 8674.000000
1330 1331 8625.000000
1348 1349 8586.000000
1068 1069 8574.000000
1353 1354 8559.000000
1090 1091 8466.000000
1285 1286 8434.000000
1245 1246 8346.000000
933 934 8329.000000
934 935 8329.000000
1347 1348 8314.000000
1113 1114 8306.000000
1156 1157 8302.000000
1308 1309 8280.000000
408 409 8147.000000
1349 1350 7997.000000
1352 1353 7948.000000
1331 1332 7882.000000
1134 1135 7802.000000
1266 1267 7640.000000
1089 1090 7621.000000
1310 1311 7583.000000
1351 1352 7511.000000
1329 1330 7344.000000
294 295 7261.000000
295 296 7261.000000
296 297 7261.000000
297 298 7261.000000
1024 1025 7036.000000
1350 1351 6939.000000
1481 1482 6911.000000
6 7 6829.000000
1157 1158 6828.000000
1133 1134 6774.000000
1155 1156 6522.000000
1025 1026 6482.000000
998 999 6481.000000
1345 1346 6477.000000
1023 1024 6464.000000
139 140 6199.000000
1436 1437 6093.000000
226 227 6049.000000
1111 1112 6032.000000
1154 1155 5941.000000
1067 1068 5882.000000
360 361 5869.000000
361 362 5869.000000
362 363 5869.000000
363 364 5841.000000
1091 1092 5811.000000
1264 1265 5779.000000
954 955 5722.000000
955 956 5722.000000
956 957 5722.000000
1482 1483 5715.000000
1132 1133 5647.000000
1222 1223 5608.000000
293 294 5606.000000
1265 1266 5595.000000
117 118 5579.000000
932 933 5578.000000
5 6 5553.000000
1242 1243 5548.000000
1088 1089 5435.000000
271 272 5364.000000
1135 1136 5352.000000
1307 1308 5348.000000
1483 1484 5327.000000
29 30 5296.000000
277 278 5289.000000
1437 1438 5278.000000
997 998 5242.000000
322 323 5239.000000
980 981 5193.000000
1435 1436 5175.000000
1158 1159 5109.000000
911 912 5105.000000
912 913 5105.000000
495 496 5097.000000
8 9 5046.000000
409 410 4991.000000
1304 1305 4915.000000
910 911 4811.000000
364 365 4786.000000
1438 1439 4750.000000
935 936 4730.000000
227 228 4689.000000
1305 1306 4656.000000
1289 1290 4585.000000
1000 1001 4556.000000
359 360 4536.000000
1302 1303 4487.000000
1303 1304 4487.000000
1020 1021 4459.000000
1021 1022 4459.000000
1284 1285 4455.000000
1022 1023 4452.000000
1201 1202 4444.000000
1439 1440 4358.000000
50 51 4344.000000
1328 1329 4283.000000
160 161 4277.000000
1440 1441 4275.000000
227 249 4243.000000
1221 1222 4226.000000
1326 1327 4186.000000
889 890 4183.000000
890 891 4183.000000
1324 1325 4176.000000
1325 1326 4176.000000
298 299 4164.000000
1306 1307 4155.000000
996 997 4152.000000
51 52 4138.000000
1263 1264 4121.000000
1220 1221 4119.000000
931 932 4090.000000
1395 1396 4084.000000
1001 1002 4081.000000
1177 1178 4054.000000
1115 1116 4024.000000
718 719 4023.000000
1396 1397 4014.000000
891 892 4011.000000
1241 1242 4002.000000
1371 1372 3991.000000
1199 1200 3990.000000
1327 1328 3982.000000
1370 1371 3982.000000
936 937 3973.000000
1136 1137 3946.000000
1070 1071 3933.000000
1397 1398 3924.000000
1281 1282 3898.000000
976 977 3831.000000
977 978 3831.000000
978 979 3831.000000
276 298 3828.000000
161 162 3826.000000
783 784 3808.000000
1375 1376 3765.000000
28 29 3761.000000
1301 1302 3738.000000
366 367 3694.000000
1200 1201 3681.000000
365 366 3656.000000
314 315 3620.000000
715 716 3614.000000
716 717 3614.000000
1114 1115 3614.000000
1374 1375 3601.000000
1219 1220 3581.000000
1282 1283 3556.000000
1128 1129 3554.000000
1129 1130 3554.000000
1130 1131 3554.000000
1283 1284 3538.000000
1368 1369 3529.000000
1198 1199 3504.000000
717 718 3503.000000
909 910 3481.000000
1460 1461 3458.000000
953 954 3431.000000
1106 1107 3430.000000
1107 1108 3430.000000
1108 1109 3430.000000
1109 1110 3430.000000
1372 1373 3415.000000
184 185 3361.000000
1178 1179 3329.000000
1373 1374 3316.000000
1458 1459 3302.000000
1026 1027 3272.000000
1369 1370 3259.000000
30 31 3251.000000
299 300 3237.000000
979 980 3235.000000
92 93 3226.000000
270 271 3152.000000
1459 1460 3147.000000
1110 1111 3136.000000
1026 1048 3076.000000
403 404 3033.000000
404 405 3033.000000
405 406 3033.000000
406 407 3033.000000
719 720 3019.000000
410 411 2995.000000
1159 1160 2967.000000
1046 10979 2966.000000
1223 1224 2921.000000
338 339 2913.000000
339 340 2913.000000
340 341 2913.000000
341 342 2913.000000
1461 1462 2907.000000
135 136 2884.000000
136 137 2884.000000
1394 1395 2881.000000
26 27 2878.000000
1002 1003 2855.000000
93 94 2833.000000
137 138 2810.000000
981 982 2803.000000
249 250 2785.000000
95 96 2781.000000
1462 1463 2774.000000
1484 1485 2753.000000
958 959 2719.000000
1019 1020 2689.000000
1127 1128 2641.000000
278 300 2639.000000
496 497 2637.000000
1419 1420 2628.000000
407 408 2625.000000
1084 1085 2619.000000
1085 1086 2619.000000
1086 1087 2619.000000
1087 1088 2619.000000
957 958 2613.000000
1323 1324 2613.000000
914 915 2609.000000
1176 1177 2584.000000
1289 1311 2579.000000
94 95 2572.000000
1150 1151 2537.000000
1151 1152 2537.000000
1047 1048 2532.000000
379 380 2516.000000
1418 1419 2499.000000
4 5 2498.000000
1152 1153 2493.000000
1046 1047 2473.000000
888 889 2452.000000
248 249 2451.000000
118 119 2444.000000
27 28 2443.000000
138 139 2380.000000
49 50 2372.000000
1376 1377 2362.000000
323 324 2313.000000
250 251 2307.000000
251 252 2307.000000
252 253 2307.000000
253 254 2307.000000
254 255 2304.000000
52 53 2295.000000
225 226 2293.000000
1367 1368 2283.000000
452 453 2267.000000
184 206 2226.000000
1045 1046 2223.000000
1246 1247 2216.000000
292 293 2210.000000
846 847 2194.000000
847 848 2193.000000
1502 1503 2174.000000
1414 1415 2145.000000
357 358 2127.000000
291 292 2126.000000
915 916 2122.000000
378 379 2118.000000
913 914 2090.000000
1202 1224 2054.000000
1153 1154 2039.000000
342 343 2030.000000
1262 1263 2023.000000
780 781 2020.000000
781 782 2020.000000
952 953 2015.000000
70 71 1997.000000
1417 1418 1982.000000
249 271 1979.000000
183 205 1962.000000
10 10345 1955.000000
1548 1549 1941.000000
782 783 1939.000000
975 976 1926.000000
1202 1203 1926.000000
827 828 1920.000000
1245 1267 1909.000000
1463 1464 1897.000000
937 938 1882.000000
368 369 1880.000000
1131 1132 1873.000000
1137 1138 1873.000000
358 359 1856.000000
337 338 1853.000000
1503 1504 1853.000000
845 846 1852.000000
71 72 1823.000000
1392 1393 1823.000000
1415 1416 1808.000000
140 141 1806.000000
1354 1355 1797.000000
91 92 1785.000000
1280 1281 1776.000000
367 368 1770.000000
1441 1442 1753.000000
278 279 1752.000000
1201 1223 1751.000000
1267 1268 1742.000000
313 314 1739.000000
53 54 1738.000000
1416 1417 1735.000000
453 454 1715.000000
784 785 1706.000000
1069 1091 1695.000000
1237 1238 1675.000000
1238 1239 1675.000000
1239 1240 1675.000000
51 73 1663.000000
228 229 1663.000000
31 32 1643.000000
1179 1180 1640.000000
205 206 1621.000000
892 893 1617.000000
336 337 1593.000000
1000 10028 1593.000000
451 452 1584.000000
324 325 1574.000000
761 762 1565.000000
762 763 1565.000000
1391 1392 1560.000000
1546 1547 1552.000000
1259 1260 1551.000000
1260 1261 1549.000000
1261 1262 1548.000000
828 829 1538.000000
48 49 1530.000000
1504 1505 1528.000000
1240 1241 1520.000000
1062 1063 1516.000000
1063 1064 1516.000000
1064 1065 1516.000000
1065 1066 1516.000000
323 345 1507.000000
301 302 1504.000000
300 301 1501.000000
887 888 1500.000000
1393 1394 1497.000000
279 280 1495.000000
409 431 1472.000000
343 344 1469.000000
204 205 1467.000000
335 336 1465.000000
1018 1019 1454.000000
455 456 1423.000000
140 162 1412.000000
865 866 1404.000000
671 672 1387.000000
672 673 1387.000000
673 674 1387.000000
823 824 1383.000000
824 825 1383.000000
825 826 1383.000000
1224 1225 1381.000000
389 390 1375.000000
871 872 1373.000000
72 73 1372.000000
1236 1237 1353.000000
1258 1259 1351.000000
674 675 1350.000000
229 230 1330.000000
230 231 1330.000000
231 232 1330.000000
232 233 1330.000000
344 345 1318.000000
1547 1548 1314.000000
1116 1138 1289.000000
280 281 1284.000000
1066 1067 1277.000000
454 455 1274.000000
431 432 1258.000000
116 117 1257.000000
1193 1194 1245.000000
1194 1195 1245.000000
1195 1196 1245.000000
1545 1546 1245.000000
1002 10138 1244.000000
1523 1524 1243.000000
1549 1550 1227.000000
1300 1301 1223.000000
1569 1570 1216.000000
10 11 1211.000000
1501 1502 1193.000000
233 255 1185.000000
160 182 1181.000000
380 381 1180.000000
937 959 1179.000000
539 540 1178.000000
675 676 1169.000000
281 282 1166.000000
302 303 1156.000000
844 845 1152.000000
1524 1525 1151.000000
402 403 1143.000000
1203 1204 1140.000000
785 786 1131.000000
157 158 1120.000000
158 159 1120.000000
893 894 1115.000000
1344 1345 1113.000000
369 370 1111.000000
381 382 1108.000000
382 383 1108.000000
383 384 1108.000000
384 385 1108.000000
114 115 1099.000000
115 116 1097.000000
1257 1258 1092.000000
1311 1312 1091.000000
1114 1136 1090.000000
870 871 1080.000000
159 160 1076.000000
325 326 1054.000000
867 868 1045.000000
868 869 1045.000000
869 870 1045.000000
69 70 1041.000000
1197 1198 1037.000000
1196 1197 1036.000000
872 873 1031.000000
763 764 1030.000000
675 697 1026.000000
1024 10330 1026.000000
676 677 1003.000000
1411 1412 999.000000
1412 1413 999.000000
1070 1092 993.000000
802 803 978.000000
803 804 978.000000
800 801 972.000000
826 827 972.000000
959 960 969.000000
801 802 966.000000
390 391 962.000000
334 335 950.000000
96 97 949.000000
741 742 946.000000
1002 10493 944.000000
220 221 943.000000
220 241 943.000000
221 222 943.000000
222 223 943.000000
223 224 943.000000
224 225 943.000000
239 240 943.000000
240 241 943.000000
805 806 937.000000
806 807 937.000000
779 780 932.000000
113 114 923.000000
1268 1269 921.000000
1083 1084 920.000000
628 629 918.000000
629 630 918.000000
1436 1458 918.000000
1180 1181 915.000000
894 895 914.000000
367 389 909.000000
1269 1270 908.000000
1270 1271 908.000000
330 331 889.000000
331 332 889.000000
332 333 889.000000
333 334 889.000000
330 351 883.000000
348 349 883.000000
349 350 883.000000
350 351 883.000000
321 343 874.000000
1279 1280 862.000000
269 270 860.000000
1048 1049 857.000000
866 867 853.000000
677 678 850.000000
1024 10270 848.000000
433 434 847.000000
630 631 845.000000
206 228 833.000000
456 457 833.000000
277 299 832.000000
849 850 821.000000
1001 10277 821.000000
850 851 817.000000
1041 1042 817.000000
1042 1043 817.000000
1043 1044 817.000000
1091 10950 815.000000
385 386 809.000000
179 180 798.000000
180 181 798.000000
271 293 793.000000
893 915 788.000000
154 155 785.000000
206 207 785.000000
401 402 780.000000
804 805 779.000000
388 389 778.000000
154 175 770.000000
173 174 770.000000
174 175 770.000000
432 433 770.000000
345 346 767.000000
758 759 766.000000
759 760 766.000000
112 113 764.000000
356 357 763.000000
714 715 763.000000
1025 10253 753.000000
757 758 750.000000
760 761 749.000000
303 304 748.000000
1389 1390 747.000000
1390 1391 747.000000
198 219 746.000000
217 218 746.000000
218 219 746.000000
198 199 745.000000
851 852 743.000000
1192 1193 741.000000
739 740 736.000000
387 388 733.000000
1069 10938 730.000000
73 74 718.000000
205 227 716.000000
1175 1176 715.000000
1525 1526 713.000000
475 476 710.000000
181 182 708.000000
807 808 708.000000
1027 1049 707.000000
1171 1172 707.000000
1172 1173 707.000000
1173 1174 707.000000
1003 10971 703.000000
1410 1411 694.000000
1505 1506 692.000000
1116 1117 690.000000
1117 1118 690.000000
1174 1175 690.000000
178 179 688.000000
734 735 687.000000
560 561 685.000000
735 736 685.000000
1256 1257 678.000000
1044 1045 675.000000
720 721 673.000000
719 741 671.000000
1105 1106 671.000000
1290 1291 671.000000
430 431 665.000000
1506 1507 665.000000
909 931 664.000000
228 250 650.000000
408 430 642.000000
26 48 639.000000
1413 1435 638.000000
822 823 625.000000
410 432 619.000000
156 157 618.000000
386 387 615.000000
264 265 612.000000
264 285 612.000000
265 266 612.000000
266 267 612.000000
267 268 612.000000
268 269 612.000000
283 284 612.000000
284 285 612.000000
476 477 608.000000
1312 1313 607.000000
1313 1314 607.000000
1314 1315 607.000000
742 743 600.000000
1376 1398 600.000000
1149 1150 596.000000
1203 1225 595.000000
721 722 594.000000
1024 10542 594.000000
848 849 591.000000
740 741 590.000000
291 313 589.000000
352 373 584.000000
370 371 584.000000
371 372 584.000000
372 373 584.000000
829 830 584.000000
411 412 582.000000
352 353 578.000000
353 354 578.000000
354 355 578.000000
355 356 578.000000
369 391 571.000000
456 478 569.000000
74 75 562.000000
1040 1041 555.000000
1170 1171 552.000000
1247 1248 551.000000
1568 1569 551.000000
434 435 550.000000
1023 10811 548.000000
155 156 547.000000
162 184 529.000000
346 347 528.000000
631 653 527.000000
720 742 527.000000
1023 10539 516.000000
293 315 515.000000
1322 1323 513.000000
1294 1295 509.000000
1287 1309 501.000000
1181 1182 498.000000
69 91 497.000000
97 98 496.000000
1001 10025 483.000000
162 163 478.000000
412 413 477.000000
199 200 476.000000
200 201 476.000000
201 202 476.000000
202 203 476.000000
764 765 474.000000
477 478 466.000000
429 430 464.000000
1248 1249 463.000000
1249 1250 463.000000
1090 10979 458.000000
1023 10883 456.000000
322 344 453.000000
1526 1527 452.000000
1019 10217 449.000000
736 737 447.000000
737 738 447.000000
738 739 447.000000
778 779 444.000000
1218 1219 444.000000
356 378 443.000000
1138 1139 441.000000
1139 1140 441.000000
1420 1421 440.000000
1161 1162 438.000000
1162 1163 438.000000
379 401 436.000000
423 424 431.000000
424 425 431.000000
425 426 431.000000
426 427 431.000000
427 428 431.000000
428 429 431.000000
1333 1355 431.000000
226 248 426.000000
247 248 423.000000
1272 1273 422.000000
1182 1183 418.000000
1183 1184 418.000000
1160 1161 417.000000
431 453 416.000000
1566 1567 414.000000
1567 1568 414.000000
422 423 412.000000
366 388 409.000000
1002 10627 409.000000
938 939 403.000000
496 518 401.000000
1126 1127 401.000000
1019 10547 399.000000
1048 10489 396.000000
1048 10774 396.000000
1291 1292 394.000000
1292 1293 394.000000
1293 1294 394.000000
1026 10938 393.000000
497 498 391.000000
1262 1284 391.000000
475 497 390.000000
347 348 389.000000
1413 1414 388.000000
1089 10982 385.000000
1570 1571 385.000000
1571 1572 382.000000
1045 10645 381.000000
1027 10864 380.000000
1276 1277 376.000000
1276 1297 376.000000
1277 1278 376.000000
1295 1296 376.000000
1296 1297 376.000000
1048 10510 372.000000
1048 10865 372.000000
1048 10956 372.000000
1550 1551 370.000000
667 668 365.000000
668 669 365.000000
68 69 362.000000
1084 1106 362.000000
1003 10892 361.000000
1204 1205 361.000000
1205 1206 361.000000
357 379 360.000000
73 95 359.000000
1438 1460 359.000000
1046 10719 358.000000
1118 1119 358.000000
1160 1182 357.000000
1158 1180 356.000000
1003 10253 354.000000
1070 10940 354.000000
138 160 352.000000
1348 1370 351.000000
396 397 348.000000
396 417 348.000000
397 398 348.000000
414 415 348.000000
415 416 348.000000
416 417 348.000000
365 387 347.000000
974 975 346.000000
398 399 345.000000
399 400 345.000000
1366 1367 345.000000
55 56 344.000000
56 57 344.000000
57 58 344.000000
1282 1304 344.000000
452 474 343.000000
1084 10898 337.000000
1522 1523 331.000000
272 294 328.000000
286 287 328.000000
286 307 328.000000
287 288 328.000000
288 289 328.000000
289 290 328.000000
290 291 328.000000
304 305 328.000000
305 306 328.000000
306 307 328.000000
1527 1528 328.000000
1457 1458 325.000000
713 714 324.000000
1001 10369 323.000000
1045 10821 323.000000
1046 10796 323.000000
161 183 316.000000
1025 10305 316.000000
1025 10677 314.000000
1159 1181 314.000000
1025 10713 313.000000
1025 10964 313.000000
1071 1072 310.000000
1002 10544 307.000000
1091 10977 307.000000
1453 1454 306.000000
1454 1455 306.000000
1455 1456 306.000000
182 204 303.000000
1388 1389 302.000000
1456 1457 302.000000
255 256 299.000000
1024 10825 299.000000
1003 10040 298.000000
388 410 295.000000
1024 10529 294.000000
1254 1255 294.000000
1254 1275 294.000000
1255 1256 294.000000
1273 1274 294.000000
1274 1275 294.000000
348 370 291.000000
1271 1272 291.000000
1025 10421 290.000000
374 375 288.000000
374 395 288.000000
375 376 288.000000
376 377 288.000000
377 378 288.000000
392 393 288.000000
393 394 288.000000
394 395 288.000000
259 260 283.000000
400 401 283.000000
1071 10715 283.000000
697 698 280.000000
257 258 279.000000
258 259 279.000000
256 257 278.000000
670 671 277.000000
1023 10831 276.000000
301 323 275.000000
1315 1316 275.000000
1002 10445 274.000000
141 163 273.000000
1018 10430 272.000000
1018 10444 272.000000
1018 10531 272.000000
391 392 271.000000
1196 1218 270.000000
1369 1391 270.000000
1047 10938 268.000000
1246 1268 268.000000
1392 1414 268.000000
242 243 267.000000
242 263 267.000000
243 244 267.000000
244 245 267.000000
245 246 267.000000
246 247 267.000000
261 262 267.000000
262 263 267.000000
325 347 267.000000
176 197 264.000000
195 196 264.000000
196 197 264.000000
1047 10605 263.000000
1128 1150 262.000000
280 302 261.000000
870 892 260.000000
1148 1149 260.000000
1002 10109 258.000000
473 474 257.000000
207 208 255.000000
208 209 255.000000
209 210 255.000000
210 211 255.000000
211 212 253.000000
212 213 253.000000
213 214 253.000000
214 215 253.000000
215 216 253.000000
248 270 251.000000
1372 1394 251.000000
176 177 250.000000
177 178 250.000000
1049 10715 250.000000
474 475 247.000000
1002 10665 247.000000
281 303 246.000000
1024 1046 246.000000
1092 10976 242.000000
1092 10996 241.000000
117 139 240.000000
407 429 240.000000
1003 10462 239.000000
1027 10776 239.000000
292 314 237.000000
1002 10752 237.000000
1092 10968 237.000000
1092 10970 237.000000
203 204 235.000000
676 698 235.000000
1041 10425 235.000000
1025 10419 233.000000
29 51 231.000000
1003 10053 230.000000
1225 1226 230.000000
1226 1227 230.000000
1227 1228 230.000000
336 358 228.000000
1235 1236 228.000000
1301 1323 228.000000
1332 1354 228.000000
1025 10604 227.000000
1025 10817 227.000000
1025 10861 227.000000
27 49 224.000000
217 239 223.000000
848 870 223.000000
663 664 222.000000
664 665 222.000000
665 666 222.000000
666 667 222.000000
1003 10390 221.000000
312 313 220.000000
786 787 220.000000
1528 1529 220.000000
411 433 218.000000
139 161 217.000000
783 805 214.000000
1048 10638 214.000000
1048 10769 214.000000
1071 10948 213.000000
269 291 212.000000
185 207 211.000000
892 914 211.000000
1071 10782 210.000000
1155 1177 208.000000
1025 10469 207.000000
1048 10789 207.000000
1003 10365 205.000000
1025 10559 205.000000
1046 10542 205.000000
1068 10839 204.000000
804 826 201.000000
1071 10976 201.000000
1112 1134 201.000000
1003 10672 200.000000
1003 10758 200.000000
1259 1281 200.000000
75 76 199.000000
1003 10698 199.000000
1457 1479 197.000000
1003 10260 194.000000
1003 10393 194.000000
308 309 193.000000
308 329 193.000000
309 310 193.000000
310 311 193.000000
311 312 193.000000
326 327 193.000000
327 328 193.000000
328 329 193.000000
1068 10796 192.000000
852 853 191.000000
1084 10878 190.000000
498 499 186.000000
499 500 186.000000
1002 10201 186.000000
1092 10948 186.000000
1002 10859 185.000000
1070 10894 185.000000
1002 10174 184.000000
1002 10290 184.000000
1002 10382 184.000000
1002 10646 184.000000
1025 10445 184.000000
1070 10717 184.000000
1083 10852 182.000000
1046 10677 181.000000
1046 10713 181.000000
1046 10964 181.000000
1350 1372 181.000000
134 135 180.000000
584 585 180.000000
585 586 180.000000
586 587 180.000000
756 757 180.000000
1002 10254 180.000000
1072 1073 180.000000
1073 1074 180.000000
1025 10290 179.000000
1025 10382 179.000000
1025 10646 179.000000
1025 10680 179.000000
1025 10859 179.000000
1040 10878 179.000000
1070 10789 179.000000
345 367 177.000000
1067 10883 177.000000
1068 10979 176.000000
1002 10680 175.000000
1048 10776 175.000000
1113 1135 175.000000
1351 1373 175.000000
891 913 173.000000
1070 10769 173.000000
279 301 172.000000
627 628 172.000000
1003 10287 172.000000
1023 1045 172.000000
1002 10115 171.000000
1002 10941 171.000000
389 411 170.000000
1002 10257 170.000000
1002 10315 170.000000
1002 10585 170.000000
1398 1399 170.000000
604 605 169.000000
1002 10935 169.000000
1025 10490 169.000000
682 683 168.000000
1485 1486 168.000000
445 446 167.000000
446 447 167.000000
447 448 167.000000
448 449 167.000000
449 450 167.000000
450 451 167.000000
1154 1176 167.000000
1371 1393 167.000000
1431 1432 166.000000
1432 1433 166.000000
1433 1434 166.000000
1434 1435 166.000000
335 357 165.000000
1025 10390 165.000000
1025 10900 165.000000
342 364 163.000000
1046 10646 162.000000
1046 10859 162.000000
696 697 161.000000
732 733 161.000000
733 734 161.000000
914 936 160.000000
1003 10499 160.000000
1003 10563 160.000000
1224 1246 160.000000
1026 10605 159.000000
1111 1133 159.000000
1003 10925 158.000000
1140 1141 158.000000
387 409 157.000000
778 800 157.000000
326 348 156.000000
894 916 156.000000
682 703 155.000000
700 701 155.000000
701 702 155.000000
702 703 155.000000
669 670 153.000000
830 831 153.000000
1049 1050 153.000000
1050 1051 153.000000
1051 1052 153.000000
233 234 152.000000
1420 1442 152.000000
1040 10460 151.000000
1069 10950 151.000000
1090 1112 151.000000
1025 10257 150.000000
1025 10315 150.000000
1025 10499 150.000000
1025 10563 150.000000
1025 10585 150.000000
1025 10941 150.000000
1069 10713 149.000000
1069 10964 149.000000
1004 10605 148.000000
1046 10925 148.000000
1094 1116 148.000000
1046 10469 147.000000
1025 10260 146.000000
1025 10393 146.000000
1221 1243 146.000000
1020 10628 145.000000
1025 10925 145.000000
1206 1228 145.000000
238 239 144.000000
1215 1216 144.000000
1216 1217 144.000000
1217 1218 144.000000
631 632 143.000000
1024 10457 143.000000
587 588 142.000000
588 589 142.000000
589 590 142.000000
590 591 142.000000
843 844 142.000000
1003 10283 141.000000
1023 10407 140.000000
11 12 139.000000
12 13 139.000000
13 14 139.000000
14 36 139.000000
1001 10681 139.000000
1046 10499 139.000000
1046 10563 139.000000
518 519 138.000000
519 520 138.000000
520 521 138.000000
1067 1089 138.000000
1071 10862 138.000000
1071 10920 138.000000
653 675 137.000000
1049 10500 136.000000
1070 10857 136.000000
1070 10910 136.000000
270 292 135.000000
343 365 135.000000
1020 10706 134.000000
1020 10326 132.000000
1026 10950 132.000000
1175 1197 132.000000
935 957 131.000000
1069 10781 131.000000
1503 1525 131.000000
30 52 130.000000
282 283 130.000000
1072 1094 130.000000
698 699 129.000000
699 700 129.000000
717 739 129.000000
1003 1004 129.000000
1045 10969 129.000000
1003 10900 128.000000
1069 10744 127.000000
1003 10157 126.000000
1092 10920 126.000000
958 980 125.000000
1002 10559 125.000000
1003 10490 125.000000
1046 10559 125.000000
1067 10725 125.000000
1214 1215 125.000000
1024 10922 124.000000
1320 1321 124.000000
1320 1341 124.000000
1321 1322 124.000000
1339 1340 124.000000
1340 1341 124.000000
185 186 123.000000
186 187 123.000000
187 188 123.000000
188 189 123.000000
704 725 123.000000
721 743 123.000000
722 723 123.000000
723 724 123.000000
724 725 123.000000
1025 10935 123.000000
1258 1280 123.000000
1302 1324 123.000000
204 226 122.000000
368 390 122.000000
1049 10871 122.000000
1049 10968 122.000000
1049 10970 122.000000
1002 10679 120.000000
632 633 119.000000
808 809 119.000000
1002 10080 119.000000
1024 10721 119.000000
1507 1508 119.000000
189 190 118.000000
190 191 118.000000
191 192 118.000000
192 193 118.000000
193 194 118.000000
1046 10585 118.000000
1046 10680 118.000000
1046 10941 118.000000
1395 1417 118.000000
684 685 117.000000
685 686 117.000000
686 687 117.000000
687 688 117.000000
234 235 116.000000
235 236 116.000000
236 237 116.000000
237 238 116.000000
959 981 116.000000
1046 10567 116.000000
1048 10824 116.000000
1311 1333 116.000000
1018 10562 115.000000
320 342 114.000000
1024 10933 114.000000
597 598 113.000000
598 599 113.000000
599 600 113.000000
600 601 113.000000
601 602 113.000000
602 603 113.000000
867 889 113.000000
1090 10971 113.000000
72 94 112.000000
1023 10386 112.000000
1023 10842 112.000000
1046 10544 112.000000
1377 1399 112.000000
1070 10824 111.000000
1110 1132 111.000000
704 705 110.000000
705 706 110.000000
706 707 110.000000
707 708 110.000000
708 709 110.000000
709 710 110.000000
1278 1279 110.000000
1083 1105 109.000000
1144 1145 109.000000
1144 1165 109.000000
1145 1146 109.000000
1146 1147 109.000000
1147 1148 109.000000
1163 1164 109.000000
1164 1165 109.000000
710 711 108.000000
711 712 108.000000
910 932 108.000000
1023 10575 108.000000
1023 10664 108.000000
1023 10718 108.000000
1023 10788 108.000000
1023 10965 108.000000
1024 10395 108.000000
1045 10703 108.000000
300 322 107.000000
626 627 107.000000
633 634 107.000000
1027 1028 107.000000
1028 1029 107.000000
1029 1030 107.000000
1030 1031 107.000000
1199 1221 107.000000
1263 1285 107.000000
953 975 106.000000
1001 10256 106.000000
649 650 105.000000
650 651 105.000000
651 652 105.000000
1067 10775 105.000000
54 55 104.000000
1023 10250 104.000000
1023 10640 104.000000
1046 10922 104.000000
1067 10783 104.000000
1067 10848 104.000000
1067 10902 104.000000
1067 10921 104.000000
1067 10951 104.000000
688 689 103.000000
689 690 103.000000
173 195 102.000000
1067 10821 102.000000
1091 10910 102.000000
1170 1192 102.000000
808 830 101.000000
1132 1154 101.000000
48 70 100.000000
413 414 100.000000
444 445 100.000000
764 786 100.000000
1046 10744 100.000000
163 185 99.000000
181 203 97.000000
137 159 96.000000
1039 10406 96.000000
1071 10871 96.000000
1071 10968 96.000000
1071 10970 96.000000
260 261 95.000000
1039 1040 95.000000
1482 1504 94.000000
238 260 92.000000
908 909 92.000000
1002 10694 92.000000
312 334 91.000000
344 366 91.000000
538 539 91.000000
1001 10659 91.000000
1001 10721 91.000000
1046 10781 91.000000
1083 10999 91.000000
299 321 90.000000
1024 10245 90.000000
1067 10738 90.000000
10 10889 89.000000
194 195 89.000000
851 873 89.000000
1001 10028 89.000000
1023 10565 89.000000
1067 10808 89.000000
1067 10877 89.000000
1067 10934 89.000000
1156 1178 89.000000
1307 1329 89.000000
216 217 88.000000
440 461 88.000000
457 458 88.000000
458 459 88.000000
459 460 88.000000
460 461 88.000000
838 839 88.000000
839 840 88.000000
840 841 88.000000
841 842 88.000000
842 843 88.000000
849 871 88.000000
1024 10679 88.000000
916 917 87.000000
1024 10665 87.000000
748 769 86.000000
766 767 86.000000
767 768 86.000000
768 769 86.000000
1041 10482 86.000000
116 138 85.000000
583 584 85.000000
823 845 85.000000
1046 10935 85.000000
1153 1175 85.000000
1005 1027 84.000000
1024 10277 84.000000
1024 10659 84.000000
678 700 83.000000
1024 10681 83.000000
1547 1569 83.000000
440 441 82.000000
441 442 82.000000
547 569 82.000000
569 591 82.000000
582 583 82.000000
1001 10280 82.000000
1024 10627 82.000000
1024 10719 82.000000
1024 10752 82.000000
1025 10928 82.000000
1068 10694 82.000000
596 597 81.000000
1002 10922 81.000000
1023 10568 81.000000
1046 10627 81.000000
1268 1290 81.000000
1331 1353 81.000000
50 72 80.000000
313 335 80.000000
347 369 80.000000
508 509 80.000000
509 510 80.000000
510 511 80.000000
511 512 80.000000
512 513 80.000000
513 514 80.000000
514 515 80.000000
515 516 80.000000
1024 10493 80.000000
1045 10841 80.000000
1304 1326 80.000000
652 653 79.000000
749 750 79.000000
1023 10903 79.000000
915 937 78.000000
936 958 78.000000
1047 10900 78.000000
1119 1141 78.000000
1257 1279 78.000000
748 749 77.000000
761 783 77.000000
765 766 77.000000
1045 10816 77.000000
544 545 76.000000
545 546 76.000000
546 547 76.000000
726 727 76.000000
1046 1068 76.000000
1047 10490 76.000000
1047 10925 76.000000
1068 10752 76.000000
1355 1356 76.000000
1356 1357 76.000000
1357 1358 76.000000
1358 1359 76.000000
1359 1360 76.000000
739 761 75.000000
1001 10811 75.000000
1001 10955 75.000000
1002 10384 74.000000
630 652 73.000000
1024 10399 73.000000
1024 10745 73.000000
1040 1062 72.000000
1122 1123 72.000000
1122 1143 72.000000
1123 1124 72.000000
1124 1125 72.000000
1125 1126 72.000000
1141 1142 72.000000
1142 1143 72.000000
1354 1376 72.000000
1024 10839 71.000000
1133 1155 71.000000
1214 1236 71.000000
1002 1024 70.000000
1026 10366 70.000000
1045 10946 70.000000
1045 10949 70.000000
1025 10544 69.000000
1045 10777 69.000000
1045 10811 69.000000
1045 10955 69.000000
1188 1189 69.000000
1188 1209 69.000000
1189 1190 69.000000
1207 1208 69.000000
1208 1209 69.000000
442 443 68.000000
443 444 68.000000
871 893 68.000000
1023 10369 68.000000
1025 1047 68.000000
1088 10965 68.000000
726 747 67.000000
743 744 67.000000
744 745 67.000000
745 746 67.000000
746 747 67.000000
982 983 67.000000
1045 10810 67.000000
656 678 66.000000
712 713 66.000000
822 844 66.000000
1001 10298 66.000000
1092 1093 66.000000
1250 1251 66.000000
1003 10412 65.000000
1024 10384 65.000000
1069 10925 65.000000
1134 1156 65.000000
1190 1191 65.000000
478 479 64.000000
634 656 64.000000
1502 1524 64.000000
250 272 63.000000
261 283 63.000000
1001 10951 63.000000
1243 1265 63.000000
1334 1335 63.000000
1335 1336 63.000000
1336 1337 63.000000
1337 1338 63.000000
1338 1339 63.000000
683 684 62.000000
256 278 61.000000
294 316 61.000000
1174 1196 61.000000
70 92 60.000000
597 619 60.000000
1001 10825 60.000000
1002 10141 60.000000
1002 10457 60.000000
1002 10933 60.000000
1023 10955 60.000000
1040 10598 60.000000
750 772 59.000000
1003 1025 59.000000
135 157 58.000000
1001 10206 58.000000
1002 10395 58.000000
1026 10423 58.000000
1416 1438 58.000000
801 823 57.000000
1001 10225 57.000000
1001 10450 57.000000
1001 10484 57.000000
1001 10505 57.000000
1001 10506 57.000000
1001 10775 57.000000
1001 10783 57.000000
1024 10280 57.000000
1069 10900 57.000000
1171 1193 57.000000
32 33 56.000000
33 34 56.000000
34 35 56.000000
35 36 56.000000
225 247 56.000000
247 269 56.000000
698 720 56.000000
1001 10399 56.000000
1001 10476 56.000000
1001 10848 56.000000
1001 10902 56.000000
1001 10921 56.000000
1213 1214 56.000000
603 604 55.000000
1001 10969 54.000000
754 755 53.000000
755 756 53.000000
1001 1023 53.000000
1001 10104 53.000000
1018 10599 53.000000
1018 10648 53.000000
1025 10283 53.000000
1191 1192 53.000000
119 120 52.000000
120 121 52.000000
121 122 52.000000
122 123 52.000000
314 336 52.000000
1001 10114 52.000000
1068 10941 52.000000
1100 1101 52.000000
1100 1121 52.000000
1101 1102 52.000000
1102 1103 52.000000
1103 1104 52.000000
1119 1120 52.000000
1120 1121 52.000000
1460 1482 52.000000
692 693 51.000000
693 694 51.000000
694 695 51.000000
695 696 51.000000
1026 10672 51.000000
1544 1545 51.000000
298 320 50.000000
1020 10394 50.000000
1020 10525 50.000000
1020 10792 50.000000
1020 10833 50.000000
1020 11000 50.000000
1200 1222 50.000000
430 452 49.000000
464 465 49.000000
821 822 49.000000
1068 10719 49.000000
1092 1114 49.000000
392 414 48.000000
654 655 48.000000
655 656 48.000000
805 827 48.000000
827 849 48.000000
880 881 48.000000
1025 10567 48.000000
1045 1067 48.000000
1067 10777 48.000000
1067 10810 48.000000
1067 10816 48.000000
1067 10841 48.000000
653 654 47.000000
772 773 47.000000
773 774 47.000000
774 775 47.000000
775 776 47.000000
776 777 47.000000
880 901 47.000000
896 897 47.000000
897 898 47.000000
898 899 47.000000
899 900 47.000000
900 901 47.000000
1023 10298 47.000000
1044 10565 47.000000
1045 10752 47.000000
1104 1105 47.000000
255 277 46.000000
434 456 46.000000
462 463 46.000000
463 464 46.000000
574 596 46.000000
697 719 46.000000
1019 10741 46.000000
1019 10757 46.000000
1067 10703 46.000000
1067 10969 46.000000
1091 1113 46.000000
479 480 45.000000
480 481 45.000000
888 910 45.000000
1018 10548 45.000000
1019 10274 45.000000
1020 10538 45.000000
1020 10897 45.000000
1023 10299 45.000000
1023 10522 45.000000
1504 1526 45.000000
462 483 44.000000
481 482 44.000000
482 483 44.000000
844 866 44.000000
1002 10245 44.000000
1002 10719 44.000000
1018 10854 44.000000
1018 10962 44.000000
1019 10405 44.000000
1019 10636 44.000000
1152 1174 44.000000
1415 1437 44.000000
516 517 43.000000
634 635 43.000000
691 692 43.000000
1002 10839 43.000000
1018 10214 43.000000
1018 10507 43.000000
1018 10570 43.000000
1018 10688 43.000000
1018 10768 43.000000
1018 10945 43.000000
1026 10462 43.000000
1026 10698 43.000000
1026 10758 43.000000
1479 1501 43.000000
453 475 42.000000
645 646 42.000000
646 647 42.000000
712 734 42.000000
1093 1094 42.000000
1278 1300 42.000000
1279 1301 42.000000
435 457 41.000000
931 953 41.000000
1000 10568 41.000000
1000 10664 41.000000
1000 10965 41.000000
1070 10938 41.000000
1225 1247 41.000000
1525 1547 41.000000
486 508 40.000000
517 518 40.000000
865 887 40.000000
1012 1013 40.000000
1012 1033 40.000000
1013 1014 40.000000
1014 1015 40.000000
1015 1016 40.000000
1016 1017 40.000000
1031 1032 40.000000
1032 1033 40.000000
1089 10922 40.000000
1480 1502 40.000000
640 641 39.000000
641 642 39.000000
642 643 39.000000
643 644 39.000000
644 645 39.000000
809 831 39.000000
895 896 39.000000
1017 1018 39.000000
1019 10297 39.000000
1019 10791 39.000000
1019 10807 39.000000
1019 10814 39.000000
1025 10744 39.000000
1219 1241 39.000000
1267 1289 39.000000
1459 1481 39.000000
587 609 38.000000
609 631 38.000000
1000 10640 38.000000
1047 10950 38.000000
1047 10971 38.000000
1178 1200 38.000000
1025 10412 37.000000
1025 10781 37.000000
1026 10287 37.000000
1232 1233 37.000000
1232 1253 37.000000
1233 1234 37.000000
1251 1252 37.000000
1252 1253 37.000000
194 216 36.000000
234 256 36.000000
334 356 36.000000
742 764 36.000000
765 787 36.000000
1001 10903 36.000000
1069 10971 36.000000
1206 1207 36.000000
1306 1328 36.000000
466 467 35.000000
467 468 35.000000
468 469 35.000000
469 470 35.000000
470 471 35.000000
471 472 35.000000
472 473 35.000000
195 217 34.000000
938 960 34.000000
1251 1273 34.000000
647 648 33.000000
660 681 33.000000
678 679 33.000000
679 680 33.000000
680 681 33.000000
1572 1573 33.000000
1018 10589 32.000000
1166 1167 32.000000
1166 1187 32.000000
1167 1168 32.000000
1168 1169 32.000000
1184 1185 32.000000
1185 1186 32.000000
1186 1187 32.000000
1546 1568 32.000000
385 407 31.000000
1067 10745 31.000000
1210 1211 31.000000
1210 1231 31.000000
1211 1212 31.000000
1212 1213 31.000000
1228 1229 31.000000
1229 1230 31.000000
1230 1231 31.000000
1234 1235 31.000000
1264 1286 31.000000
1300 1322 31.000000
619 620 30.000000
620 621 30.000000
621 622 30.000000
622 623 30.000000
623 624 30.000000
624 625 30.000000
625 626 30.000000
638 639 30.000000
1001 10270 30.000000
239 261 29.000000
370 392 29.000000
412 434 29.000000
1298 1299 29.000000
1298 1319 29.000000
1316 1317 29.000000
1317 1318 29.000000
1318 1319 29.000000
346 368 28.000000
363 385 28.000000
572 573 28.000000
573 574 28.000000
574 575 28.000000
575 597 28.000000
734 756 28.000000
1023 10270 28.000000
1045 10493 28.000000
501 502 27.000000
502 503 27.000000
572 593 27.000000
591 592 27.000000
592 593 27.000000
648 649 27.000000
660 661 27.000000
661 662 27.000000
1023 10256 27.000000
1023 10645 27.000000
1023 10951 27.000000
1067 10946 27.000000
1342 1343 27.000000
1342 1363 27.000000
1360 1361 27.000000
1361 1362 27.000000
1362 1363 27.000000
282 304 26.000000
378 400 26.000000
386 408 26.000000
1023 10268 26.000000
1023 10484 26.000000
1023 10603 26.000000
1023 10738 26.000000
1023 10808 26.000000
1023 10877 26.000000
1023 10934 26.000000
1024 10694 26.000000
1066 1088 26.000000
1126 1148 26.000000
1136 1158 26.000000
1439 1461 26.000000
654 676 25.000000
741 763 25.000000
777 778 25.000000
1023 10380 25.000000
1023 10450 25.000000
1023 10476 25.000000
1023 10505 25.000000
1023 10506 25.000000
1023 10775 25.000000
1023 10783 25.000000
1023 10848 25.000000
1023 10902 25.000000
1023 10921 25.000000
1024 10254 25.000000
1068 10922 25.000000
632 654 24.000000
638 659 24.000000
656 657 24.000000
657 658 24.000000
658 659 24.000000
750 751 24.000000
751 752 24.000000
752 753 24.000000
753 754 24.000000
1094 1095 24.000000
1095 1096 24.000000
1135 1157 24.000000
1280 1302 24.000000
141 142 23.000000
302 324 23.000000
304 326 23.000000
662 663 23.000000
881 882 23.000000
882 883 23.000000
883 884 23.000000
884 885 23.000000
885 886 23.000000
1062 1084 23.000000
1551 1552 23.000000
115 137 22.000000
418 419 22.000000
419 420 22.000000
420 421 22.000000
421 422 22.000000
464 486 22.000000
886 887 22.000000
779 801 21.000000
1001 10745 21.000000
1045 10825 21.000000
1067 10811 21.000000
1067 10949 21.000000
1067 10955 21.000000
1097 1119 21.000000
1169 1170 21.000000
1328 1350 21.000000
151 173 20.000000
364 386 20.000000
484 505 20.000000
503 504 20.000000
504 505 20.000000
616 617 20.000000
616 637 20.000000
617 618 20.000000
635 636 20.000000
636 637 20.000000
866 888 20.000000
1088 1110 20.000000
1090 10925 20.000000
639 640 19.000000
1000 10167 19.000000
1000 10179 19.000000
1000 10250 19.000000
1000 10386 19.000000
1000 10407 19.000000
1000 10575 19.000000
1000 10718 19.000000
1000 10788 19.000000
1000 10842 19.000000
1078 1079 19.000000
1078 1099 19.000000
1079 1080 19.000000
1080 1081 19.000000
1081 1082 19.000000
1082 1083 19.000000
1097 1098 19.000000
1098 1099 19.000000
1215 1237 19.000000
1283 1305 19.000000
1284 1306 19.000000
1545 1567 19.000000
90 91 18.000000
484 485 18.000000
485 486 18.000000
826 848 18.000000
1197 1219 18.000000
1223 1245 18.000000
119 141 17.000000
442 464 17.000000
760 782 17.000000
785 807 17.000000
800 822 17.000000
1004 1005 17.000000
1408 1409 17.000000
1408 1429 17.000000
1421 1422 17.000000
1422 1423 17.000000
1423 1424 17.000000
1424 1425 17.000000
1425 1426 17.000000
1426 1427 17.000000
1427 1428 17.000000
1428 1429 17.000000
1505 1527 17.000000
102 10594 16.000000
132 133 16.000000
132 153 16.000000
133 134 16.000000
151 152 16.000000
152 153 16.000000
418 439 16.000000
435 436 16.000000
436 437 16.000000
437 438 16.000000
438 439 16.000000
1003 10050 16.000000
1003 10567 16.000000
1003 10928 16.000000
1047 10672 16.000000
1088 10883 16.000000
1088 10949 16.000000
1088 10955 16.000000
1179 1201 16.000000
1323 1345 16.000000
154 176 15.000000
1003 10781 15.000000
1355 1377 15.000000
521 522 14.000000
770 771 14.000000
770 791 14.000000
771 772 14.000000
787 788 14.000000
788 789 14.000000
789 790 14.000000
790 791 14.000000
1023 10703 14.000000
1023 10816 14.000000
1023 10841 14.000000
1023 10969 14.000000
1088 10946 14.000000
1220 1242 14.000000
605 606 13.000000
606 607 13.000000
607 608 13.000000
608 609 13.000000
609 610 13.000000
610 611 13.000000
611 612 13.000000
682 704 13.000000
814 815 13.000000
814 835 13.000000
831 832 13.000000
832 833 13.000000
833 834 13.000000
834 835 13.000000
1004 10423 13.000000
1019 10425 13.000000
1023 10331 13.000000
1023 10777 13.000000
1023 10810 13.000000
1047 10698 13.000000
1047 10758 13.000000
1071 10864 13.000000
1096 1097 13.000000
1549 1571 13.000000
98 99 12.000000
100 101 12.000000
101 102 12.000000
541 542 12.000000
542 543 12.000000
543 544 12.000000
633 655 12.000000
655 677 12.000000
872 894 12.000000
1023 10357 12.000000
1023 10946 12.000000
1023 10949 12.000000
1044 10703 12.000000
1180 1202 12.000000
1191 1213 12.000000
1240 1262 12.000000
1365 1366 12.000000
1373 1395 12.000000
1529 1530 12.000000
1548 1570 12.000000
47 48 11.000000
413 435 11.000000
506 507 11.000000
506 527 11.000000
507 508 11.000000
522 523 11.000000
523 524 11.000000
524 525 11.000000
525 526 11.000000
526 527 11.000000
1018 10460 11.000000
1018 10598 11.000000
1074 1075 11.000000
1075 1097 11.000000
1092 10956 11.000000
1176 1198 11.000000
1522 1544 11.000000
10 1572 10.000000
71 93 10.000000
696 718 10.000000
990 991 10.000000
991 992 10.000000
992 993 10.000000
993 994 10.000000
994 995 10.000000
1001 10136 10.000000
1001 10725 10.000000
1003 10744 10.000000
1009 1010 10.000000
1009 1031 10.000000
1010 1011 10.000000
1067 10681 10.000000
1067 10721 10.000000
1090 10964 10.000000
1234 1256 10.000000
1523 1545 10.000000
726 748 9.000000
995 996 9.000000
1001 10268 9.000000
1001 10299 9.000000
1001 10331 9.000000
1001 10357 9.000000
1001 10380 9.000000
1001 10522 9.000000
1001 10603 9.000000
1001 10645 9.000000
1001 10703 9.000000
1001 10738 9.000000
1001 10777 9.000000
1001 10808 9.000000
1001 10810 9.000000
1001 10816 9.000000
1001 10841 9.000000
1001 10877 9.000000
1001 10934 9.000000
1001 10946 9.000000
1001 10949 9.000000
1044 1066 9.000000
1088 10934 9.000000
1386 1387 9.000000
1386 1407 9.000000
1399 1400 9.000000
1400 1401 9.000000
1401 1402 9.000000
1402 1403 9.000000
1403 1404 9.000000
1404 1405 9.000000
1405 1406 9.000000
1406 1407 9.000000
1435 1457 9.000000
11 1573 8.000000
46 47 8.000000
46 68 8.000000
118 140 8.000000
163 164 8.000000
164 165 8.000000
165 166 8.000000
166 167 8.000000
167 168 8.000000
168 169 8.000000
169 170 8.000000
170 171 8.000000
171 172 8.000000
172 173 8.000000
503 525 8.000000
525 547 8.000000
618 619 8.000000
692 714 8.000000
756 778 8.000000
792 793 8.000000
792 813 8.000000
793 794 8.000000
809 810 8.000000
810 811 8.000000
811 812 8.000000
812 813 8.000000
1049 10864 8.000000
1066 10664 8.000000
1066 10718 8.000000
1066 10788 8.000000
1066 10842 8.000000
1066 10965 8.000000
1088 10902 8.000000
1088 10921 8.000000
1088 10951 8.000000
1088 10969 8.000000
1091 10938 8.000000
1213 1235 8.000000
75 97 7.000000
76 77 7.000000
77 78 7.000000
78 79 7.000000
79 80 7.000000
159 181 7.000000
211 233 7.000000
465 466 7.000000
618 640 7.000000
780 802 7.000000
887 909 7.000000
916 938 7.000000
1022 1044 7.000000
1045 10679 7.000000
1092 10940 7.000000
1105 1127 7.000000
1137 1159 7.000000
1236 1258 7.000000
330 352 6.000000
418 440 6.000000
518 540 6.000000
638 660 6.000000
691 713 6.000000
743 765 6.000000
1044 10951 6.000000
1044 10969 6.000000
1045 10694 6.000000
1062 10878 6.000000
189 211 5.000000
260 282 5.000000
500 501 5.000000
596 618 5.000000
1004 1026 5.000000
1104 1126 5.000000
1207 1229 5.000000
1229 1251 5.000000
1370 1392 5.000000
47 69 4.000000
102 103 4.000000
103 104 4.000000
104 105 4.000000
105 106 4.000000
259 281 4.000000
540 541 4.000000
690 691 4.000000
794 795 4.000000
795 796 4.000000
796 797 4.000000
797 798 4.000000
798 799 4.000000
799 800 4.000000
850 872 4.000000
858 859 4.000000
858 879 4.000000
873 874 4.000000
874 875 4.000000
875 876 4.000000
876 877 4.000000
877 878 4.000000
878 879 4.000000
1181 1203 4.000000
1190 1212 4.000000
1212 1234 4.000000
1456 1478 4.000000
1478 1500 4.000000
1500 1522 4.000000
1526 1548 4.000000
53 75 3.000000
106 107 3.000000
107 129 3.000000
129 151 3.000000
254 276 3.000000
257 279 3.000000
324 346 3.000000
398 420 3.000000
420 442 3.000000
645 667 3.000000
960 982 3.000000
1041 10525 3.000000
1041 10538 3.000000
1041 10706 3.000000
1041 10792 3.000000
1041 10897 3.000000
1041 11000 3.000000
1044 10450 3.000000
1044 10476 3.000000
1044 10505 3.000000
1044 10506 3.000000
1044 10775 3.000000
1044 10783 3.000000
1044 10848 3.000000
1044 10902 3.000000
1044 10921 3.000000
1045 10659 3.000000
1045 10681 3.000000
1045 10745 3.000000
1071 10776 3.000000
1141 1163 3.000000
1182 1204 3.000000
1458 1480 3.000000
113 135 2.000000
462 484 2.000000
528 529 2.000000
528 549 2.000000
529 530 2.000000
530 531 2.000000
530 552 2.000000
531 532 2.000000
532 533 2.000000
533 534 2.000000
534 535 2.000000
535 536 2.000000
536 537 2.000000
537 538 2.000000
547 548 2.000000
548 549 2.000000
552 574 2.000000
649 671 2.000000
700 722 2.000000
728 750 2.000000
757 779 2.000000
763 785 2.000000
829 851 2.000000
975 997 2.000000
1018 1040 2.000000
1044 10484 2.000000
1044 10831 2.000000
1045 10721 2.000000
1241 1263 2.000000
1260 1282 2.000000
1483 1505 2.000000
1527 1549 2.000000
25 47 1.000000
52 74 1.000000
66 67 1.000000
66 87 1.000000
67 68 1.000000
74 96 1.000000
80 81 1.000000
81 82 1.000000
82 83 1.000000
83 84 1.000000
84 85 1.000000
85 86 1.000000
86 87 1.000000
106 128 1.000000
128 150 1.000000
142 143 1.000000
143 144 1.000000
144 145 1.000000
145 146 1.000000
146 147 1.000000
147 148 1.000000
148 149 1.000000
149 150 1.000000
150 151 1.000000
150 172 1.000000
172 194 1.000000
176 198 1.000000
303 325 1.000000
474 496 1.000000
481 503 1.000000
572 594 1.000000
594 615 1.000000
613 614 1.000000
613 635 1.000000
614 615 1.000000
706 728 1.000000
727 728 1.000000
843 865 1.000000
847 869 1.000000
869 891 1.000000
880 902 1.000000
886 908 1.000000
902 923 1.000000
917 918 1.000000
918 919 1.000000
919 920 1.000000
920 921 1.000000
921 922 1.000000
922 923 1.000000
1017 1039 1.000000
1044 10568 1.000000
1044 10575 1.000000
1044 10640 1.000000
1044 10664 1.000000
1044 10718 1.000000
1044 10788 1.000000
1044 10842 1.000000
1044 10965 1.000000
1047 1069 1.000000
1071 10774 1.000000
1071 10865 1.000000
1071 10956 1.000000
1138 1160 1.000000
1261 1283 1.000000
1501 1523 1.000000
