220 221 20407.000000
221 222 20407.000000
222 223 20407.000000
223 224 20407.000000
1236 1237 16675.000000
220 241 14645.000000
1192 1193 12604.000000
1235 1236 12116.000000
1234 1235 11886.000000
1060 1061 11261.000000
224 225 11121.000000
1405 1406 10742.000000
1257 1258 10165.000000
1406 1407 10069.000000
1016 1017 9876.000000
225 226 9386.000000
264 265 9272.000000
265 266 9272.000000
266 267 9272.000000
1256 1257 9239.000000
972 973 9215.000000
1386 1407 9177.000000
267 268 9161.000000
1038 1039 9094.000000
1191 1192 9031.000000
1255 1256 8999.000000
1213 1214 8809.000000
1148 1149 8727.000000
973 974 8673.000000
1294 1295 8600.000000
1190 1191 8077.000000
1058 1059 8075.000000
1059 1060 8010.000000
1233 1234 7796.000000
20 21 7786.000000
1254 1255 7775.000000
1037 1038 7772.000000
1296 1297 7704.000000
924 925 7663.000000
925 926 7663.000000
1386 1387 7577.000000
1149 1150 7343.000000
1295 1296 7343.000000
19 20 7321.000000
1276 1297 7241.000000
1212 1213 7214.000000
1147 1148 7206.000000
1061 1062 7095.000000
971 972 7060.000000
198 199 7009.000000
199 200 7009.000000
200 201 7009.000000
201 202 7009.000000
264 285 7002.000000
1017 1018 6992.000000
152 153 6908.000000
1254 1275 6816.000000
1279 1280 6730.000000
1272 1273 6725.000000
1278 1279 6661.000000
1274 1275 6657.000000
1387 1388 6649.000000
312 313 6557.000000
1015 1016 6507.000000
1189 1190 6495.000000
926 927 6487.000000
1273 1274 6447.000000
177 178 6375.000000
178 179 6375.000000
179 180 6375.000000
180 181 6350.000000
1211 1212 6338.000000
994 995 6331.000000
1170 1171 6128.000000
858 859 6127.000000
859 860 6127.000000
860 861 6127.000000
1214 1215 6037.000000
1293 1294 6037.000000
198 219 6022.000000
18 19 6012.000000
108 109 5896.000000
927 928 5873.000000
1277 1278 5766.000000
1210 1231 5736.000000
0 21 5701.000000
1276 1277 5697.000000
1081 1082 5682.000000
176 197 5674.000000
176 177 5670.000000
1169 1170 5622.000000
268 269 5594.000000
1168 1169 5510.000000
928 929 5468.000000
837 838 5444.000000
838 839 5444.000000
1210 1211 5404.000000
130 131 5376.000000
44 65 5317.000000
1036 1037 5263.000000
995 996 5260.000000
902 903 5249.000000
903 904 5249.000000
880 881 5236.000000
881 882 5236.000000
882 883 5236.000000
196 197 5220.000000
399 400 5154.000000
993 994 5053.000000
1104 1105 4908.000000
1388 1389 4868.000000
1232 1233 4826.000000
242 243 4807.000000
243 244 4807.000000
244 245 4807.000000
245 246 4807.000000
1146 1147 4781.000000
313 314 4780.000000
836 837 4754.000000
242 263 4678.000000
1230 1231 4632.000000
924 945 4606.000000
1228 1229 4603.000000
1229 1230 4603.000000
1323 1324 4564.000000
356 357 4485.000000
262 263 4468.000000
687 688 4371.000000
992 993 4367.000000
902 923 4366.000000
1252 1253 4268.000000
1167 1168 4255.000000
132 153 4249.000000
1034 1035 4230.000000
1082 1083 4206.000000
884 885 4176.000000
814 815 4168.000000
815 816 4168.000000
816 817 4168.000000
1034 1055 4156.000000
1054 1055 4156.000000
974 975 4151.000000
1299 1300 4097.000000
1271 1272 4090.000000
1250 1251 4085.000000
1251 1252 4085.000000
922 923 4045.000000
1474 1495 4004.000000
1300 1301 3993.000000
1103 1104 3986.000000
1232 1253 3980.000000
174 175 3953.000000
1080 1081 3922.000000
1322 1323 3850.000000
1472 1473 3798.000000
1105 1106 3790.000000
858 879 3766.000000
1053 1054 3744.000000
905 906 3730.000000
1452 1473 3653.000000
1321 1322 3629.000000
1249 1250 3596.000000
1428 1429 3578.000000
269 270 3529.000000
1452 1453 3523.000000
308 309 3521.000000
308 329 3521.000000
309 310 3521.000000
310 311 3521.000000
1298 1299 3448.000000
836 857 3437.000000
1301 1302 3432.000000
270 271 3424.000000
22 43 3407.000000
314 315 3400.000000
904 905 3353.000000
1145 1146 3342.000000
240 241 3322.000000
1062 1063 3314.000000
878 879 3293.000000
1193 1215 3222.000000
1471 1472 3207.000000
1193 1194 3186.000000
218 219 3138.000000
40 41 3033.000000
41 42 3033.000000
1149 1171 3014.000000
246 247 2999.000000
1039 1040 2994.000000
62 63 2953.000000
63 64 2944.000000
968 969 2943.000000
968 989 2943.000000
969 970 2943.000000
0 1 2928.000000
1040 1041 2926.000000
86 87 2923.000000
153 175 2922.000000
861 862 2922.000000
793 794 2921.000000
794 795 2921.000000
1056 1077 2917.000000
1076 1077 2917.000000
64 65 2911.000000
1344 1345 2910.000000
1320 1321 2907.000000
622 623 2890.000000
1384 1385 2890.000000
290 291 2881.000000
1343 1344 2859.000000
1056 1057 2843.000000
883 884 2839.000000
1014 1015 2816.000000
39 40 2806.000000
311 312 2800.000000
1342 1363 2800.000000
686 687 2784.000000
0 10118 2754.000000
202 203 2750.000000
1102 1103 2742.000000
129 130 2730.000000
261 262 2730.000000
1280 1281 2715.000000
1126 1127 2706.000000
1318 1319 2706.000000
1078 1079 2671.000000
1078 1099 2663.000000
1097 1098 2663.000000
1098 1099 2663.000000
1227 1228 2647.000000
173 174 2623.000000
283 284 2618.000000
944 945 2616.000000
1362 1363 2616.000000
110 131 2611.000000
970 971 2578.000000
42 43 2562.000000
709 710 2562.000000
1342 1343 2561.000000
1083 1084 2542.000000
1298 1319 2542.000000
66 87 2524.000000
619 620 2524.000000
620 621 2524.000000
840 841 2509.000000
1408 1429 2487.000000
1125 1126 2473.000000
1035 1036 2471.000000
621 622 2470.000000
862 863 2466.000000
1317 1318 2465.000000
839 840 2461.000000
355 356 2452.000000
1427 1428 2446.000000
792 793 2440.000000
17 18 2424.000000
1361 1362 2415.000000
1518 1539 2412.000000
792 813 2398.000000
196 218 2394.000000
1364 1385 2390.000000
1106 1107 2359.000000
1075 1076 2353.000000
1516 1517 2353.000000
1538 1539 2351.000000
1079 1080 2343.000000
1496 1517 2333.000000
330 331 2331.000000
330 351 2331.000000
331 332 2331.000000
332 333 2331.000000
195 196 2328.000000
284 285 2321.000000
304 305 2302.000000
1124 1125 2280.000000
1340 1341 2278.000000
1123 1124 2258.000000
795 796 2256.000000
1515 1516 2245.000000
1540 1561 2188.000000
1063 1064 2177.000000
949 950 2163.000000
291 292 2153.000000
286 287 2144.000000
286 307 2144.000000
287 288 2144.000000
288 289 2144.000000
226 227 2142.000000
1560 1561 2133.000000
357 358 2125.000000
990 991 2098.000000
1010 1011 2094.000000
1493 1494 2087.000000
61 62 2074.000000
305 306 2070.000000
1364 1365 2067.000000
683 684 2066.000000
684 685 2066.000000
685 686 2066.000000
1127 1128 2057.000000
1320 1341 2051.000000
88 89 2043.000000
1492 1493 2030.000000
1184 1185 2025.000000
1185 1186 2025.000000
1186 1187 2025.000000
1018 1019 2017.000000
400 422 1999.000000
1057 1058 1985.000000
710 711 1972.000000
1408 1409 1959.000000
1409 1410 1949.000000
203 204 1941.000000
109 131 1931.000000
1494 1495 1908.000000
1453 1454 1907.000000
1365 1366 1904.000000
991 992 1902.000000
292 293 1900.000000
880 901 1890.000000
227 228 1875.000000
1215 1216 1867.000000
260 261 1860.000000
151 152 1842.000000
1166 1167 1835.000000
711 712 1826.000000
775 776 1824.000000
335 336 1815.000000
1366 1367 1808.000000
1540 1541 1802.000000
1150 1151 1794.000000
1084 1085 1782.000000
352 353 1775.000000
352 373 1775.000000
353 354 1775.000000
354 355 1775.000000
988 989 1760.000000
974 996 1752.000000
1166 1187 1752.000000
1537 1538 1743.000000
1410 1411 1719.000000
1107 1108 1707.000000
22 23 1699.000000
333 334 1699.000000
105 106 1698.000000
106 107 1698.000000
1015 10357 1678.000000
667 668 1674.000000
776 777 1665.000000
271 272 1659.000000
1536 1537 1651.000000
1128 1129 1643.000000
841 842 1636.000000
770 791 1612.000000
771 772 1608.000000
772 773 1608.000000
104 105 1604.000000
906 907 1600.000000
272 273 1593.000000
818 819 1593.000000
1337 1338 1586.000000
1338 1339 1586.000000
225 247 1583.000000
1037 10493 1581.000000
814 835 1580.000000
1100 1121 1578.000000
1119 1120 1578.000000
1120 1121 1578.000000
289 290 1572.000000
306 307 1548.000000
666 667 1547.000000
774 775 1542.000000
293 294 1516.000000
946 947 1515.000000
946 967 1515.000000
947 948 1515.000000
226 248 1498.000000
1367 1368 1492.000000
1 10345 1488.000000
817 818 1477.000000
1017 1039 1476.000000
107 108 1467.000000
1 2 1453.000000
349 350 1452.000000
1270 1271 1452.000000
819 820 1450.000000
623 645 1434.000000
1188 1189 1425.000000
1019 1041 1419.000000
181 182 1410.000000
334 335 1409.000000
1383 1384 1408.000000
1514 1515 1401.000000
643 644 1397.000000
228 229 1396.000000
1183 1184 1391.000000
688 689 1387.000000
885 886 1386.000000
706 707 1371.000000
707 708 1371.000000
44 45 1369.000000
204 205 1369.000000
205 206 1369.000000
247 248 1359.000000
623 624 1354.000000
773 774 1344.000000
1171 1172 1341.000000
770 771 1335.000000
327 328 1318.000000
708 709 1314.000000
929 930 1314.000000
948 949 1313.000000
1016 10446 1310.000000
206 207 1306.000000
731 732 1295.000000
328 329 1290.000000
154 175 1268.000000
1295 1317 1257.000000
315 316 1252.000000
358 359 1248.000000
1062 1084 1228.000000
313 335 1211.000000
662 663 1211.000000
663 664 1211.000000
730 731 1206.000000
1041 1042 1204.000000
1474 1475 1203.000000
197 219 1195.000000
664 665 1190.000000
271 293 1184.000000
640 641 1180.000000
641 642 1180.000000
642 643 1180.000000
1012 1033 1165.000000
1032 1033 1165.000000
1012 1013 1161.000000
1013 1014 1161.000000
1449 1450 1140.000000
248 249 1134.000000
732 733 1134.000000
665 666 1131.000000
966 967 1129.000000
727 728 1121.000000
728 729 1121.000000
729 730 1121.000000
1450 1451 1120.000000
797 798 1114.000000
359 360 1113.000000
1339 1340 1104.000000
1280 1302 1100.000000
356 378 1096.000000
863 864 1092.000000
1292 1293 1088.000000
1248 1249 1074.000000
350 351 1065.000000
83 84 1064.000000
84 85 1064.000000
85 86 1064.000000
682 683 1062.000000
422 423 1055.000000
1036 10380 1043.000000
239 240 1041.000000
316 317 1040.000000
796 797 1011.000000
950 951 1004.000000
294 295 994.000000
149 150 987.000000
150 151 987.000000
20 42 976.000000
1205 1206 957.000000
143 144 949.000000
144 145 949.000000
145 146 949.000000
146 147 949.000000
1194 1195 948.000000
229 230 945.000000
38 39 944.000000
726 727 922.000000
973 995 914.000000
1345 1346 908.000000
1060 10796 907.000000
175 197 904.000000
1206 1207 903.000000
1207 1208 903.000000
1172 1173 892.000000
1019 1020 885.000000
326 327 883.000000
1208 1209 883.000000
443 444 877.000000
1496 1497 874.000000
1559 1560 874.000000
1059 10689 873.000000
174 196 854.000000
1122 1123 851.000000
1475 1476 849.000000
1100 1122 842.000000
1358 1359 837.000000
1359 1360 837.000000
187 188 829.000000
188 189 829.000000
189 190 829.000000
190 191 829.000000
191 192 829.000000
192 193 829.000000
193 194 829.000000
194 195 829.000000
1188 1209 818.000000
249 250 815.000000
1108 1109 815.000000
1109 1110 815.000000
645 646 807.000000
753 754 794.000000
792 814 791.000000
1518 1519 788.000000
282 283 786.000000
1052 1053 775.000000
624 625 771.000000
360 361 768.000000
224 246 767.000000
644 645 760.000000
1015 10270 760.000000
400 401 754.000000
749 750 753.000000
750 751 753.000000
751 752 753.000000
273 295 752.000000
252 253 747.000000
253 254 747.000000
254 255 747.000000
255 256 747.000000
256 257 747.000000
257 258 747.000000
258 259 747.000000
259 260 747.000000
132 133 743.000000
646 647 738.000000
689 690 735.000000
182 183 733.000000
183 184 733.000000
900 901 733.000000
464 465 728.000000
1100 1101 728.000000
1152 1153 718.000000
1153 1154 718.000000
82 83 710.000000
1015 10745 710.000000
668 669 705.000000
1582 1583 701.000000
1014 10407 695.000000
1226 1227 694.000000
1039 10435 692.000000
1118 1119 690.000000
795 817 689.000000
1042 1043 689.000000
885 907 685.000000
182 204 683.000000
1105 1127 681.000000
1151 1152 681.000000
348 349 677.000000
1059 10681 670.000000
147 148 667.000000
148 149 667.000000
312 334 657.000000
1173 1174 649.000000
1174 1175 649.000000
1101 1102 647.000000
371 372 642.000000
372 373 642.000000
152 174 641.000000
379 380 633.000000
1581 1582 633.000000
748 749 632.000000
336 337 628.000000
1236 1258 628.000000
1237 1238 626.000000
1360 1361 626.000000
273 274 624.000000
1336 1337 623.000000
64 86 612.000000
1454 1455 607.000000
625 626 605.000000
314 336 597.000000
370 371 597.000000
110 132 596.000000
44 66 595.000000
219 241 594.000000
575 576 593.000000
576 577 593.000000
577 578 593.000000
403 404 592.000000
131 153 585.000000
378 379 583.000000
337 338 581.000000
1016 10544 580.000000
661 662 577.000000
250 251 572.000000
269 291 564.000000
1061 1083 561.000000
1238 1239 558.000000
1239 1240 558.000000
1240 1241 558.000000
820 821 557.000000
1150 1172 556.000000
423 424 548.000000
424 425 548.000000
1324 1325 547.000000
274 275 538.000000
275 276 538.000000
276 277 538.000000
277 278 538.000000
278 279 538.000000
279 280 538.000000
280 281 538.000000
281 282 538.000000
1314 1315 536.000000
282 304 535.000000
798 799 534.000000
380 381 532.000000
181 203 525.000000
1017 10613 522.000000
1315 1316 522.000000
1316 1317 522.000000
165 166 521.000000
166 167 521.000000
167 168 521.000000
168 169 521.000000
169 170 521.000000
170 171 521.000000
171 172 521.000000
402 403 519.000000
66 67 513.000000
1009 1010 511.000000
639 640 510.000000
712 713 510.000000
726 747 510.000000
1379 1380 508.000000
1380 1381 508.000000
1381 1382 508.000000
1382 1383 508.000000
1430 1451 507.000000
839 861 505.000000
754 755 498.000000
841 863 496.000000
842 843 495.000000
1122 1143 495.000000
1140 1141 495.000000
1141 1142 495.000000
1142 1143 495.000000
1216 1217 493.000000
1217 1218 493.000000
1218 1219 493.000000
928 950 490.000000
1020 1042 484.000000
1038 10668 483.000000
184 185 482.000000
704 705 481.000000
1036 10401 476.000000
1037 10413 475.000000
103 104 472.000000
108 10956 472.000000
1148 1170 467.000000
100 101 466.000000
101 102 466.000000
102 103 466.000000
1032 10999 466.000000
1431 1432 465.000000
1357 1358 464.000000
360 382 461.000000
638 639 461.000000
1041 10844 459.000000
311 333 458.000000
660 661 457.000000
1041 10553 455.000000
1430 1431 454.000000
1198 1199 453.000000
1014 10565 452.000000
217 218 450.000000
1429 1451 449.000000
752 753 444.000000
381 382 439.000000
121 122 437.000000
122 123 437.000000
123 124 437.000000
124 125 437.000000
208 209 427.000000
209 210 427.000000
210 211 427.000000
211 212 427.000000
212 213 427.000000
213 214 427.000000
214 215 427.000000
215 216 427.000000
1580 1581 427.000000
60 61 424.000000
1541 1542 422.000000
305 327 420.000000
1083 10998 418.000000
733 734 414.000000
1059 10901 411.000000
705 706 409.000000
108 10865 400.000000
230 231 399.000000
231 232 399.000000
232 233 399.000000
233 234 399.000000
234 235 399.000000
235 236 399.000000
236 237 399.000000
237 238 399.000000
840 862 399.000000
1106 1128 396.000000
172 173 392.000000
578 579 384.000000
1204 1205 382.000000
185 186 381.000000
1009 10406 380.000000
1016 10487 379.000000
164 165 378.000000
120 121 376.000000
1075 10835 376.000000
1075 10852 376.000000
1075 10944 376.000000
1039 10696 370.000000
777 778 369.000000
923 945 360.000000
238 239 359.000000
1052 10856 357.000000
293 315 355.000000
1342 1364 354.000000
1139 1140 353.000000
401 402 348.000000
1339 1361 348.000000
1558 1559 347.000000
43 65 343.000000
16 17 339.000000
1258 1259 339.000000
1241 1242 338.000000
494 516 337.000000
1010 10146 335.000000
1271 1293 335.000000
261 283 333.000000
1219 1220 333.000000
207 208 332.000000
317 339 328.000000
1023 10378 328.000000
1195 1196 327.000000
1196 1197 327.000000
1197 1198 327.000000
1199 1200 327.000000
1200 1201 327.000000
1201 1202 327.000000
1202 1203 327.000000
1203 1204 327.000000
1318 1340 325.000000
377 378 322.000000
1017 10702 321.000000
1043 1044 321.000000
884 906 320.000000
883 905 319.000000
1053 10590 319.000000
335 357 318.000000
929 951 316.000000
1144 1165 315.000000
1163 1164 315.000000
1164 1165 315.000000
216 217 314.000000
339 340 314.000000
340 341 314.000000
341 342 314.000000
342 343 314.000000
343 344 314.000000
344 345 314.000000
345 346 314.000000
346 347 314.000000
1018 10244 313.000000
1036 10777 313.000000
1215 1237 307.000000
125 126 305.000000
589 590 303.000000
590 591 303.000000
591 592 303.000000
1017 10271 303.000000
108 130 302.000000
1020 1021 298.000000
1021 1022 298.000000
1085 10927 298.000000
965 966 293.000000
1041 10431 293.000000
572 573 292.000000
572 593 292.000000
592 593 292.000000
1037 10982 289.000000
1084 10995 289.000000
108 10862 288.000000
404 426 288.000000
1084 10981 288.000000
1166 1188 287.000000
338 339 286.000000
798 820 286.000000
133 134 285.000000
134 135 285.000000
135 136 285.000000
136 137 285.000000
1041 10678 283.000000
1497 1498 282.000000
755 756 280.000000
1128 1150 280.000000
1038 10435 277.000000
1389 1390 277.000000
594 615 276.000000
614 615 276.000000
668 690 273.000000
184 206 271.000000
1022 1023 271.000000
1516 1538 270.000000
217 239 269.000000
1037 10850 269.000000
318 319 268.000000
319 320 268.000000
320 321 268.000000
321 322 268.000000
322 323 268.000000
323 324 268.000000
324 325 268.000000
325 326 268.000000
1060 10979 268.000000
227 249 267.000000
1037 10689 266.000000
1060 1082 266.000000
1386 1408 266.000000
1074 1075 264.000000
1081 10953 264.000000
1096 1097 263.000000
930 931 261.000000
1010 10186 261.000000
1016 10922 261.000000
42 64 258.000000
1062 10762 258.000000
1062 10947 258.000000
1144 1145 258.000000
626 627 257.000000
627 628 257.000000
628 629 257.000000
629 630 257.000000
630 631 257.000000
1085 1086 257.000000
1192 1214 257.000000
1383 1405 257.000000
796 818 254.000000
922 944 254.000000
126 127 251.000000
127 128 251.000000
128 129 251.000000
1010 10898 251.000000
687 709 250.000000
1517 1539 250.000000
1039 10862 248.000000
1039 10956 247.000000
1543 1544 247.000000
1544 1545 247.000000
1545 1546 247.000000
304 326 245.000000
107 129 240.000000
1017 10950 240.000000
104 10418 239.000000
104 10651 239.000000
292 314 239.000000
1432 1433 238.000000
108 10871 237.000000
1039 10486 237.000000
1039 10432 236.000000
1039 10475 235.000000
1039 10972 235.000000
1448 1449 234.000000
291 313 231.000000
1016 10935 230.000000
1017 10971 230.000000
1040 10502 229.000000
295 296 228.000000
296 297 228.000000
297 298 228.000000
298 299 228.000000
299 300 228.000000
300 301 228.000000
301 302 228.000000
302 303 228.000000
303 304 228.000000
1037 10618 228.000000
1411 1412 227.000000
1564 1565 223.000000
1565 1566 223.000000
1566 1567 223.000000
1016 1038 222.000000
1060 10964 222.000000
1039 10510 221.000000
218 240 219.000000
1084 10997 218.000000
1038 10393 217.000000
108 10948 215.000000
1062 10886 214.000000
579 601 212.000000
1020 10561 211.000000
1015 10554 210.000000
1039 10428 210.000000
1039 10996 210.000000
165 187 209.000000
1151 1173 209.000000
137 138 208.000000
138 139 208.000000
139 140 208.000000
140 141 208.000000
141 142 208.000000
204 226 208.000000
1032 10878 208.000000
711 733 207.000000
1040 10740 205.000000
1018 10193 204.000000
1018 10202 204.000000
1060 10713 204.000000
1062 10818 204.000000
1062 10863 204.000000
104 10402 202.000000
618 619 202.000000
1062 10862 201.000000
1086 1087 201.000000
1087 1088 201.000000
1191 1213 201.000000
1362 1384 201.000000
466 467 200.000000
467 468 200.000000
468 469 200.000000
532 533 200.000000
533 534 200.000000
1561 1583 200.000000
748 769 199.000000
1061 10940 199.000000
1018 10351 198.000000
1018 10428 198.000000
1018 10996 198.000000
1018 10184 197.000000
1018 10346 196.000000
1042 10455 196.000000
1042 10523 196.000000
108 10976 195.000000
1018 10221 195.000000
1063 1085 195.000000
1064 10846 195.000000
1083 10940 195.000000
931 953 194.000000
1015 1037 194.000000
975 976 192.000000
1053 1075 192.000000
1063 10678 192.000000
951 952 191.000000
1016 10563 191.000000
1039 10586 189.000000
1042 10643 189.000000
1061 10730 188.000000
1061 10868 188.000000
1061 10972 187.000000
1083 10879 187.000000
65 87 186.000000
272 294 186.000000
1038 10613 186.000000
1061 10613 186.000000
108 10920 185.000000
1039 10733 185.000000
1039 10837 185.000000
1254 1276 185.000000
1039 10865 184.000000
21 43 183.000000
976 977 182.000000
977 978 182.000000
450 472 181.000000
472 494 181.000000
952 953 181.000000
1182 1183 181.000000
442 443 180.000000
1276 1298 180.000000
600 601 178.000000
797 819 178.000000
1041 10561 178.000000
1405 1427 178.000000
1470 1471 177.000000
142 164 176.000000
1064 1065 176.000000
1065 1066 176.000000
1066 1067 176.000000
953 975 175.000000
1015 10254 174.000000
1015 10542 170.000000
1082 10985 168.000000
553 554 167.000000
554 555 167.000000
555 556 167.000000
638 659 167.000000
658 659 167.000000
1083 10947 167.000000
1110 1132 165.000000
132 154 164.000000
588 589 164.000000
1016 10283 164.000000
1324 1346 164.000000
488 489 162.000000
489 490 162.000000
490 491 162.000000
1015 10821 162.000000
448 449 160.000000
449 450 160.000000
1018 10489 160.000000
1519 1520 160.000000
240 262 159.000000
295 317 159.000000
444 445 159.000000
445 446 159.000000
446 447 159.000000
1009 10286 159.000000
1018 10774 159.000000
1018 10776 159.000000
1062 10924 159.000000
110 111 158.000000
1016 10941 158.000000
1018 10182 157.000000
1018 10215 157.000000
1018 10453 157.000000
491 492 156.000000
492 493 156.000000
493 494 156.000000
1018 10383 155.000000
251 252 154.000000
317 318 153.000000
379 401 153.000000
690 691 153.000000
1220 1221 153.000000
1221 1222 153.000000
1222 1223 153.000000
1223 1224 153.000000
1224 1225 153.000000
1272 1294 153.000000
142 143 151.000000
247 269 151.000000
1031 1032 151.000000
1172 1194 151.000000
631 632 150.000000
1039 10769 149.000000
1076 10898 149.000000
1061 10894 148.000000
109 10947 147.000000
327 349 147.000000
105 10784 146.000000
1019 10303 145.000000
347 348 144.000000
1059 10850 144.000000
422 444 143.000000
667 689 142.000000
1058 10640 142.000000
1058 10788 142.000000
1515 1537 142.000000
326 348 141.000000
1039 10730 141.000000
1039 10868 141.000000
109 10924 140.000000
1039 10940 140.000000
159 181 139.000000
1016 10925 139.000000
595 596 138.000000
1061 10619 138.000000
1061 10879 138.000000
1562 1583 138.000000
863 885 137.000000
1227 1249 137.000000
262 284 136.000000
602 603 136.000000
1018 10687 136.000000
1058 10664 136.000000
1058 10718 136.000000
1058 10965 136.000000
1125 1147 136.000000
1010 10274 135.000000
1039 10879 135.000000
154 155 134.000000
155 156 134.000000
156 157 134.000000
157 158 134.000000
158 159 134.000000
534 535 134.000000
1016 10499 134.000000
1039 10593 134.000000
1039 10619 134.000000
1062 10740 134.000000
1385 1407 134.000000
104 10540 133.000000
425 426 133.000000
1015 10949 133.000000
238 260 132.000000
1018 10940 132.000000
1059 10982 132.000000
382 404 131.000000
1016 10421 131.000000
1081 1103 130.000000
712 734 129.000000
334 356 128.000000
601 602 128.000000
1018 10871 128.000000
108 10824 126.000000
1017 10857 126.000000
1080 10901 126.000000
1264 1265 126.000000
1265 1266 126.000000
1266 1267 126.000000
1267 1268 126.000000
1268 1269 126.000000
1014 1036 125.000000
1015 10399 125.000000
1017 10910 125.000000
1059 10618 124.000000
1017 10265 123.000000
1082 10895 123.000000
610 611 122.000000
611 612 122.000000
612 613 122.000000
613 614 122.000000
1058 10603 122.000000
1058 10808 122.000000
1058 10877 122.000000
1064 10643 122.000000
1082 10977 122.000000
283 305 121.000000
1061 10977 121.000000
1064 1086 121.000000
1169 1191 121.000000
1018 10948 120.000000
1061 10763 120.000000
1061 10895 120.000000
1095 1096 120.000000
818 840 119.000000
1014 10386 119.000000
1014 10842 119.000000
374 375 118.000000
374 395 118.000000
375 376 118.000000
392 393 118.000000
393 394 118.000000
394 395 118.000000
1010 10741 118.000000
1010 10757 118.000000
1037 1059 118.000000
1154 1155 118.000000
601 623 117.000000
727 749 117.000000
1018 10269 117.000000
1018 10663 117.000000
1018 10782 117.000000
1018 10920 117.000000
1037 10554 117.000000
1017 10669 116.000000
241 263 115.000000
246 268 115.000000
289 311 115.000000
447 448 115.000000
617 618 115.000000
1015 10811 115.000000
1039 10426 115.000000
1039 10532 115.000000
1039 10763 115.000000
1039 10895 115.000000
1010 10165 113.000000
1018 10500 113.000000
1039 10977 113.000000
1183 1205 113.000000
108 10894 112.000000
1015 10955 112.000000
1057 10788 112.000000
267 289 111.000000
487 488 110.000000
698 699 110.000000
699 700 110.000000
700 701 110.000000
1017 10246 110.000000
1017 10550 110.000000
701 702 109.000000
702 703 109.000000
1016 10627 109.000000
1059 1081 109.000000
66 88 108.000000
249 271 108.000000
486 487 108.000000
1014 10509 108.000000
1083 10863 108.000000
1132 1154 108.000000
1297 1319 108.000000
697 698 107.000000
1018 10976 107.000000
950 972 104.000000
1155 1156 104.000000
1156 1157 104.000000
1157 1158 104.000000
1158 1159 104.000000
1159 1160 104.000000
1259 1260 104.000000
1260 1261 104.000000
1261 1262 104.000000
1262 1263 104.000000
1263 1264 104.000000
239 261 103.000000
1058 1080 103.000000
1161 1162 103.000000
1492 1514 103.000000
556 557 102.000000
574 575 102.000000
594 595 102.000000
1014 10831 102.000000
1017 10605 102.000000
1083 10886 102.000000
1542 1543 102.000000
185 207 101.000000
270 292 101.000000
1018 10239 101.000000
0 10317 100.000000
1018 10387 100.000000
1018 10730 100.000000
1018 10868 100.000000
1493 1515 100.000000
1015 10280 98.000000
1036 10476 98.000000
1162 1163 98.000000
1022 10255 97.000000
108 10940 96.000000
1015 10277 96.000000
1015 10659 96.000000
1015 10721 96.000000
1018 10956 96.000000
1058 10841 96.000000
1104 1126 96.000000
970 992 95.000000
1129 1130 95.000000
1130 1131 95.000000
1131 1132 95.000000
578 600 94.000000
817 839 94.000000
1018 1040 94.000000
1036 10810 94.000000
1039 10414 94.000000
1058 10934 94.000000
1298 1320 94.000000
1452 1474 94.000000
731 753 93.000000
1036 1058 93.000000
1037 10922 93.000000
1083 10924 93.000000
690 712 92.000000
338 360 91.000000
814 836 91.000000
1039 10894 91.000000
1059 10694 91.000000
337 359 90.000000
835 857 90.000000
971 993 89.000000
1127 1149 89.000000
1016 10979 88.000000
927 949 87.000000
1037 10542 87.000000
1037 10752 87.000000
1016 10964 86.000000
1036 10816 86.000000
1037 10529 86.000000
1037 10665 86.000000
23 24 85.000000
24 25 85.000000
25 26 85.000000
26 27 85.000000
622 644 85.000000
842 864 85.000000
1036 10369 85.000000
1036 10703 85.000000
1036 10883 85.000000
1036 10951 85.000000
1036 10969 85.000000
1058 10775 85.000000
1058 10783 85.000000
1472 1494 85.000000
0 10577 84.000000
186 187 84.000000
248 270 84.000000
1018 10414 84.000000
1036 10946 84.000000
22 44 83.000000
579 580 83.000000
1036 10848 83.000000
1036 10921 83.000000
1036 10902 82.000000
1103 1125 82.000000
660 681 81.000000
680 681 81.000000
1361 1383 81.000000
1473 1495 81.000000
774 796 80.000000
1067 1068 80.000000
1068 1069 80.000000
1069 1070 80.000000
1070 1071 80.000000
1071 1072 80.000000
1072 1073 80.000000
1171 1193 80.000000
535 557 79.000000
111 112 78.000000
112 113 78.000000
113 114 78.000000
114 115 78.000000
115 116 78.000000
116 117 78.000000
117 118 78.000000
118 119 78.000000
119 120 78.000000
361 362 78.000000
362 363 78.000000
363 364 78.000000
364 365 78.000000
365 366 78.000000
366 367 78.000000
367 368 78.000000
1038 10938 78.000000
1059 10979 78.000000
1080 10811 78.000000
1080 10982 78.000000
1160 1161 78.000000
1498 1499 78.000000
1579 1580 78.000000
137 159 77.000000
580 581 77.000000
1242 1243 77.000000
1243 1244 77.000000
1244 1245 77.000000
1245 1246 77.000000
1246 1247 77.000000
1247 1248 77.000000
316 338 76.000000
390 391 76.000000
418 419 76.000000
418 439 76.000000
419 420 76.000000
434 435 76.000000
435 436 76.000000
436 437 76.000000
437 438 76.000000
438 439 76.000000
754 776 75.000000
1081 10850 75.000000
1210 1232 75.000000
1450 1472 75.000000
666 688 74.000000
682 704 74.000000
1018 10349 74.000000
1018 10510 74.000000
1018 10862 74.000000
1034 1056 74.000000
756 757 73.000000
906 928 73.000000
934 956 73.000000
1017 10435 73.000000
159 160 72.000000
160 161 72.000000
161 162 72.000000
162 163 72.000000
163 164 72.000000
1018 10865 72.000000
1073 1074 72.000000
1249 1271 72.000000
0 10917 71.000000
382 383 71.000000
383 384 71.000000
384 385 71.000000
385 386 71.000000
386 387 71.000000
387 388 71.000000
388 389 71.000000
389 390 71.000000
557 558 71.000000
558 559 71.000000
559 560 71.000000
625 647 71.000000
752 774 71.000000
1010 1032 71.000000
1079 10842 71.000000
1088 1089 71.000000
1089 1090 71.000000
1090 1091 71.000000
1091 1092 71.000000
1092 1093 71.000000
1093 1094 71.000000
1094 1095 71.000000
1 10889 70.000000
771 793 70.000000
953 954 70.000000
954 955 70.000000
955 956 70.000000
1031 10406 70.000000
1040 1062 70.000000
1476 1477 70.000000
560 561 69.000000
561 562 69.000000
562 563 69.000000
563 564 69.000000
564 565 69.000000
573 574 69.000000
708 730 69.000000
907 929 69.000000
1018 10894 69.000000
1279 1301 69.000000
858 880 68.000000
931 932 68.000000
932 933 68.000000
933 934 68.000000
1016 10190 68.000000
1023 1024 68.000000
1024 1025 68.000000
1025 1026 68.000000
1026 1027 68.000000
1027 1028 68.000000
1028 1029 68.000000
198 220 67.000000
1015 10330 67.000000
1018 10733 67.000000
1018 10837 67.000000
1029 1030 67.000000
1079 10831 67.000000
1248 1270 67.000000
143 165 66.000000
534 556 66.000000
1057 1079 66.000000
1270 1292 66.000000
581 582 65.000000
1080 10821 65.000000
1206 1228 65.000000
1209 1231 65.000000
1213 1235 65.000000
1406 1428 65.000000
531 532 64.000000
596 597 64.000000
597 598 64.000000
598 599 64.000000
599 600 64.000000
1080 10955 64.000000
535 536 63.000000
536 537 63.000000
537 538 63.000000
538 560 63.000000
1257 1279 63.000000
368 369 62.000000
369 370 62.000000
785 786 62.000000
786 787 62.000000
787 788 62.000000
788 789 62.000000
789 790 62.000000
121 143 61.000000
1037 10469 61.000000
1058 10821 61.000000
315 337 60.000000
1536 1558 60.000000
376 377 59.000000
952 974 59.000000
1018 10769 59.000000
2 3 58.000000
3 4 58.000000
4 5 58.000000
5 6 58.000000
647 648 58.000000
648 649 58.000000
649 650 58.000000
650 651 58.000000
651 652 58.000000
652 653 58.000000
1030 1031 58.000000
1036 10399 57.000000
1037 10421 57.000000
1111 1112 57.000000
1112 1113 57.000000
1113 1114 57.000000
1114 1115 57.000000
1115 1116 57.000000
621 643 56.000000
1016 10469 56.000000
1059 10627 56.000000
1016 10305 55.000000
1016 10412 55.000000
1016 10677 55.000000
1116 1117 55.000000
1015 10384 54.000000
1016 10781 54.000000
1014 10331 53.000000
1018 10586 53.000000
1052 1074 52.000000
1040 10586 51.000000
1320 1342 51.000000
905 927 50.000000
1167 1189 50.000000
0 1562 49.000000
930 952 49.000000
1040 10871 49.000000
1230 1252 49.000000
516 517 48.000000
517 518 48.000000
518 519 48.000000
519 520 48.000000
520 521 48.000000
643 665 48.000000
956 957 48.000000
957 958 48.000000
958 959 48.000000
959 960 48.000000
960 961 48.000000
961 962 48.000000
962 963 48.000000
963 964 48.000000
964 965 48.000000
966 988 48.000000
1062 10948 48.000000
1123 1145 48.000000
1147 1169 48.000000
1250 1272 48.000000
61 83 47.000000
405 406 47.000000
720 721 47.000000
721 722 47.000000
722 723 47.000000
723 724 47.000000
724 725 47.000000
799 821 47.000000
1036 10694 47.000000
1040 10970 47.000000
1205 1227 47.000000
1514 1536 47.000000
565 566 46.000000
675 676 46.000000
1132 1133 46.000000
1133 1134 46.000000
1134 1135 46.000000
1135 1136 46.000000
1136 1137 46.000000
1137 1138 46.000000
1138 1139 46.000000
1176 1177 46.000000
1258 1280 46.000000
1299 1321 46.000000
229 251 45.000000
252 274 45.000000
996 997 45.000000
1032 10898 45.000000
1040 10438 45.000000
412 434 44.000000
420 421 44.000000
638 660 44.000000
645 667 44.000000
1040 10500 44.000000
1177 1178 44.000000
1178 1179 44.000000
1179 1180 44.000000
1180 1181 44.000000
1181 1182 44.000000
1204 1226 44.000000
1058 10816 43.000000
16 38 42.000000
98 99 42.000000
294 316 42.000000
1040 10715 42.000000
1058 10848 42.000000
1058 10921 42.000000
1059 10752 42.000000
1061 10702 42.000000
17 39 41.000000
45 67 41.000000
1039 10857 41.000000
1039 10910 41.000000
1016 10713 40.000000
1031 10430 40.000000
1040 10663 40.000000
1040 10782 40.000000
1040 10920 40.000000
1101 1123 40.000000
45 46 39.000000
77 99 39.000000
603 604 39.000000
670 671 39.000000
671 672 39.000000
672 673 39.000000
673 674 39.000000
674 675 39.000000
1038 10950 39.000000
1038 10971 39.000000
1039 10717 39.000000
1040 10948 39.000000
1040 10976 39.000000
77 78 38.000000
78 79 38.000000
79 80 38.000000
80 81 38.000000
81 82 38.000000
421 422 38.000000
669 670 38.000000
1061 10857 38.000000
1061 10910 38.000000
1281 1282 38.000000
1282 1283 38.000000
1283 1284 38.000000
1284 1285 38.000000
1285 1286 38.000000
604 605 37.000000
605 606 37.000000
606 607 37.000000
607 608 37.000000
608 609 37.000000
646 668 37.000000
704 725 37.000000
713 714 37.000000
714 715 37.000000
715 716 37.000000
716 717 37.000000
717 718 37.000000
718 719 37.000000
719 720 37.000000
753 775 37.000000
1168 1190 37.000000
1455 1456 37.000000
465 466 36.000000
807 808 36.000000
808 809 36.000000
809 810 36.000000
810 811 36.000000
811 812 36.000000
1039 10638 36.000000
1039 10702 36.000000
108 10837 35.000000
154 176 35.000000
734 735 35.000000
775 797 35.000000
812 813 35.000000
862 884 35.000000
1017 10938 35.000000
1062 10976 35.000000
1031 10444 34.000000
23 45 33.000000
336 358 33.000000
819 841 33.000000
1211 1233 33.000000
552 553 32.000000
1037 10796 32.000000
1117 1139 32.000000
1495 1517 32.000000
164 186 31.000000
528 549 31.000000
544 545 31.000000
545 546 31.000000
546 547 31.000000
547 548 31.000000
548 549 31.000000
557 579 31.000000
1062 10696 31.000000
1062 10996 31.000000
195 217 30.000000
202 224 30.000000
551 552 30.000000
698 720 30.000000
770 792 30.000000
1016 10393 30.000000
1019 10715 30.000000
1019 10970 30.000000
1039 10550 30.000000
1040 10687 30.000000
1062 10733 30.000000
1062 10837 30.000000
1074 10856 30.000000
1560 1582 30.000000
1563 1564 30.000000
0 22 29.000000
108 10868 29.000000
108 10972 29.000000
108 10996 29.000000
348 370 29.000000
528 529 29.000000
676 677 29.000000
677 678 29.000000
678 679 29.000000
679 680 29.000000
689 711 29.000000
949 971 29.000000
997 998 29.000000
1009 10598 29.000000
1015 10249 29.000000
1019 10438 29.000000
1019 10687 29.000000
1062 10663 29.000000
1062 10782 29.000000
1062 10920 29.000000
508 509 28.000000
1031 1053 28.000000
1045 1046 28.000000
1046 1047 28.000000
1047 1048 28.000000
1048 1049 28.000000
1049 1050 28.000000
1050 1051 28.000000
1051 1052 28.000000
1058 10777 28.000000
1058 10810 28.000000
1075 1097 28.000000
1085 1107 28.000000
1160 1182 28.000000
1175 1176 28.000000
691 692 27.000000
692 693 27.000000
693 694 27.000000
694 695 27.000000
695 696 27.000000
696 697 27.000000
790 791 27.000000
1001 1023 27.000000
1014 10298 27.000000
1060 10669 27.000000
1061 10717 27.000000
1182 1204 27.000000
1538 1560 27.000000
89 90 26.000000
90 91 26.000000
91 92 26.000000
92 93 26.000000
93 94 26.000000
94 95 26.000000
95 96 26.000000
96 97 26.000000
97 98 26.000000
391 392 26.000000
404 405 26.000000
1014 10167 26.000000
1014 10179 26.000000
1014 10250 26.000000
1014 10568 26.000000
1014 10575 26.000000
1014 10640 26.000000
1014 10788 26.000000
1014 10934 26.000000
1016 10260 26.000000
1269 1270 26.000000
1 23 25.000000
180 202 25.000000
230 252 25.000000
713 735 25.000000
733 755 25.000000
757 758 25.000000
758 759 25.000000
759 760 25.000000
760 761 25.000000
761 762 25.000000
762 763 25.000000
820 842 25.000000
1014 10775 25.000000
1015 10681 25.000000
1015 10694 25.000000
1039 10789 25.000000
1039 10824 25.000000
1075 10999 25.000000
1083 10868 25.000000
1083 10972 25.000000
1518 1540 25.000000
406 428 24.000000
428 450 24.000000
834 835 24.000000
1014 10225 24.000000
1014 10450 24.000000
1014 10484 24.000000
1014 10505 24.000000
1014 10506 24.000000
1014 10664 24.000000
1014 10718 24.000000
1014 10783 24.000000
1014 10965 24.000000
1031 10531 24.000000
67 89 23.000000
406 407 23.000000
407 408 23.000000
408 409 23.000000
409 410 23.000000
410 411 23.000000
411 412 23.000000
653 654 23.000000
654 655 23.000000
655 656 23.000000
656 657 23.000000
657 658 23.000000
664 686 23.000000
1016 10796 23.000000
1018 10237 23.000000
1018 10301 23.000000
1018 10364 23.000000
1018 10789 23.000000
1018 10824 23.000000
1038 10669 23.000000
1044 1045 23.000000
1058 10703 23.000000
1058 10883 23.000000
1058 10946 23.000000
1058 10951 23.000000
1058 10969 23.000000
1059 10665 23.000000
1110 1111 23.000000
1117 1118 23.000000
1537 1559 23.000000
207 229 22.000000
624 646 22.000000
1018 10263 22.000000
1018 10638 22.000000
1036 10681 22.000000
1037 10979 22.000000
1058 10745 22.000000
1058 10902 22.000000
1058 10949 22.000000
1286 1287 22.000000
1287 1288 22.000000
1288 1289 22.000000
1289 1290 22.000000
1290 1291 22.000000
1341 1363 22.000000
1430 1452 22.000000
390 412 21.000000
777 799 21.000000
857 879 21.000000
878 900 21.000000
948 970 21.000000
1000 10255 21.000000
1291 1292 21.000000
1035 10450 20.000000
1035 10484 20.000000
1035 10505 20.000000
1035 10506 20.000000
1035 10568 20.000000
1035 10640 20.000000
1035 10664 20.000000
1035 10718 20.000000
1035 10775 20.000000
1035 10783 20.000000
1035 10831 20.000000
1035 10965 20.000000
1208 1230 20.000000
1448 1470 20.000000
1557 1558 20.000000
1562 1563 20.000000
665 687 19.000000
926 948 19.000000
978 979 19.000000
1037 10487 19.000000
1037 10627 19.000000
1226 1248 19.000000
609 610 18.000000
944 966 18.000000
1228 1250 18.000000
111 133 17.000000
203 225 17.000000
208 230 17.000000
603 625 17.000000
676 698 17.000000
1471 1493 17.000000
368 390 16.000000
396 397 16.000000
396 417 16.000000
397 398 16.000000
398 399 16.000000
414 415 16.000000
415 416 16.000000
416 417 16.000000
530 531 16.000000
647 669 16.000000
726 748 16.000000
1036 10821 16.000000
1053 10898 16.000000
1177 1199 16.000000
1188 1210 16.000000
1494 1516 16.000000
550 551 15.000000
550 571 15.000000
566 567 15.000000
567 568 15.000000
568 569 15.000000
569 570 15.000000
570 571 15.000000
799 800 15.000000
800 801 15.000000
801 802 15.000000
802 803 15.000000
803 804 15.000000
804 805 15.000000
805 806 15.000000
806 807 15.000000
813 835 15.000000
998 999 15.000000
1001 1002 15.000000
1002 1003 15.000000
1003 1004 15.000000
1004 1005 15.000000
1005 1006 15.000000
1006 1007 15.000000
1007 1008 15.000000
1008 1009 15.000000
206 228 14.000000
522 544 14.000000
602 624 14.000000
682 703 14.000000
735 736 14.000000
736 737 14.000000
737 738 14.000000
738 739 14.000000
739 740 14.000000
740 741 14.000000
864 886 14.000000
1000 1001 14.000000
1035 10575 14.000000
1035 10788 14.000000
1036 10659 14.000000
1036 10721 14.000000
1036 10745 14.000000
1036 10811 14.000000
1036 10955 14.000000
1053 10878 14.000000
1155 1177 14.000000
1451 1473 14.000000
500 522 13.000000
529 530 13.000000
544 566 13.000000
1035 10386 13.000000
1035 10407 13.000000
1035 10842 13.000000
1079 10808 13.000000
1079 10877 13.000000
1118 1140 13.000000
1474 1496 13.000000
260 282 12.000000
290 312 12.000000
426 427 12.000000
427 428 12.000000
428 429 12.000000
429 430 12.000000
430 431 12.000000
431 432 12.000000
432 433 12.000000
433 434 12.000000
509 510 12.000000
510 511 12.000000
511 512 12.000000
512 513 12.000000
513 514 12.000000
514 515 12.000000
515 516 12.000000
556 578 12.000000
581 603 12.000000
582 604 12.000000
1037 10446 12.000000
1080 1102 12.000000
1086 1108 12.000000
1232 1254 12.000000
582 583 11.000000
583 584 11.000000
584 585 11.000000
585 586 11.000000
586 587 11.000000
587 588 11.000000
592 614 11.000000
632 633 11.000000
633 634 11.000000
634 635 11.000000
635 636 11.000000
1014 10883 11.000000
1083 10996 11.000000
1302 1303 11.000000
1322 1344 11.000000
1449 1471 11.000000
268 290 10.000000
725 747 10.000000
951 973 10.000000
976 998 10.000000
1010 10405 10.000000
1057 10575 10.000000
1058 10811 10.000000
1079 10816 10.000000
1079 10883 10.000000
1079 10946 10.000000
1079 10949 10.000000
1079 10951 10.000000
1079 10969 10.000000
1084 1106 10.000000
63 85 9.000000
616 637 9.000000
636 637 9.000000
776 798 9.000000
836 858 9.000000
1015 10493 9.000000
1015 10752 9.000000
1030 1052 9.000000
1057 10842 9.000000
1058 10659 9.000000
1058 10721 9.000000
1058 10955 9.000000
1073 1095 9.000000
1079 10848 9.000000
1079 10902 9.000000
1079 10921 9.000000
1079 10934 9.000000
1368 1390 9.000000
513 535 8.000000
660 682 8.000000
975 997 8.000000
1014 10380 8.000000
1014 10476 8.000000
1014 10816 8.000000
1014 10848 8.000000
1014 10921 8.000000
1015 10529 8.000000
1015 10665 8.000000
1078 1100 8.000000
616 617 7.000000
691 713 7.000000
791 813 7.000000
1014 10256 7.000000
1014 10369 7.000000
1014 10703 7.000000
1014 10902 7.000000
1014 10946 7.000000
1014 10949 7.000000
1014 10951 7.000000
1014 10969 7.000000
1036 10949 7.000000
1129 1151 7.000000
1144 1166 7.000000
120 142 6.000000
176 198 6.000000
491 513 6.000000
580 602 6.000000
748 770 6.000000
856 857 6.000000
886 887 6.000000
1042 1064 6.000000
1081 10979 6.000000
1325 1326 6.000000
1326 1327 6.000000
1327 1328 6.000000
1328 1329 6.000000
1329 1330 6.000000
1330 1331 6.000000
1331 1332 6.000000
1332 1333 6.000000
1333 1334 6.000000
1334 1335 6.000000
1346 1368 6.000000
1558 1580 6.000000
466 488 5.000000
732 754 5.000000
887 888 5.000000
888 889 5.000000
889 890 5.000000
890 912 5.000000
912 934 5.000000
1045 1067 5.000000
1064 10844 5.000000
1225 1226 5.000000
1559 1581 5.000000
6 7 4.000000
7 8 4.000000
8 9 4.000000
186 208 4.000000
669 691 4.000000
709 731 4.000000
901 923 4.000000
972 994 4.000000
1139 1161 4.000000
1303 1304 4.000000
1304 1305 4.000000
1305 1306 4.000000
1306 1307 4.000000
1307 1308 4.000000
1308 1309 4.000000
1309 1310 4.000000
1310 1311 4.000000
1311 1312 4.000000
1312 1313 4.000000
1431 1453 4.000000
440 441 3.000000
440 461 3.000000
441 442 3.000000
450 451 3.000000
451 452 3.000000
452 453 3.000000
453 454 3.000000
454 455 3.000000
455 456 3.000000
456 457 3.000000
457 458 3.000000
458 459 3.000000
459 460 3.000000
460 461 3.000000
506 507 3.000000
507 508 3.000000
704 726 3.000000
705 727 3.000000
710 732 3.000000
763 764 3.000000
764 765 3.000000
765 766 3.000000
766 767 3.000000
767 768 3.000000
768 769 3.000000
778 779 3.000000
779 780 3.000000
780 781 3.000000
781 782 3.000000
782 783 3.000000
783 784 3.000000
784 785 3.000000
1079 10965 3.000000
1161 1183 3.000000
1162 1184 3.000000
1173 1195 3.000000
1335 1336 3.000000
1364 1386 3.000000
1428 1450 3.000000
1578 1579 3.000000
10 11 2.000000
10 32 2.000000
32 54 2.000000
54 76 2.000000
76 98 2.000000
130 152 2.000000
484 485 2.000000
484 505 2.000000
485 486 2.000000
500 501 2.000000
501 502 2.000000
502 503 2.000000
503 504 2.000000
504 505 2.000000
506 528 2.000000
616 638 2.000000
644 666 2.000000
734 756 2.000000
1116 1138 2.000000
1138 1160 2.000000
1302 1324 2.000000
1539 1561 2.000000
11 12 1.000000
11 33 1.000000
12 13 1.000000
33 55 1.000000
13 14 1.000000
14 15 1.000000
15 16 1.000000
55 77 1.000000
506 527 1.000000
522 523 1.000000
523 524 1.000000
524 525 1.000000
525 526 1.000000
526 527 1.000000
617 639 1.000000
755 777 1.000000
812 834 1.000000
887 909 1.000000
909 931 1.000000
979 980 1.000000
980 981 1.000000
981 982 1.000000
982 983 1.000000
983 984 1.000000
984 985 1.000000
985 986 1.000000
986 987 1.000000
987 988 1.000000
1009 10149 1.000000
1009 10589 1.000000
1029 1051 1.000000
1051 1073 1.000000
1235 1257 1.000000
1296 1318 1.000000
1407 1429 1.000000
1557 1579 1.000000
