985 986 18072.000000
189 190 15883.000000
190 191 15883.000000
191 192 15883.000000
192 193 15566.000000
1161 1162 13932.000000
1204 1205 13715.000000
188 189 12209.000000
1160 1161 11792.000000
984 985 11335.000000
1159 1160 10948.000000
1203 1204 10658.000000
1182 1183 10442.000000
1181 1182 10233.000000
1180 1181 9915.000000
983 984 9846.000000
1202 1203 9833.000000
1199 1200 9491.000000
1201 1202 9481.000000
1197 1198 9172.000000
849 850 9142.000000
850 851 9142.000000
941 942 8989.000000
1200 1201 8949.000000
233 234 8871.000000
234 235 8871.000000
235 236 8871.000000
1138 1139 8866.000000
55 56 8722.000000
193 194 8693.000000
1198 1199 8670.000000
1179 1180 8569.000000
12 13 8378.000000
942 943 8210.000000
1330 1331 8092.000000
1331 1332 8092.000000
1117 1118 7963.000000
144 145 7953.000000
145 146 7911.000000
146 147 7911.000000
147 148 7911.000000
148 149 7911.000000
149 150 7799.000000
33 34 7778.000000
11 12 7728.000000
1137 1138 7628.000000
237 238 7602.000000
276 277 7562.000000
277 278 7562.000000
278 279 7562.000000
279 280 7562.000000
1158 1159 7552.000000
1073 1074 7312.000000
851 852 7200.000000
165 166 6903.000000
1248 1249 6819.000000
1332 1333 6774.000000
1196 1197 6675.000000
1072 1073 6611.000000
280 281 6610.000000
1028 1029 6409.000000
194 195 6370.000000
1224 1225 6306.000000
1225 1226 6213.000000
1029 1030 6196.000000
805 806 6153.000000
806 807 6153.000000
807 808 6153.000000
986 987 6152.000000
852 853 6147.000000
236 237 6134.000000
1205 1206 6083.000000
77 78 6063.000000
167 168 5960.000000
168 169 5960.000000
169 170 5960.000000
170 171 5957.000000
210 211 5866.000000
211 212 5866.000000
212 213 5866.000000
213 214 5866.000000
897 898 5659.000000
1226 1227 5622.000000
848 849 5584.000000
1374 1375 5528.000000
1375 1376 5506.000000
232 233 5447.000000
896 897 5414.000000
1116 1117 5395.000000
1223 1224 5298.000000
1136 1137 5180.000000
1006 1007 5173.000000
940 941 5156.000000
1139 1140 5116.000000
1178 1179 5099.000000
166 167 5084.000000
1115 1116 5079.000000
1247 1248 5046.000000
8 9 5043.000000
1030 1031 5002.000000
281 282 4943.000000
963 964 4914.000000
324 325 4894.000000
918 919 4885.000000
987 988 4820.000000
238 239 4809.000000
1114 1115 4805.000000
1334 1335 4794.000000
10 11 4785.000000
1246 1247 4710.000000
1027 1028 4706.000000
1485 1486 4701.000000
98 99 4678.000000
76 77 4663.000000
847 848 4663.000000
1005 1006 4658.000000
1335 1336 4642.000000
1333 1334 4601.000000
962 963 4571.000000
917 918 4551.000000
1220 1221 4496.000000
1484 1485 4468.000000
1175 1176 4405.000000
1176 1177 4405.000000
853 854 4386.000000
827 828 4381.000000
828 829 4381.000000
898 899 4343.000000
1177 1178 4305.000000
1218 1219 4246.000000
1219 1220 4246.000000
762 763 4219.000000
763 764 4219.000000
209 210 4171.000000
1221 1222 4164.000000
1442 1443 4137.000000
1311 1312 4130.000000
1312 1313 4104.000000
1376 1377 4086.000000
1135 1136 4040.000000
1245 1246 4030.000000
919 920 3996.000000
783 784 3976.000000
784 785 3976.000000
785 786 3976.000000
826 827 3962.000000
1157 1158 3947.000000
612 613 3926.000000
1071 1072 3908.000000
1308 1309 3894.000000
34 35 3886.000000
1398 1399 3871.000000
1222 1223 3858.000000
1074 1075 3852.000000
1241 1242 3841.000000
1313 1314 3775.000000
1000 1001 3771.000000
1001 1002 3771.000000
1002 1003 3771.000000
1003 1004 3768.000000
239 240 3764.000000
961 962 3732.000000
892 893 3724.000000
893 894 3724.000000
894 895 3724.000000
809 810 3707.000000
1483 1484 3702.000000
1070 1071 3701.000000
914 915 3687.000000
915 916 3687.000000
1242 1243 3654.000000
1243 1244 3630.000000
231 232 3625.000000
761 762 3603.000000
207 208 3584.000000
1031 1032 3564.000000
214 215 3531.000000
215 216 3520.000000
1007 1008 3520.000000
100 101 3517.000000
1377 1378 3497.000000
825 826 3494.000000
1264 1265 3481.000000
830 831 3436.000000
1441 1442 3427.000000
808 809 3413.000000
187 188 3406.000000
389 390 3390.000000
979 980 3375.000000
980 981 3375.000000
981 982 3375.000000
1310 1311 3347.000000
1051 1052 3342.000000
171 172 3312.000000
920 921 3283.000000
899 921 3263.000000
1244 1245 3258.000000
1118 1119 3187.000000
1528 1529 3187.000000
1309 1310 3147.000000
7 8 3143.000000
804 805 3143.000000
143 144 3132.000000
1217 1218 3109.000000
1048 1049 3107.000000
1049 1050 3097.000000
1004 1005 3078.000000
150 151 3076.000000
1352 1353 3069.000000
609 610 3052.000000
610 611 3052.000000
611 612 3052.000000
164 165 3010.000000
1174 1175 2999.000000
122 123 2995.000000
1290 1291 2971.000000
1529 1530 2970.000000
939 940 2942.000000
1050 1051 2941.000000
100 122 2938.000000
870 871 2929.000000
871 872 2929.000000
872 873 2929.000000
1265 1266 2909.000000
282 283 2904.000000
1291 1292 2900.000000
56 78 2888.000000
1205 1227 2861.000000
1353 1354 2854.000000
656 657 2841.000000
1269 1270 2834.000000
760 761 2805.000000
916 917 2803.000000
195 196 2788.000000
988 989 2785.000000
123 124 2761.000000
124 125 2761.000000
125 126 2761.000000
126 127 2761.000000
895 896 2742.000000
1268 1269 2738.000000
56 57 2726.000000
1052 1053 2724.000000
1289 1290 2722.000000
1396 1397 2701.000000
1118 1140 2697.000000
655 656 2652.000000
982 983 2649.000000
32 33 2642.000000
1527 1528 2627.000000
1022 1023 2617.000000
1023 1024 2617.000000
1024 1025 2617.000000
1262 1263 2605.000000
678 679 2596.000000
1420 1421 2596.000000
1240 1241 2558.000000
1074 1096 2520.000000
829 830 2517.000000
1378 1379 2504.000000
325 326 2495.000000
208 209 2479.000000
1267 1268 2409.000000
1266 1267 2407.000000
787 788 2388.000000
739 740 2381.000000
740 741 2381.000000
741 742 2381.000000
1093 1094 2370.000000
1134 1135 2339.000000
786 787 2333.000000
1397 1398 2321.000000
1161 1183 2306.000000
1094 1095 2285.000000
1261 1262 2282.000000
1526 1527 2242.000000
1286 1287 2238.000000
1287 1288 2238.000000
978 979 2232.000000
13 14 2228.000000
782 783 2214.000000
1095 1096 2202.000000
1156 1157 2188.000000
874 875 2163.000000
634 635 2162.000000
1464 1465 2145.000000
1119 1120 2139.000000
869 870 2132.000000
1395 1396 2115.000000
1008 1009 2114.000000
1092 1093 2110.000000
694 695 2107.000000
1153 1154 2099.000000
1154 1155 2098.000000
591 592 2095.000000
1155 1156 2095.000000
1292 1293 2068.000000
1009 1010 2022.000000
54 55 1995.000000
913 914 1982.000000
1183 1184 1959.000000
216 217 1955.000000
1263 1264 1952.000000
326 327 1941.000000
696 697 1926.000000
697 698 1926.000000
891 892 1907.000000
1507 1508 1896.000000
635 636 1894.000000
631 632 1886.000000
632 633 1886.000000
196 197 1885.000000
1025 1026 1882.000000
1530 1531 1882.000000
251 252 1874.000000
1162 1163 1870.000000
633 634 1831.000000
1152 1153 1811.000000
1288 1289 1778.000000
230 231 1773.000000
217 218 1764.000000
1005 10280 1755.000000
803 804 1746.000000
1463 1464 1744.000000
781 782 1734.000000
1506 1507 1722.000000
1399 1400 1721.000000
11 33 1720.000000
544 545 1715.000000
545 546 1715.000000
546 547 1715.000000
1131 1132 1712.000000
1132 1133 1712.000000
1133 1134 1712.000000
1419 1420 1690.000000
1461 1462 1667.000000
1053 1054 1656.000000
121 122 1648.000000
186 187 1646.000000
240 241 1615.000000
942 964 1611.000000
1462 1463 1602.000000
1283 1284 1599.000000
1284 1285 1599.000000
718 719 1589.000000
719 720 1589.000000
1140 1141 1589.000000
252 253 1587.000000
1354 1355 1580.000000
695 696 1577.000000
176 197 1576.000000
764 765 1568.000000
722 723 1551.000000
229 230 1547.000000
273 274 1542.000000
1486 1487 1541.000000
1285 1286 1540.000000
281 303 1539.000000
957 958 1536.000000
958 959 1536.000000
959 960 1536.000000
636 637 1527.000000
1505 1506 1522.000000
788 789 1520.000000
1400 1401 1517.000000
325 347 1507.000000
1355 1356 1499.000000
1195 1196 1464.000000
1356 1357 1456.000000
52 53 1454.000000
53 54 1454.000000
956 957 1446.000000
765 766 1444.000000
238 260 1441.000000
1418 1419 1440.000000
260 261 1437.000000
679 680 1434.000000
1072 10796 1415.000000
873 874 1413.000000
935 936 1408.000000
936 937 1408.000000
937 938 1408.000000
938 939 1408.000000
150 172 1401.000000
1026 1027 1400.000000
283 284 1396.000000
284 285 1390.000000
1443 1444 1377.000000
193 215 1369.000000
101 10262 1363.000000
717 718 1353.000000
102 103 1335.000000
103 104 1335.000000
104 105 1335.000000
259 260 1333.000000
218 219 1324.000000
1032 1033 1324.000000
101 102 1296.000000
716 717 1290.000000
723 724 1272.000000
657 658 1268.000000
899 900 1254.000000
738 739 1253.000000
810 811 1251.000000
547 548 1250.000000
1087 1088 1242.000000
1088 1089 1242.000000
1089 1090 1242.000000
1090 1091 1242.000000
1440 1441 1240.000000
151 152 1234.000000
1073 10917 1234.000000
831 832 1232.000000
368 369 1211.000000
1550 1551 1203.000000
29 30 1202.000000
30 31 1202.000000
31 32 1202.000000
1308 1330 1190.000000
254 255 1182.000000
255 256 1182.000000
256 257 1182.000000
257 258 1182.000000
613 614 1182.000000
720 721 1176.000000
274 275 1175.000000
275 276 1175.000000
78 79 1170.000000
592 593 1167.000000
898 920 1159.000000
1336 1337 1158.000000
1044 1045 1155.000000
1045 1046 1155.000000
1046 1047 1155.000000
172 173 1145.000000
809 831 1144.000000
173 174 1141.000000
854 876 1135.000000
1465 1466 1125.000000
304 305 1117.000000
1027 10331 1115.000000
548 549 1111.000000
1421 1422 1111.000000
220 241 1110.000000
105 127 1106.000000
721 722 1101.000000
264 285 1100.000000
390 391 1086.000000
1482 1483 1065.000000
195 217 1057.000000
680 681 1053.000000
912 913 1047.000000
766 767 1043.000000
1029 10669 1037.000000
154 175 1034.000000
1066 1067 1024.000000
1067 1068 1024.000000
1068 1069 1024.000000
174 175 1021.000000
152 153 1018.000000
1075 1076 1018.000000
1379 1380 1003.000000
700 701 1001.000000
1173 1174 994.000000
13 35 989.000000
194 216 988.000000
111 112 981.000000
112 113 981.000000
113 114 981.000000
114 115 981.000000
115 116 981.000000
116 117 981.000000
117 118 981.000000
118 119 981.000000
853 875 978.000000
699 700 972.000000
1151 1152 972.000000
253 254 970.000000
1357 1358 968.000000
1270 1271 960.000000
960 961 957.000000
55 77 940.000000
1113 1114 939.000000
1174 1196 936.000000
1031 1053 932.000000
701 702 920.000000
51 52 916.000000
1091 1092 916.000000
1549 1550 916.000000
143 165 915.000000
144 166 899.000000
875 876 896.000000
305 306 892.000000
674 675 890.000000
675 676 890.000000
676 677 890.000000
528 549 886.000000
258 259 880.000000
306 307 878.000000
12 34 871.000000
1086 1087 865.000000
1466 1467 847.000000
132 153 839.000000
207 229 830.000000
122 144 823.000000
698 699 821.000000
328 329 818.000000
652 653 813.000000
653 654 813.000000
654 655 813.000000
1130 1131 810.000000
1144 1165 805.000000
1164 1165 805.000000
1439 1440 799.000000
163 164 787.000000
1027 10703 783.000000
1551 1552 783.000000
77 99 773.000000
327 328 772.000000
1047 1048 769.000000
1163 1164 769.000000
1051 10985 765.000000
10 32 757.000000
196 218 754.000000
198 219 749.000000
1552 1553 746.000000
120 121 740.000000
1508 1509 740.000000
68 69 738.000000
69 70 738.000000
70 71 738.000000
71 72 738.000000
1025 1047 738.000000
590 591 725.000000
587 588 723.000000
588 589 723.000000
589 590 723.000000
121 143 719.000000
1043 1044 711.000000
964 965 702.000000
1260 1261 702.000000
1069 1070 701.000000
614 615 700.000000
1531 1532 698.000000
608 609 695.000000
1216 1217 694.000000
185 186 690.000000
239 261 688.000000
1010 1011 687.000000
155 156 678.000000
156 157 678.000000
157 158 678.000000
158 159 678.000000
159 160 678.000000
160 161 678.000000
161 162 678.000000
162 163 678.000000
242 243 666.000000
243 244 666.000000
244 245 666.000000
245 246 666.000000
246 247 666.000000
247 248 666.000000
248 249 666.000000
249 250 666.000000
67 68 658.000000
1028 10752 656.000000
1021 1022 652.000000
251 273 650.000000
220 242 645.000000
528 550 640.000000
550 571 635.000000
616 637 628.000000
1239 1240 626.000000
303 304 616.000000
1012 1033 616.000000
1097 1098 614.000000
572 593 602.000000
677 678 601.000000
766 788 595.000000
651 652 592.000000
1012 1013 591.000000
347 348 590.000000
1417 1418 584.000000
261 262 582.000000
658 659 582.000000
1005 10074 570.000000
34 56 568.000000
767 768 565.000000
101 10566 562.000000
586 587 562.000000
565 566 555.000000
566 567 555.000000
567 568 555.000000
318 319 552.000000
319 320 552.000000
320 321 552.000000
321 322 552.000000
322 323 552.000000
323 324 552.000000
176 198 551.000000
650 651 548.000000
1004 10407 548.000000
825 847 546.000000
1525 1526 544.000000
72 73 542.000000
636 658 538.000000
391 392 537.000000
367 368 536.000000
262 263 533.000000
585 586 528.000000
1032 1054 528.000000
607 608 526.000000
110 131 525.000000
185 207 522.000000
129 130 519.000000
130 131 519.000000
28 29 514.000000
371 372 509.000000
1027 10401 508.000000
127 128 507.000000
128 129 506.000000
132 133 505.000000
1096 1097 505.000000
1198 1220 503.000000
1487 1488 502.000000
1028 10330 497.000000
1122 1143 496.000000
1141 1142 496.000000
1142 1143 496.000000
629 630 495.000000
119 120 494.000000
177 178 492.000000
178 179 492.000000
179 180 492.000000
180 181 492.000000
181 182 492.000000
182 183 492.000000
183 184 492.000000
184 185 492.000000
630 631 492.000000
1553 1554 490.000000
369 370 487.000000
370 371 487.000000
764 786 485.000000
1004 10136 484.000000
1422 1423 483.000000
1551 1573 482.000000
1100 1121 481.000000
1120 1121 481.000000
73 74 476.000000
74 75 476.000000
1548 1549 473.000000
568 569 470.000000
742 743 469.000000
329 351 467.000000
1184 1185 464.000000
570 571 461.000000
968 989 457.000000
1444 1445 455.000000
1006 10953 454.000000
1000 10272 448.000000
1000 10411 448.000000
1000 10474 448.000000
1569 1570 446.000000
35 57 442.000000
1006 10487 442.000000
392 393 441.000000
393 394 441.000000
1056 1077 440.000000
1129 1130 435.000000
176 177 434.000000
237 259 433.000000
1078 1099 433.000000
1098 1099 433.000000
1571 1572 433.000000
744 745 432.000000
743 744 427.000000
1032 10927 424.000000
1007 10199 422.000000
968 969 421.000000
720 742 413.000000
1021 10856 412.000000
1049 10901 411.000000
1286 1308 408.000000
221 222 407.000000
222 223 407.000000
223 224 407.000000
224 225 407.000000
225 226 407.000000
226 227 407.000000
227 228 407.000000
228 229 407.000000
24 25 404.000000
25 26 404.000000
26 27 404.000000
27 28 404.000000
23 24 403.000000
1007 10143 402.000000
433 434 401.000000
569 570 400.000000
348 349 398.000000
1570 1571 398.000000
1076 1077 397.000000
133 134 394.000000
134 135 394.000000
135 136 394.000000
136 137 394.000000
137 138 394.000000
138 139 394.000000
139 140 394.000000
140 141 394.000000
745 746 392.000000
100 10041 391.000000
1021 10635 389.000000
1101 1102 389.000000
1175 1197 389.000000
349 350 388.000000
1109 1110 388.000000
1110 1111 388.000000
1111 1112 388.000000
372 373 386.000000
1028 10415 385.000000
1007 10668 384.000000
90 91 376.000000
91 92 376.000000
92 93 376.000000
93 94 376.000000
94 95 376.000000
95 96 376.000000
96 97 376.000000
97 98 376.000000
1050 10953 376.000000
1008 10924 375.000000
347 369 373.000000
543 544 372.000000
142 143 370.000000
1008 10600 369.000000
1034 1055 368.000000
1054 1055 368.000000
1000 10711 366.000000
1028 10689 366.000000
1028 10850 365.000000
1008 10488 362.000000
1072 10819 362.000000
1100 1101 362.000000
1066 10731 360.000000
1311 1333 360.000000
1075 10961 357.000000
1242 1264 357.000000
198 199 356.000000
199 200 356.000000
200 201 356.000000
201 202 356.000000
202 203 356.000000
203 204 356.000000
204 205 356.000000
205 206 356.000000
206 207 356.000000
1000 10150 356.000000
1007 10985 353.000000
969 970 351.000000
1049 10493 350.000000
141 142 349.000000
1042 1043 346.000000
1004 10114 345.000000
1029 10577 345.000000
142 164 343.000000
218 240 342.000000
717 739 342.000000
1249 1250 340.000000
100 10160 338.000000
1028 10413 335.000000
810 832 334.000000
1004 10565 334.000000
1028 10392 333.000000
1509 1510 328.000000
229 251 327.000000
1108 1109 327.000000
1572 1573 327.000000
1010 10431 325.000000
1010 10561 325.000000
192 214 320.000000
236 258 319.000000
1117 1139 318.000000
943 965 317.000000
680 702 315.000000
990 991 315.000000
75 76 314.000000
101 10904 313.000000
1112 1113 310.000000
1010 10340 309.000000
673 674 308.000000
1439 1461 305.000000
1071 1093 304.000000
1010 10846 303.000000
1249 1271 302.000000
561 562 301.000000
562 563 301.000000
188 210 299.000000
1028 10469 299.000000
547 569 298.000000
100 10241 297.000000
100 10869 294.000000
956 978 294.000000
100 10016 292.000000
1555 1556 292.000000
1556 1557 292.000000
1557 1558 292.000000
50 51 291.000000
100 10712 290.000000
164 186 288.000000
1351 1352 288.000000
101 123 287.000000
100 10764 286.000000
100 10915 286.000000
612 634 286.000000
1553 1575 286.000000
100 10907 284.000000
500 501 284.000000
501 502 284.000000
502 503 284.000000
1102 1103 284.000000
1103 1104 284.000000
1104 1105 284.000000
1105 1106 284.000000
808 830 281.000000
100 10262 278.000000
100 10374 278.000000
100 10524 278.000000
100 10526 278.000000
100 10695 278.000000
100 10707 278.000000
242 263 276.000000
852 874 276.000000
1044 10932 276.000000
1144 1145 275.000000
548 570 274.000000
1034 10378 274.000000
1031 10481 272.000000
1264 1286 272.000000
105 106 271.000000
1314 1315 271.000000
1031 10997 270.000000
1050 1072 270.000000
260 282 267.000000
702 703 265.000000
1008 10310 265.000000
1032 10403 263.000000
593 615 261.000000
100 10466 260.000000
1000 10932 260.000000
100 10723 259.000000
441 463 259.000000
1488 1489 258.000000
101 10162 257.000000
101 10443 257.000000
101 10468 257.000000
101 10519 257.000000
101 10536 257.000000
101 10574 257.000000
101 10650 257.000000
101 10860 257.000000
513 514 257.000000
514 515 257.000000
515 516 257.000000
516 517 257.000000
517 518 257.000000
518 519 257.000000
57 79 256.000000
637 659 256.000000
252 274 255.000000
1005 10554 254.000000
1053 10995 254.000000
1106 1107 251.000000
1028 10953 250.000000
1267 1289 250.000000
317 318 249.000000
1008 10363 249.000000
1167 1168 248.000000
1168 1169 248.000000
1169 1170 248.000000
1170 1171 248.000000
1171 1172 248.000000
594 615 247.000000
1004 10331 247.000000
1006 1028 247.000000
1074 10998 246.000000
350 351 245.000000
503 504 245.000000
528 529 245.000000
264 265 244.000000
265 266 244.000000
266 267 244.000000
267 268 244.000000
268 269 244.000000
269 270 244.000000
270 271 244.000000
767 789 244.000000
240 262 242.000000
100 10827 241.000000
411 412 240.000000
412 413 240.000000
854 855 240.000000
1008 10696 240.000000
1030 1052 240.000000
1054 10578 240.000000
1056 1078 240.000000
1007 10246 239.000000
897 919 237.000000
1011 10436 237.000000
1022 10391 237.000000
1022 10590 237.000000
1022 10944 237.000000
1182 1204 237.000000
934 935 236.000000
271 272 234.000000
272 273 234.000000
549 571 234.000000
826 848 234.000000
1054 10778 234.000000
100 10620 232.000000
100 10682 232.000000
100 10729 232.000000
100 10834 232.000000
1000 10234 232.000000
324 346 229.000000
100 10649 228.000000
250 251 228.000000
943 944 228.000000
1011 10583 228.000000
1511 1512 228.000000
1512 1513 228.000000
1513 1514 228.000000
1514 1515 228.000000
100 10770 227.000000
101 10804 227.000000
1075 10995 226.000000
1052 10998 225.000000
100 10153 224.000000
1030 10702 224.000000
1030 10977 224.000000
1008 10203 223.000000
1464 1486 223.000000
1010 10553 222.000000
1027 10270 222.000000
1166 1167 222.000000
1166 1187 222.000000
1177 1199 222.000000
1185 1186 222.000000
1186 1187 222.000000
1504 1505 222.000000
154 176 221.000000
1008 10358 221.000000
100 10625 220.000000
100 10632 220.000000
660 681 220.000000
1008 10638 220.000000
765 787 219.000000
944 945 219.000000
1008 10379 219.000000
1008 10863 219.000000
1022 10731 219.000000
1053 10553 219.000000
869 891 218.000000
1007 10613 218.000000
100 10918 216.000000
152 174 216.000000
761 783 216.000000
1026 10565 216.000000
101 10154 214.000000
101 10614 214.000000
101 10909 214.000000
120 142 213.000000
101 10208 212.000000
101 10219 212.000000
101 10597 212.000000
1008 10818 212.000000
173 195 210.000000
1008 10789 210.000000
1010 10678 210.000000
1438 1439 210.000000
1053 10607 209.000000
1510 1511 209.000000
1032 10327 208.000000
220 221 207.000000
1008 10398 207.000000
724 725 205.000000
1054 10583 205.000000
1282 1283 205.000000
106 107 204.000000
1065 1066 204.000000
1030 10358 203.000000
1030 10379 203.000000
1030 10818 203.000000
1030 10863 203.000000
1030 10329 201.000000
1030 10375 201.000000
1030 10886 201.000000
1122 1123 200.000000
57 58 199.000000
1053 10678 199.000000
307 329 198.000000
1008 10609 198.000000
1288 1310 198.000000
151 173 197.000000
1076 10778 195.000000
542 543 194.000000
591 613 194.000000
1547 1548 194.000000
1053 10981 193.000000
1441 1463 191.000000
656 678 189.000000
1030 10550 189.000000
1030 10717 188.000000
153 175 185.000000
1052 10997 185.000000
1029 10347 184.000000
570 592 183.000000
1030 10609 183.000000
1056 1057 183.000000
457 458 182.000000
458 459 182.000000
459 460 182.000000
1000 10999 182.000000
1030 10398 182.000000
1030 10996 182.000000
1554 1555 182.000000
1074 10947 181.000000
1008 10364 180.000000
10 1572 178.000000
1030 10335 178.000000
1030 10347 178.000000
1000 10207 177.000000
261 283 176.000000
1033 10751 176.000000
622 644 175.000000
1030 10310 175.000000
88 89 173.000000
107 108 173.000000
108 109 173.000000
977 978 172.000000
101 10870 171.000000
440 441 171.000000
440 461 171.000000
460 461 171.000000
788 810 171.000000
1052 10762 171.000000
1032 10431 170.000000
1032 10561 170.000000
1074 10762 170.000000
1066 10711 168.000000
1027 10399 166.000000
1030 10696 166.000000
583 584 165.000000
964 986 164.000000
1008 10130 164.000000
1238 1239 163.000000
32 54 162.000000
721 743 162.000000
563 564 161.000000
1006 10669 161.000000
110 132 160.000000
584 585 160.000000
1032 10844 160.000000
1050 10613 160.000000
1223 1245 159.000000
11 1573 158.000000
1007 10279 156.000000
1550 1572 156.000000
208 230 155.000000
1007 10426 155.000000
1030 10346 155.000000
1030 10428 155.000000
1032 10846 155.000000
302 303 154.000000
1007 10550 154.000000
1007 10717 154.000000
1030 10363 154.000000
1179 1201 153.000000
100 10461 152.000000
198 220 151.000000
1096 10981 149.000000
1377 1399 149.000000
1376 1398 148.000000
101 10806 147.000000
216 238 147.000000
1050 10668 147.000000
101 10875 146.000000
110 111 146.000000
896 918 146.000000
1050 10985 146.000000
1070 10903 146.000000
965 966 145.000000
1032 10340 145.000000
1091 1113 145.000000
966 967 144.000000
230 252 143.000000
1043 10852 143.000000
1075 10981 143.000000
101 10314 142.000000
1008 10142 142.000000
101 10591 141.000000
101 10963 141.000000
723 745 141.000000
1043 10835 141.000000
100 10809 140.000000
1010 10176 140.000000
1010 10455 140.000000
1010 10523 140.000000
1010 10643 140.000000
100 10042 139.000000
946 967 139.000000
1004 10357 138.000000
679 701 137.000000
101 10800 135.000000
101 10988 135.000000
101 10439 134.000000
1031 10409 133.000000
746 747 132.000000
877 899 131.000000
1007 10532 131.000000
1022 10449 131.000000
1048 1070 131.000000
1423 1424 131.000000
242 264 130.000000
635 657 130.000000
1073 10977 130.000000
1189 1190 130.000000
1190 1191 130.000000
1191 1192 130.000000
1192 1193 130.000000
1193 1194 130.000000
1007 10702 129.000000
1007 10977 129.000000
241 263 128.000000
1004 10386 128.000000
1007 10113 128.000000
351 373 127.000000
478 479 127.000000
479 480 127.000000
480 481 127.000000
481 482 127.000000
1008 10502 127.000000
1307 1308 127.000000
1419 1441 127.000000
304 326 126.000000
1007 10335 126.000000
1004 10842 125.000000
1007 10218 125.000000
1107 1108 125.000000
295 296 122.000000
296 297 122.000000
297 298 122.000000
298 299 122.000000
299 300 122.000000
300 301 122.000000
1008 10244 122.000000
154 155 121.000000
1007 10372 121.000000
1007 10763 121.000000
1007 10895 121.000000
111 133 120.000000
1005 10446 120.000000
1188 1189 120.000000
1188 1209 120.000000
1206 1207 120.000000
1207 1208 120.000000
1208 1209 120.000000
924 925 119.000000
924 945 119.000000
1008 10740 119.000000
1026 10407 119.000000
1078 1100 119.000000
1173 1195 119.000000
262 284 118.000000
1007 10938 116.000000
1049 10689 116.000000
1049 10850 116.000000
855 877 114.000000
1028 10982 114.000000
1140 1162 114.000000
1064 1065 113.000000
149 171 112.000000
875 897 112.000000
1013 10378 111.000000
1034 1035 111.000000
1115 1137 111.000000
101 10295 110.000000
724 746 109.000000
1031 10947 109.000000
1401 1402 107.000000
132 154 106.000000
573 574 106.000000
574 575 106.000000
575 576 106.000000
576 577 106.000000
577 578 106.000000
969 991 106.000000
1162 1184 106.000000
1332 1354 106.000000
286 287 105.000000
287 288 105.000000
288 289 105.000000
289 290 105.000000
290 291 105.000000
291 292 105.000000
292 293 105.000000
413 414 105.000000
414 415 105.000000
415 416 105.000000
967 989 105.000000
209 231 104.000000
293 294 104.000000
303 325 104.000000
550 551 104.000000
551 552 104.000000
552 553 104.000000
553 554 104.000000
554 555 104.000000
555 556 104.000000
564 565 104.000000
868 869 104.000000
1049 10694 104.000000
101 10767 102.000000
1005 10277 102.000000
1013 1035 102.000000
1000 10878 101.000000
1033 10583 101.000000
1070 10738 101.000000
1071 10901 101.000000
945 967 100.000000
895 917 98.000000
1032 10678 98.000000
1033 10436 98.000000
824 825 97.000000
1029 10613 97.000000
572 573 96.000000
579 580 96.000000
580 581 96.000000
581 582 96.000000
582 583 96.000000
1123 1124 95.000000
1124 1125 95.000000
1125 1126 95.000000
1126 1127 95.000000
1127 1128 95.000000
1483 1505 95.000000
1006 10618 94.000000
462 463 93.000000
462 483 93.000000
482 483 93.000000
832 854 93.000000
1022 10272 93.000000
1022 10411 93.000000
1022 10474 93.000000
1204 1226 93.000000
1027 10902 92.000000
1028 10421 92.000000
1032 10553 91.000000
592 614 90.000000
957 979 90.000000
1005 10254 90.000000
45 67 89.000000
962 984 89.000000
1004 10831 89.000000
285 307 88.000000
1029 10668 88.000000
1128 1129 88.000000
1397 1419 88.000000
600 601 87.000000
601 602 87.000000
602 603 87.000000
603 604 87.000000
970 971 87.000000
971 972 87.000000
972 973 87.000000
973 974 87.000000
974 975 87.000000
975 976 87.000000
976 977 87.000000
1027 10325 87.000000
1027 10951 87.000000
1027 10969 87.000000
913 935 86.000000
1052 10996 86.000000
1054 10751 86.000000
46 47 85.000000
47 48 85.000000
48 49 85.000000
49 50 85.000000
68 90 85.000000
491 492 85.000000
492 493 85.000000
493 494 85.000000
494 495 85.000000
495 496 85.000000
496 497 85.000000
497 498 85.000000
594 595 85.000000
595 596 85.000000
596 597 85.000000
597 598 85.000000
598 599 85.000000
633 655 85.000000
100 10119 84.000000
1027 10369 84.000000
1027 10946 84.000000
1092 10969 84.000000
1220 1242 84.000000
100 10356 83.000000
786 808 83.000000
1005 10811 83.000000
1027 10883 83.000000
1048 10934 83.000000
881 903 82.000000
1005 10659 82.000000
1005 10721 82.000000
1005 10821 82.000000
1027 10745 82.000000
45 46 81.000000
529 530 81.000000
530 531 81.000000
531 532 81.000000
532 533 81.000000
533 534 81.000000
1007 10435 81.000000
1029 10985 81.000000
1232 1253 81.000000
1250 1251 81.000000
1251 1252 81.000000
1252 1253 81.000000
128 150 80.000000
604 605 79.000000
605 606 79.000000
1005 10955 79.000000
1028 10627 79.000000
659 681 78.000000
832 833 78.000000
1112 1134 78.000000
880 881 77.000000
880 901 77.000000
900 901 77.000000
1119 1141 77.000000
101 10434 76.000000
1007 10081 76.000000
1035 1036 76.000000
1036 1037 76.000000
1037 1038 76.000000
1038 1039 76.000000
1039 1040 76.000000
1040 1041 76.000000
1041 1042 76.000000
1092 10946 75.000000
1352 1374 75.000000
1374 1396 75.000000
101 10101 74.000000
101 10318 74.000000
1028 10665 74.000000
1092 10951 74.000000
101 10362 73.000000
101 10952 73.000000
1022 10999 73.000000
1027 10357 73.000000
1027 10949 73.000000
1028 10529 73.000000
1070 10842 73.000000
1145 1146 73.000000
1146 1147 73.000000
1147 1148 73.000000
1148 1149 73.000000
1149 1150 73.000000
1150 1151 73.000000
1194 1195 73.000000
101 10521 72.000000
961 983 72.000000
1005 1027 72.000000
1007 10271 72.000000
1008 10920 72.000000
1010 10327 72.000000
1010 10844 72.000000
101 10187 71.000000
101 10794 71.000000
101 10826 71.000000
359 360 71.000000
360 361 71.000000
361 362 71.000000
362 363 71.000000
363 364 71.000000
364 365 71.000000
365 366 71.000000
366 367 71.000000
396 397 71.000000
396 417 71.000000
966 988 71.000000
101 10511 70.000000
397 419 70.000000
419 441 70.000000
615 637 70.000000
787 809 70.000000
944 966 70.000000
1028 10446 70.000000
1028 10542 70.000000
1028 10554 70.000000
1048 10509 70.000000
1052 10947 70.000000
1005 10982 69.000000
1007 10180 69.000000
1007 10347 69.000000
1052 10696 69.000000
101 10485 68.000000
106 128 67.000000
622 623 67.000000
623 624 67.000000
624 625 67.000000
625 626 67.000000
626 627 67.000000
627 628 67.000000
1006 10677 67.000000
1008 10996 67.000000
1532 1533 67.000000
1533 1534 67.000000
1534 1535 67.000000
1535 1536 67.000000
1006 10190 66.000000
1129 1151 66.000000
1201 1223 66.000000
1398 1420 66.000000
783 805 65.000000
1013 1014 65.000000
1014 1015 65.000000
1015 1016 65.000000
1016 1017 65.000000
1017 1018 65.000000
1018 1019 65.000000
1019 1020 65.000000
1054 10927 65.000000
101 10307 64.000000
101 10458 64.000000
101 10642 64.000000
616 617 64.000000
617 618 64.000000
618 619 64.000000
619 620 64.000000
620 621 64.000000
621 622 64.000000
638 639 64.000000
639 640 64.000000
640 641 64.000000
641 642 64.000000
642 643 64.000000
1196 1218 64.000000
1232 1233 64.000000
1233 1234 64.000000
1234 1235 64.000000
1235 1236 64.000000
1236 1237 64.000000
1237 1238 64.000000
520 521 63.000000
1022 10234 63.000000
878 900 62.000000
940 962 61.000000
1048 10664 61.000000
1048 10718 61.000000
1048 10965 61.000000
1210 1231 61.000000
1227 1228 61.000000
1228 1229 61.000000
1229 1230 61.000000
1230 1231 61.000000
1336 1358 61.000000
79 80 60.000000
80 81 60.000000
81 82 60.000000
82 83 60.000000
100 10755 60.000000
101 10720 60.000000
638 659 60.000000
902 903 60.000000
902 923 60.000000
921 922 60.000000
922 923 60.000000
1008 10346 60.000000
1008 10428 60.000000
1048 10484 60.000000
1395 1417 60.000000
6 7 59.000000
101 10686 59.000000
101 10820 59.000000
101 10853 59.000000
101 10980 59.000000
101 10989 59.000000
855 856 59.000000
1285 1307 59.000000
100 10501 58.000000
129 151 58.000000
743 765 58.000000
1072 10850 58.000000
33 55 57.000000
100 10302 57.000000
100 10930 57.000000
101 10158 57.000000
101 10736 57.000000
258 280 57.000000
337 338 57.000000
346 347 57.000000
831 853 57.000000
1008 10237 57.000000
35 36 56.000000
658 680 56.000000
760 782 56.000000
918 940 56.000000
1051 1073 56.000000
1138 1160 56.000000
1293 1315 56.000000
644 645 55.000000
645 646 55.000000
646 647 55.000000
647 648 55.000000
648 649 55.000000
649 650 55.000000
856 878 55.000000
1057 1058 55.000000
1058 1059 55.000000
1059 1060 55.000000
1060 1061 55.000000
1061 1062 55.000000
101 10328 54.000000
101 10836 54.000000
1030 10733 54.000000
991 992 53.000000
992 993 53.000000
993 994 53.000000
994 995 53.000000
995 996 53.000000
996 997 53.000000
997 998 53.000000
998 999 53.000000
1020 1021 53.000000
1048 10645 53.000000
1048 10777 53.000000
1048 10810 53.000000
1048 10841 53.000000
1062 1063 53.000000
1184 1206 53.000000
101 10477 52.000000
308 309 52.000000
309 310 52.000000
310 311 52.000000
311 312 52.000000
312 313 52.000000
313 314 52.000000
314 315 52.000000
1071 10821 52.000000
1310 1332 52.000000
100 10056 51.000000
482 504 51.000000
599 600 51.000000
1010 1032 51.000000
1027 1049 51.000000
1070 10831 51.000000
1071 10721 51.000000
100 10126 50.000000
100 10314 50.000000
100 10727 50.000000
100 10873 50.000000
301 302 50.000000
526 548 50.000000
1004 10955 50.000000
1026 10386 50.000000
1063 1064 50.000000
1072 10979 50.000000
1293 1294 50.000000
214 236 49.000000
506 527 49.000000
526 527 49.000000
1006 10713 49.000000
1008 10375 49.000000
1073 10763 49.000000
66 67 48.000000
66 87 48.000000
83 84 48.000000
84 85 48.000000
85 86 48.000000
86 87 48.000000
141 163 48.000000
217 239 48.000000
830 852 48.000000
939 961 48.000000
1008 10886 48.000000
1073 10895 48.000000
1135 1157 48.000000
100 10793 47.000000
739 761 47.000000
1008 10329 47.000000
1507 1529 47.000000
337 359 46.000000
456 457 46.000000
1006 10964 46.000000
1048 10603 46.000000
1048 10808 46.000000
1048 10816 46.000000
1048 10877 46.000000
1200 1222 46.000000
100 10313 45.000000
100 10610 45.000000
100 10754 45.000000
100 10983 45.000000
165 187 45.000000
504 526 45.000000
1048 10505 45.000000
1048 10506 45.000000
1048 10775 45.000000
1048 10783 45.000000
1048 10848 45.000000
1048 10921 45.000000
1070 10788 45.000000
1122 1144 45.000000
1380 1381 45.000000
1463 1485 45.000000
100 10292 44.000000
100 10492 44.000000
100 10653 44.000000
100 10673 44.000000
100 10905 44.000000
100 10926 44.000000
100 10958 44.000000
101 10491 44.000000
499 500 44.000000
525 526 44.000000
556 557 44.000000
557 558 44.000000
558 559 44.000000
559 560 44.000000
560 561 44.000000
1007 10857 44.000000
1021 10276 44.000000
1573 1574 44.000000
100 10088 43.000000
100 10229 43.000000
100 10424 43.000000
100 10504 43.000000
100 10508 43.000000
100 10629 43.000000
100 10676 43.000000
100 10685 43.000000
100 10728 43.000000
100 10881 43.000000
100 10966 43.000000
100 10984 43.000000
100 10994 43.000000
101 10641 43.000000
101 10747 43.000000
498 499 43.000000
535 536 43.000000
536 537 43.000000
537 538 43.000000
538 539 43.000000
539 540 43.000000
540 541 43.000000
541 542 43.000000
628 650 43.000000
1007 10910 43.000000
1026 10476 43.000000
1030 10351 43.000000
1097 1119 43.000000
903 904 42.000000
904 905 42.000000
905 906 42.000000
906 907 42.000000
907 908 42.000000
908 909 42.000000
909 910 42.000000
910 911 42.000000
911 912 42.000000
1004 10509 42.000000
1030 10895 42.000000
1053 1075 42.000000
578 579 41.000000
699 721 41.000000
710 711 41.000000
711 712 41.000000
712 713 41.000000
713 714 41.000000
714 715 41.000000
715 716 41.000000
1008 10956 41.000000
305 327 40.000000
315 316 40.000000
614 636 40.000000
688 689 40.000000
689 690 40.000000
690 691 40.000000
691 692 40.000000
692 693 40.000000
693 694 40.000000
1006 10305 40.000000
1030 10763 40.000000
1066 10932 40.000000
1074 10924 40.000000
102 10911 39.000000
286 307 39.000000
503 525 39.000000
742 764 39.000000
1009 1031 39.000000
1030 10372 39.000000
1030 10532 39.000000
594 616 38.000000
606 607 38.000000
1008 10269 38.000000
1008 10663 38.000000
1008 10782 38.000000
1030 10426 38.000000
101 10734 37.000000
521 522 37.000000
522 523 37.000000
523 524 37.000000
524 525 37.000000
1049 10979 37.000000
1072 1094 37.000000
1245 1267 37.000000
1330 1352 37.000000
58 59 36.000000
59 60 36.000000
60 61 36.000000
369 391 36.000000
519 520 36.000000
672 673 36.000000
726 727 36.000000
727 728 36.000000
728 729 36.000000
729 730 36.000000
730 731 36.000000
946 968 36.000000
1008 10414 36.000000
1008 10619 36.000000
1008 10868 36.000000
1008 10940 36.000000
1031 10488 36.000000
1031 10502 36.000000
1093 10982 36.000000
1106 1128 36.000000
89 90 35.000000
504 505 35.000000
534 535 35.000000
550 572 35.000000
726 747 35.000000
1031 10818 35.000000
1092 10949 35.000000
1092 10955 35.000000
1289 1311 35.000000
330 331 34.000000
330 351 34.000000
331 332 34.000000
332 333 34.000000
333 334 34.000000
334 335 34.000000
335 336 34.000000
336 337 34.000000
1031 10329 34.000000
1031 10740 34.000000
1094 10985 34.000000
1183 1205 34.000000
1462 1484 34.000000
1482 1504 34.000000
1 23 33.000000
512 513 33.000000
1006 10796 33.000000
1008 10308 33.000000
1008 10432 33.000000
1008 10486 33.000000
1008 10593 33.000000
1008 10879 33.000000
1107 1129 33.000000
163 185 32.000000
171 193 32.000000
1007 1029 32.000000
1008 10387 32.000000
1008 10586 32.000000
107 129 31.000000
1030 10364 31.000000
1096 1118 31.000000
1172 1173 31.000000
12 1574 30.000000
61 83 30.000000
571 593 30.000000
1006 10421 30.000000
1006 10469 30.000000
1008 10121 30.000000
1008 10239 30.000000
1008 10475 30.000000
1008 10730 30.000000
1008 10894 30.000000
1008 10972 30.000000
1027 10280 30.000000
1074 10818 30.000000
1074 10863 30.000000
167 189 29.000000
172 194 29.000000
294 295 29.000000
607 629 29.000000
700 722 29.000000
1027 10811 29.000000
1030 10308 29.000000
1030 10387 29.000000
1030 10414 29.000000
1030 10432 29.000000
1030 10486 29.000000
1030 10593 29.000000
1030 10619 29.000000
1030 10868 29.000000
1030 10879 29.000000
1030 10940 29.000000
1052 10600 29.000000
1052 10924 29.000000
308 329 28.000000
652 674 28.000000
1030 10475 28.000000
1030 10730 28.000000
1030 10894 28.000000
1030 10972 28.000000
175 197 27.000000
1000 10146 27.000000
1022 10711 27.000000
1027 10955 27.000000
1358 1359 27.000000
123 145 26.000000
316 317 26.000000
446 468 26.000000
484 485 26.000000
484 505 26.000000
1008 10263 26.000000
1008 10349 26.000000
1008 10510 26.000000
1008 10837 26.000000
1008 10862 26.000000
1048 10883 26.000000
1052 10863 26.000000
1052 10886 26.000000
1069 1091 26.000000
1070 10777 26.000000
1070 10810 26.000000
1070 10841 26.000000
1074 10886 26.000000
1085 1086 26.000000
1418 1440 26.000000
782 804 25.000000
1008 10769 25.000000
1052 10609 25.000000
441 442 24.000000
442 443 24.000000
443 444 24.000000
444 445 24.000000
445 446 24.000000
628 629 24.000000
696 718 24.000000
876 877 24.000000
1005 10330 24.000000
1010 10204 24.000000
1026 1048 24.000000
1051 10730 24.000000
1051 10894 24.000000
1051 10972 24.000000
1070 10718 24.000000
1070 10965 24.000000
1530 1552 24.000000
315 337 23.000000
352 353 23.000000
352 373 23.000000
525 547 23.000000
572 594 23.000000
1000 10183 23.000000
1 2 22.000000
2 3 22.000000
3 4 22.000000
4 5 22.000000
5 6 22.000000
391 413 22.000000
847 869 22.000000
890 891 22.000000
941 963 22.000000
1028 10796 22.000000
1048 10821 22.000000
1087 10932 22.000000
1244 1266 22.000000
1375 1397 22.000000
259 281 21.000000
563 585 21.000000
948 970 21.000000
1051 10593 21.000000
1051 10619 21.000000
1051 10879 21.000000
1484 1506 21.000000
781 803 20.000000
1026 10568 20.000000
1026 10640 20.000000
1026 10831 20.000000
1072 10953 20.000000
1092 1114 20.000000
1486 1508 20.000000
1577 1578 20.000000
1578 1579 20.000000
1579 1580 20.000000
338 339 19.000000
353 354 19.000000
354 355 19.000000
355 356 19.000000
356 357 19.000000
357 358 19.000000
358 359 19.000000
655 677 19.000000
1054 10844 19.000000
1070 10808 19.000000
1070 10816 19.000000
1070 10877 19.000000
1070 10934 19.000000
1071 10752 19.000000
1073 10985 19.000000
1095 1117 19.000000
1098 1120 19.000000
1109 1131 19.000000
1151 1173 19.000000
1461 1483 19.000000
1465 1487 19.000000
1524 1525 19.000000
643 644 18.000000
746 768 18.000000
1070 10703 18.000000
1070 10783 18.000000
1085 1107 18.000000
67 89 17.000000
460 482 17.000000
477 478 17.000000
738 760 17.000000
804 826 17.000000
1004 10603 17.000000
1004 10877 17.000000
1034 1056 17.000000
1054 10846 17.000000
1070 10775 17.000000
1070 10848 17.000000
1070 10902 17.000000
1070 10921 17.000000
1094 1116 17.000000
1210 1232 17.000000
22 23 16.000000
22 43 16.000000
36 37 16.000000
37 38 16.000000
38 39 16.000000
39 40 16.000000
40 41 16.000000
41 42 16.000000
42 43 16.000000
54 76 16.000000
476 477 16.000000
1000 1022 16.000000
1021 10852 16.000000
1028 10979 16.000000
1096 10997 16.000000
1575 1576 16.000000
1576 1577 16.000000
660 661 15.000000
661 662 15.000000
662 663 15.000000
663 664 15.000000
664 665 15.000000
665 666 15.000000
677 699 15.000000
925 926 15.000000
1008 10163 15.000000
1008 10351 15.000000
1008 10733 15.000000
1026 10575 15.000000
1026 10788 15.000000
1026 10842 15.000000
1027 10277 15.000000
1027 10659 15.000000
1027 10681 15.000000
1027 10721 15.000000
1027 10821 15.000000
1028 10487 15.000000
1028 10618 15.000000
1574 1575 15.000000
403 404 14.000000
404 405 14.000000
405 406 14.000000
406 407 14.000000
407 408 14.000000
408 409 14.000000
409 410 14.000000
410 411 14.000000
651 673 14.000000
926 948 14.000000
1004 10268 14.000000
1004 10808 14.000000
1004 10883 14.000000
1005 10493 14.000000
1005 10529 14.000000
1005 10542 14.000000
1005 10665 14.000000
1005 10752 14.000000
1008 10184 14.000000
1008 10221 14.000000
1054 10643 14.000000
1080 1081 14.000000
1081 1082 14.000000
1082 1083 14.000000
1083 1084 14.000000
1091 10951 14.000000
1130 1152 14.000000
1420 1442 14.000000
701 723 13.000000
919 941 13.000000
920 942 13.000000
1004 10256 13.000000
1004 10298 13.000000
1004 10369 13.000000
1004 10380 13.000000
1004 10703 13.000000
1004 10816 13.000000
1004 10934 13.000000
1004 10946 13.000000
1004 10949 13.000000
1004 10951 13.000000
1004 10969 13.000000
1033 10455 13.000000
1033 10523 13.000000
1033 10643 13.000000
1048 10681 13.000000
1084 1085 13.000000
1093 1115 13.000000
1157 1179 13.000000
1525 1547 13.000000
416 417 12.000000
585 607 12.000000
876 898 12.000000
1005 10148 12.000000
1020 1042 12.000000
1043 10711 12.000000
1064 1086 12.000000
1071 10982 12.000000
1076 10927 12.000000
1079 1080 12.000000
1093 10953 12.000000
1131 1153 12.000000
166 188 11.000000
174 196 11.000000
219 241 11.000000
283 305 11.000000
293 315 11.000000
513 535 11.000000
1004 10476 11.000000
1004 10848 11.000000
1004 10902 11.000000
1004 10921 11.000000
1026 10664 11.000000
1026 10718 11.000000
1026 10848 11.000000
1026 10921 11.000000
1026 10965 11.000000
1027 10694 11.000000
1042 10856 11.000000
1070 10811 11.000000
1076 10846 11.000000
1091 10969 11.000000
1195 1217 11.000000
14 15 10.000000
197 219 10.000000
271 293 10.000000
507 508 10.000000
508 509 10.000000
509 510 10.000000
510 511 10.000000
511 512 10.000000
1026 10450 10.000000
1026 10484 10.000000
1026 10505 10.000000
1026 10506 10.000000
1026 10775 10.000000
1026 10783 10.000000
1042 1064 10.000000
1096 10998 10.000000
1354 1376 10.000000
1355 1377 10.000000
155 177 9.000000
463 464 9.000000
464 465 9.000000
465 466 9.000000
466 467 9.000000
467 468 9.000000
505 527 9.000000
527 549 9.000000
600 622 9.000000
1005 10249 9.000000
1005 10694 9.000000
1021 10835 9.000000
1026 10902 9.000000
1075 10997 9.000000
1093 10979 9.000000
1460 1461 9.000000
569 591 8.000000
578 600 8.000000
745 767 8.000000
917 939 8.000000
1004 10225 8.000000
1004 10450 8.000000
1004 10484 8.000000
1004 10505 8.000000
1004 10506 8.000000
1004 10640 8.000000
1004 10775 8.000000
1004 10783 8.000000
1006 10979 8.000000
1042 10635 8.000000
1048 10721 8.000000
1049 10627 8.000000
1467 1468 8.000000
0 1 7.000000
744 766 7.000000
877 878 7.000000
1004 10568 7.000000
1004 10664 7.000000
1004 10718 7.000000
1004 10965 7.000000
1005 10681 7.000000
1028 1050 7.000000
1029 1051 7.000000
1052 1074 7.000000
1070 10883 7.000000
1078 1079 7.000000
1091 10921 7.000000
1091 10965 7.000000
1153 1175 7.000000
0 21 6.000000
15 16 6.000000
36 58 6.000000
16 17 6.000000
17 18 6.000000
18 19 6.000000
19 20 6.000000
20 21 6.000000
44 45 6.000000
44 65 6.000000
61 62 6.000000
62 63 6.000000
63 64 6.000000
64 65 6.000000
131 153 6.000000
374 375 6.000000
374 395 6.000000
375 376 6.000000
376 377 6.000000
377 378 6.000000
378 379 6.000000
379 380 6.000000
394 395 6.000000
638 660 6.000000
695 717 6.000000
704 705 6.000000
704 725 6.000000
705 706 6.000000
706 707 6.000000
707 708 6.000000
708 709 6.000000
709 710 6.000000
948 949 6.000000
949 950 6.000000
950 951 6.000000
951 952 6.000000
952 953 6.000000
953 954 6.000000
954 955 6.000000
1004 10167 6.000000
1004 10179 6.000000
1004 10250 6.000000
1004 10575 6.000000
1004 10788 6.000000
1022 10932 6.000000
1043 10474 6.000000
1047 10568 6.000000
1047 10664 6.000000
1047 10718 6.000000
1047 10831 6.000000
1047 10965 6.000000
1050 10669 6.000000
1051 10550 6.000000
1051 10717 6.000000
1052 10740 6.000000
1070 10946 6.000000
1070 10949 6.000000
1070 10955 6.000000
1086 1108 6.000000
1156 1178 6.000000
1554 1576 6.000000
46 68 5.000000
186 208 5.000000
397 398 5.000000
398 399 5.000000
399 400 5.000000
400 401 5.000000
401 402 5.000000
402 424 5.000000
424 446 5.000000
506 507 5.000000
584 606 5.000000
650 672 5.000000
694 716 5.000000
926 927 5.000000
927 928 5.000000
928 929 5.000000
929 930 5.000000
930 931 5.000000
931 932 5.000000
932 933 5.000000
933 934 5.000000
1000 10186 5.000000
1000 10898 5.000000
1152 1174 5.000000
1356 1378 5.000000
1373 1374 5.000000
1562 1583 5.000000
1580 1581 5.000000
1581 1582 5.000000
1582 1583 5.000000
1 1563 4.000000
15 1577 4.000000
187 209 4.000000
353 375 4.000000
375 397 4.000000
613 635 4.000000
836 837 4.000000
836 857 4.000000
837 859 4.000000
856 857 4.000000
859 881 4.000000
955 956 4.000000
977 999 4.000000
1049 10618 4.000000
1070 10951 4.000000
1070 10969 4.000000
1073 1095 4.000000
1091 10934 4.000000
1134 1156 4.000000
1271 1293 4.000000
1442 1464 4.000000
1529 1551 4.000000
1562 1563 4.000000
119 141 3.000000
145 167 3.000000
170 192 3.000000
339 340 3.000000
340 341 3.000000
341 342 3.000000
342 343 3.000000
343 344 3.000000
344 345 3.000000
345 346 3.000000
657 679 3.000000
716 738 3.000000
1003 1025 3.000000
1008 1030 3.000000
1043 10731 3.000000
1043 10932 3.000000
1047 10788 3.000000
1049 10542 3.000000
1049 10554 3.000000
1049 10982 3.000000
1051 10532 3.000000
1051 10702 3.000000
1051 10763 3.000000
1051 10895 3.000000
1051 10977 3.000000
1063 1085 3.000000
1084 1106 3.000000
1108 1130 3.000000
1113 1135 3.000000
1136 1158 3.000000
1155 1177 3.000000
1254 1255 3.000000
1254 1275 3.000000
1255 1256 3.000000
1256 1257 3.000000
1257 1258 3.000000
1258 1259 3.000000
1272 1273 3.000000
1273 1274 3.000000
1274 1275 3.000000
1276 1277 3.000000
1276 1297 3.000000
1277 1278 3.000000
1278 1279 3.000000
1279 1280 3.000000
1280 1281 3.000000
1281 1282 3.000000
1294 1295 3.000000
1295 1296 3.000000
1296 1297 3.000000
23 45 2.000000
13 1575 2.000000
455 456 2.000000
521 543 2.000000
590 612 2.000000
616 638 2.000000
630 652 2.000000
666 667 2.000000
667 668 2.000000
668 669 2.000000
669 670 2.000000
670 671 2.000000
671 672 2.000000
702 724 2.000000
873 895 2.000000
1047 10575 2.000000
1047 10842 2.000000
1048 10659 2.000000
1048 10745 2.000000
1048 10811 2.000000
1048 10951 2.000000
1049 1071 2.000000
1049 10529 2.000000
1049 10665 2.000000
1049 10752 2.000000
1052 10818 2.000000
1062 1084 2.000000
1079 1101 2.000000
1080 1102 2.000000
1141 1163 2.000000
1194 1216 2.000000
1227 1249 2.000000
1271 1272 2.000000
1552 1574 2.000000
0 1562 1.000000
24 46 1.000000
468 469 1.000000
469 470 1.000000
470 471 1.000000
471 472 1.000000
472 473 1.000000
473 474 1.000000
474 475 1.000000
475 476 1.000000
506 528 1.000000
682 683 1.000000
682 703 1.000000
683 684 1.000000
684 685 1.000000
685 686 1.000000
686 687 1.000000
687 688 1.000000
726 748 1.000000
748 769 1.000000
768 769 1.000000
881 882 1.000000
882 883 1.000000
883 884 1.000000
884 885 1.000000
885 886 1.000000
886 887 1.000000
887 888 1.000000
888 889 1.000000
889 890 1.000000
946 947 1.000000
947 948 1.000000
1043 10590 1.000000
1043 10944 1.000000
1048 10703 1.000000
1048 10902 1.000000
1048 10946 1.000000
1048 10949 1.000000
1048 10955 1.000000
1048 10969 1.000000
1070 1092 1.000000
1154 1176 1.000000
1158 1180 1.000000
1160 1182 1.000000
1176 1198 1.000000
1272 1294 1.000000
1399 1421 1.000000
1417 1439 1.000000
1440 1462 1.000000
1496 1497 1.000000
1496 1517 1.000000
1497 1498 1.000000
1498 1499 1.000000
1499 1500 1.000000
1500 1501 1.000000
1501 1502 1.000000
1502 1524 1.000000
1515 1516 1.000000
1516 1517 1.000000
