95 96 19172.000000
96 97 19172.000000
97 98 19172.000000
98 99 18850.000000
5 6 17207.000000
891 892 16017.000000
94 95 15498.000000
1067 1068 13171.000000
1110 1111 12753.000000
1154 1155 11965.000000
1066 1067 11435.000000
4 5 11375.000000
116 117 11289.000000
117 118 11289.000000
118 119 11289.000000
119 120 11289.000000
890 891 11131.000000
1088 1089 11088.000000
1065 1066 10829.000000
1023 1024 10332.000000
1109 1110 10014.000000
1111 1112 9747.000000
889 890 8793.000000
1153 1154 8787.000000
1108 1109 8583.000000
1132 1133 8524.000000
1087 1088 8512.000000
1022 1023 8131.000000
100 101 8089.000000
912 913 8027.000000
1105 1106 7821.000000
892 893 7642.000000
1044 1045 7619.000000
733 734 7578.000000
734 735 7578.000000
1147 1148 7533.000000
1103 1104 7507.000000
1104 1105 7507.000000
1107 1108 7477.000000
1130 1131 7377.000000
1106 1107 7309.000000
6 7 7279.000000
1152 1153 7237.000000
115 116 7215.000000
1131 1132 7201.000000
1236 1237 7166.000000
1237 1238 7166.000000
1086 1087 7089.000000
755 756 7088.000000
756 757 7088.000000
757 758 7085.000000
1085 1086 7036.000000
1280 1281 7034.000000
1281 1282 7030.000000
847 848 7024.000000
957 958 6977.000000
934 935 6935.000000
956 957 6930.000000
73 74 6917.000000
74 75 6917.000000
75 76 6917.000000
76 77 6917.000000
1021 1022 6885.000000
933 934 6653.000000
913 914 6646.000000
911 912 6588.000000
1150 1151 6559.000000
1149 1150 6540.000000
935 936 6513.000000
1064 1065 6491.000000
869 870 6379.000000
1148 1149 6345.000000
1151 1152 6335.000000
802 803 6207.000000
72 73 6201.000000
936 937 6194.000000
848 849 6097.000000
803 804 5934.000000
71 72 5919.000000
1045 1046 5876.000000
1043 1044 5802.000000
1238 1239 5799.000000
711 712 5793.000000
712 713 5793.000000
713 714 5793.000000
799 800 5738.000000
800 801 5738.000000
1282 1283 5644.000000
1146 1147 5585.000000
120 121 5574.000000
139 140 5547.000000
140 141 5547.000000
141 142 5547.000000
732 733 5507.000000
51 52 5487.000000
52 53 5487.000000
53 54 5487.000000
54 55 5477.000000
868 869 5406.000000
1102 1103 5347.000000
1434 1435 5345.000000
1435 1436 5343.000000
1020 1021 5157.000000
142 143 5146.000000
754 755 5050.000000
801 802 4980.000000
121 122 4927.000000
731 732 4854.000000
143 144 4822.000000
758 759 4761.000000
955 956 4760.000000
1258 1259 4758.000000
50 51 4730.000000
846 847 4707.000000
1129 1130 4605.000000
187 188 4603.000000
958 959 4565.000000
182 183 4531.000000
183 184 4531.000000
184 185 4531.000000
185 186 4531.000000
798 799 4485.000000
1259 1260 4425.000000
55 56 4414.000000
1084 1085 4328.000000
1239 1240 4324.000000
1024 1025 4315.000000
954 955 4256.000000
49 50 4215.000000
1502 1503 4185.000000
518 519 4175.000000
93 94 4143.000000
295 296 4135.000000
867 868 4096.000000
1391 1392 4070.000000
1081 1082 4053.000000
1082 1083 4053.000000
710 711 4036.000000
1240 1241 4035.000000
1545 1546 4030.000000
1241 1242 3934.000000
1170 1171 3916.000000
1083 1084 3883.000000
186 187 3856.000000
144 145 3815.000000
689 690 3793.000000
690 691 3793.000000
691 692 3793.000000
735 736 3791.000000
208 209 3753.000000
668 669 3731.000000
669 670 3731.000000
666 667 3716.000000
937 938 3701.000000
978 979 3660.000000
1390 1391 3657.000000
1089 1090 3652.000000
823 824 3651.000000
1433 1434 3642.000000
715 716 3601.000000
906 907 3596.000000
907 908 3596.000000
908 909 3596.000000
909 910 3596.000000
1197 1198 3561.000000
892 914 3560.000000
1219 1220 3544.000000
824 825 3531.000000
759 760 3519.000000
893 894 3516.000000
1196 1197 3498.000000
1370 1371 3430.000000
736 737 3417.000000
1523 1524 3415.000000
979 980 3409.000000
1175 1176 3405.000000
515 516 3394.000000
516 517 3394.000000
517 518 3394.000000
753 754 3388.000000
114 115 3368.000000
230 231 3366.000000
1198 1199 3352.000000
825 826 3344.000000
805 827 3335.000000
1283 1284 3330.000000
1348 1349 3302.000000
1171 1172 3286.000000
188 189 3254.000000
49 71 3230.000000
138 139 3228.000000
584 585 3215.000000
1174 1175 3206.000000
1124 1125 3205.000000
1125 1126 3205.000000
804 805 3193.000000
28 50 3148.000000
959 960 3145.000000
1126 1127 3141.000000
145 146 3137.000000
929 930 3134.000000
930 931 3134.000000
931 932 3134.000000
1214 1215 3127.000000
667 668 3124.000000
826 827 3066.000000
1218 1219 3033.000000
113 114 3006.000000
1172 1173 3003.000000
1127 1128 3002.000000
1063 1064 2994.000000
797 798 2987.000000
1042 1043 2982.000000
910 911 2978.000000
885 886 2965.000000
886 887 2965.000000
887 888 2965.000000
160 161 2898.000000
161 162 2898.000000
162 163 2898.000000
163 164 2898.000000
1389 1390 2868.000000
1128 1129 2856.000000
714 715 2849.000000
776 777 2829.000000
777 778 2829.000000
778 779 2829.000000
977 978 2828.000000
137 138 2816.000000
1173 1174 2809.000000
1217 1218 2784.000000
928 929 2743.000000
1123 1124 2688.000000
870 871 2676.000000
209 210 2625.000000
1067 10917 2617.000000
1347 1348 2617.000000
157 158 2612.000000
1195 1196 2610.000000
888 889 2607.000000
210 211 2582.000000
1215 1216 2564.000000
820 821 2559.000000
821 822 2559.000000
1546 1547 2556.000000
101 102 2552.000000
980 981 2510.000000
1284 1285 2503.000000
1024 1046 2470.000000
159 160 2467.000000
845 846 2440.000000
27 28 2434.000000
1080 1081 2339.000000
780 781 2329.000000
541 542 2317.000000
585 586 2312.000000
77 78 2301.000000
122 123 2278.000000
1476 1477 2277.000000
1168 1169 2264.000000
1169 1170 2264.000000
1041 1042 2257.000000
1260 1261 2252.000000
822 823 2231.000000
775 776 2213.000000
848 870 2211.000000
540 541 2181.000000
1369 1370 2172.000000
1285 1286 2166.000000
1025 1026 2162.000000
542 543 2149.000000
1346 1347 2147.000000
1567 1568 2119.000000
1456 1457 2117.000000
1326 1327 2107.000000
1176 1177 2077.000000
1432 1433 2065.000000
863 864 2023.000000
864 865 2023.000000
865 866 2023.000000
1304 1305 2009.000000
102 103 2006.000000
1046 1047 2001.000000
716 717 1992.000000
1542 1543 1990.000000
1261 1262 1983.000000
1302 1303 1981.000000
842 843 1970.000000
843 844 1970.000000
844 845 1970.000000
27 49 1968.000000
92 93 1965.000000
1436 1437 1965.000000
70 71 1958.000000
1543 1544 1928.000000
1216 1217 1922.000000
1501 1502 1907.000000
231 232 1896.000000
628 629 1877.000000
998 999 1876.000000
894 916 1857.000000
190 191 1854.000000
670 671 1849.000000
586 587 1844.000000
862 863 1837.000000
688 689 1831.000000
1067 1089 1831.000000
164 165 1818.000000
581 582 1808.000000
582 583 1808.000000
123 124 1794.000000
1345 1346 1791.000000
1001 1002 1789.000000
537 538 1781.000000
538 539 1781.000000
158 159 1773.000000
296 297 1771.000000
976 977 1763.000000
1062 1063 1758.000000
1367 1368 1757.000000
1455 1456 1742.000000
1477 1478 1737.000000
1040 1041 1736.000000
1499 1500 1731.000000
938 939 1725.000000
894 895 1716.000000
179 180 1708.000000
645 646 1708.000000
646 647 1708.000000
647 648 1708.000000
1457 1458 1707.000000
932 933 1703.000000
539 540 1685.000000
1043 10979 1685.000000
819 820 1662.000000
1262 1263 1651.000000
1368 1369 1649.000000
165 166 1644.000000
629 630 1644.000000
1303 1304 1636.000000
915 916 1629.000000
189 190 1628.000000
914 915 1618.000000
1059 1060 1613.000000
1060 1061 1613.000000
1061 1062 1611.000000
497 498 1604.000000
1000 1001 1601.000000
1192 1193 1594.000000
1193 1194 1594.000000
562 563 1593.000000
583 584 1564.000000
1242 1243 1564.000000
561 562 1563.000000
1544 1545 1563.000000
450 451 1560.000000
451 452 1560.000000
452 453 1560.000000
1478 1479 1558.000000
1500 1501 1547.000000
103 104 1544.000000
1541 1542 1541.000000
1263 1264 1540.000000
1101 1102 1539.000000
1068 1069 1537.000000
1475 1476 1536.000000
1437 1438 1512.000000
1498 1499 1471.000000
28 29 1465.000000
1194 1195 1460.000000
624 625 1454.000000
625 626 1454.000000
626 627 1454.000000
166 167 1447.000000
1325 1326 1439.000000
232 233 1431.000000
1411 1412 1428.000000
1037 1038 1426.000000
1038 1039 1426.000000
1039 1040 1426.000000
1392 1393 1417.000000
1058 1059 1406.000000
950 951 1402.000000
951 952 1402.000000
952 953 1402.000000
779 780 1361.000000
1145 1146 1361.000000
191 192 1356.000000
100 122 1347.000000
124 125 1345.000000
884 885 1345.000000
1190 1191 1336.000000
1191 1192 1336.000000
672 673 1327.000000
1155 1156 1324.000000
781 782 1323.000000
1324 1325 1318.000000
181 182 1315.000000
146 147 1304.000000
56 78 1293.000000
1167 1168 1291.000000
1349 1350 1289.000000
1412 1413 1286.000000
101 123 1283.000000
1024 10609 1282.000000
3 4 1280.000000
993 994 1275.000000
994 995 1275.000000
995 996 1275.000000
996 997 1271.000000
498 499 1269.000000
1566 1567 1267.000000
1327 1328 1264.000000
543 544 1233.000000
1371 1372 1232.000000
7 8 1231.000000
1 2 1227.000000
866 867 1225.000000
1087 10953 1223.000000
0 1 1222.000000
2 3 1218.000000
671 672 1218.000000
453 454 1216.000000
760 782 1201.000000
937 959 1200.000000
606 607 1188.000000
1022 10953 1188.000000
692 693 1186.000000
56 57 1182.000000
147 148 1178.000000
1503 1504 1177.000000
1023 10317 1171.000000
1214 1236 1171.000000
605 606 1161.000000
519 520 1160.000000
737 738 1159.000000
1414 1415 1154.000000
1479 1480 1152.000000
136 137 1148.000000
1189 1190 1137.000000
1413 1414 1137.000000
627 628 1132.000000
180 181 1123.000000
759 781 1121.000000
231 253 1119.000000
953 954 1107.000000
22 23 1093.000000
23 24 1093.000000
24 25 1093.000000
187 209 1088.000000
514 515 1087.000000
55 77 1078.000000
81 82 1075.000000
841 842 1075.000000
22 43 1068.000000
39 40 1068.000000
40 41 1068.000000
41 42 1068.000000
42 43 1068.000000
997 998 1066.000000
79 80 1057.000000
80 81 1057.000000
252 253 1052.000000
715 737 1041.000000
361 362 1037.000000
253 254 1036.000000
339 340 1035.000000
644 645 1015.000000
1301 1302 1012.000000
157 179 1005.000000
1502 1524 1005.000000
1350 1351 992.000000
1043 10487 989.000000
1519 1520 985.000000
1520 1521 985.000000
1521 1522 985.000000
607 608 976.000000
0 21 970.000000
18 19 970.000000
19 20 970.000000
20 21 970.000000
1036 1037 967.000000
693 694 960.000000
454 455 954.000000
135 136 951.000000
145 167 946.000000
50 72 932.000000
535 536 932.000000
1522 1523 932.000000
536 537 931.000000
1111 1133 930.000000
26 27 928.000000
818 819 915.000000
1090 1091 912.000000
211 212 911.000000
849 871 898.000000
78 79 891.000000
992 993 891.000000
1305 1306 891.000000
188 210 887.000000
905 906 848.000000
499 500 847.000000
1546 1568 845.000000
125 126 838.000000
1023 10577 833.000000
212 213 832.000000
1372 1373 826.000000
1306 1307 823.000000
255 256 821.000000
849 850 818.000000
687 688 805.000000
623 624 796.000000
233 234 795.000000
202 203 787.000000
104 105 779.000000
168 169 773.000000
630 631 765.000000
667 689 764.000000
673 674 763.000000
224 225 754.000000
225 226 754.000000
226 227 754.000000
227 228 754.000000
228 229 754.000000
229 230 754.000000
1454 1455 751.000000
1155 1177 748.000000
1057 1058 747.000000
602 603 744.000000
603 604 744.000000
604 605 744.000000
455 456 736.000000
936 958 736.000000
1112 1113 736.000000
758 780 720.000000
694 695 717.000000
601 602 710.000000
760 761 700.000000
297 298 699.000000
1323 1324 697.000000
1524 1525 697.000000
938 960 696.000000
600 601 686.000000
1068 1090 680.000000
256 257 679.000000
1002 1003 679.000000
57 58 673.000000
981 982 671.000000
1026 1027 671.000000
1027 1028 671.000000
1028 1029 671.000000
58 59 669.000000
1079 1080 669.000000
651 652 666.000000
254 255 664.000000
563 564 664.000000
972 973 664.000000
973 974 664.000000
0 10402 663.000000
803 825 660.000000
148 170 658.000000
132 133 645.000000
133 134 645.000000
134 135 645.000000
1232 1233 644.000000
1233 1234 644.000000
1234 1235 644.000000
1497 1498 639.000000
132 153 638.000000
149 150 638.000000
150 151 638.000000
151 152 638.000000
152 153 638.000000
234 235 638.000000
201 202 637.000000
1021 10493 637.000000
154 155 636.000000
155 156 636.000000
974 975 632.000000
154 175 628.000000
170 171 628.000000
171 172 628.000000
172 173 628.000000
173 174 628.000000
174 175 628.000000
1047 1048 627.000000
1048 1049 627.000000
1049 1050 627.000000
203 204 621.000000
204 205 621.000000
205 206 621.000000
206 207 621.000000
1019 1020 617.000000
477 478 611.000000
1023 10985 600.000000
709 710 597.000000
650 651 590.000000
189 211 588.000000
649 650 587.000000
927 928 587.000000
277 278 585.000000
1070 1071 585.000000
1071 1072 585.000000
100 10341 578.000000
917 918 578.000000
557 558 572.000000
513 514 570.000000
276 277 569.000000
916 917 569.000000
1003 1004 564.000000
1235 1236 563.000000
1480 1481 562.000000
1044 10661 559.000000
1148 1170 555.000000
102 124 554.000000
25 26 553.000000
298 299 553.000000
299 300 553.000000
1066 10829 550.000000
69 70 546.000000
66 67 545.000000
66 87 545.000000
67 68 545.000000
68 69 545.000000
83 84 545.000000
84 85 545.000000
85 86 545.000000
86 87 545.000000
59 60 543.000000
156 157 543.000000
167 168 538.000000
870 892 535.000000
1069 1070 528.000000
1388 1389 528.000000
1545 1567 526.000000
1501 1523 523.000000
580 581 522.000000
456 478 520.000000
143 165 518.000000
891 913 517.000000
144 166 513.000000
169 170 513.000000
1481 1482 513.000000
895 896 509.000000
896 897 509.000000
278 279 503.000000
105 10786 498.000000
1043 10512 495.000000
1122 1123 490.000000
70 92 481.000000
60 61 479.000000
556 557 479.000000
518 540 470.000000
274 275 469.000000
1258 1280 466.000000
91 92 464.000000
17 18 462.000000
1015 1016 460.000000
1016 1017 460.000000
1017 1018 460.000000
88 89 458.000000
89 90 458.000000
90 91 458.000000
105 106 458.000000
106 107 458.000000
107 108 458.000000
108 109 458.000000
587 588 457.000000
670 692 456.000000
142 164 451.000000
1022 10815 450.000000
113 135 446.000000
558 559 440.000000
559 560 440.000000
560 561 440.000000
673 695 436.000000
1211 1212 430.000000
1212 1213 430.000000
1080 1102 427.000000
1024 10755 422.000000
1328 1329 422.000000
1113 1114 419.000000
1114 1115 419.000000
1115 1116 419.000000
897 898 418.000000
476 477 417.000000
1001 10426 417.000000
622 623 415.000000
802 824 415.000000
1021 10694 410.000000
1035 1036 410.000000
496 497 409.000000
493 494 408.000000
494 495 408.000000
495 496 408.000000
101 10549 406.000000
1064 10703 402.000000
1022 10344 394.000000
1002 10100 393.000000
1518 1519 392.000000
8 9 390.000000
10 11 390.000000
648 649 385.000000
11 12 383.000000
1086 10979 381.000000
101 10648 377.000000
101 10599 374.000000
1393 1394 373.000000
234 256 371.000000
428 429 371.000000
429 430 371.000000
430 431 371.000000
939 940 371.000000
940 941 371.000000
1329 1330 369.000000
103 10856 368.000000
1018 1019 365.000000
1024 10466 365.000000
1024 10827 365.000000
1457 1479 365.000000
1091 1092 363.000000
1092 1093 363.000000
1093 1094 363.000000
467 468 362.000000
468 469 362.000000
1220 1221 362.000000
1439 1440 361.000000
1440 1441 361.000000
1441 1442 361.000000
731 753 360.000000
804 826 360.000000
1080 10882 358.000000
1024 10632 356.000000
1024 10649 356.000000
1024 10729 356.000000
1024 10834 356.000000
975 976 355.000000
1045 10793 354.000000
521 522 353.000000
44 65 352.000000
62 63 352.000000
63 64 352.000000
64 65 352.000000
275 276 351.000000
1001 10917 351.000000
1283 1305 350.000000
100 10552 347.000000
1057 10616 347.000000
1116 1117 347.000000
101 10214 343.000000
520 521 343.000000
949 950 342.000000
982 983 340.000000
1014 1015 339.000000
1217 1239 338.000000
1069 10931 336.000000
101 10507 330.000000
714 736 329.000000
223 224 327.000000
101 10144 326.000000
1094 1095 325.000000
564 565 323.000000
579 580 323.000000
1415 1416 323.000000
318 319 322.000000
1046 10498 322.000000
1046 10556 322.000000
48 49 321.000000
317 318 321.000000
1046 10692 321.000000
44 45 320.000000
45 46 320.000000
46 47 320.000000
47 48 320.000000
235 257 320.000000
100 10093 318.000000
176 197 316.000000
192 193 316.000000
193 194 316.000000
194 195 316.000000
195 196 316.000000
196 197 316.000000
101 10261 314.000000
104 10592 314.000000
12 13 313.000000
124 146 311.000000
918 919 310.000000
101 10570 308.000000
101 10688 308.000000
101 10945 308.000000
1058 10602 308.000000
13 14 306.000000
14 15 306.000000
15 16 306.000000
16 17 306.000000
198 199 306.000000
198 219 306.000000
214 215 306.000000
215 216 306.000000
216 217 306.000000
217 218 306.000000
218 219 306.000000
101 10854 305.000000
101 10962 305.000000
199 200 305.000000
1089 10984 305.000000
101 10773 301.000000
176 177 301.000000
1062 10867 301.000000
101 10422 300.000000
1083 10867 299.000000
101 10548 298.000000
177 178 298.000000
178 179 298.000000
100 10572 297.000000
1023 1045 295.000000
1540 1561 295.000000
1558 1559 295.000000
1559 1560 295.000000
1560 1561 295.000000
1004 1005 294.000000
1005 1006 294.000000
100 10611 292.000000
101 10370 292.000000
148 149 292.000000
961 962 292.000000
962 963 292.000000
608 609 291.000000
983 984 288.000000
984 985 288.000000
1547 1548 288.000000
1000 10661 287.000000
1394 1395 286.000000
1547 1569 286.000000
498 520 285.000000
1089 10905 285.000000
1047 10541 284.000000
1047 10743 284.000000
1047 10828 284.000000
1257 1258 284.000000
57 79 283.000000
207 208 283.000000
1458 1459 282.000000
449 450 281.000000
1282 1304 281.000000
1416 1417 280.000000
1503 1525 280.000000
975 997 277.000000
783 805 276.000000
716 738 275.000000
1078 1099 275.000000
1095 1096 275.000000
1096 1097 275.000000
1097 1098 275.000000
1098 1099 275.000000
1003 10533 273.000000
1568 1569 273.000000
960 961 271.000000
1100 1121 267.000000
1117 1118 267.000000
1118 1119 267.000000
1119 1120 267.000000
1120 1121 267.000000
1006 10378 266.000000
1089 10994 264.000000
533 534 262.000000
1026 10324 262.000000
738 739 254.000000
543 565 252.000000
1024 10356 252.000000
1068 10803 252.000000
1029 10874 251.000000
586 608 250.000000
775 797 248.000000
1068 10749 248.000000
1068 10797 247.000000
158 180 246.000000
1068 10937 246.000000
1238 1260 244.000000
475 476 243.000000
948 949 243.000000
100 10021 239.000000
454 476 236.000000
671 693 236.000000
72 94 235.000000
1026 10294 235.000000
1026 10541 235.000000
1026 10743 235.000000
1026 10828 235.000000
1540 1541 235.000000
528 550 234.000000
1036 10882 234.000000
1042 10811 233.000000
1192 1214 233.000000
1544 1566 233.000000
1002 10153 232.000000
476 498 231.000000
455 477 230.000000
1046 10533 229.000000
542 564 227.000000
1068 10899 227.000000
456 457 226.000000
1068 10761 226.000000
1089 10991 226.000000
463 464 225.000000
464 465 225.000000
465 466 225.000000
466 467 225.000000
230 252 224.000000
1002 10924 223.000000
827 849 222.000000
1063 10908 222.000000
29 30 221.000000
30 31 221.000000
31 32 221.000000
32 33 221.000000
71 93 221.000000
840 841 221.000000
1024 10809 221.000000
453 475 220.000000
1081 1103 220.000000
1056 1077 218.000000
1074 1075 218.000000
1075 1076 218.000000
1076 1077 218.000000
1024 10923 216.000000
497 519 215.000000
1056 1057 215.000000
1170 1192 215.000000
1042 10721 214.000000
33 34 213.000000
1024 10461 213.000000
1024 10770 213.000000
1045 10809 213.000000
406 407 211.000000
407 408 211.000000
408 409 211.000000
110 111 209.000000
110 131 209.000000
111 112 209.000000
112 113 209.000000
127 128 209.000000
128 129 209.000000
129 130 209.000000
130 131 209.000000
1002 10923 209.000000
1072 10874 209.000000
672 694 208.000000
956 978 208.000000
1500 1522 208.000000
1089 10915 207.000000
1198 1220 207.000000
1079 10896 205.000000
1089 10907 205.000000
1002 10770 204.000000
1002 10625 203.000000
1002 10682 203.000000
1417 1418 203.000000
1418 1419 203.000000
1419 1420 203.000000
1420 1421 203.000000
100 10655 202.000000
104 10555 202.000000
1042 10446 202.000000
1044 10668 202.000000
100 10884 201.000000
500 501 201.000000
1022 10417 201.000000
1046 10961 201.000000
1089 10918 201.000000
100 10537 200.000000
1014 10381 199.000000
1088 1110 199.000000
1024 10625 197.000000
1024 10682 197.000000
34 35 196.000000
1433 1455 196.000000
35 36 195.000000
36 37 195.000000
37 38 195.000000
101 10562 195.000000
871 872 195.000000
1090 1112 195.000000
1045 10461 194.000000
534 535 192.000000
761 783 192.000000
1068 10887 192.000000
1213 1214 192.000000
192 214 191.000000
1002 10503 191.000000
1003 10927 191.000000
912 934 190.000000
432 433 189.000000
433 434 189.000000
1001 10609 189.000000
1068 10812 189.000000
1068 10845 189.000000
1068 10959 189.000000
850 851 188.000000
1068 10840 188.000000
872 873 187.000000
863 885 186.000000
1026 10534 185.000000
114 136 184.000000
1459 1460 184.000000
1045 10620 183.000000
431 432 182.000000
873 874 181.000000
1025 10251 181.000000
1453 1454 181.000000
1046 10633 180.000000
1046 10674 180.000000
1085 10903 178.000000
235 236 177.000000
1002 10108 177.000000
1029 1051 176.000000
1044 10917 176.000000
1063 10724 176.000000
100 10630 175.000000
1072 1073 175.000000
1073 1074 175.000000
17 39 174.000000
48 70 173.000000
1064 10883 173.000000
166 188 172.000000
297 319 171.000000
470 471 171.000000
1562 1583 171.000000
1579 1580 171.000000
1580 1581 171.000000
1581 1582 171.000000
1582 1583 171.000000
243 244 170.000000
101 10768 169.000000
897 919 168.000000
1068 10737 167.000000
61 62 166.000000
905 927 166.000000
167 189 165.000000
1046 10471 165.000000
1068 10936 165.000000
1307 1308 165.000000
694 716 164.000000
1003 10961 164.000000
1089 10930 163.000000
104 10896 162.000000
1002 10620 162.000000
1068 10764 162.000000
1068 10907 162.000000
1345 1367 162.000000
1002 10456 160.000000
1035 10896 160.000000
1002 10981 157.000000
1026 10931 157.000000
1344 1345 157.000000
122 144 156.000000
1046 10494 156.000000
1046 10615 156.000000
1046 10622 156.000000
1046 10675 156.000000
1046 10739 156.000000
1046 10787 156.000000
1046 10795 156.000000
1046 10802 156.000000
1046 10847 156.000000
1046 10990 156.000000
1064 10810 156.000000
1068 10915 156.000000
126 127 155.000000
170 192 155.000000
1046 10801 155.000000
1035 1057 154.000000
1035 10555 154.000000
115 137 153.000000
1043 10815 153.000000
1089 10926 153.000000
1089 10958 153.000000
1090 10986 153.000000
100 10843 152.000000
265 266 152.000000
1068 10723 151.000000
1068 10926 151.000000
1068 10958 151.000000
782 804 149.000000
1194 1216 149.000000
210 232 147.000000
1046 1068 147.000000
492 493 146.000000
1064 10951 146.000000
1064 10969 146.000000
1068 10685 146.000000
253 275 145.000000
1001 10398 144.000000
1089 10983 144.000000
1040 10513 143.000000
1020 10725 141.000000
1064 10816 141.000000
1015 10227 140.000000
1021 10446 140.000000
1068 10983 140.000000
135 157 138.000000
846 868 138.000000
1050 1051 138.000000
1068 10881 138.000000
484 505 137.000000
501 502 137.000000
502 503 137.000000
503 504 137.000000
504 505 137.000000
59 81 136.000000
1068 10695 136.000000
409 431 134.000000
652 653 134.000000
1069 10993 134.000000
1000 10317 133.000000
1023 10917 133.000000
513 535 132.000000
1199 1200 132.000000
1438 1439 132.000000
851 852 131.000000
852 853 131.000000
1018 1040 131.000000
1083 1105 131.000000
209 231 130.000000
971 972 130.000000
1085 10934 130.000000
103 10635 129.000000
1002 10488 129.000000
1562 1563 129.000000
1325 1347 128.000000
489 490 127.000000
490 491 127.000000
319 320 126.000000
320 321 126.000000
321 322 126.000000
941 963 126.000000
1000 10577 126.000000
1432 1454 126.000000
1068 10787 125.000000
774 775 124.000000
1012 1033 124.000000
1020 10718 124.000000
1024 10924 124.000000
1029 1030 124.000000
1030 1031 124.000000
1031 1032 124.000000
1032 1033 124.000000
1020 10640 123.000000
105 10639 122.000000
541 563 122.000000
1020 10250 122.000000
1020 10568 122.000000
1020 10664 122.000000
1020 10965 122.000000
1025 10737 122.000000
1068 10801 122.000000
1124 1146 122.000000
419 420 121.000000
420 421 121.000000
421 422 121.000000
422 423 121.000000
423 424 121.000000
424 425 121.000000
528 549 121.000000
544 545 121.000000
545 546 121.000000
546 547 121.000000
547 548 121.000000
548 549 121.000000
847 869 121.000000
1040 10908 121.000000
1041 10575 121.000000
1068 10990 121.000000
1022 10661 120.000000
1065 10901 120.000000
1068 10739 120.000000
1068 10795 120.000000
1068 10802 120.000000
1068 10847 120.000000
946 947 119.000000
946 967 119.000000
947 948 119.000000
963 964 119.000000
964 965 119.000000
965 966 119.000000
966 967 119.000000
1041 10788 119.000000
1064 10745 119.000000
1064 10946 119.000000
26 48 118.000000
539 561 118.000000
1012 1013 118.000000
1022 10459 118.000000
34 56 117.000000
485 486 117.000000
486 487 117.000000
487 488 117.000000
488 489 117.000000
1065 10982 117.000000
1133 1134 117.000000
257 279 116.000000
1050 10874 116.000000
605 627 115.000000
819 841 115.000000
1064 10949 115.000000
1068 10728 115.000000
1100 1101 115.000000
1019 10724 113.000000
82 83 112.000000
1236 1258 112.000000
1024 10620 111.000000
1132 1154 111.000000
123 145 110.000000
1068 10754 110.000000
1090 10993 110.000000
448 449 109.000000
1025 10812 109.000000
1025 10840 109.000000
1025 10845 109.000000
1090 10929 109.000000
1144 1165 109.000000
1161 1162 109.000000
1162 1163 109.000000
1163 1164 109.000000
1164 1165 109.000000
522 523 108.000000
523 524 108.000000
524 525 108.000000
525 526 108.000000
526 527 108.000000
1025 10936 108.000000
1090 10987 108.000000
469 470 107.000000
1144 1145 107.000000
1025 10296 106.000000
1025 10309 106.000000
1025 10420 106.000000
1025 10657 106.000000
1025 10761 106.000000
1025 10899 106.000000
1047 10931 106.000000
1085 10902 106.000000
1264 1265 106.000000
168 190 105.000000
585 607 105.000000
1025 10304 105.000000
1025 10887 105.000000
1025 10959 105.000000
1564 1565 105.000000
1565 1566 105.000000
242 243 104.000000
565 566 104.000000
1004 10324 104.000000
1047 10534 104.000000
1003 1025 103.000000
1020 10522 102.000000
1068 10966 102.000000
1370 1392 102.000000
38 39 100.000000
692 714 100.000000
1041 10565 100.000000
688 710 99.000000
915 937 99.000000
1041 10903 99.000000
1089 10966 99.000000
1156 1157 99.000000
1157 1158 99.000000
1158 1159 99.000000
1159 1160 99.000000
1160 1161 99.000000
1286 1287 99.000000
1021 10415 98.000000
1042 10821 98.000000
1046 10918 98.000000
243 265 96.000000
565 587 96.000000
1020 10645 96.000000
1020 10841 96.000000
1021 1043 96.000000
1150 1172 96.000000
1460 1461 96.000000
890 912 95.000000
1085 10921 95.000000
1110 1132 95.000000
397 398 94.000000
398 399 94.000000
399 400 94.000000
400 401 94.000000
401 402 94.000000
402 403 94.000000
403 404 94.000000
1020 10509 94.000000
1043 10819 94.000000
1085 10877 94.000000
1199 1221 94.000000
136 158 93.000000
213 214 93.000000
471 472 93.000000
472 473 93.000000
473 474 93.000000
695 696 93.000000
1260 1282 93.000000
1327 1349 93.000000
826 848 92.000000
1068 10918 92.000000
279 280 90.000000
280 281 90.000000
1013 1014 90.000000
1041 10726 90.000000
1347 1369 90.000000
1563 1564 90.000000
1025 10533 89.000000
1025 10961 89.000000
264 285 88.000000
281 282 88.000000
282 283 88.000000
283 284 88.000000
284 285 88.000000
1065 10979 88.000000
1460 1482 88.000000
753 775 87.000000
1020 10268 87.000000
1020 10603 87.000000
1020 10738 87.000000
1020 10808 87.000000
1020 10877 87.000000
1369 1391 87.000000
862 884 86.000000
1020 10380 86.000000
1021 10752 86.000000
1085 1107 86.000000
627 649 85.000000
1020 10225 85.000000
1020 10298 85.000000
1020 10484 85.000000
1020 10505 85.000000
1020 10934 85.000000
1021 10249 85.000000
1041 10539 85.000000
1066 10985 85.000000
242 263 84.000000
257 258 84.000000
258 259 84.000000
259 260 84.000000
260 261 84.000000
261 262 84.000000
262 263 84.000000
782 783 84.000000
1020 10450 84.000000
1020 10506 84.000000
1020 10775 84.000000
1020 10783 84.000000
1042 10955 84.000000
1068 10869 84.000000
474 475 82.000000
1046 10524 82.000000
1046 10707 82.000000
1046 10812 82.000000
1046 10840 82.000000
1046 10845 82.000000
1046 10869 82.000000
1046 10959 82.000000
1064 10752 82.000000
126 148 81.000000
717 718 81.000000
933 955 81.000000
1235 1257 81.000000
1046 10526 80.000000
1046 10991 80.000000
1043 10618 79.000000
1043 10689 79.000000
1043 10850 79.000000
1046 10737 79.000000
1046 10936 79.000000
1166 1167 79.000000
104 126 78.000000
200 201 78.000000
1021 10627 78.000000
1518 1539 78.000000
1536 1537 78.000000
1536 1558 78.000000
1537 1538 78.000000
1538 1539 78.000000
369 391 77.000000
409 410 77.000000
660 661 77.000000
661 662 77.000000
662 663 77.000000
663 664 77.000000
664 665 77.000000
1041 10831 77.000000
1042 10659 77.000000
1042 10681 77.000000
1066 10668 77.000000
1242 1264 77.000000
211 233 76.000000
1021 10413 76.000000
100 10197 75.000000
146 168 75.000000
266 267 75.000000
267 268 75.000000
268 269 75.000000
269 270 75.000000
270 271 75.000000
271 272 75.000000
272 273 75.000000
1020 10902 75.000000
528 529 74.000000
529 530 74.000000
530 531 74.000000
531 532 74.000000
532 533 74.000000
801 823 74.000000
1021 10529 74.000000
1021 10665 74.000000
1046 10657 74.000000
1046 10761 74.000000
1046 10899 74.000000
1188 1189 74.000000
1368 1390 74.000000
397 419 73.000000
1014 10592 73.000000
275 297 72.000000
1020 10476 72.000000
1020 10848 72.000000
1020 10921 72.000000
1302 1324 72.000000
100 10209 71.000000
100 10838 71.000000
1436 1458 71.000000
12 34 70.000000
179 201 70.000000
534 556 70.000000
630 652 70.000000
868 890 70.000000
1014 10220 70.000000
1026 10578 70.000000
1046 10887 70.000000
1068 10707 70.000000
100 10135 69.000000
100 10235 69.000000
100 10478 69.000000
100 10823 69.000000
873 895 69.000000
1068 10991 69.000000
264 265 68.000000
1063 10664 68.000000
1063 10788 68.000000
1063 10965 68.000000
484 485 67.000000
824 846 67.000000
1064 10955 67.000000
105 10596 66.000000
477 499 66.000000
583 605 66.000000
1025 1047 66.000000
462 463 65.000000
60 82 64.000000
566 567 64.000000
567 568 64.000000
568 569 64.000000
569 570 64.000000
570 571 64.000000
924 925 64.000000
924 945 64.000000
925 926 64.000000
942 943 64.000000
943 944 64.000000
944 945 64.000000
1026 10778 64.000000
693 715 63.000000
405 406 62.000000
1474 1475 62.000000
1543 1565 62.000000
573 574 61.000000
574 575 61.000000
575 576 61.000000
576 577 61.000000
577 578 61.000000
1301 1323 61.000000
506 527 60.000000
926 927 60.000000
1058 10882 60.000000
410 411 59.000000
1064 10821 59.000000
127 149 58.000000
970 971 58.000000
1003 10273 58.000000
374 395 57.000000
391 392 57.000000
392 393 57.000000
393 394 57.000000
394 395 57.000000
851 873 57.000000
872 894 57.000000
1002 1024 57.000000
1065 10819 57.000000
39 61 56.000000
871 893 56.000000
1064 10811 56.000000
1173 1195 56.000000
440 461 55.000000
457 458 55.000000
458 459 55.000000
459 460 55.000000
460 461 55.000000
649 671 55.000000
652 674 55.000000
781 803 55.000000
970 992 55.000000
521 543 54.000000
566 588 54.000000
827 828 54.000000
828 829 54.000000
829 830 54.000000
830 831 54.000000
932 954 54.000000
955 977 54.000000
1064 10694 54.000000
1069 10987 54.000000
101 10480 53.000000
434 435 53.000000
491 492 53.000000
1025 10259 53.000000
1063 10921 53.000000
1064 10659 53.000000
101 10884 52.000000
212 234 52.000000
665 666 52.000000
1004 10436 52.000000
1064 10721 52.000000
1101 1123 52.000000
911 933 51.000000
954 976 51.000000
738 760 50.000000
1064 10681 50.000000
1479 1501 50.000000
850 872 49.000000
1020 10777 49.000000
1065 10689 49.000000
1065 10850 49.000000
1195 1217 49.000000
244 245 48.000000
522 544 48.000000
629 651 48.000000
696 697 48.000000
697 698 48.000000
698 699 48.000000
699 700 48.000000
700 701 48.000000
701 702 48.000000
702 703 48.000000
1042 10554 48.000000
411 412 47.000000
1020 10810 47.000000
1063 10726 47.000000
1063 10831 47.000000
1107 1129 47.000000
1261 1283 47.000000
190 212 46.000000
544 566 46.000000
809 831 46.000000
880 881 46.000000
880 901 46.000000
881 882 46.000000
898 899 46.000000
899 900 46.000000
900 901 46.000000
1066 10661 46.000000
1414 1436 46.000000
208 230 45.000000
273 274 45.000000
347 369 45.000000
882 883 45.000000
941 942 45.000000
1280 1302 45.000000
1522 1544 45.000000
325 347 44.000000
814 815 44.000000
814 835 44.000000
815 816 44.000000
816 817 44.000000
817 818 44.000000
831 832 44.000000
832 833 44.000000
833 834 44.000000
834 835 44.000000
1026 10751 44.000000
1046 10981 44.000000
1089 1111 44.000000
957 979 43.000000
609 631 42.000000
845 867 42.000000
1000 1022 42.000000
1000 10199 42.000000
1020 10277 42.000000
1024 10947 42.000000
1041 10811 42.000000
1044 1066 42.000000
1057 10896 42.000000
1303 1325 42.000000
323 324 41.000000
324 325 41.000000
564 586 41.000000
1024 10762 41.000000
1042 1064 41.000000
1371 1393 41.000000
73 95 40.000000
120 142 40.000000
578 579 40.000000
906 928 40.000000
805 806 39.000000
806 807 39.000000
807 808 39.000000
808 809 39.000000
876 898 39.000000
883 884 39.000000
888 910 39.000000
1004 10155 39.000000
1004 10583 39.000000
1122 1143 39.000000
1134 1135 39.000000
1135 1136 39.000000
1136 1137 39.000000
1137 1138 39.000000
1138 1139 39.000000
1139 1140 39.000000
1140 1141 39.000000
1141 1142 39.000000
1142 1143 39.000000
1046 10466 38.000000
1046 10827 38.000000
1413 1435 38.000000
77 99 37.000000
412 413 37.000000
499 521 37.000000
689 711 37.000000
587 609 36.000000
1041 1063 36.000000
1431 1432 36.000000
1431 1453 36.000000
780 802 35.000000
1021 10392 35.000000
213 235 34.000000
606 628 34.000000
737 759 34.000000
1079 1101 34.000000
29 51 33.000000
121 143 33.000000
853 854 33.000000
1020 10883 33.000000
1091 10931 33.000000
22 44 32.000000
363 364 32.000000
364 365 32.000000
365 366 32.000000
366 367 32.000000
367 368 32.000000
368 369 32.000000
418 439 32.000000
435 436 32.000000
436 437 32.000000
437 438 32.000000
438 439 32.000000
893 915 32.000000
974 996 32.000000
1014 10258 32.000000
1019 10361 32.000000
1020 10270 32.000000
1020 10280 32.000000
1020 10369 32.000000
1020 10745 32.000000
1021 10901 32.000000
1021 10982 32.000000
562 584 31.000000
710 732 31.000000
796 797 31.000000
1020 10256 31.000000
1020 10331 31.000000
1020 10357 31.000000
1020 10946 31.000000
1020 10949 31.000000
1020 10951 31.000000
1020 10969 31.000000
1021 10542 31.000000
1021 10554 31.000000
1151 1173 31.000000
1518 1540 31.000000
645 667 30.000000
854 876 30.000000
1019 10565 30.000000
1020 10681 30.000000
1021 10330 30.000000
1025 10403 30.000000
1025 10607 30.000000
1086 1108 30.000000
404 405 29.000000
462 483 29.000000
479 480 29.000000
480 481 29.000000
481 482 29.000000
482 483 29.000000
520 542 29.000000
1001 1023 29.000000
1065 10953 29.000000
1068 10755 29.000000
1476 1498 29.000000
1482 1483 29.000000
1483 1484 29.000000
1484 1485 29.000000
1485 1486 29.000000
1525 1526 29.000000
169 191 28.000000
220 221 28.000000
220 241 28.000000
236 237 28.000000
237 238 28.000000
238 239 28.000000
239 240 28.000000
240 241 28.000000
602 624 28.000000
1006 1007 28.000000
1013 1035 28.000000
1020 10703 28.000000
1020 10816 28.000000
440 441 27.000000
478 479 27.000000
1002 10078 27.000000
1085 10955 27.000000
1367 1389 27.000000
191 213 26.000000
221 243 26.000000
418 419 26.000000
557 579 26.000000
623 645 26.000000
875 897 26.000000
935 957 26.000000
968 969 26.000000
968 989 26.000000
969 970 26.000000
985 986 26.000000
986 987 26.000000
987 988 26.000000
988 989 26.000000
186 208 25.000000
322 323 25.000000
413 435 25.000000
432 454 25.000000
506 528 25.000000
665 687 25.000000
853 875 25.000000
990 991 25.000000
991 992 25.000000
1090 10937 25.000000
309 310 24.000000
310 311 24.000000
311 312 24.000000
312 313 24.000000
313 314 24.000000
314 315 24.000000
315 316 24.000000
316 317 24.000000
867 889 24.000000
902 903 24.000000
902 923 24.000000
903 904 24.000000
904 905 24.000000
919 920 24.000000
920 921 24.000000
921 922 24.000000
922 923 24.000000
1000 10613 24.000000
1001 10696 24.000000
1025 10995 24.000000
1102 1124 24.000000
1411 1433 24.000000
1456 1478 24.000000
1478 1500 24.000000
1024 10409 23.000000
1046 10632 23.000000
1046 10649 23.000000
1046 10729 23.000000
1046 10834 23.000000
1068 10827 23.000000
441 442 22.000000
442 443 22.000000
443 444 22.000000
444 445 22.000000
445 446 22.000000
446 447 22.000000
447 448 22.000000
1063 10645 22.000000
1063 10775 22.000000
1063 10783 22.000000
1063 10841 22.000000
1090 10990 22.000000
934 956 21.000000
1063 10903 21.000000
1106 1128 21.000000
1373 1374 21.000000
1410 1411 21.000000
242 264 20.000000
515 537 20.000000
558 580 20.000000
644 666 20.000000
1007 10090 20.000000
1063 1085 20.000000
1063 10738 20.000000
1063 10808 20.000000
1063 10848 20.000000
1063 10877 20.000000
1063 10934 20.000000
384 385 19.000000
385 386 19.000000
386 387 19.000000
387 388 19.000000
388 389 19.000000
389 390 19.000000
390 391 19.000000
431 453 19.000000
500 522 19.000000
1004 1026 19.000000
1004 10578 19.000000
1004 10778 19.000000
1007 1008 19.000000
1008 1009 19.000000
1009 1010 19.000000
1010 1011 19.000000
1022 10668 19.000000
1068 10809 19.000000
410 432 18.000000
478 500 18.000000
550 571 18.000000
666 688 18.000000
736 758 18.000000
959 981 18.000000
1002 10997 18.000000
1042 10901 18.000000
1046 10770 18.000000
1046 10923 18.000000
1047 1069 18.000000
1304 1326 18.000000
1000 10985 17.000000
1024 10470 17.000000
1024 10998 17.000000
1062 1084 17.000000
732 754 16.000000
825 847 16.000000
1015 1037 16.000000
1034 1035 16.000000
1046 10620 16.000000
1078 1079 16.000000
1279 1280 16.000000
33 55 15.000000
154 176 15.000000
651 673 15.000000
1021 10487 15.000000
1021 10618 15.000000
1021 10689 15.000000
1021 10850 15.000000
1025 10273 15.000000
1041 10946 15.000000
1042 10982 15.000000
1046 10503 15.000000
1090 10959 15.000000
1090 10991 15.000000
0 1562 14.000000
147 169 14.000000
165 187 14.000000
425 426 14.000000
1041 10640 14.000000
1041 10718 14.000000
1041 10902 14.000000
1041 10949 14.000000
1041 10951 14.000000
1041 10969 14.000000
1043 10953 14.000000
1046 10625 14.000000
1046 10682 14.000000
1058 1080 14.000000
1068 10793 14.000000
1126 1148 14.000000
1216 1238 14.000000
1348 1370 14.000000
1004 10751 13.000000
1019 1041 13.000000
1025 10456 13.000000
1025 10503 13.000000
1034 1055 13.000000
1042 10542 13.000000
1051 1052 13.000000
1052 1053 13.000000
1053 1054 13.000000
1054 1055 13.000000
1085 10951 13.000000
1085 10969 13.000000
1086 10901 13.000000
1086 10982 13.000000
1088 10917 13.000000
1349 1371 13.000000
300 301 12.000000
411 433 12.000000
433 455 12.000000
519 541 12.000000
550 551 12.000000
551 552 12.000000
552 553 12.000000
553 554 12.000000
556 578 12.000000
1001 10432 12.000000
1001 10486 12.000000
1001 10593 12.000000
1001 10619 12.000000
1001 10879 12.000000
1002 10470 12.000000
1002 10481 12.000000
1002 10762 12.000000
1002 10998 12.000000
1007 10085 12.000000
1020 10659 12.000000
1020 10721 12.000000
1020 10955 12.000000
1035 10592 12.000000
1043 10459 12.000000
1044 10577 12.000000
1063 10703 12.000000
1063 10816 12.000000
1305 1327 12.000000
426 427 11.000000
475 497 11.000000
1002 10083 11.000000
1002 10947 11.000000
1020 10811 11.000000
1025 10981 11.000000
1035 10381 11.000000
1041 10745 11.000000
1044 10985 11.000000
1057 1079 11.000000
1068 10770 11.000000
1068 10923 11.000000
1070 10743 11.000000
1070 10828 11.000000
1351 1352 11.000000
35 57 10.000000
54 76 10.000000
76 98 10.000000
375 397 10.000000
412 434 10.000000
434 456 10.000000
554 555 10.000000
555 556 10.000000
869 891 10.000000
1019 10726 10.000000
1019 10831 10.000000
1041 10450 10.000000
1068 10729 10.000000
1068 10834 10.000000
1085 10946 10.000000
1085 10949 10.000000
1329 1351 10.000000
1480 1502 10.000000
917 939 9.000000
1041 10568 9.000000
1041 10664 9.000000
1041 10965 9.000000
1042 10529 9.000000
1042 10665 9.000000
1042 10752 9.000000
1523 1545 9.000000
491 513 8.000000
616 637 8.000000
632 633 8.000000
633 634 8.000000
634 635 8.000000
635 636 8.000000
636 637 8.000000
1002 10409 8.000000
1003 10047 8.000000
1041 10476 8.000000
1041 10484 8.000000
1041 10505 8.000000
1041 10506 8.000000
1041 10703 8.000000
1041 10775 8.000000
1041 10783 8.000000
1041 10810 8.000000
1041 10816 8.000000
1041 10848 8.000000
1041 10921 8.000000
1059 1081 8.000000
1068 10682 8.000000
1069 10692 8.000000
1069 10959 8.000000
1374 1375 8.000000
1375 1376 8.000000
1376 1377 8.000000
1377 1399 8.000000
1399 1421 8.000000
0 22 7.000000
11 33 7.000000
13 35 7.000000
132 154 7.000000
374 375 7.000000
584 606 7.000000
631 632 7.000000
1000 10668 7.000000
1003 10403 7.000000
1003 10607 7.000000
1007 1029 7.000000
1037 1059 7.000000
1040 10724 7.000000
1041 10522 7.000000
1041 10603 7.000000
1041 10645 7.000000
1041 10725 7.000000
1041 10738 7.000000
1041 10777 7.000000
1041 10808 7.000000
1041 10841 7.000000
1041 10877 7.000000
1041 10934 7.000000
221 222 6.000000
222 223 6.000000
578 600 6.000000
600 622 6.000000
601 623 6.000000
607 629 6.000000
761 762 6.000000
762 763 6.000000
763 764 6.000000
764 765 6.000000
765 787 6.000000
787 809 6.000000
858 859 6.000000
858 879 6.000000
859 860 6.000000
860 861 6.000000
861 862 6.000000
876 877 6.000000
877 878 6.000000
878 879 6.000000
883 905 6.000000
1042 10493 6.000000
1069 10887 6.000000
1084 10908 6.000000
1100 1122 6.000000
1542 1564 6.000000
1 1563 5.000000
484 506 5.000000
608 630 5.000000
616 617 5.000000
617 618 5.000000
618 619 5.000000
619 620 5.000000
620 621 5.000000
621 622 5.000000
687 709 5.000000
926 948 5.000000
1036 1058 5.000000
1040 1062 5.000000
1042 10694 5.000000
1221 1222 5.000000
1222 1223 5.000000
1223 1224 5.000000
1224 1225 5.000000
1225 1226 5.000000
1226 1227 5.000000
1227 1228 5.000000
1228 1229 5.000000
1229 1230 5.000000
1230 1231 5.000000
1541 1563 5.000000
58 80 4.000000
105 127 4.000000
199 221 4.000000
362 363 4.000000
391 413 4.000000
427 428 4.000000
479 501 4.000000
506 507 4.000000
507 508 4.000000
508 509 4.000000
509 510 4.000000
648 670 4.000000
695 717 4.000000
779 801 4.000000
874 875 4.000000
884 906 4.000000
1014 1036 4.000000
1178 1179 4.000000
1179 1180 4.000000
1180 1181 4.000000
1181 1182 4.000000
1182 1183 4.000000
1183 1184 4.000000
1184 1185 4.000000
1185 1186 4.000000
1186 1187 4.000000
1188 1209 4.000000
1200 1201 4.000000
1201 1202 4.000000
1202 1203 4.000000
1203 1204 4.000000
1204 1205 4.000000
1205 1206 4.000000
1206 1207 4.000000
1207 1208 4.000000
1208 1209 4.000000
1281 1303 4.000000
1496 1497 4.000000
177 199 3.000000
303 325 3.000000
375 376 3.000000
376 377 3.000000
377 378 3.000000
378 379 3.000000
379 380 3.000000
380 381 3.000000
381 382 3.000000
382 383 3.000000
462 484 3.000000
579 601 3.000000
594 615 3.000000
609 610 3.000000
610 611 3.000000
611 612 3.000000
612 613 3.000000
613 614 3.000000
614 615 3.000000
650 672 3.000000
660 681 3.000000
674 675 3.000000
675 676 3.000000
676 677 3.000000
677 678 3.000000
678 679 3.000000
679 680 3.000000
680 681 3.000000
757 779 3.000000
823 845 3.000000
836 837 3.000000
836 857 3.000000
837 838 3.000000
838 839 3.000000
839 840 3.000000
854 855 3.000000
855 856 3.000000
856 857 3.000000
875 876 3.000000
889 911 3.000000
1034 1056 3.000000
1064 1086 3.000000
1178 1200 3.000000
1326 1348 3.000000
51 73 2.000000
281 303 2.000000
383 384 2.000000
418 440 2.000000
457 479 2.000000
550 572 2.000000
563 585 2.000000
572 593 2.000000
588 589 2.000000
589 590 2.000000
590 591 2.000000
591 592 2.000000
592 593 2.000000
914 936 2.000000
961 983 2.000000
1061 1083 2.000000
1177 1199 2.000000
1453 1475 2.000000
69 91 1.000000
245 246 1.000000
246 247 1.000000
247 248 1.000000
248 249 1.000000
249 250 1.000000
250 251 1.000000
251 252 1.000000
301 302 1.000000
302 303 1.000000
344 345 1.000000
345 346 1.000000
346 347 1.000000
419 441 1.000000
496 518 1.000000
540 562 1.000000
580 602 1.000000
622 644 1.000000
792 793 1.000000
792 813 1.000000
793 794 1.000000
794 795 1.000000
795 796 1.000000
809 810 1.000000
810 811 1.000000
811 812 1.000000
812 813 1.000000
882 904 1.000000
904 926 1.000000
971 993 1.000000
1177 1178 1.000000
1366 1367 1.000000
1452 1453 1.000000
1452 1473 1.000000
1454 1476 1.000000
1465 1466 1.000000
1466 1467 1.000000
1467 1468 1.000000
1468 1469 1.000000
1469 1470 1.000000
1470 1471 1.000000
1471 1472 1.000000
1472 1473 1.000000
1481 1503 1.000000
