1161 1162 18508.000000
1160 1161 16467.000000
1162 1163 15761.000000
190 191 14354.000000
191 192 14354.000000
192 193 14354.000000
193 194 14073.000000
986 987 13840.000000
1183 1184 13119.000000
189 190 11808.000000
146 147 11275.000000
147 148 11275.000000
148 149 11275.000000
149 150 11271.000000
1159 1160 11266.000000
1181 1182 10864.000000
1007 1008 10774.000000
1182 1183 10473.000000
942 943 10461.000000
1139 1140 10215.000000
12 13 10154.000000
850 851 9994.000000
851 852 9994.000000
145 146 9922.000000
1200 1201 9712.000000
1198 1199 9674.000000
985 986 9639.000000
1199 1200 9199.000000
1201 1202 9196.000000
1331 1332 9119.000000
1332 1333 9119.000000
1205 1206 8816.000000
56 57 8784.000000
100 101 8733.000000
984 985 8633.000000
1180 1181 8529.000000
1204 1205 8516.000000
1202 1203 8126.000000
238 239 8119.000000
1203 1204 8044.000000
150 151 7871.000000
1006 1007 7862.000000
941 942 7705.000000
852 853 7636.000000
34 35 7587.000000
13 14 7570.000000
166 167 7485.000000
943 944 7483.000000
1333 1334 7448.000000
853 854 7404.000000
849 850 7336.000000
1118 1119 7224.000000
1030 1031 7046.000000
1117 1118 6998.000000
806 807 6897.000000
807 808 6897.000000
808 809 6897.000000
167 168 6861.000000
168 169 6861.000000
169 170 6861.000000
170 171 6861.000000
1074 1075 6859.000000
171 172 6855.000000
1116 1117 6806.000000
784 785 6628.000000
785 786 6628.000000
1197 1198 6628.000000
194 195 6547.000000
1138 1139 6463.000000
898 899 6295.000000
1158 1159 6264.000000
233 234 6071.000000
234 235 6071.000000
235 236 6071.000000
236 237 6071.000000
277 278 5989.000000
278 279 5989.000000
279 280 5989.000000
280 281 5989.000000
1005 1006 5909.000000
1029 1030 5892.000000
10 11 5875.000000
848 849 5870.000000
1008 1009 5687.000000
1140 1141 5577.000000
1137 1138 5558.000000
239 240 5535.000000
1031 1032 5465.000000
1334 1335 5375.000000
1179 1180 5360.000000
1335 1336 5347.000000
897 898 5328.000000
1336 1337 5277.000000
1226 1227 5232.000000
11 12 5218.000000
1176 1177 5187.000000
1177 1178 5187.000000
919 920 5174.000000
211 212 5164.000000
212 213 5164.000000
213 214 5164.000000
214 215 5164.000000
987 988 5107.000000
281 282 5099.000000
1136 1137 5075.000000
940 941 5010.000000
1115 1116 4977.000000
1178 1179 4962.000000
1225 1226 4894.000000
1073 1074 4883.000000
1247 1248 4849.000000
78 79 4820.000000
980 981 4775.000000
981 982 4775.000000
982 983 4775.000000
1248 1249 4771.000000
172 173 4698.000000
237 238 4531.000000
282 283 4489.000000
1486 1487 4485.000000
1249 1250 4454.000000
1309 1310 4441.000000
918 919 4381.000000
988 989 4350.000000
1227 1228 4347.000000
899 900 4324.000000
828 829 4265.000000
829 830 4265.000000
1221 1222 4222.000000
240 241 4215.000000
325 326 4209.000000
964 965 4201.000000
208 209 4196.000000
920 921 4178.000000
8 9 4136.000000
1075 1076 4091.000000
1375 1376 4071.000000
1376 1377 4020.000000
1485 1486 3999.000000
1224 1225 3993.000000
1175 1176 3982.000000
963 964 3969.000000
151 152 3920.000000
827 828 3867.000000
1028 1029 3867.000000
1270 1271 3835.000000
1222 1223 3766.000000
763 764 3724.000000
764 765 3724.000000
805 806 3719.000000
77 78 3691.000000
35 36 3673.000000
1246 1247 3670.000000
195 196 3669.000000
809 810 3668.000000
717 718 3647.000000
57 79 3635.000000
854 855 3631.000000
921 922 3628.000000
1032 1033 3625.000000
810 811 3620.000000
1465 1466 3607.000000
100 122 3602.000000
144 145 3580.000000
783 784 3577.000000
1310 1311 3568.000000
1071 1072 3542.000000
1312 1313 3494.000000
635 636 3486.000000
1157 1158 3479.000000
1269 1270 3473.000000
1311 1312 3410.000000
979 980 3383.000000
762 763 3363.000000
1421 1422 3362.000000
1313 1314 3337.000000
101 102 3327.000000
871 872 3309.000000
872 873 3309.000000
873 874 3309.000000
761 762 3308.000000
1377 1378 3304.000000
188 189 3299.000000
1072 1073 3280.000000
124 125 3264.000000
125 126 3264.000000
126 127 3264.000000
127 128 3264.000000
1466 1467 3264.000000
656 657 3244.000000
983 984 3237.000000
1075 1097 3230.000000
210 211 3203.000000
962 963 3161.000000
1009 1010 3157.000000
900 922 3146.000000
1001 1002 3143.000000
1002 1003 3143.000000
1003 1004 3143.000000
1004 1005 3143.000000
1154 1155 3128.000000
1155 1156 3124.000000
1156 1157 3122.000000
1464 1465 3070.000000
786 787 3052.000000
1268 1269 3038.000000
1219 1220 3015.000000
1220 1221 3015.000000
1223 1224 3012.000000
657 658 2986.000000
165 166 2984.000000
1050 1051 2984.000000
1287 1288 2981.000000
1288 1289 2981.000000
215 216 2933.000000
1420 1421 2927.000000
1049 1050 2899.000000
283 284 2823.000000
1265 1266 2772.000000
259 260 2737.000000
1135 1136 2733.000000
1378 1379 2715.000000
123 124 2698.000000
220 241 2694.000000
1353 1354 2657.000000
216 217 2651.000000
1241 1242 2606.000000
1242 1243 2606.000000
57 58 2598.000000
255 256 2597.000000
256 257 2597.000000
257 258 2597.000000
258 259 2597.000000
1484 1485 2546.000000
282 304 2523.000000
232 233 2512.000000
592 593 2511.000000
804 805 2510.000000
1095 1096 2506.000000
1052 1053 2497.000000
1419 1420 2487.000000
209 210 2465.000000
893 894 2451.000000
894 895 2451.000000
895 896 2451.000000
1355 1356 2443.000000
1153 1154 2437.000000
1528 1529 2427.000000
1289 1290 2420.000000
1094 1095 2387.000000
1314 1315 2384.000000
831 832 2377.000000
1551 1552 2373.000000
1487 1488 2362.000000
1507 1508 2361.000000
1527 1528 2361.000000
1291 1292 2360.000000
1508 1509 2353.000000
1051 1052 2343.000000
914 915 2341.000000
915 916 2341.000000
916 917 2341.000000
1292 1293 2329.000000
1463 1464 2323.000000
1379 1380 2318.000000
896 897 2315.000000
943 965 2313.000000
220 221 2311.000000
632 633 2285.000000
633 634 2285.000000
33 34 2271.000000
55 56 2263.000000
1010 1011 2228.000000
634 635 2210.000000
1462 1463 2205.000000
968 989 2204.000000
1096 1097 2195.000000
1163 1164 2177.000000
196 197 2176.000000
1218 1219 2173.000000
1354 1355 2165.000000
740 741 2157.000000
741 742 2157.000000
742 743 2157.000000
1290 1291 2151.000000
782 783 2149.000000
1266 1267 2149.000000
1162 1184 2143.000000
151 173 2124.000000
1442 1443 2123.000000
787 788 2116.000000
13 35 2111.000000
1196 1197 2103.000000
1550 1551 2095.000000
1023 1024 2094.000000
1024 1025 2094.000000
1025 1026 2094.000000
1206 1228 2086.000000
1132 1133 2084.000000
1133 1134 2084.000000
1134 1135 2084.000000
591 592 2055.000000
788 789 2052.000000
1267 1268 2044.000000
588 589 2040.000000
589 590 2040.000000
590 591 2039.000000
1244 1245 2027.000000
1245 1246 2024.000000
1243 1244 2016.000000
1488 1489 1998.000000
1119 1120 1977.000000
826 827 1942.000000
122 123 1939.000000
14 15 1903.000000
875 876 1895.000000
1027 1028 1888.000000
1529 1530 1884.000000
260 261 1881.000000
261 262 1860.000000
187 188 1852.000000
1309 1331 1837.000000
1418 1419 1825.000000
636 637 1802.000000
252 253 1800.000000
899 921 1795.000000
1443 1444 1781.000000
100 10011 1770.000000
679 680 1761.000000
719 720 1758.000000
720 721 1758.000000
1053 1054 1758.000000
917 918 1757.000000
1356 1357 1750.000000
1357 1358 1732.000000
173 174 1724.000000
1284 1285 1719.000000
1285 1286 1719.000000
1012 1033 1718.000000
12 34 1715.000000
101 123 1708.000000
766 767 1701.000000
830 831 1700.000000
765 766 1696.000000
174 175 1695.000000
658 659 1689.000000
936 937 1677.000000
937 938 1677.000000
938 939 1677.000000
939 940 1677.000000
1286 1287 1658.000000
1263 1264 1643.000000
718 719 1633.000000
53 54 1602.000000
54 55 1602.000000
1397 1398 1562.000000
958 959 1560.000000
959 960 1560.000000
960 961 1560.000000
874 875 1556.000000
1005 10407 1556.000000
1093 1094 1552.000000
1007 10305 1549.000000
230 231 1537.000000
1026 1027 1533.000000
1399 1400 1517.000000
913 914 1516.000000
217 218 1503.000000
1174 1175 1502.000000
231 232 1501.000000
680 681 1501.000000
675 676 1485.000000
676 677 1485.000000
677 678 1485.000000
1141 1142 1475.000000
1530 1531 1467.000000
957 958 1465.000000
854 876 1448.000000
56 78 1424.000000
103 104 1415.000000
104 105 1415.000000
105 106 1415.000000
239 261 1415.000000
152 153 1409.000000
1119 1141 1401.000000
1264 1265 1397.000000
1422 1423 1395.000000
811 812 1392.000000
1120 1121 1378.000000
284 285 1371.000000
253 254 1367.000000
240 262 1366.000000
1006 10254 1366.000000
572 593 1365.000000
613 614 1357.000000
1054 1055 1345.000000
1206 1207 1343.000000
1506 1507 1342.000000
176 197 1341.000000
14 36 1337.000000
701 702 1335.000000
1074 10917 1334.000000
1175 1197 1332.000000
545 546 1327.000000
546 547 1327.000000
547 548 1327.000000
327 328 1317.000000
1076 1077 1311.000000
900 901 1310.000000
700 701 1294.000000
616 637 1273.000000
154 175 1271.000000
132 153 1269.000000
1293 1294 1255.000000
870 871 1253.000000
102 103 1243.000000
1552 1553 1234.000000
1114 1115 1222.000000
326 348 1212.000000
1240 1241 1206.000000
1073 10979 1205.000000
892 893 1194.000000
721 722 1191.000000
789 790 1185.000000
208 230 1177.000000
154 155 1176.000000
723 724 1176.000000
326 327 1154.000000
218 219 1152.000000
1398 1399 1149.000000
653 654 1148.000000
654 655 1148.000000
655 656 1148.000000
722 723 1135.000000
767 768 1129.000000
275 276 1128.000000
276 277 1128.000000
810 832 1127.000000
566 567 1126.000000
567 568 1126.000000
568 569 1126.000000
1088 1089 1126.000000
1089 1090 1126.000000
1090 1091 1126.000000
832 833 1125.000000
106 128 1124.000000
674 675 1124.000000
274 275 1120.000000
1131 1132 1119.000000
570 571 1104.000000
1152 1153 1100.000000
1262 1263 1099.000000
176 177 1096.000000
638 659 1095.000000
52 53 1091.000000
1396 1397 1087.000000
1441 1442 1073.000000
678 679 1069.000000
1423 1424 1065.000000
1444 1445 1057.000000
122 144 1046.000000
550 551 1032.000000
1400 1401 1003.000000
1091 1092 1000.000000
186 187 997.000000
855 877 982.000000
548 549 979.000000
35 57 976.000000
572 573 975.000000
569 570 972.000000
724 725 969.000000
1067 1068 967.000000
1068 1069 967.000000
1069 1070 967.000000
1553 1554 957.000000
739 740 954.000000
112 113 951.000000
113 114 951.000000
114 115 951.000000
115 116 951.000000
116 117 951.000000
117 118 951.000000
118 119 951.000000
119 120 951.000000
550 571 931.000000
254 255 930.000000
652 653 918.000000
164 165 915.000000
1440 1441 905.000000
264 285 903.000000
305 306 898.000000
1401 1402 898.000000
1467 1468 892.000000
198 219 891.000000
304 305 884.000000
961 962 882.000000
702 703 879.000000
79 80 877.000000
369 370 876.000000
1549 1550 875.000000
1531 1532 868.000000
587 588 855.000000
697 698 853.000000
698 699 853.000000
368 369 852.000000
328 329 850.000000
1030 10669 850.000000
1483 1484 847.000000
1070 1071 843.000000
11 33 820.000000
609 610 819.000000
610 611 819.000000
611 612 819.000000
612 613 819.000000
1352 1353 816.000000
121 122 809.000000
1092 1093 808.000000
69 70 806.000000
70 71 806.000000
71 72 806.000000
72 73 806.000000
73 74 806.000000
178 179 806.000000
179 180 806.000000
180 181 806.000000
181 182 806.000000
182 183 806.000000
183 184 806.000000
184 185 806.000000
185 186 806.000000
238 260 796.000000
876 877 795.000000
660 681 788.000000
718 740 782.000000
1144 1165 775.000000
1164 1165 775.000000
306 307 772.000000
123 145 771.000000
264 265 766.000000
614 615 763.000000
1271 1272 756.000000
1006 10659 755.000000
1029 10330 754.000000
968 969 745.000000
586 587 744.000000
110 111 742.000000
1337 1338 736.000000
102 10911 723.000000
1097 1098 717.000000
286 307 716.000000
1044 1045 712.000000
1045 1046 712.000000
1046 1047 712.000000
1047 1048 712.000000
1087 1088 712.000000
1110 1111 710.000000
1111 1112 710.000000
1112 1113 710.000000
74 75 705.000000
75 76 705.000000
651 652 701.000000
1005 10167 698.000000
195 217 693.000000
68 69 690.000000
308 329 690.000000
1005 10298 688.000000
1144 1145 687.000000
145 167 684.000000
1526 1527 683.000000
1176 1198 678.000000
1056 1057 676.000000
616 617 670.000000
1031 10364 666.000000
242 263 663.000000
1113 1114 663.000000
1030 10317 661.000000
196 218 657.000000
1022 1023 657.000000
1056 1077 654.000000
1380 1381 651.000000
1130 1131 649.000000
1028 10401 640.000000
1000 1001 636.000000
262 263 633.000000
25 26 632.000000
26 27 632.000000
27 28 632.000000
28 29 632.000000
1554 1555 632.000000
528 549 627.000000
24 25 625.000000
1358 1359 623.000000
699 700 617.000000
942 964 617.000000
102 10328 616.000000
252 274 615.000000
745 746 615.000000
1100 1121 614.000000
1261 1262 608.000000
744 745 606.000000
1109 1110 602.000000
370 371 585.000000
1007 10421 585.000000
110 131 580.000000
826 848 579.000000
721 743 575.000000
130 131 572.000000
1078 1079 572.000000
1050 10953 562.000000
869 870 561.000000
1026 1048 561.000000
1008 10199 554.000000
1048 1049 549.000000
613 635 539.000000
1012 1013 539.000000
1013 1014 539.000000
743 744 538.000000
198 199 536.000000
348 349 532.000000
132 133 529.000000
101 10241 528.000000
1032 10409 528.000000
243 244 526.000000
244 245 526.000000
245 246 526.000000
246 247 526.000000
247 248 526.000000
248 249 526.000000
249 250 526.000000
250 251 526.000000
120 121 516.000000
631 632 516.000000
1122 1123 516.000000
1552 1574 516.000000
584 585 513.000000
585 586 513.000000
696 697 512.000000
1001 10150 510.000000
1184 1185 503.000000
129 130 502.000000
1007 10953 501.000000
1001 10411 500.000000
1032 1054 498.000000
128 129 495.000000
1029 10627 495.000000
978 979 493.000000
36 58 489.000000
144 166 488.000000
608 609 488.000000
1007 10487 485.000000
1509 1510 485.000000
1100 1101 482.000000
199 200 480.000000
200 201 480.000000
201 202 480.000000
202 203 480.000000
203 204 480.000000
204 205 480.000000
205 206 480.000000
206 207 480.000000
207 208 480.000000
1199 1221 479.000000
347 348 476.000000
811 833 476.000000
1098 1099 476.000000
1265 1287 474.000000
1505 1506 469.000000
348 370 465.000000
746 747 464.000000
1572 1573 458.000000
1057 1079 457.000000
100 10329 454.000000
630 631 440.000000
1078 1099 440.000000
528 529 439.000000
1001 10932 435.000000
1005 10270 429.000000
1122 1143 428.000000
1142 1143 428.000000
935 936 426.000000
1001 10711 426.000000
194 216 425.000000
637 659 425.000000
1006 10901 425.000000
965 966 421.000000
143 144 420.000000
1006 10487 420.000000
1072 1094 420.000000
1029 10459 419.000000
91 92 417.000000
92 93 417.000000
93 94 417.000000
94 95 417.000000
95 96 417.000000
96 97 417.000000
97 98 417.000000
98 99 417.000000
134 135 417.000000
135 136 417.000000
136 137 417.000000
137 138 417.000000
138 139 417.000000
139 140 417.000000
140 141 417.000000
141 142 417.000000
957 979 415.000000
133 134 414.000000
372 373 408.000000
392 393 406.000000
393 394 406.000000
394 395 406.000000
898 920 404.000000
371 372 403.000000
156 157 399.000000
157 158 399.000000
158 159 399.000000
159 160 399.000000
160 161 399.000000
161 162 399.000000
162 163 399.000000
163 164 399.000000
186 208 399.000000
1118 1140 398.000000
1034 1035 397.000000
350 351 396.000000
253 275 395.000000
390 391 392.000000
767 789 390.000000
768 769 389.000000
413 414 388.000000
1145 1146 388.000000
76 77 384.000000
1076 1098 384.000000
1079 10874 384.000000
152 174 382.000000
412 413 380.000000
594 615 374.000000
853 875 373.000000
1034 1055 373.000000
1029 10469 372.000000
1033 10927 372.000000
142 143 365.000000
695 696 363.000000
1043 1044 362.000000
101 10990 359.000000
101 10869 357.000000
1005 10114 356.000000
1283 1284 352.000000
969 970 350.000000
1268 1290 350.000000
1027 10298 348.000000
1066 1067 348.000000
1554 1576 348.000000
1029 10415 347.000000
1009 10947 345.000000
743 765 339.000000
7 8 337.000000
352 373 335.000000
966 967 335.000000
349 350 333.000000
501 502 333.000000
502 503 333.000000
503 504 333.000000
101 10102 332.000000
101 10526 332.000000
101 10991 332.000000
1250 1272 332.000000
199 221 331.000000
101 10524 330.000000
1029 10850 330.000000
101 10666 329.000000
101 10695 329.000000
101 10707 329.000000
101 10764 329.000000
101 10803 329.000000
101 10907 329.000000
101 10915 329.000000
101 10649 328.000000
529 551 328.000000
1022 10635 326.000000
101 10571 325.000000
101 10918 322.000000
101 10564 321.000000
101 10374 320.000000
177 178 320.000000
544 545 320.000000
1102 1103 320.000000
1012 10155 317.000000
1012 10583 317.000000
101 10354 316.000000
101 10546 316.000000
101 10601 316.000000
1489 1490 316.000000
1032 10997 315.000000
1573 1574 314.000000
1000 10161 313.000000
106 107 311.000000
1011 10844 309.000000
1287 1309 308.000000
221 243 307.000000
504 505 307.000000
1032 10481 307.000000
1012 10436 306.000000
1012 10324 305.000000
1067 10731 303.000000
100 10740 301.000000
1029 10413 301.000000
1076 10961 301.000000
1001 10272 300.000000
1001 10474 300.000000
101 10313 299.000000
100 10502 297.000000
1490 1491 297.000000
1491 1492 297.000000
1492 1493 297.000000
101 10723 296.000000
1076 10981 295.000000
682 703 294.000000
193 215 291.000000
100 10078 289.000000
1129 1130 288.000000
1035 10378 286.000000
230 252 285.000000
132 154 284.000000
1023 10731 283.000000
100 10997 282.000000
1030 10668 282.000000
549 571 281.000000
1006 10277 281.000000
1011 10846 281.000000
1033 1055 280.000000
1033 10403 280.000000
1065 1066 280.000000
970 971 278.000000
237 259 277.000000
855 856 277.000000
1217 1218 277.000000
1005 10841 275.000000
1471 1493 275.000000
456 457 273.000000
1469 1470 273.000000
1470 1471 273.000000
221 222 272.000000
222 223 272.000000
223 224 272.000000
224 225 272.000000
225 226 272.000000
226 227 272.000000
227 228 272.000000
228 229 272.000000
229 230 272.000000
1508 1530 271.000000
571 593 270.000000
945 967 270.000000
1465 1487 269.000000
101 10632 268.000000
880 881 268.000000
880 901 268.000000
881 882 268.000000
281 303 266.000000
100 10375 265.000000
944 945 265.000000
1010 10259 265.000000
1010 10995 265.000000
100 10014 264.000000
100 10818 264.000000
1028 10883 264.000000
1000 10276 263.000000
1053 10998 263.000000
1123 1124 263.000000
100 10863 262.000000
261 283 261.000000
1009 10203 260.000000
1009 10358 260.000000
1009 10379 260.000000
1023 10391 260.000000
1009 10863 259.000000
1445 1446 259.000000
107 108 258.000000
241 263 257.000000
262 284 257.000000
673 674 257.000000
1033 10523 257.000000
1173 1174 256.000000
100 10358 255.000000
100 10379 255.000000
102 10511 255.000000
1009 10818 255.000000
34 56 254.000000
768 790 253.000000
1396 1418 253.000000
100 10203 252.000000
12 1574 251.000000
1009 10924 251.000000
990 991 250.000000
991 992 250.000000
1031 10763 250.000000
1031 10895 250.000000
1055 10578 248.000000
1008 10593 247.000000
1008 10619 247.000000
1008 10985 246.000000
1009 10609 246.000000
1008 10894 245.000000
1009 10600 245.000000
1243 1265 244.000000
1101 1102 243.000000
88 89 242.000000
108 109 242.000000
1008 10308 242.000000
1008 10486 242.000000
1030 10577 242.000000
220 242 241.000000
1008 10121 239.000000
1008 10879 239.000000
827 849 237.000000
1009 10488 237.000000
1075 10998 236.000000
518 519 235.000000
519 520 235.000000
616 638 235.000000
1010 10204 235.000000
1023 10590 231.000000
101 10682 230.000000
101 10729 230.000000
101 10834 230.000000
514 515 230.000000
515 516 230.000000
516 517 230.000000
517 518 230.000000
265 266 229.000000
266 267 229.000000
267 268 229.000000
268 269 229.000000
269 270 229.000000
270 271 229.000000
271 272 229.000000
1008 10426 229.000000
1011 10340 229.000000
1103 1104 229.000000
1104 1105 229.000000
1105 1106 229.000000
1106 1107 229.000000
1011 10553 228.000000
100 10481 225.000000
272 273 224.000000
273 274 224.000000
1007 1029 224.000000
1055 10778 224.000000
1057 1058 224.000000
897 919 222.000000
1239 1240 221.000000
765 787 220.000000
766 788 220.000000
1054 10607 219.000000
1008 10364 218.000000
572 594 217.000000
681 703 216.000000
102 10597 214.000000
1010 10678 214.000000
1031 1053 214.000000
1022 10856 213.000000
197 219 212.000000
319 320 212.000000
320 321 212.000000
321 322 212.000000
322 323 212.000000
323 324 212.000000
324 325 212.000000
329 351 212.000000
1077 10778 211.000000
1574 1575 211.000000
102 10536 210.000000
102 10574 210.000000
102 10650 210.000000
1008 10717 210.000000
1009 10398 210.000000
1001 10207 208.000000
528 550 207.000000
102 10443 206.000000
102 10468 206.000000
102 10519 206.000000
102 10860 206.000000
809 831 206.000000
1108 1109 206.000000
1532 1533 205.000000
286 308 204.000000
543 544 204.000000
1009 10696 204.000000
1570 1571 204.000000
1028 10325 202.000000
1008 10113 201.000000
1008 10532 201.000000
1008 10372 200.000000
1008 10977 200.000000
1575 1576 200.000000
1011 10176 199.000000
1011 10293 199.000000
1011 10455 199.000000
1011 10643 199.000000
1031 10502 199.000000
1031 10740 199.000000
102 10904 196.000000
330 351 195.000000
1439 1440 195.000000
1008 10279 194.000000
303 304 193.000000
101 10620 192.000000
1009 10769 192.000000
1031 10894 192.000000
1055 10583 192.000000
1289 1311 192.000000
219 241 191.000000
1031 10717 191.000000
1054 10553 191.000000
1224 1246 190.000000
101 10461 189.000000
101 10809 189.000000
1033 10846 189.000000
1009 10244 188.000000
580 581 187.000000
581 582 187.000000
582 583 187.000000
583 584 187.000000
1076 10936 187.000000
1440 1462 187.000000
143 165 186.000000
1107 1108 186.000000
1007 10469 184.000000
102 10566 182.000000
1075 10762 182.000000
1031 10488 180.000000
1312 1334 180.000000
89 90 179.000000
102 10219 179.000000
1031 10600 179.000000
1031 10924 179.000000
1029 10421 178.000000
1333 1355 178.000000
231 253 176.000000
634 656 174.000000
1067 10711 174.000000
102 10614 173.000000
636 658 173.000000
1571 1572 173.000000
51 52 172.000000
103 10911 172.000000
1033 10844 171.000000
177 199 170.000000
1548 1549 170.000000
1008 10763 169.000000
1008 10895 169.000000
1031 10329 169.000000
1031 10372 169.000000
1031 10375 169.000000
1031 10532 169.000000
1031 10818 169.000000
1031 10977 169.000000
111 112 168.000000
1031 10358 168.000000
1031 10379 168.000000
1031 10863 168.000000
1250 1251 168.000000
722 744 167.000000
1180 1202 167.000000
58 80 165.000000
1012 10751 165.000000
726 747 163.000000
1008 10180 163.000000
1008 10271 163.000000
1008 10347 163.000000
1023 10234 163.000000
110 132 162.000000
1008 10335 162.000000
1072 10850 162.000000
150 172 161.000000
1051 10668 161.000000
1031 10609 160.000000
784 806 159.000000
1008 10218 159.000000
1044 10835 159.000000
1051 10985 159.000000
1008 10702 158.000000
308 330 157.000000
1094 10979 157.000000
242 243 155.000000
1027 10407 155.000000
1190 1191 155.000000
1191 1192 155.000000
1192 1193 155.000000
1193 1194 155.000000
1194 1195 155.000000
442 464 154.000000
1031 10886 154.000000
1032 10995 154.000000
1510 1511 154.000000
102 10826 153.000000
102 10870 153.000000
940 962 153.000000
1009 10363 153.000000
1195 1196 153.000000
1023 10999 152.000000
1053 10762 152.000000
102 10875 150.000000
1030 10702 150.000000
1009 10310 149.000000
153 175 148.000000
1011 10327 148.000000
263 285 147.000000
318 319 147.000000
1052 10696 146.000000
1377 1399 146.000000
101 10827 145.000000
1033 10340 145.000000
1033 10553 145.000000
101 10466 144.000000
101 10755 144.000000
1249 1271 144.000000
102 10806 142.000000
285 307 142.000000
1030 10763 142.000000
1030 10895 142.000000
1067 10932 142.000000
101 10160 141.000000
1011 10523 141.000000
46 68 140.000000
1146 1147 140.000000
1147 1148 140.000000
1148 1149 140.000000
1149 1150 140.000000
1150 1151 140.000000
1511 1512 140.000000
738 739 139.000000
1027 10539 139.000000
1124 1125 139.000000
1125 1126 139.000000
1126 1127 139.000000
1127 1128 139.000000
1128 1129 139.000000
164 186 138.000000
462 463 138.000000
462 483 138.000000
463 464 138.000000
1053 10997 138.000000
704 725 137.000000
1468 1469 137.000000
479 480 136.000000
480 481 136.000000
481 482 136.000000
482 483 136.000000
551 552 136.000000
552 553 136.000000
553 554 136.000000
554 555 136.000000
555 556 136.000000
556 557 136.000000
1074 10985 135.000000
1168 1169 135.000000
1169 1170 135.000000
1170 1171 135.000000
1171 1172 135.000000
1172 1173 135.000000
69 91 134.000000
1032 10488 134.000000
1308 1309 134.000000
574 575 133.000000
575 576 133.000000
576 577 133.000000
577 578 133.000000
578 579 133.000000
878 900 132.000000
1030 10347 132.000000
1078 1100 132.000000
251 252 131.000000
330 352 131.000000
1174 1196 131.000000
1178 1200 131.000000
1044 10944 130.000000
1030 10335 129.000000
1051 10577 129.000000
573 574 128.000000
1504 1505 128.000000
155 156 127.000000
1009 10886 127.000000
1188 1189 127.000000
1188 1209 127.000000
1189 1190 127.000000
1205 1227 127.000000
1207 1208 127.000000
1208 1209 127.000000
891 892 126.000000
1378 1400 126.000000
1014 1036 125.000000
484 505 124.000000
1006 10821 124.000000
1007 10796 124.000000
1014 10378 124.000000
172 194 123.000000
1097 10981 123.000000
1221 1243 123.000000
121 143 122.000000
189 211 122.000000
592 614 121.000000
304 326 120.000000
1185 1186 120.000000
1166 1167 118.000000
1166 1187 118.000000
1167 1168 118.000000
1186 1187 118.000000
1204 1226 117.000000
1006 10982 116.000000
29 30 115.000000
963 985 115.000000
100 10998 114.000000
174 196 114.000000
1005 10136 114.000000
1006 1028 114.000000
1028 10399 114.000000
68 90 113.000000
296 297 113.000000
297 298 113.000000
298 299 113.000000
299 300 113.000000
300 301 113.000000
301 302 113.000000
1028 10369 112.000000
1315 1316 112.000000
529 530 111.000000
601 602 111.000000
602 603 111.000000
603 604 111.000000
604 605 111.000000
1009 10329 110.000000
1009 10375 110.000000
565 566 109.000000
638 660 109.000000
1009 10502 109.000000
1009 10740 109.000000
1071 10725 108.000000
47 48 107.000000
48 49 107.000000
49 50 107.000000
50 51 107.000000
414 415 107.000000
415 416 107.000000
416 417 107.000000
1210 1211 107.000000
100 10609 106.000000
1035 1036 106.000000
100 10947 105.000000
102 10820 105.000000
594 595 105.000000
1028 10946 105.000000
1071 10738 105.000000
100 10924 104.000000
391 392 104.000000
484 485 104.000000
485 486 104.000000
548 570 104.000000
605 606 104.000000
606 607 104.000000
1050 10901 104.000000
623 645 103.000000
971 972 103.000000
972 973 103.000000
973 974 103.000000
974 975 103.000000
975 976 103.000000
976 977 103.000000
90 91 102.000000
100 10083 102.000000
100 10470 102.000000
914 936 102.000000
1005 10386 102.000000
1005 10640 102.000000
1031 10398 102.000000
1048 10565 102.000000
100 10488 101.000000
100 10600 101.000000
100 10762 101.000000
260 282 101.000000
660 661 101.000000
1031 10696 101.000000
946 947 100.000000
946 967 100.000000
1028 10949 100.000000
1059 1060 100.000000
1060 1061 100.000000
1061 1062 100.000000
1062 1063 100.000000
154 176 99.000000
1029 10689 99.000000
1058 1059 99.000000
100 10100 98.000000
579 580 98.000000
1063 1064 98.000000
46 47 97.000000
1139 1161 97.000000
789 811 96.000000
1005 10250 96.000000
1005 10575 96.000000
1005 10842 96.000000
700 722 95.000000
958 980 95.000000
217 239 94.000000
680 702 94.000000
977 978 94.000000
1008 10613 93.000000
1031 10363 92.000000
1064 1065 92.000000
1210 1231 92.000000
1229 1230 92.000000
1230 1231 92.000000
243 265 90.000000
1005 10268 90.000000
1311 1333 90.000000
11 1573 89.000000
111 133 89.000000
102 10767 88.000000
102 10794 88.000000
187 209 88.000000
1053 10886 88.000000
1122 1144 88.000000
1228 1229 88.000000
102 10491 86.000000
130 152 86.000000
856 878 86.000000
458 459 85.000000
459 460 85.000000
460 461 85.000000
1074 10977 85.000000
1151 1152 85.000000
102 10591 84.000000
1023 10411 84.000000
1027 10565 83.000000
1055 10751 83.000000
1183 1205 83.000000
595 596 82.000000
596 597 82.000000
597 598 82.000000
598 599 82.000000
599 600 82.000000
689 690 82.000000
690 691 82.000000
691 692 82.000000
692 693 82.000000
693 694 82.000000
876 898 82.000000
1049 1071 82.000000
1398 1420 82.000000
58 59 81.000000
440 441 81.000000
440 461 81.000000
441 442 81.000000
1049 10509 81.000000
102 10747 80.000000
833 855 80.000000
1006 10249 80.000000
1141 1163 80.000000
198 220 79.000000
527 549 79.000000
762 784 79.000000
1005 10179 79.000000
1005 10568 79.000000
1005 10664 79.000000
1005 10718 79.000000
1005 10788 79.000000
1005 10831 79.000000
1005 10965 79.000000
1006 10681 79.000000
1014 1015 79.000000
1015 1016 79.000000
1016 1017 79.000000
1017 1018 79.000000
1018 1019 79.000000
1019 1020 79.000000
1020 1021 79.000000
1028 10280 78.000000
1116 1138 78.000000
1424 1425 78.000000
302 303 77.000000
1049 10505 77.000000
1049 10506 77.000000
1049 10783 77.000000
1006 10721 76.000000
1007 10979 76.000000
1442 1464 76.000000
30 31 75.000000
31 32 75.000000
32 33 75.000000
102 10963 75.000000
492 493 75.000000
493 494 75.000000
494 495 75.000000
495 496 75.000000
496 497 75.000000
497 498 75.000000
498 499 75.000000
725 747 75.000000
744 766 75.000000
1028 10357 75.000000
1028 10955 75.000000
1029 10542 75.000000
1029 10618 75.000000
1092 1114 75.000000
33 55 74.000000
530 531 74.000000
531 532 74.000000
532 533 74.000000
533 534 74.000000
534 535 74.000000
1071 10842 74.000000
101 10314 73.000000
101 10356 73.000000
101 10439 73.000000
101 10511 73.000000
101 10793 73.000000
101 10820 73.000000
101 10980 73.000000
101 10989 73.000000
505 527 73.000000
1029 10446 73.000000
1031 10310 73.000000
102 124 72.000000
970 992 72.000000
1028 10811 72.000000
1029 10554 72.000000
1049 10775 72.000000
101 10754 70.000000
678 700 70.000000
761 783 70.000000
1051 1073 70.000000
101 10119 69.000000
101 10126 69.000000
101 10292 69.000000
101 10388 69.000000
101 10644 69.000000
101 10652 69.000000
101 10673 69.000000
101 10727 69.000000
101 10756 69.000000
101 10853 69.000000
101 10913 69.000000
340 341 69.000000
341 342 69.000000
342 343 69.000000
343 344 69.000000
344 345 69.000000
345 346 69.000000
346 347 69.000000
100 10770 68.000000
101 10342 68.000000
101 10424 68.000000
101 10508 68.000000
101 10514 68.000000
101 10528 68.000000
101 10629 68.000000
101 10676 68.000000
101 10712 68.000000
101 10876 68.000000
101 10905 68.000000
101 10958 68.000000
101 10984 68.000000
101 10994 68.000000
447 469 68.000000
965 987 68.000000
1008 1030 68.000000
101 10229 67.000000
101 10248 67.000000
101 10483 67.000000
101 10492 67.000000
101 10504 67.000000
101 10610 67.000000
101 10653 67.000000
101 10926 67.000000
101 10966 67.000000
101 10983 67.000000
360 361 67.000000
361 362 67.000000
362 363 67.000000
363 364 67.000000
364 365 67.000000
365 366 67.000000
366 367 67.000000
367 368 67.000000
724 746 67.000000
1021 1022 67.000000
101 10685 66.000000
101 10728 66.000000
101 10881 66.000000
102 10800 66.000000
102 10988 66.000000
102 10318 65.000000
1023 10272 65.000000
1023 10474 65.000000
142 164 64.000000
1030 10985 64.000000
1052 10550 64.000000
1074 10763 64.000000
1074 10895 64.000000
101 10302 63.000000
1036 1037 63.000000
1037 1038 63.000000
1038 1039 63.000000
1039 1040 63.000000
1040 1041 63.000000
1041 1042 63.000000
1042 1043 63.000000
259 281 62.000000
877 878 62.000000
1131 1153 62.000000
1487 1509 62.000000
242 264 61.000000
594 616 61.000000
1286 1308 61.000000
129 151 60.000000
617 618 60.000000
618 619 60.000000
619 620 60.000000
620 621 60.000000
621 622 60.000000
622 623 60.000000
1009 10782 60.000000
1009 10948 60.000000
1420 1442 60.000000
100 10409 59.000000
1463 1485 59.000000
521 522 58.000000
564 565 58.000000
80 81 57.000000
81 82 57.000000
82 83 57.000000
83 84 57.000000
102 10295 57.000000
112 134 57.000000
309 310 57.000000
310 311 57.000000
311 312 57.000000
312 313 57.000000
313 314 57.000000
314 315 57.000000
315 316 57.000000
513 514 57.000000
1009 10121 57.000000
992 993 56.000000
993 994 56.000000
994 995 56.000000
995 996 56.000000
996 997 56.000000
997 998 56.000000
998 999 56.000000
1050 10979 56.000000
1484 1506 56.000000
2 24 55.000000
420 442 55.000000
339 340 54.000000
550 572 54.000000
1050 10850 54.000000
101 10262 53.000000
101 10873 53.000000
107 129 53.000000
398 420 53.000000
740 762 52.000000
918 940 52.000000
1006 10446 52.000000
102 10836 51.000000
218 240 51.000000
286 287 51.000000
287 288 51.000000
288 289 51.000000
289 290 51.000000
290 291 51.000000
291 292 51.000000
292 293 51.000000
293 294 51.000000
316 317 51.000000
1009 10349 51.000000
1029 10953 51.000000
1049 10777 51.000000
1246 1268 51.000000
1376 1398 51.000000
294 295 50.000000
659 681 50.000000
788 810 50.000000
967 989 50.000000
1049 10603 50.000000
1049 10877 50.000000
1052 10702 50.000000
1202 1224 50.000000
1399 1421 50.000000
338 339 49.000000
352 353 49.000000
353 354 49.000000
879 901 49.000000
1031 10593 49.000000
1031 10619 49.000000
1049 10816 49.000000
1049 10848 49.000000
1049 10902 49.000000
1049 10921 49.000000
1071 10718 49.000000
1071 10788 49.000000
1071 10831 49.000000
1201 1223 49.000000
1402 1403 49.000000
3 4 48.000000
4 5 48.000000
5 6 48.000000
6 7 48.000000
1049 10841 48.000000
1093 10949 48.000000
1093 10955 48.000000
1094 10982 48.000000
1422 1444 48.000000
2 3 47.000000
133 155 47.000000
173 195 47.000000
264 286 47.000000
745 767 47.000000
1072 10821 47.000000
1093 10946 47.000000
1113 1135 47.000000
155 177 46.000000
500 501 46.000000
1419 1441 46.000000
701 723 45.000000
1005 10721 45.000000
1054 1076 45.000000
1107 1129 45.000000
1181 1203 45.000000
102 10307 44.000000
102 10458 44.000000
102 10485 44.000000
102 10642 44.000000
102 10686 44.000000
102 10734 44.000000
317 318 44.000000
392 414 44.000000
787 809 44.000000
832 854 44.000000
1050 10529 44.000000
1464 1486 44.000000
1551 1573 44.000000
24 46 43.000000
215 237 43.000000
645 646 43.000000
646 647 43.000000
647 648 43.000000
648 649 43.000000
649 650 43.000000
650 651 43.000000
1028 10529 43.000000
1049 10745 43.000000
1071 10934 43.000000
1071 10965 43.000000
1075 10947 43.000000
10 1572 42.000000
102 10952 42.000000
156 178 42.000000
499 500 42.000000
674 696 42.000000
1008 10265 42.000000
1031 10426 42.000000
1049 10810 42.000000
102 10434 41.000000
726 727 41.000000
727 728 41.000000
728 729 41.000000
729 730 41.000000
730 731 41.000000
731 732 41.000000
66 67 40.000000
66 87 40.000000
67 68 40.000000
84 85 40.000000
85 86 40.000000
86 87 40.000000
101 10930 40.000000
396 397 40.000000
396 417 40.000000
397 398 40.000000
520 521 40.000000
896 918 40.000000
920 942 40.000000
1095 1117 40.000000
1097 1119 40.000000
1137 1159 40.000000
457 458 39.000000
783 805 39.000000
856 857 39.000000
1049 10951 39.000000
1049 10969 39.000000
1050 10665 39.000000
1050 10752 39.000000
330 331 38.000000
331 332 38.000000
332 333 38.000000
333 334 38.000000
334 335 38.000000
335 336 38.000000
336 337 38.000000
337 338 38.000000
535 536 38.000000
615 637 38.000000
723 745 38.000000
921 943 38.000000
1049 10703 38.000000
1293 1315 38.000000
1483 1505 38.000000
101 10501 37.000000
306 328 37.000000
354 355 37.000000
355 356 37.000000
356 357 37.000000
357 358 37.000000
358 359 37.000000
359 360 37.000000
1028 1050 37.000000
1073 10953 37.000000
1008 10857 36.000000
1008 10910 36.000000
1009 10269 36.000000
1009 10663 36.000000
1022 10276 36.000000
1031 10346 36.000000
1031 10428 36.000000
1031 10996 36.000000
1050 10982 36.000000
1073 1095 36.000000
1075 10886 36.000000
1555 1556 36.000000
1556 1557 36.000000
1557 1558 36.000000
1558 1559 36.000000
59 60 35.000000
60 61 35.000000
61 62 35.000000
564 586 35.000000
857 879 35.000000
1071 10808 35.000000
1093 10982 35.000000
175 197 34.000000
703 725 34.000000
831 853 34.000000
1009 10130 34.000000
1009 10432 34.000000
1081 1082 34.000000
1082 1083 34.000000
1083 1084 34.000000
1084 1085 34.000000
1085 1086 34.000000
1130 1152 34.000000
1086 1087 33.000000
44 45 32.000000
44 65 32.000000
45 46 32.000000
62 63 32.000000
63 64 32.000000
64 65 32.000000
308 309 32.000000
540 541 32.000000
541 542 32.000000
542 543 32.000000
1007 10260 32.000000
1043 1065 32.000000
338 360 31.000000
682 704 31.000000
877 899 31.000000
882 883 31.000000
883 884 31.000000
884 885 31.000000
885 886 31.000000
886 887 31.000000
887 888 31.000000
888 889 31.000000
889 890 31.000000
890 891 31.000000
1008 10246 31.000000
1008 10550 31.000000
1009 10142 31.000000
1009 10184 31.000000
1009 10221 31.000000
1009 10239 31.000000
1009 10387 31.000000
1009 10414 31.000000
1009 10475 31.000000
1009 10730 31.000000
1009 10868 31.000000
1009 10940 31.000000
1009 10972 31.000000
1337 1359 31.000000
102 10477 30.000000
102 10641 30.000000
102 10720 30.000000
593 615 30.000000
600 601 30.000000
949 971 30.000000
1022 10852 30.000000
1029 10796 30.000000
1031 10879 30.000000
1071 10745 30.000000
1071 10810 30.000000
941 963 29.000000
956 957 29.000000
1028 10330 29.000000
1031 10351 29.000000
1031 10387 29.000000
1031 10414 29.000000
1031 10733 29.000000
1031 10868 29.000000
1031 10940 29.000000
1097 10995 29.000000
1135 1157 29.000000
1153 1175 29.000000
1482 1483 29.000000
1482 1504 29.000000
102 10362 28.000000
506 507 28.000000
1007 10713 28.000000
1011 10561 28.000000
1031 10432 28.000000
1157 1179 28.000000
506 527 27.000000
1001 10898 27.000000
1028 10659 27.000000
1033 10561 27.000000
1097 10997 27.000000
1099 1121 27.000000
1461 1462 27.000000
1526 1548 27.000000
305 327 26.000000
504 526 26.000000
522 523 26.000000
523 524 26.000000
524 525 26.000000
525 526 26.000000
536 537 26.000000
537 538 26.000000
538 539 26.000000
539 540 26.000000
1008 10435 26.000000
1023 10932 26.000000
1028 10721 26.000000
1031 10475 26.000000
1031 10730 26.000000
1031 10972 26.000000
1108 1130 26.000000
956 978 25.000000
962 984 25.000000
1023 10711 25.000000
1086 1108 25.000000
1096 1118 25.000000
442 443 24.000000
443 444 24.000000
444 445 24.000000
445 446 24.000000
446 447 24.000000
478 479 24.000000
551 573 24.000000
694 695 24.000000
1009 10486 24.000000
1009 10510 24.000000
1009 10862 24.000000
1009 10920 24.000000
1034 1056 24.000000
1055 10927 24.000000
1070 1092 24.000000
1072 10901 24.000000
1079 1080 24.000000
1080 1081 24.000000
1232 1253 24.000000
1251 1252 24.000000
1252 1253 24.000000
586 608 23.000000
1007 10964 23.000000
1029 10487 23.000000
1033 10431 23.000000
1053 10740 23.000000
1053 10947 23.000000
1071 10777 23.000000
1355 1377 23.000000
1462 1484 23.000000
307 329 22.000000
638 639 22.000000
639 640 22.000000
640 641 22.000000
641 642 22.000000
642 643 22.000000
643 644 22.000000
644 645 22.000000
726 748 22.000000
748 769 22.000000
860 882 22.000000
924 925 22.000000
924 945 22.000000
925 926 22.000000
1028 10665 22.000000
1053 10600 22.000000
1053 10818 22.000000
1053 10863 22.000000
1053 10924 22.000000
1075 10863 22.000000
1381 1382 22.000000
506 528 21.000000
526 527 21.000000
570 592 21.000000
949 950 21.000000
950 951 21.000000
951 952 21.000000
952 953 21.000000
953 954 21.000000
954 955 21.000000
955 956 21.000000
1030 10613 21.000000
1053 10609 21.000000
1075 10818 21.000000
1075 10924 21.000000
484 506 20.000000
1007 10669 20.000000
1011 10431 20.000000
1027 10934 20.000000
1071 1093 20.000000
1071 10883 20.000000
1088 10932 20.000000
1441 1463 20.000000
36 37 19.000000
653 675 19.000000
760 761 19.000000
1028 10493 19.000000
1028 10694 19.000000
1029 10979 19.000000
1048 1070 19.000000
1052 1074 19.000000
1071 10841 19.000000
22 23 18.000000
22 43 18.000000
23 24 18.000000
37 38 18.000000
38 39 18.000000
39 40 18.000000
40 41 18.000000
41 42 18.000000
42 43 18.000000
47 69 18.000000
913 935 18.000000
1000 10207 18.000000
1010 1032 18.000000
1044 10711 18.000000
1071 10877 18.000000
1374 1375 18.000000
1375 1397 18.000000
464 465 17.000000
465 466 17.000000
466 467 17.000000
467 468 17.000000
468 469 17.000000
695 717 17.000000
711 712 17.000000
712 713 17.000000
713 714 17.000000
714 715 17.000000
715 716 17.000000
1009 10586 17.000000
1009 10837 17.000000
1027 10386 17.000000
1027 10575 17.000000
1027 10640 17.000000
1027 10842 17.000000
1028 10821 17.000000
1049 10883 17.000000
1055 10846 17.000000
1353 1375 17.000000
108 130 16.000000
652 674 16.000000
878 879 16.000000
1022 10835 16.000000
1022 10944 16.000000
1027 10568 16.000000
1027 10664 16.000000
1027 10718 16.000000
1027 10788 16.000000
1027 10831 16.000000
1027 10965 16.000000
1028 10681 16.000000
1031 10486 16.000000
1054 10995 16.000000
1071 10775 16.000000
1071 10783 16.000000
1071 10816 16.000000
1071 10848 16.000000
1071 10902 16.000000
1071 10921 16.000000
1071 10951 16.000000
1071 10969 16.000000
1072 10752 16.000000
1132 1154 16.000000
1294 1316 16.000000
1443 1465 16.000000
609 631 15.000000
716 717 15.000000
746 768 15.000000
805 827 15.000000
926 927 15.000000
1001 10146 15.000000
1007 10190 15.000000
1098 1120 15.000000
1210 1232 15.000000
77 99 14.000000
316 338 14.000000
376 398 14.000000
477 478 14.000000
601 623 14.000000
702 724 14.000000
860 861 14.000000
861 862 14.000000
862 863 14.000000
863 864 14.000000
864 865 14.000000
865 866 14.000000
866 867 14.000000
867 868 14.000000
868 869 14.000000
927 928 14.000000
928 929 14.000000
929 930 14.000000
930 931 14.000000
931 932 14.000000
932 933 14.000000
933 934 14.000000
934 935 14.000000
1001 10183 14.000000
1049 10821 14.000000
1077 10927 14.000000
1331 1353 14.000000
284 306 13.000000
557 558 13.000000
558 559 13.000000
559 560 13.000000
560 561 13.000000
561 562 13.000000
562 563 13.000000
563 564 13.000000
595 617 13.000000
1001 1023 13.000000
1006 10627 13.000000
1008 10081 13.000000
120 142 12.000000
354 376 12.000000
483 505 12.000000
579 601 12.000000
739 761 12.000000
875 897 12.000000
1006 10542 12.000000
1006 10554 12.000000
1009 10163 12.000000
1009 10346 12.000000
1009 10428 12.000000
1009 10996 12.000000
1021 1043 12.000000
1110 1132 12.000000
13 1575 11.000000
295 296 11.000000
623 624 11.000000
624 625 11.000000
625 626 11.000000
626 627 11.000000
627 628 11.000000
628 629 11.000000
1005 10509 11.000000
1006 10330 11.000000
1006 10529 11.000000
1006 10665 11.000000
1012 10176 11.000000
1012 10293 11.000000
1012 10455 11.000000
1012 10643 11.000000
1051 10613 11.000000
1065 1087 11.000000
1076 10997 11.000000
1077 10846 11.000000
1081 1103 11.000000
1245 1267 11.000000
55 77 10.000000
171 193 10.000000
176 198 10.000000
209 231 10.000000
461 483 10.000000
782 804 10.000000
1005 10331 10.000000
1005 10357 10.000000
1005 10369 10.000000
1005 10603 10.000000
1005 10808 10.000000
1005 10811 10.000000
1005 10877 10.000000
1005 10883 10.000000
1005 10946 10.000000
1005 10949 10.000000
1005 10955 10.000000
1027 10380 10.000000
1027 10484 10.000000
1027 10816 10.000000
1044 10932 10.000000
1076 10995 10.000000
1095 10985 10.000000
1152 1174 10.000000
1158 1180 10.000000
1397 1419 10.000000
508 509 9.000000
509 510 9.000000
510 511 9.000000
511 512 9.000000
512 513 9.000000
514 536 9.000000
569 591 9.000000
629 651 9.000000
696 718 9.000000
848 870 9.000000
977 999 9.000000
1005 10380 9.000000
1005 10816 9.000000
1005 10934 9.000000
1006 10148 9.000000
1006 10493 9.000000
1006 10694 9.000000
1006 10752 9.000000
1027 1049 9.000000
1028 10752 9.000000
1033 10678 9.000000
1072 10982 9.000000
1094 10953 9.000000
1232 1233 9.000000
1233 1234 9.000000
1234 1235 9.000000
1235 1236 9.000000
1236 1237 9.000000
1237 1238 9.000000
1238 1239 9.000000
0 1 8.000000
1 2 8.000000
25 47 8.000000
124 146 8.000000
131 153 8.000000
404 405 8.000000
405 406 8.000000
406 407 8.000000
407 408 8.000000
408 409 8.000000
409 410 8.000000
410 411 8.000000
411 412 8.000000
573 595 8.000000
658 680 8.000000
747 769 8.000000
1005 10225 8.000000
1005 10256 8.000000
1005 10450 8.000000
1005 10476 8.000000
1005 10484 8.000000
1005 10505 8.000000
1005 10506 8.000000
1005 10703 8.000000
1005 10775 8.000000
1005 10783 8.000000
1005 10848 8.000000
1005 10902 8.000000
1005 10921 8.000000
1005 10951 8.000000
1005 10969 8.000000
1009 10351 8.000000
1009 10733 8.000000
1027 10450 8.000000
1027 10476 8.000000
1027 10505 8.000000
1027 10506 8.000000
1027 10703 8.000000
1027 10775 8.000000
1027 10783 8.000000
1027 10848 8.000000
1027 10902 8.000000
1027 10921 8.000000
1027 10951 8.000000
1027 10969 8.000000
1163 1185 8.000000
1533 1534 8.000000
1534 1535 8.000000
1535 1536 8.000000
1536 1537 8.000000
0 21 7.000000
15 16 7.000000
16 17 7.000000
17 18 7.000000
18 19 7.000000
19 20 7.000000
20 21 7.000000
370 392 7.000000
492 514 7.000000
651 673 7.000000
661 662 7.000000
662 663 7.000000
663 664 7.000000
664 665 7.000000
665 666 7.000000
666 667 7.000000
1000 10999 7.000000
1052 10730 7.000000
1052 10868 7.000000
1052 10972 7.000000
1211 1212 7.000000
1212 1213 7.000000
1213 1214 7.000000
1214 1215 7.000000
1215 1216 7.000000
1356 1378 7.000000
283 305 6.000000
294 316 6.000000
374 375 6.000000
374 395 6.000000
375 376 6.000000
507 508 6.000000
614 636 6.000000
704 705 6.000000
705 706 6.000000
706 707 6.000000
707 708 6.000000
708 709 6.000000
709 710 6.000000
710 711 6.000000
838 860 6.000000
901 923 6.000000
923 945 6.000000
947 948 6.000000
948 949 6.000000
1000 10234 6.000000
1052 10717 6.000000
1055 10643 6.000000
1064 1086 6.000000
14 1576 5.000000
272 294 5.000000
518 540 5.000000
1035 1057 5.000000
1044 10731 5.000000
1048 10484 5.000000
1052 10593 5.000000
1052 10619 5.000000
1054 10678 5.000000
1071 10721 5.000000
1071 10811 5.000000
1071 10949 5.000000
1071 10955 5.000000
1092 10946 5.000000
1228 1250 5.000000
149 171 4.000000
376 377 4.000000
377 378 4.000000
378 379 4.000000
379 380 4.000000
380 381 4.000000
526 548 4.000000
543 565 4.000000
717 739 4.000000
836 837 4.000000
836 857 4.000000
837 838 4.000000
935 957 4.000000
1001 10186 4.000000
1029 1051 4.000000
1030 1052 4.000000
1043 10635 4.000000
1043 10856 4.000000
1048 10640 4.000000
1050 10618 4.000000
1050 10689 4.000000
1051 10669 4.000000
1071 10946 4.000000
1092 10921 4.000000
1092 10951 4.000000
1092 10969 4.000000
1114 1136 4.000000
1155 1177 4.000000
1177 1199 4.000000
1196 1218 4.000000
1229 1251 4.000000
1357 1379 4.000000
1400 1422 4.000000
1486 1508 4.000000
62 84 3.000000
607 608 3.000000
697 719 3.000000
927 949 3.000000
1044 10474 3.000000
1050 10542 3.000000
1050 10554 3.000000
1050 10627 3.000000
1052 10532 3.000000
1052 10763 3.000000
1052 10879 3.000000
1052 10895 3.000000
1052 10977 3.000000
1088 1110 3.000000
1092 10934 3.000000
1092 10965 3.000000
1109 1131 3.000000
1272 1294 3.000000
1553 1575 3.000000
165 187 2.000000
418 419 2.000000
418 439 2.000000
419 420 2.000000
435 436 2.000000
436 437 2.000000
437 438 2.000000
438 439 2.000000
469 470 2.000000
470 471 2.000000
471 472 2.000000
472 473 2.000000
473 474 2.000000
474 475 2.000000
475 476 2.000000
476 477 2.000000
486 487 2.000000
487 488 2.000000
488 489 2.000000
489 490 2.000000
490 491 2.000000
491 513 2.000000
629 630 2.000000
631 653 2.000000
679 701 2.000000
682 683 2.000000
683 684 2.000000
684 685 2.000000
685 686 2.000000
686 687 2.000000
687 688 2.000000
688 689 2.000000
716 738 2.000000
792 793 2.000000
792 813 2.000000
793 794 2.000000
794 816 2.000000
816 838 2.000000
858 859 2.000000
858 879 2.000000
859 860 2.000000
874 896 2.000000
1048 10842 2.000000
1049 10659 2.000000
1049 10681 2.000000
1049 10721 2.000000
1049 10811 2.000000
1049 10946 2.000000
1049 10949 2.000000
1049 10955 2.000000
1063 1085 2.000000
1085 1107 2.000000
1087 1109 2.000000
1156 1178 2.000000
1184 1206 2.000000
1276 1277 2.000000
1276 1297 2.000000
1277 1278 2.000000
1278 1279 2.000000
1279 1280 2.000000
1280 1281 2.000000
1281 1282 2.000000
1282 1283 2.000000
1295 1296 2.000000
1296 1297 2.000000
1330 1331 2.000000
1449 1471 2.000000
1506 1528 2.000000
0 1562 1.000000
216 238 1.000000
398 399 1.000000
399 400 1.000000
400 401 1.000000
401 402 1.000000
402 403 1.000000
403 425 1.000000
425 447 1.000000
590 612 1.000000
591 613 1.000000
612 634 1.000000
630 652 1.000000
656 678 1.000000
660 682 1.000000
667 668 1.000000
668 669 1.000000
669 670 1.000000
670 671 1.000000
671 672 1.000000
672 673 1.000000
812 813 1.000000
968 990 1.000000
1000 10033 1.000000
1000 10098 1.000000
1000 10166 1.000000
1000 10286 1.000000
1000 10391 1.000000
1000 10449 1.000000
1000 10590 1.000000
1000 10835 1.000000
1000 10852 1.000000
1000 10944 1.000000
1005 1027 1.000000
1044 10590 1.000000
1048 10568 1.000000
1048 10575 1.000000
1048 10664 1.000000
1048 10718 1.000000
1048 10788 1.000000
1048 10831 1.000000
1048 10965 1.000000
1059 1081 1.000000
1136 1158 1.000000
1195 1217 1.000000
1223 1245 1.000000
1418 1440 1.000000
1425 1426 1.000000
1426 1427 1.000000
1427 1449 1.000000
1446 1447 1.000000
1447 1448 1.000000
1448 1449 1.000000
1490 1512 1.000000
1540 1562 1.000000
1540 1561 1.000000
1559 1560 1.000000
1560 1561 1.000000
