275 276 13704.000000
276 277 13704.000000
277 278 13704.000000
274 275 13306.000000
1268 1269 13038.000000
278 279 12868.000000
1311 1312 11795.000000
1290 1291 11780.000000
1289 1290 11734.000000
1246 1247 11359.000000
1288 1289 11137.000000
296 297 11101.000000
297 298 11101.000000
298 299 11101.000000
299 300 11101.000000
318 319 10888.000000
319 320 10888.000000
320 321 10888.000000
1092 1093 10843.000000
321 322 10828.000000
1333 1334 10190.000000
1114 1115 10011.000000
1267 1268 9474.000000
1355 1356 9470.000000
1287 1288 9353.000000
8 9 9210.000000
273 274 9159.000000
184 185 9141.000000
1332 1333 8952.000000
1026 1027 8926.000000
1334 1335 8862.000000
141 142 8855.000000
1245 1246 8725.000000
317 318 8699.000000
295 296 8287.000000
1115 1116 8127.000000
340 341 8044.000000
341 342 8044.000000
342 343 8044.000000
1091 1092 7897.000000
1070 1071 7720.000000
1027 1028 7688.000000
1266 1267 7652.000000
1244 1245 7600.000000
1025 1026 7560.000000
1310 1311 7539.000000
322 323 7422.000000
1481 1482 7368.000000
1331 1332 7330.000000
1113 1114 7325.000000
185 186 7248.000000
7 8 7124.000000
10 10317 7003.000000
1306 1307 7001.000000
1482 1483 6961.000000
1438 1439 6942.000000
1309 1310 6898.000000
1308 1309 6892.000000
1437 1438 6845.000000
279 280 6690.000000
1090 1091 6676.000000
1307 1308 6572.000000
1304 1305 6494.000000
1305 1306 6494.000000
956 957 6448.000000
957 958 6448.000000
1328 1329 6332.000000
1326 1327 6258.000000
1112 1113 6211.000000
891 892 6210.000000
892 893 6210.000000
323 324 6126.000000
1354 1355 6118.000000
1329 1330 6101.000000
1353 1354 6095.000000
1247 1248 6080.000000
1330 1331 5958.000000
1327 1328 5955.000000
1243 1244 5938.000000
1071 1072 5929.000000
1159 1160 5801.000000
1439 1440 5767.000000
955 956 5751.000000
935 936 5733.000000
936 937 5733.000000
228 229 5616.000000
1312 1313 5616.000000
1022 1023 5582.000000
1023 1024 5582.000000
1048 1049 5446.000000
1224 1225 5399.000000
1049 1050 5380.000000
954 955 5251.000000
1135 1136 5202.000000
938 939 5188.000000
1352 1353 5183.000000
1069 1070 5143.000000
934 935 5118.000000
53 54 5098.000000
343 344 5085.000000
978 979 5066.000000
979 980 5066.000000
980 981 5062.000000
300 301 5005.000000
1483 1484 5000.000000
912 913 4973.000000
913 914 4973.000000
914 915 4973.000000
1440 1441 4913.000000
339 340 4887.000000
1441 1442 4851.000000
1157 1158 4837.000000
958 959 4798.000000
1028 1029 4765.000000
1136 1137 4689.000000
52 53 4667.000000
1179 1180 4646.000000
1325 1326 4643.000000
1370 1371 4621.000000
1265 1266 4580.000000
344 345 4560.000000
1158 1159 4542.000000
431 432 4522.000000
982 983 4522.000000
324 325 4441.000000
1286 1287 4430.000000
1160 1161 4422.000000
1442 1443 4418.000000
1180 1181 4358.000000
1372 1373 4357.000000
362 363 4339.000000
363 364 4339.000000
364 365 4339.000000
1093 1094 4290.000000
1024 1025 4275.000000
1303 1304 4259.000000
1086 1087 4253.000000
1087 1088 4253.000000
1088 1089 4253.000000
365 366 4138.000000
1484 1485 4130.000000
366 367 4024.000000
1047 1048 4007.000000
867 868 3986.000000
1021 1022 3961.000000
1156 1157 3921.000000
251 252 3916.000000
1373 1374 3900.000000
142 143 3887.000000
51 52 3855.000000
1116 1117 3834.000000
1369 1370 3832.000000
10 11 3827.000000
1202 1203 3787.000000
1350 1351 3781.000000
1460 1461 3747.000000
741 742 3737.000000
1134 1135 3720.000000
981 982 3707.000000
1377 1378 3688.000000
1371 1372 3671.000000
50 51 3668.000000
1349 1350 3640.000000
272 273 3611.000000
97 98 3601.000000
1376 1377 3586.000000
1201 1202 3564.000000
162 163 3552.000000
367 368 3542.000000
383 384 3521.000000
384 385 3521.000000
385 386 3521.000000
386 387 3521.000000
959 960 3504.000000
893 894 3463.000000
1348 1349 3446.000000
6 7 3421.000000
1117 1118 3382.000000
1351 1352 3302.000000
301 302 3295.000000
937 938 3255.000000
1108 1109 3255.000000
1109 1110 3255.000000
1110 1111 3255.000000
933 934 3247.000000
1181 1182 3229.000000
1089 1090 3215.000000
869 870 3177.000000
870 871 3177.000000
1111 1112 3172.000000
1461 1462 3156.000000
229 230 3143.000000
1200 1201 3136.000000
1223 1224 3126.000000
227 228 3112.000000
911 912 3107.000000
1375 1376 3094.000000
1222 1223 3074.000000
1046 1047 3062.000000
294 295 3027.000000
1221 1222 2954.000000
316 317 2946.000000
206 207 2937.000000
1462 1463 2923.000000
1374 1375 2921.000000
1421 1422 2912.000000
1225 1226 2889.000000
890 891 2876.000000
368 369 2875.000000
338 339 2869.000000
720 721 2864.000000
229 251 2853.000000
1177 1178 2847.000000
1397 1398 2805.000000
868 869 2795.000000
1283 1284 2777.000000
717 718 2769.000000
718 719 2769.000000
387 388 2767.000000
72 73 2766.000000
185 207 2764.000000
977 978 2760.000000
1398 1399 2756.000000
1506 1507 2756.000000
1504 1505 2728.000000
1263 1264 2694.000000
345 346 2681.000000
293 294 2667.000000
1085 1086 2648.000000
1003 1004 2639.000000
409 410 2633.000000
405 406 2625.000000
406 407 2625.000000
407 408 2625.000000
408 409 2625.000000
1284 1285 2625.000000
719 720 2612.000000
1178 1179 2604.000000
1203 1204 2604.000000
1420 1421 2593.000000
142 164 2587.000000
73 74 2581.000000
1137 1138 2567.000000
1028 1050 2542.000000
916 917 2528.000000
1285 1286 2525.000000
1048 10979 2522.000000
763 764 2515.000000
315 316 2496.000000
95 96 2492.000000
1071 1093 2480.000000
432 433 2468.000000
1419 1420 2465.000000
1261 1262 2458.000000
1262 1263 2458.000000
388 389 2454.000000
453 454 2453.000000
1247 1269 2420.000000
1269 1270 2415.000000
163 164 2397.000000
764 765 2381.000000
54 55 2374.000000
230 231 2374.000000
1396 1397 2356.000000
1503 1504 2329.000000
1138 1139 2326.000000
1260 1261 2322.000000
1129 1130 2316.000000
1130 1131 2316.000000
1131 1132 2316.000000
1132 1133 2316.000000
1505 1506 2316.000000
894 895 2315.000000
433 434 2307.000000
1485 1486 2304.000000
94 95 2298.000000
410 411 2294.000000
1416 1417 2279.000000
325 326 2277.000000
1264 1265 2253.000000
738 739 2248.000000
739 740 2248.000000
740 741 2248.000000
1347 1348 2246.000000
1161 1162 2239.000000
346 347 2235.000000
1394 1395 2215.000000
1282 1283 2204.000000
960 961 2202.000000
96 97 2183.000000
367 389 2167.000000
847 848 2165.000000
848 849 2165.000000
250 251 2164.000000
1399 1400 2151.000000
119 120 2114.000000
1395 1396 2100.000000
1393 1394 2095.000000
74 75 2054.000000
1000 1001 2041.000000
1001 1002 2041.000000
915 916 2035.000000
337 338 2023.000000
359 360 2022.000000
361 362 2015.000000
252 253 2014.000000
253 254 2014.000000
254 255 2014.000000
255 256 2014.000000
256 257 2014.000000
519 520 2010.000000
518 519 2001.000000
76 77 1974.000000
75 76 1956.000000
1242 1243 1944.000000
1043 1044 1920.000000
1044 1045 1920.000000
1045 1046 1920.000000
140 141 1914.000000
389 390 1889.000000
1020 1021 1883.000000
1417 1418 1871.000000
360 361 1862.000000
118 119 1828.000000
889 890 1827.000000
1418 1419 1826.000000
1248 1249 1814.000000
983 984 1774.000000
280 302 1769.000000
765 766 1768.000000
207 208 1742.000000
1291 1292 1740.000000
1527 1528 1737.000000
917 918 1734.000000
939 940 1733.000000
454 455 1729.000000
846 847 1714.000000
1259 1260 1703.000000
11 12 1700.000000
302 303 1699.000000
785 786 1698.000000
325 347 1680.000000
849 850 1657.000000
71 72 1653.000000
303 304 1651.000000
326 327 1635.000000
93 94 1629.000000
1152 1153 1629.000000
1153 1154 1629.000000
1154 1155 1629.000000
205 206 1627.000000
336 337 1627.000000
1199 1200 1624.000000
1549 1550 1602.000000
871 872 1585.000000
161 162 1584.000000
895 896 1577.000000
1226 1227 1569.000000
998 999 1562.000000
380 381 1541.000000
1094 1095 1522.000000
1525 1526 1510.000000
873 874 1507.000000
137 138 1504.000000
138 139 1504.000000
280 281 1493.000000
55 56 1488.000000
281 282 1478.000000
1302 1303 1466.000000
30 31 1457.000000
1002 1003 1457.000000
1182 1183 1456.000000
29 30 1451.000000
1042 1043 1446.000000
231 232 1445.000000
232 233 1445.000000
233 234 1445.000000
234 235 1445.000000
1095 1096 1434.000000
304 305 1432.000000
1151 1152 1426.000000
673 674 1416.000000
674 675 1416.000000
1133 1134 1416.000000
675 676 1415.000000
347 348 1414.000000
676 677 1397.000000
1463 1464 1397.000000
1072 1073 1388.000000
228 250 1386.000000
1526 1527 1380.000000
1464 1465 1376.000000
872 873 1375.000000
721 722 1374.000000
1004 1005 1364.000000
742 743 1358.000000
1173 1174 1357.000000
1174 1175 1357.000000
1175 1176 1357.000000
1239 1240 1357.000000
381 382 1356.000000
382 383 1356.000000
1240 1241 1356.000000
976 977 1337.000000
1550 1551 1330.000000
411 412 1329.000000
1507 1508 1324.000000
1241 1242 1295.000000
31 32 1288.000000
412 413 1280.000000
829 830 1273.000000
251 273 1262.000000
49 50 1261.000000
282 283 1258.000000
1281 1282 1258.000000
139 140 1256.000000
136 137 1231.000000
12 13 1220.000000
1412 1413 1219.000000
1413 1414 1219.000000
1414 1415 1219.000000
1443 1444 1176.000000
910 911 1175.000000
677 699 1172.000000
186 187 1171.000000
895 917 1161.000000
391 392 1160.000000
874 875 1157.000000
1195 1196 1154.000000
1196 1197 1154.000000
1197 1198 1154.000000
1486 1487 1150.000000
1068 1069 1126.000000
327 328 1118.000000
10 10081 1106.000000
164 186 1104.000000
159 160 1102.000000
160 161 1102.000000
786 787 1098.000000
1198 1199 1094.000000
1508 1509 1089.000000
1571 1572 1083.000000
115 116 1082.000000
743 744 1081.000000
1026 10330 1080.000000
1220 1221 1076.000000
804 805 1070.000000
805 806 1070.000000
1572 1573 1066.000000
807 808 1059.000000
808 809 1058.000000
1465 1466 1052.000000
1291 1313 1031.000000
457 458 1022.000000
1004 10627 1021.000000
28 29 1011.000000
186 208 1008.000000
116 117 994.000000
1368 1369 993.000000
348 349 990.000000
1093 10938 989.000000
117 118 979.000000
766 767 977.000000
1378 1379 972.000000
413 414 957.000000
283 284 955.000000
825 826 950.000000
826 827 950.000000
827 828 950.000000
760 761 949.000000
761 762 949.000000
454 476 948.000000
1073 1074 940.000000
830 831 939.000000
1270 1271 935.000000
677 678 922.000000
184 206 921.000000
271 272 921.000000
741 763 920.000000
390 391 919.000000
279 301 917.000000
392 393 910.000000
456 457 900.000000
220 221 890.000000
220 241 890.000000
221 222 890.000000
222 223 890.000000
223 224 890.000000
224 225 890.000000
225 226 890.000000
226 227 890.000000
1204 1205 888.000000
455 456 887.000000
323 345 886.000000
181 182 883.000000
182 183 883.000000
828 829 880.000000
1271 1272 880.000000
1272 1273 880.000000
158 159 879.000000
762 763 878.000000
1258 1259 878.000000
1064 1065 875.000000
1065 1066 875.000000
1066 1067 875.000000
1067 1068 875.000000
235 257 873.000000
651 652 869.000000
652 653 869.000000
653 654 869.000000
369 370 867.000000
699 700 861.000000
803 804 857.000000
273 295 846.000000
896 897 842.000000
1203 1225 838.000000
278 300 836.000000
183 184 835.000000
293 315 834.000000
809 810 833.000000
1155 1156 827.000000
414 415 826.000000
1139 1140 825.000000
1128 1129 817.000000
198 199 815.000000
198 219 815.000000
199 200 815.000000
200 201 815.000000
201 202 815.000000
370 371 815.000000
1107 1108 808.000000
1176 1177 801.000000
1238 1239 793.000000
1524 1525 790.000000
1026 10384 789.000000
264 265 787.000000
264 285 787.000000
265 266 787.000000
266 267 787.000000
267 268 787.000000
268 269 787.000000
269 270 787.000000
1334 1356 784.000000
1025 10568 783.000000
352 353 772.000000
352 373 772.000000
353 354 772.000000
354 355 772.000000
355 356 772.000000
356 357 772.000000
357 358 772.000000
372 373 772.000000
270 271 770.000000
802 803 754.000000
358 359 753.000000
32 33 752.000000
678 679 751.000000
939 961 750.000000
759 760 747.000000
1459 1460 744.000000
781 782 740.000000
782 783 740.000000
783 784 740.000000
70 71 738.000000
1072 1094 736.000000
1249 1250 735.000000
1250 1251 735.000000
1251 1252 735.000000
824 825 713.000000
1048 10796 702.000000
1324 1325 701.000000
1415 1437 699.000000
1024 10250 695.000000
180 181 681.000000
1074 1096 681.000000
1118 1140 680.000000
722 723 679.000000
1116 1138 677.000000
1217 1218 669.000000
1218 1219 669.000000
1219 1220 666.000000
1160 1182 661.000000
475 476 659.000000
845 846 659.000000
1096 1097 657.000000
1205 1206 655.000000
716 717 653.000000
1048 10627 653.000000
758 759 636.000000
314 315 635.000000
1290 1312 629.000000
737 738 625.000000
368 390 614.000000
305 306 612.000000
1303 1325 612.000000
114 115 607.000000
1194 1195 605.000000
1004 10305 602.000000
1415 1416 599.000000
1570 1571 597.000000
207 229 594.000000
10 10180 593.000000
98 99 593.000000
698 699 586.000000
235 236 585.000000
1216 1217 585.000000
1568 1569 583.000000
202 203 580.000000
203 204 580.000000
204 205 580.000000
1569 1570 574.000000
679 680 568.000000
410 432 566.000000
780 781 562.000000
371 372 550.000000
1027 1049 545.000000
1548 1549 543.000000
851 852 540.000000
53 75 536.000000
784 785 536.000000
1026 10446 534.000000
434 435 531.000000
1046 10509 529.000000
132 153 527.000000
850 851 527.000000
33 34 526.000000
1206 1207 526.000000
1207 1208 526.000000
806 807 523.000000
120 121 522.000000
700 701 514.000000
1215 1216 512.000000
1003 10694 510.000000
308 309 508.000000
308 329 508.000000
309 310 508.000000
310 311 508.000000
311 312 508.000000
312 313 508.000000
313 314 508.000000
328 329 508.000000
849 871 508.000000
371 393 507.000000
1025 10277 505.000000
1378 1400 503.000000
823 824 501.000000
257 258 500.000000
132 133 499.000000
133 134 499.000000
134 135 499.000000
135 136 499.000000
1162 1163 499.000000
1163 1164 499.000000
163 185 487.000000
337 359 487.000000
744 745 487.000000
476 477 484.000000
1047 10745 480.000000
715 716 477.000000
1313 1314 467.000000
852 853 465.000000
1027 10950 459.000000
787 788 458.000000
1371 1393 456.000000
250 272 455.000000
1004 10499 455.000000
1390 1391 454.000000
1391 1392 454.000000
1392 1393 454.000000
1117 1139 452.000000
1140 1141 448.000000
1141 1142 448.000000
1237 1238 448.000000
736 737 447.000000
75 97 444.000000
458 480 442.000000
286 287 440.000000
286 307 440.000000
287 288 440.000000
288 289 440.000000
289 290 440.000000
290 291 440.000000
291 292 440.000000
292 293 440.000000
306 307 440.000000
425 426 437.000000
426 427 437.000000
427 428 437.000000
428 429 437.000000
429 430 437.000000
430 431 437.000000
176 197 436.000000
1069 10777 434.000000
458 459 433.000000
118 140 431.000000
1356 1357 430.000000
176 177 428.000000
177 178 428.000000
178 179 428.000000
179 180 428.000000
654 655 427.000000
1020 10444 427.000000
236 237 421.000000
237 238 421.000000
238 239 421.000000
239 240 421.000000
1150 1151 421.000000
324 346 420.000000
1120 1121 415.000000
435 436 413.000000
1004 10421 408.000000
1046 10565 403.000000
1093 10972 402.000000
1049 10857 398.000000
1049 10910 398.000000
10 10577 394.000000
1021 10217 391.000000
1050 10948 391.000000
1314 1315 390.000000
1315 1316 390.000000
1316 1317 390.000000
141 163 389.000000
1050 10976 388.000000
208 230 387.000000
10 10669 380.000000
721 743 380.000000
1346 1347 380.000000
499 500 378.000000
78 79 377.000000
79 80 377.000000
80 81 377.000000
1118 1119 377.000000
1119 1120 377.000000
1073 1095 376.000000
1252 1253 373.000000
1042 10878 372.000000
477 478 371.000000
520 521 371.000000
521 522 371.000000
522 523 371.000000
1025 10831 371.000000
500 501 369.000000
501 502 369.000000
722 744 368.000000
358 380 367.000000
1050 10920 367.000000
322 344 364.000000
850 872 364.000000
140 162 361.000000
1086 1108 359.000000
1029 10970 355.000000
139 161 354.000000
261 262 351.000000
893 915 350.000000
1025 10883 348.000000
258 259 347.000000
259 260 347.000000
260 261 347.000000
693 694 347.000000
338 360 346.000000
1317 1318 345.000000
1091 10982 336.000000
478 479 334.000000
206 228 332.000000
1528 1529 331.000000
330 331 329.000000
330 351 329.000000
331 332 329.000000
332 333 329.000000
333 334 329.000000
334 335 329.000000
335 336 329.000000
350 351 329.000000
10 10143 326.000000
272 294 324.000000
1072 10733 324.000000
1112 1134 324.000000
1004 10469 322.000000
1020 10531 322.000000
1003 10268 320.000000
1113 1135 318.000000
1048 10859 317.000000
690 691 316.000000
691 692 316.000000
1573 1574 313.000000
314 336 312.000000
1292 1293 311.000000
411 433 310.000000
1027 10680 310.000000
1003 10369 309.000000
1327 1349 309.000000
52 74 299.000000
1298 1299 297.000000
1298 1319 297.000000
1299 1300 297.000000
1300 1301 297.000000
1318 1319 297.000000
1440 1462 297.000000
369 391 296.000000
403 404 296.000000
404 405 296.000000
1069 10821 296.000000
1085 10852 291.000000
1461 1483 289.000000
961 962 287.000000
1074 1075 286.000000
1075 1076 286.000000
433 455 285.000000
282 304 284.000000
629 630 281.000000
630 631 281.000000
631 632 281.000000
1020 10430 281.000000
1048 10559 279.000000
365 387 272.000000
632 633 270.000000
1304 1326 267.000000
655 656 266.000000
692 693 265.000000
1048 10646 263.000000
1026 10542 261.000000
751 752 260.000000
656 657 258.000000
1551 1552 257.000000
27 28 256.000000
657 658 256.000000
1236 1237 254.000000
374 375 252.000000
374 395 252.000000
375 376 252.000000
376 377 252.000000
377 378 252.000000
378 379 252.000000
379 380 252.000000
393 394 252.000000
394 395 252.000000
347 369 250.000000
1086 10898 250.000000
1093 10940 250.000000
1050 10865 246.000000
1050 10956 246.000000
1002 10025 245.000000
1026 10665 245.000000
1026 10529 242.000000
119 141 241.000000
359 381 241.000000
1042 1064 239.000000
1050 10510 239.000000
1050 10862 238.000000
697 698 237.000000
831 832 237.000000
1050 10837 237.000000
1003 10277 236.000000
1042 10898 236.000000
1026 10752 234.000000
1273 1274 234.000000
562 563 233.000000
1276 1277 233.000000
1276 1297 233.000000
1277 1278 233.000000
1278 1279 233.000000
1279 1280 233.000000
1345 1346 233.000000
10 10199 232.000000
336 358 230.000000
1350 1372 230.000000
1260 1282 229.000000
242 243 228.000000
242 263 228.000000
243 244 228.000000
244 245 228.000000
245 246 228.000000
246 247 228.000000
247 248 228.000000
248 249 228.000000
262 263 228.000000
1029 10337 228.000000
1029 10864 228.000000
1029 10968 228.000000
447 448 227.000000
448 449 227.000000
449 450 227.000000
450 451 227.000000
451 452 227.000000
452 453 227.000000
1021 10741 226.000000
1021 10757 226.000000
1027 10964 226.000000
1029 10871 226.000000
694 695 225.000000
695 696 225.000000
696 697 225.000000
1029 10303 225.000000
1029 10383 225.000000
1029 10438 225.000000
1029 10500 225.000000
1029 10453 224.000000
1205 1227 224.000000
1029 10776 223.000000
1085 1107 222.000000
1245 1267 221.000000
274 296 219.000000
1422 1423 219.000000
875 876 216.000000
1003 10254 216.000000
1003 10476 214.000000
249 250 213.000000
10 10271 208.000000
1020 10648 208.000000
350 372 207.000000
1041 1042 207.000000
719 741 206.000000
1232 1233 205.000000
1232 1253 205.000000
1233 1234 205.000000
1234 1235 205.000000
1235 1236 205.000000
712 713 204.000000
713 714 204.000000
586 587 202.000000
587 588 202.000000
588 589 202.000000
1293 1294 202.000000
1294 1295 202.000000
1295 1296 202.000000
1296 1297 202.000000
424 425 201.000000
366 388 199.000000
937 959 199.000000
1027 10672 199.000000
1050 10864 198.000000
1050 10968 198.000000
1115 1137 198.000000
650 651 197.000000
1005 10950 197.000000
1164 1165 197.000000
1005 10971 196.000000
1022 10538 196.000000
1064 10999 196.000000
1025 10299 195.000000
1026 10679 194.000000
1026 10681 193.000000
1114 1136 193.000000
1004 10765 192.000000
1026 10941 192.000000
1077 1099 191.000000
723 724 190.000000
389 411 188.000000
77 78 186.000000
446 447 186.000000
1184 1185 186.000000
1185 1186 186.000000
1022 10525 185.000000
1022 10792 185.000000
1076 1077 184.000000
1227 1228 184.000000
1228 1229 184.000000
1229 1230 184.000000
100 10566 183.000000
621 622 183.000000
622 623 183.000000
623 624 183.000000
624 625 183.000000
625 626 183.000000
626 627 183.000000
1094 10996 183.000000
1547 1548 183.000000
1005 10287 182.000000
27 49 181.000000
154 155 181.000000
155 156 181.000000
156 157 181.000000
678 700 181.000000
1022 10394 181.000000
1022 10897 181.000000
1022 11000 181.000000
271 293 180.000000
932 933 180.000000
175 197 179.000000
1042 10598 179.000000
1179 1201 179.000000
28 50 178.000000
701 702 178.000000
708 709 178.000000
709 710 178.000000
710 711 178.000000
711 712 178.000000
1026 10544 178.000000
1027 10713 178.000000
1048 10680 178.000000
1050 10500 178.000000
1050 10871 177.000000
1027 10698 175.000000
1027 10758 175.000000
12 34 174.000000
589 590 174.000000
590 591 174.000000
591 592 174.000000
592 593 174.000000
154 175 173.000000
345 367 173.000000
736 758 173.000000
872 894 173.000000
10 10347 169.000000
1204 1226 169.000000
1027 10287 168.000000
1183 1184 168.000000
1269 1291 168.000000
785 807 167.000000
236 258 166.000000
1072 10940 165.000000
682 683 163.000000
683 684 163.000000
684 685 163.000000
1072 10868 163.000000
1504 1526 163.000000
1029 10489 162.000000
1027 10462 161.000000
402 403 159.000000
418 419 159.000000
418 439 159.000000
419 420 159.000000
420 421 159.000000
421 422 159.000000
437 438 159.000000
438 439 159.000000
810 811 159.000000
1005 10189 159.000000
219 241 158.000000
422 423 158.000000
479 480 158.000000
1026 1048 158.000000
1048 10922 158.000000
1284 1306 157.000000
1549 1571 156.000000
1003 10298 155.000000
1069 10883 155.000000
1072 10894 155.000000
1280 1281 155.000000
1027 10971 154.000000
1029 10774 154.000000
1021 10274 153.000000
1027 10390 153.000000
1093 10977 153.000000
436 458 152.000000
853 854 152.000000
1048 10677 152.000000
1050 1051 151.000000
1050 10776 151.000000
1050 10789 151.000000
682 703 150.000000
702 703 150.000000
912 934 150.000000
916 938 150.000000
1172 1173 150.000000
917 939 148.000000
1027 10393 146.000000
1027 10925 146.000000
1097 1098 146.000000
1098 1099 146.000000
1330 1352 146.000000
1400 1401 145.000000
1050 10769 143.000000
1020 10688 142.000000
1020 10962 142.000000
825 847 141.000000
1020 10570 140.000000
1026 10922 140.000000
162 184 139.000000
1002 10775 139.000000
1020 10768 139.000000
1050 10638 139.000000
1026 10646 138.000000
497 498 137.000000
1026 10315 137.000000
1004 10109 136.000000
1261 1283 136.000000
869 891 134.000000
1072 10837 134.000000
218 219 133.000000
1048 10925 133.000000
1072 10862 133.000000
466 467 132.000000
1048 10941 132.000000
1072 10774 132.000000
1342 1343 132.000000
1342 1363 132.000000
1343 1344 132.000000
1344 1345 132.000000
1362 1363 132.000000
1004 10245 131.000000
1004 10719 131.000000
1004 10839 131.000000
1025 10640 130.000000
164 165 129.000000
1005 10390 129.000000
1529 1530 129.000000
327 349 128.000000
1026 10585 128.000000
13 14 127.000000
14 15 127.000000
15 16 127.000000
16 38 127.000000
284 285 127.000000
1026 10457 127.000000
1004 10680 126.000000
1004 10283 125.000000
1004 10412 125.000000
1004 10781 125.000000
1004 10935 125.000000
1072 10865 125.000000
1072 10956 125.000000
1005 10393 124.000000
1005 10925 124.000000
1070 10713 124.000000
436 437 123.000000
1004 10141 123.000000
1005 10253 123.000000
1505 1527 123.000000
208 209 122.000000
498 520 122.000000
1004 10933 122.000000
1028 10938 122.000000
157 158 121.000000
1004 10677 121.000000
1070 10752 121.000000
1071 10925 121.000000
714 715 120.000000
940 941 120.000000
1090 10965 120.000000
1394 1416 120.000000
391 413 119.000000
779 780 119.000000
283 305 118.000000
672 673 118.000000
1005 10423 118.000000
1069 10703 118.000000
1069 10816 118.000000
1069 10848 118.000000
1069 10902 118.000000
1069 10921 118.000000
1306 1328 118.000000
240 241 117.000000
1173 1195 117.000000
74 96 116.000000
599 600 116.000000
600 601 116.000000
601 602 116.000000
602 603 116.000000
603 604 116.000000
604 605 116.000000
1048 1070 116.000000
1051 10715 116.000000
209 210 115.000000
210 211 115.000000
211 212 115.000000
212 213 115.000000
213 214 115.000000
1024 10788 115.000000
1027 10469 115.000000
1264 1286 115.000000
414 436 114.000000
1071 10938 114.000000
214 215 113.000000
215 216 113.000000
216 217 113.000000
217 218 113.000000
1003 10136 112.000000
961 983 111.000000
1049 10698 111.000000
1049 10758 111.000000
1135 1157 111.000000
10 10613 110.000000
984 985 110.000000
1005 10366 110.000000
1007 1029 110.000000
1026 10694 110.000000
1073 10782 110.000000
1004 10604 109.000000
1004 10817 109.000000
1004 10861 109.000000
1025 10903 109.000000
1027 10781 109.000000
1027 10935 109.000000
1070 10964 109.000000
71 93 108.000000
1027 10283 108.000000
1027 10412 108.000000
1004 10445 107.000000
1069 10951 107.000000
1226 1248 107.000000
1289 1311 107.000000
117 139 106.000000
1027 10544 106.000000
1027 10941 106.000000
633 655 105.000000
1069 10810 105.000000
1069 10841 105.000000
344 366 104.000000
1026 10395 104.000000
1026 10933 103.000000
1546 1547 103.000000
1552 1553 103.000000
894 916 102.000000
1157 1179 102.000000
249 271 101.000000
1069 10969 101.000000
1201 1223 101.000000
10 10985 100.000000
806 828 100.000000
1026 10399 100.000000
1047 10955 100.000000
1048 10713 99.000000
349 350 98.000000
1048 10781 98.000000
1048 10935 98.000000
1144 1145 98.000000
1144 1165 98.000000
1145 1146 98.000000
1146 1147 98.000000
1147 1148 98.000000
1148 1149 98.000000
1003 10522 97.000000
1438 1460 97.000000
1481 1503 96.000000
1025 10575 95.000000
1026 10719 95.000000
1026 10839 95.000000
1046 10842 95.000000
1507 1529 95.000000
110 111 94.000000
111 112 94.000000
112 113 94.000000
649 650 94.000000
1004 10544 94.000000
1004 10941 94.000000
1048 10490 94.000000
1070 10796 94.000000
346 368 93.000000
1090 10934 93.000000
1092 10964 93.000000
1025 10369 92.000000
1026 10627 92.000000
1047 1069 92.000000
1047 10542 92.000000
1417 1439 92.000000
1003 10951 91.000000
1025 10788 91.000000
1069 10946 91.000000
1093 1115 91.000000
1265 1287 91.000000
1122 1123 90.000000
1122 1143 90.000000
1123 1124 90.000000
1124 1125 90.000000
1125 1126 90.000000
1126 1127 90.000000
1127 1128 90.000000
227 249 89.000000
1027 10490 89.000000
1069 10949 89.000000
440 441 88.000000
440 461 88.000000
441 442 88.000000
442 443 88.000000
443 444 88.000000
459 460 88.000000
460 461 88.000000
1003 10969 88.000000
1149 1150 88.000000
1217 1239 88.000000
1333 1355 88.000000
1003 10114 87.000000
1003 10256 87.000000
1005 10672 87.000000
1220 1242 87.000000
349 371 86.000000
437 459 86.000000
598 599 86.000000
1005 10462 86.000000
1026 10493 86.000000
1047 10721 86.000000
1506 1528 86.000000
301 323 85.000000
1050 10774 85.000000
1051 1052 85.000000
883 884 84.000000
884 885 84.000000
885 886 84.000000
886 887 84.000000
887 888 84.000000
1047 10659 84.000000
1374 1396 84.000000
303 325 83.000000
1005 10698 83.000000
1005 10758 83.000000
1025 10250 83.000000
1025 10664 83.000000
1025 10718 83.000000
1025 10965 83.000000
1111 1133 83.000000
633 634 82.000000
634 635 82.000000
635 636 82.000000
1047 10811 82.000000
1070 10979 82.000000
1216 1238 82.000000
1353 1375 82.000000
131 153 81.000000
748 769 81.000000
767 768 81.000000
768 769 81.000000
1048 10964 81.000000
1071 10713 81.000000
240 262 80.000000
638 639 80.000000
639 640 80.000000
640 641 80.000000
660 681 80.000000
680 681 80.000000
1357 1358 80.000000
1358 1359 80.000000
1359 1360 80.000000
1360 1361 80.000000
1361 1362 80.000000
10 10668 79.000000
704 725 79.000000
724 725 79.000000
890 912 79.000000
1004 1026 79.000000
1027 10928 79.000000
1172 1194 79.000000
1092 10950 78.000000
1142 1143 78.000000
1335 1357 78.000000
1411 1412 78.000000
1530 1531 78.000000
467 468 77.000000
468 469 77.000000
469 470 77.000000
470 471 77.000000
471 472 77.000000
472 473 77.000000
473 474 77.000000
664 665 77.000000
665 666 77.000000
666 667 77.000000
667 668 77.000000
852 874 77.000000
1004 10922 77.000000
1025 10721 76.000000
1027 10305 76.000000
1027 10677 76.000000
1072 10769 76.000000
1214 1215 76.000000
638 659 75.000000
658 659 75.000000
660 661 75.000000
661 662 75.000000
662 663 75.000000
663 664 75.000000
668 669 75.000000
669 670 75.000000
748 749 75.000000
749 750 75.000000
750 751 75.000000
807 829 75.000000
1085 10878 75.000000
1091 10979 75.000000
1309 1331 75.000000
306 328 74.000000
412 434 74.000000
1021 10297 74.000000
1025 10450 74.000000
1025 10484 74.000000
1025 10505 74.000000
1025 10506 74.000000
1025 10783 74.000000
1026 10559 74.000000
1048 10544 74.000000
1070 10781 74.000000
1070 10935 74.000000
1072 10789 74.000000
1128 1150 74.000000
34 35 73.000000
35 36 73.000000
36 37 73.000000
37 38 73.000000
762 784 73.000000
1024 1046 73.000000
1028 10423 73.000000
1171 1172 73.000000
1487 1488 73.000000
723 745 72.000000
296 318 71.000000
343 365 71.000000
1025 1047 71.000000
1070 10922 70.000000
1180 1202 70.000000
1335 1336 70.000000
1336 1337 70.000000
1337 1338 70.000000
1338 1339 70.000000
1339 1340 70.000000
31 53 69.000000
1092 1114 69.000000
1094 10970 69.000000
628 629 68.000000
888 889 68.000000
1003 10679 68.000000
1072 10824 68.000000
1230 1231 68.000000
744 766 67.000000
1025 10725 67.000000
1210 1211 67.000000
1210 1231 67.000000
1211 1212 67.000000
1212 1213 67.000000
1213 1214 67.000000
110 131 66.000000
704 705 66.000000
705 706 66.000000
706 707 66.000000
1003 10681 66.000000
1025 10522 66.000000
1046 10883 66.000000
1052 1053 66.000000
1053 1054 66.000000
113 114 65.000000
1021 10326 65.000000
1021 10425 65.000000
1021 10791 65.000000
1270 1292 65.000000
1003 10955 64.000000
1020 10589 64.000000
1021 10482 64.000000
1021 10807 64.000000
1021 10814 64.000000
1070 10941 64.000000
1241 1263 64.000000
1027 10567 63.000000
1027 10744 63.000000
1027 10900 63.000000
1418 1440 63.000000
258 280 62.000000
1047 10529 62.000000
1047 10665 62.000000
960 982 61.000000
1003 10380 61.000000
1003 10703 61.000000
1003 10775 61.000000
1003 10816 61.000000
1003 10848 61.000000
1003 10934 61.000000
1021 10405 61.000000
1069 1091 61.000000
1069 10745 61.000000
187 188 60.000000
188 189 60.000000
189 190 60.000000
190 191 60.000000
321 343 60.000000
1003 10738 60.000000
1003 10902 60.000000
1003 10921 60.000000
1004 10419 60.000000
1025 10738 60.000000
1100 1101 60.000000
1100 1121 60.000000
1101 1102 60.000000
1102 1103 60.000000
1103 1104 60.000000
1104 1105 60.000000
1198 1220 60.000000
370 392 59.000000
498 499 59.000000
1029 1051 59.000000
1049 10938 59.000000
1105 1106 59.000000
1355 1377 59.000000
1020 10460 58.000000
1003 10104 57.000000
1003 10946 57.000000
1004 10457 57.000000
1029 1030 57.000000
1050 10824 57.000000
1373 1395 57.000000
767 789 56.000000
1106 1107 56.000000
1259 1281 56.000000
390 412 55.000000
605 606 55.000000
1002 10225 55.000000
1020 10599 55.000000
1182 1204 55.000000
1301 1302 55.000000
1025 10298 54.000000
444 445 53.000000
445 446 53.000000
571 593 53.000000
1025 10934 53.000000
1047 10752 53.000000
1155 1177 53.000000
1329 1351 53.000000
1509 1510 53.000000
867 889 52.000000
1025 10268 52.000000
1025 10270 52.000000
1025 10603 52.000000
1025 10808 52.000000
1025 10877 52.000000
328 350 51.000000
606 607 51.000000
685 686 51.000000
1025 10645 51.000000
1027 10563 51.000000
477 499 50.000000
670 692 50.000000
699 721 50.000000
1078 1079 50.000000
1078 1099 50.000000
1079 1080 50.000000
1080 1081 50.000000
1081 1082 50.000000
1082 1083 50.000000
1083 1084 50.000000
1084 1085 50.000000
100 10963 49.000000
444 466 49.000000
1025 10659 49.000000
1025 10775 49.000000
1030 1031 49.000000
1031 1032 49.000000
1054 1055 49.000000
196 197 48.000000
197 219 48.000000
752 753 48.000000
753 754 48.000000
754 755 48.000000
755 756 48.000000
756 757 48.000000
1003 10721 48.000000
1032 1054 48.000000
1094 10968 48.000000
1134 1156 48.000000
1202 1224 48.000000
191 192 47.000000
192 193 47.000000
193 194 47.000000
194 195 47.000000
195 196 47.000000
50 72 46.000000
56 57 46.000000
57 58 46.000000
58 59 46.000000
59 60 46.000000
1049 10605 46.000000
549 571 45.000000
1005 10053 45.000000
1049 10971 45.000000
854 855 44.000000
546 547 43.000000
547 548 43.000000
548 549 43.000000
726 727 43.000000
727 728 43.000000
728 729 43.000000
780 802 43.000000
796 797 43.000000
797 798 43.000000
798 799 43.000000
799 800 43.000000
800 801 43.000000
1004 10585 43.000000
1025 10777 43.000000
1025 10810 43.000000
1025 10841 43.000000
1049 10950 43.000000
1028 10366 42.000000
1034 1035 42.000000
1034 1055 42.000000
1035 1036 42.000000
1036 1037 42.000000
1037 1038 42.000000
1038 1039 42.000000
1039 1040 42.000000
1040 1041 42.000000
462 463 41.000000
462 483 41.000000
463 464 41.000000
464 465 41.000000
465 466 41.000000
480 481 41.000000
481 482 41.000000
482 483 41.000000
829 851 41.000000
918 919 41.000000
1282 1304 41.000000
679 701 40.000000
707 708 40.000000
896 918 40.000000
1003 10206 40.000000
1003 10949 40.000000
1048 10567 40.000000
1048 10900 40.000000
1068 10831 40.000000
1308 1330 40.000000
304 326 39.000000
954 976 39.000000
1048 10744 39.000000
120 142 38.000000
196 218 38.000000
1003 10603 38.000000
1003 10808 38.000000
1003 10877 38.000000
1004 10080 38.000000
1027 10499 38.000000
1028 10605 38.000000
1236 1258 38.000000
295 317 37.000000
627 628 37.000000
911 933 37.000000
938 960 37.000000
1025 10380 37.000000
1025 10476 37.000000
1025 10703 37.000000
1025 10816 37.000000
1025 10848 37.000000
1025 10902 37.000000
1025 10921 37.000000
1071 10971 37.000000
1166 1167 37.000000
1166 1187 37.000000
1167 1168 37.000000
1168 1169 37.000000
1169 1170 37.000000
1170 1171 37.000000
1186 1187 37.000000
432 454 36.000000
474 475 36.000000
523 524 36.000000
726 747 36.000000
745 746 36.000000
746 747 36.000000
788 789 36.000000
1025 10331 36.000000
1025 10951 36.000000
1071 10950 36.000000
1073 10970 36.000000
1092 10971 36.000000
1397 1419 36.000000
671 672 35.000000
868 890 35.000000
1004 10395 35.000000
1138 1160 35.000000
1214 1236 35.000000
763 785 34.000000
1025 10256 34.000000
1025 10969 34.000000
1048 10563 34.000000
415 437 33.000000
781 803 33.000000
1004 10174 33.000000
1004 10201 33.000000
1004 10290 33.000000
1004 10382 33.000000
1004 10859 33.000000
1025 10946 33.000000
1025 10949 33.000000
1049 1071 33.000000
1064 10878 33.000000
48 70 32.000000
955 977 32.000000
1140 1162 32.000000
1215 1237 32.000000
550 551 31.000000
551 552 31.000000
552 553 31.000000
1177 1199 31.000000
252 274 30.000000
599 621 30.000000
1050 1072 30.000000
1099 1121 30.000000
1280 1302 30.000000
1379 1401 30.000000
165 187 29.000000
396 397 29.000000
396 417 29.000000
397 398 29.000000
398 399 29.000000
399 400 29.000000
415 416 29.000000
416 417 29.000000
620 621 29.000000
1069 10811 29.000000
1069 10955 29.000000
1188 1189 29.000000
1188 1209 29.000000
1189 1190 29.000000
1190 1191 29.000000
1191 1192 29.000000
1208 1209 29.000000
1311 1333 29.000000
1422 1444 29.000000
29 51 28.000000
110 132 28.000000
300 322 28.000000
315 337 28.000000
400 401 28.000000
401 402 28.000000
589 611 28.000000
611 633 28.000000
743 765 28.000000
757 758 28.000000
846 868 28.000000
1052 1074 27.000000
1068 10788 27.000000
1068 10842 27.000000
1069 10721 27.000000
1072 10857 27.000000
1072 10910 27.000000
1094 10948 27.000000
1094 10976 27.000000
1482 1504 27.000000
636 637 26.000000
1091 10922 26.000000
1484 1506 26.000000
257 279 25.000000
641 642 25.000000
642 643 25.000000
643 644 25.000000
644 645 25.000000
645 646 25.000000
646 647 25.000000
647 648 25.000000
648 649 25.000000
655 677 25.000000
670 671 25.000000
873 895 25.000000
875 897 25.000000
1003 1025 25.000000
1073 10776 25.000000
1094 1116 25.000000
1004 10115 24.000000
1004 10315 24.000000
1004 10646 24.000000
1006 1028 24.000000
1024 10575 24.000000
1208 1230 24.000000
1302 1324 24.000000
100 10911 23.000000
550 572 23.000000
572 593 23.000000
730 731 23.000000
731 732 23.000000
732 733 23.000000
733 734 23.000000
734 735 23.000000
735 736 23.000000
1047 10679 23.000000
1073 10864 23.000000
1073 10968 23.000000
1089 10965 23.000000
1094 10956 23.000000
10 1572 22.000000
388 410 22.000000
686 687 22.000000
687 688 22.000000
688 689 22.000000
689 690 22.000000
729 730 22.000000
1225 1247 22.000000
1254 1255 22.000000
1254 1275 22.000000
1255 1256 22.000000
1256 1257 22.000000
1257 1258 22.000000
1274 1275 22.000000
801 802 21.000000
810 832 21.000000
836 837 21.000000
836 857 21.000000
837 838 21.000000
838 839 21.000000
855 856 21.000000
856 857 21.000000
1004 10257 21.000000
1004 10559 21.000000
1238 1260 21.000000
1286 1308 21.000000
183 205 20.000000
262 284 20.000000
616 617 20.000000
616 637 20.000000
617 618 20.000000
618 619 20.000000
619 620 20.000000
757 779 20.000000
889 911 20.000000
92 93 19.000000
144 145 19.000000
145 146 19.000000
146 147 19.000000
147 148 19.000000
148 149 19.000000
149 150 19.000000
150 151 19.000000
151 152 19.000000
152 153 19.000000
48 49 18.000000
104 105 18.000000
104 10594 18.000000
105 106 18.000000
106 107 18.000000
107 108 18.000000
143 165 18.000000
423 424 18.000000
636 658 18.000000
824 846 18.000000
1073 10871 18.000000
1133 1155 18.000000
108 109 17.000000
270 292 17.000000
292 314 17.000000
658 680 16.000000
888 910 16.000000
1003 10825 16.000000
1192 1214 16.000000
1223 1245 16.000000
1396 1418 16.000000
30 52 15.000000
100 10767 15.000000
100 10794 15.000000
100 10826 15.000000
109 131 15.000000
281 303 15.000000
284 306 15.000000
585 586 15.000000
851 873 15.000000
1003 10384 15.000000
1003 10399 15.000000
1024 10407 15.000000
1043 10525 15.000000
1043 10792 15.000000
1043 11000 15.000000
1047 10719 15.000000
1047 10839 15.000000
1092 10925 15.000000
1178 1200 15.000000
1281 1303 15.000000
1313 1335 15.000000
1524 1546 15.000000
26 27 14.000000
26 48 14.000000
143 144 14.000000
302 324 14.000000
510 511 14.000000
511 512 14.000000
512 513 14.000000
513 514 14.000000
514 515 14.000000
515 516 14.000000
516 517 14.000000
517 518 14.000000
832 833 14.000000
853 875 14.000000
880 881 14.000000
880 901 14.000000
881 882 14.000000
882 883 14.000000
897 898 14.000000
898 899 14.000000
899 900 14.000000
900 901 14.000000
1002 10505 14.000000
1002 10506 14.000000
1002 10831 14.000000
1048 10499 14.000000
1090 10955 14.000000
1096 1118 14.000000
1525 1547 14.000000
191 213 13.000000
213 235 13.000000
682 704 13.000000
697 719 13.000000
770 771 13.000000
771 772 13.000000
772 773 13.000000
787 809 13.000000
1002 10450 13.000000
1002 10783 13.000000
1025 10357 13.000000
1025 10745 13.000000
1192 1193 13.000000
121 143 12.000000
316 338 12.000000
770 791 12.000000
789 790 12.000000
790 791 12.000000
1003 10659 12.000000
1025 10280 12.000000
1025 10811 12.000000
1025 10955 12.000000
1051 10970 12.000000
1073 10920 12.000000
1139 1161 12.000000
1143 1165 12.000000
1287 1309 12.000000
1312 1334 12.000000
1437 1459 12.000000
402 424 11.000000
632 654 11.000000
828 850 11.000000
831 853 11.000000
874 896 11.000000
1149 1171 11.000000
1221 1243 11.000000
1349 1371 11.000000
1393 1415 11.000000
598 620 10.000000
693 715 10.000000
1020 1042 10.000000
1024 10386 10.000000
1024 10842 10.000000
1043 10538 10.000000
1043 10897 10.000000
1090 10946 10.000000
1090 10949 10.000000
1090 10969 10.000000
1107 1129 10.000000
1158 1180 10.000000
1367 1368 10.000000
1485 1507 10.000000
54 76 9.000000
76 98 9.000000
502 503 9.000000
503 504 9.000000
504 505 9.000000
1005 10928 9.000000
1047 10493 9.000000
1069 10694 9.000000
1073 10948 9.000000
1073 10976 9.000000
1527 1549 9.000000
153 175 8.000000
154 176 8.000000
422 444 8.000000
550 571 8.000000
656 678 8.000000
714 736 8.000000
738 760 8.000000
839 840 8.000000
840 841 8.000000
841 842 8.000000
842 843 8.000000
843 844 8.000000
844 845 8.000000
1002 10028 8.000000
1002 10484 8.000000
1030 1052 8.000000
1046 10603 8.000000
1046 10808 8.000000
1046 10816 8.000000
1046 10877 8.000000
1046 10934 8.000000
1046 10946 8.000000
1046 10949 8.000000
1046 10969 8.000000
1055 1077 8.000000
1063 1064 8.000000
1068 1090 8.000000
1193 1194 8.000000
1547 1569 8.000000
726 748 7.000000
809 831 7.000000
1231 1253 7.000000
527 549 6.000000
814 815 6.000000
814 835 6.000000
815 816 6.000000
816 817 6.000000
833 834 6.000000
834 835 6.000000
1002 10568 6.000000
1002 10640 6.000000
1002 10664 6.000000
1002 10718 6.000000
1002 10965 6.000000
1005 10563 6.000000
1046 10476 6.000000
1046 10703 6.000000
1046 10848 6.000000
1046 10902 6.000000
1046 10921 6.000000
1046 10951 6.000000
1047 10694 6.000000
1068 10775 6.000000
1068 10783 6.000000
1090 10951 6.000000
1283 1305 6.000000
1305 1327 6.000000
1526 1548 6.000000
77 99 5.000000
326 348 5.000000
348 370 5.000000
505 527 5.000000
638 660 5.000000
730 752 5.000000
1002 10167 5.000000
1002 10179 5.000000
1002 10250 5.000000
1002 10575 5.000000
1002 10788 5.000000
1005 10157 5.000000
1041 10599 5.000000
1046 10484 5.000000
1046 10505 5.000000
1046 10506 5.000000
1046 10775 5.000000
1046 10783 5.000000
1046 10831 5.000000
1068 10718 5.000000
1068 10965 5.000000
1090 10902 5.000000
1090 10921 5.000000
1193 1215 5.000000
1546 1568 5.000000
161 183 4.000000
261 283 4.000000
484 485 4.000000
484 505 4.000000
485 486 4.000000
486 487 4.000000
487 488 4.000000
528 529 4.000000
528 549 4.000000
529 530 4.000000
530 531 4.000000
531 532 4.000000
532 554 4.000000
554 576 4.000000
576 598 4.000000
668 690 4.000000
702 724 4.000000
708 730 4.000000
801 823 4.000000
802 824 4.000000
1002 1024 4.000000
1003 10270 4.000000
1003 10280 4.000000
1003 10645 4.000000
1003 10725 4.000000
1003 10745 4.000000
1003 10777 4.000000
1003 10810 4.000000
1003 10811 4.000000
1003 10841 4.000000
1020 10598 4.000000
1051 1073 4.000000
1068 10848 4.000000
1068 10902 4.000000
1068 10921 4.000000
1090 1112 4.000000
1483 1505 4.000000
174 196 3.000000
692 714 3.000000
701 723 3.000000
1003 10331 3.000000
1003 10357 3.000000
1056 1057 3.000000
1056 1077 3.000000
1057 1058 3.000000
1058 1059 3.000000
1059 1060 3.000000
1060 1061 3.000000
1061 1062 3.000000
1062 1063 3.000000
1085 10999 3.000000
1106 1128 3.000000
1199 1221 3.000000
1200 1222 3.000000
1219 1241 3.000000
1237 1259 3.000000
1243 1265 3.000000
1320 1321 3.000000
1320 1341 3.000000
1321 1322 3.000000
1322 1323 3.000000
1325 1347 3.000000
1340 1341 3.000000
1357 1379 3.000000
1548 1570 3.000000
49 71 2.000000
88 89 2.000000
89 90 2.000000
90 91 2.000000
91 92 2.000000
174 175 2.000000
214 236 2.000000
584 585 2.000000
657 679 2.000000
758 780 2.000000
765 787 2.000000
770 792 2.000000
792 813 2.000000
811 812 2.000000
812 813 2.000000
830 852 2.000000
918 940 2.000000
1002 10386 2.000000
1002 10407 2.000000
1002 10842 2.000000
1005 1027 2.000000
1005 10050 2.000000
1005 10490 2.000000
1005 10567 2.000000
1005 10744 2.000000
1005 10900 2.000000
1020 10217 2.000000
1046 10568 2.000000
1046 10575 2.000000
1046 10640 2.000000
1046 10664 2.000000
1046 10718 2.000000
1046 10788 2.000000
1046 10965 2.000000
1047 10681 2.000000
1064 10898 2.000000
1091 1113 2.000000
1227 1249 2.000000
1364 1365 2.000000
1364 1385 2.000000
1365 1366 2.000000
1366 1367 2.000000
1379 1380 2.000000
1380 1381 2.000000
1381 1382 2.000000
1382 1383 2.000000
1383 1384 2.000000
1384 1385 2.000000
73 95 1.000000
108 130 1.000000
130 152 1.000000
152 174 1.000000
400 422 1.000000
524 525 1.000000
525 526 1.000000
526 527 1.000000
607 608 1.000000
608 609 1.000000
609 610 1.000000
610 611 1.000000
611 612 1.000000
612 613 1.000000
613 614 1.000000
675 697 1.000000
715 737 1.000000
748 770 1.000000
788 810 1.000000
803 825 1.000000
808 830 1.000000
832 854 1.000000
871 893 1.000000
910 932 1.000000
1032 1033 1.000000
1033 1055 1.000000
1041 10430 1.000000
1041 10444 1.000000
1041 10531 1.000000
1041 10589 1.000000
1041 10648 1.000000
1042 10741 1.000000
1042 10757 1.000000
1063 1085 1.000000
1105 1127 1.000000
1127 1149 1.000000
1230 1252 1.000000
1240 1262 1.000000
1262 1284 1.000000
1408 1409 1.000000
1408 1429 1.000000
1409 1410 1.000000
1410 1411 1.000000
1423 1424 1.000000
1424 1425 1.000000
1425 1426 1.000000
1426 1427 1.000000
1427 1428 1.000000
1428 1429 1.000000
1460 1482 1.000000
1574 1575 1.000000
